% xData0 , data0, errData0, xTheory0 , theory0, xData1 , data1, errData1, xTheory1 , theory1, xData2 , data2, errData2, xTheory2 , theory2, xData3 , data3, errData3, xTheory3 , theory3
0.00449218757, 0.190561607, 0.00464703761, 0.000585937509, 0.18810989, 0.00449218757, 0.192685768, 0.00469479498, 0.000585937509, 0.188205153, 0.00449218757, 0.193023682, 0.00468034583, 0.000585937509, 0.188677728, 0.00449218757, 0.191216961, 0.00494963107, 0.000585937509, 0.189988211
0.0107421877, 0.176747486, 0.0046692679, 0.00136718752, 0.187829316, 0.0107421877, 0.187311992, 0.00467096096, 0.00136718752, 0.188095182, 0.0107421877, 0.193316966, 0.0046740865, 0.00136718752, 0.188633725, 0.0107421877, 0.198459193, 0.00496303268, 0.00136718752, 0.189988151
0.0169921878, 0.142710999, 0.00470561493, 0.00214843753, 0.187326476, 0.0169921878, 0.167244703, 0.00469599777, 0.00214843753, 0.187897757, 0.0169921878, 0.189236775, 0.00469468215, 0.00214843753, 0.188571975, 0.0169921878, 0.195386931, 0.00497889517, 0.00214843753, 0.189988032
0.0232421878, 0.111985527, 0.00473017619, 0.00292968754, 0.18660289, 0.0232421878, 0.163955376, 0.00471617033, 0.00292968754, 0.187613189, 0.0232421878, 0.186128244, 0.00472747454, 0.00292968754, 0.188492492, 0.0232421878, 0.197785541, 0.0049603181, 0.00292968754, 0.189987883
0.0294921879, 0.0709533021, 0.00476140469, 0.00371093756, 0.185660779, 0.0294921879, 0.141803786, 0.00475588339, 0.00371093756, 0.187241897, 0.0294921879, 0.175845385, 0.00472241743, 0.00371093756, 0.188395306, 0.0294921879, 0.196430847, 0.00498850337, 0.00371093756, 0.189987674
0.035742188, 0.0452570133, 0.00479459858, 0.00449218757, 0.184503034, 0.035742188, 0.126314476, 0.00476333818, 0.00449218757, 0.186784446, 0.035742188, 0.180934593, 0.00472481854, 0.00449218757, 0.188280448, 0.035742188, 0.187993541, 0.0050314698, 0.00449218757, 0.189987421
0.0419921881, 0.0311559159, 0.00478643494, 0.00527343758, 0.183133185, 0.0419921881, 0.103661351, 0.00477737301, 0.00527343758, 0.186241537, 0.0419921881, 0.167624891, 0.00475596403, 0.00527343758, 0.188147962, 0.0419921881, 0.178181693, 0.00503149914, 0.00527343758, 0.189987108
0.0482421882, 0.0212779269, 0.0047974866, 0.00605468759, 0.18155542, 0.0482421882, 0.0791227296, 0.00481955519, 0.00605468759, 0.18561396, 0.0482421882, 0.17267856, 0.00476829337, 0.00605468759, 0.187997922, 0.0482421882, 0.19366166, 0.00498973888, 0.00605468759, 0.189986765
0.0544921883, 0.0341747925, 0.00481694789, 0.0068359376, 0.179774567, 0.0544921883, 0.0645342767, 0.00481903147, 0.0068359376, 0.184902683, 0.0544921883, 0.152626559, 0.0047869759, 0.0068359376, 0.187830359, 0.0544921883, 0.191748247, 0.00502965386, 0.0068359376, 0.189986363
0.0607421884, 0.0362320542, 0.0048196266, 0.00761718761, 0.177796036, 0.0607421884, 0.052993875, 0.00482376827, 0.00761718761, 0.184108749, 0.0607421884, 0.151938573, 0.00479174008, 0.00761718761, 0.187645346, 0.0607421884, 0.192148879, 0.00504891768, 0.00761718761, 0.189985916
0.0669921885, 0.0547223538, 0.0048323045, 0.00839843763, 0.175625846, 0.0669921885, 0.054115504, 0.00482594141, 0.00839843763, 0.183233365, 0.0669921885, 0.138320297, 0.00479577809, 0.00839843763, 0.187442973, 0.0669921885, 0.187698111, 0.00508684931, 0.00839843763, 0.189985409
0.0732421886, 0.0671036243, 0.00483317928, 0.00917968764, 0.173270568, 0.0732421886, 0.0488451011, 0.00485721579, 0.00917968764, 0.182277843, 0.0732421886, 0.129125103, 0.0048217365, 0.00917968764, 0.187223315, 0.0732421886, 0.194116876, 0.00504369798, 0.00917968764, 0.189984873
0.0794921887, 0.0820509866, 0.00482239851, 0.00996093765, 0.170737356, 0.0794921887, 0.0541860834, 0.00483717849, 0.00996093765, 0.181243584, 0.0794921887, 0.121880136, 0.00482830449, 0.00996093765, 0.186986461, 0.0794921887, 0.193076864, 0.00505901192, 0.00996093765, 0.189984277
0.0857421888, 0.0837418586, 0.00483163955, 0.0107421877, 0.168033853, 0.0857421888, 0.0514138341, 0.00484176944, 0.0107421877, 0.180132151, 0.0857421888, 0.11276906, 0.00484884289, 0.0107421877, 0.186732531, 0.0857421888, 0.192809761, 0.00506559484, 0.0107421877, 0.189983636
0.0919921889, 0.0791745707, 0.00483747259, 0.0115234377, 0.165168181, 0.0919921889, 0.0560646839, 0.00485372818, 0.0115234377, 0.178945184, 0.0919921889, 0.10894388, 0.00483903896, 0.0115234377, 0.186461613, 0.0919921889, 0.192257628, 0.00510348561, 0.0115234377, 0.189982936
0.098242189, 0.0882614478, 0.00484236978, 0.0123046877, 0.162148938, 0.098242189, 0.053195253, 0.00486391601, 0.0123046877, 0.177684441, 0.098242189, 0.108834684, 0.00483345021, 0.0123046877, 0.186173826, 0.098242189, 0.187539905, 0.00508040128, 0.0123046877, 0.189982191
0.104492189, 0.0787939653, 0.00486948588, 0.0130859377, 0.158985153, 0.104492189, 0.0684227869, 0.00488149555, 0.0130859377, 0.176351801, 0.104492189, 0.0996319726, 0.00488936988, 0.0130859377, 0.185869306, 0.104492189, 0.190471083, 0.00510113497, 0.0130859377, 0.189981401
0.110742189, 0.0712160692, 0.00487091295, 0.0138671877, 0.155686244, 0.110742189, 0.0752459317, 0.00489055567, 0.0138671877, 0.174949199, 0.110742189, 0.0961550325, 0.00489359904, 0.0138671877, 0.185548186, 0.110742189, 0.180600524, 0.00509339456, 0.0138671877, 0.189980567
0.116992189, 0.0715377927, 0.00485742553, 0.0146484377, 0.152262002, 0.116992189, 0.0719871596, 0.00487611837, 0.0146484377, 0.173478708, 0.116992189, 0.0960977077, 0.00490041788, 0.0146484377, 0.185210586, 0.116992189, 0.180337787, 0.00511201021, 0.0146484377, 0.189979687
0.123242189, 0.066828467, 0.00489696078, 0.0154296877, 0.148722529, 0.123242189, 0.0723814443, 0.00490215989, 0.0154296877, 0.171942487, 0.123242189, 0.0886202157, 0.00490450118, 0.0154296877, 0.184856668, 0.123242189, 0.188793316, 0.00511418787, 0.0154296877, 0.189978749
0.129492189, 0.0617681034, 0.00489055796, 0.0162109377, 0.145078227, 0.129492189, 0.0733329654, 0.00489261358, 0.0162109377, 0.170342758, 0.129492189, 0.0973708555, 0.00490558799, 0.0162109377, 0.184486583, 0.129492189, 0.190285042, 0.00513591416, 0.0162109377, 0.189977765
0.13574219, 0.0656014308, 0.00492626645, 0.0169921878, 0.141339734, 0.13574219, 0.0708218291, 0.00490637047, 0.0169921878, 0.168681845, 0.13574219, 0.0903662667, 0.00490356079, 0.0169921878, 0.184100494, 0.13574219, 0.187626377, 0.00513830439, 0.0169921878, 0.189976737
0.14199219, 0.0691258386, 0.00491295691, 0.0177734378, 0.137517929, 0.14199219, 0.0786185786, 0.00488711531, 0.0177734378, 0.166962177, 0.14199219, 0.0823923275, 0.00493674251, 0.0177734378, 0.183698565, 0.14199219, 0.185696617, 0.00515627783, 0.0177734378, 0.189975649
0.14824219, 0.0591297522, 0.00490139035, 0.0185546878, 0.133623838, 0.14824219, 0.0655626059, 0.00494329723, 0.0185546878, 0.165186182, 0.14824219, 0.0925499871, 0.00495441067, 0.0185546878, 0.183280975, 0.14824219, 0.185160458, 0.00516908847, 0.0185546878, 0.189974532
0.15449219, 0.0632278472, 0.00493229132, 0.0193359378, 0.129668653, 0.15449219, 0.0743194669, 0.00495749058, 0.0193359378, 0.163356438, 0.15449219, 0.0891160741, 0.00492374897, 0.0193359378, 0.182847902, 0.15449219, 0.191719264, 0.00514919287, 0.0193359378, 0.189973354
0.16074219, 0.0730491802, 0.0049332442, 0.0201171878, 0.125663623, 0.16074219, 0.0706718788, 0.00493035075, 0.0201171878, 0.161475539, 0.16074219, 0.0969070047, 0.0049546884, 0.0201171878, 0.182399541, 0.16074219, 0.175851062, 0.00518414038, 0.0201171878, 0.189972118
0.16699219, 0.0636188462, 0.00491823943, 0.0208984378, 0.121620104, 0.16699219, 0.0696668625, 0.00494797374, 0.0208984378, 0.159546167, 0.16699219, 0.0998658165, 0.00495543428, 0.0208984378, 0.1819361, 0.16699219, 0.189501062, 0.00518376728, 0.0208984378, 0.189970851
0.17324219, 0.0806575343, 0.00495867642, 0.0216796878, 0.117549419, 0.17324219, 0.0720407292, 0.00493605827, 0.0216796878, 0.157571033, 0.17324219, 0.0894025713, 0.00497559409, 0.0216796878, 0.181457758, 0.17324219, 0.179912105, 0.00517766854, 0.0216796878, 0.189969525
0.17949219, 0.0664732084, 0.00496964687, 0.0224609378, 0.113462903, 0.17949219, 0.081400618, 0.0049668574, 0.0224609378, 0.155552894, 0.17949219, 0.0892380551, 0.00497864278, 0.0224609378, 0.180964738, 0.17949219, 0.179733485, 0.00518234876, 0.0224609378, 0.189968154
0.18574219, 0.0694786981, 0.00495906402, 0.0232421878, 0.109371811, 0.18574219, 0.0682481974, 0.00497391076, 0.0232421878, 0.153494582, 0.18574219, 0.0874076113, 0.00496876277, 0.0232421878, 0.180457264, 0.18574219, 0.191338018, 0.00518480811, 0.0232421878, 0.189966738
0.19199219, 0.0638777688, 0.00496859928, 0.0240234379, 0.105287321, 0.19199219, 0.0637099072, 0.0049998979, 0.0240234379, 0.151398927, 0.19199219, 0.0963284224, 0.00499885015, 0.0240234379, 0.17993553, 0.19199219, 0.192691356, 0.00521313102, 0.0240234379, 0.189965263
0.19824219, 0.0589343458, 0.00496145346, 0.0248046879, 0.101220451, 0.19824219, 0.068944782, 0.00499381448, 0.0248046879, 0.149268836, 0.19824219, 0.0993085131, 0.00498942726, 0.0248046879, 0.179399803, 0.19824219, 0.186450392, 0.00524299435, 0.0248046879, 0.189963743
0.204492191, 0.0694764256, 0.00499830635, 0.0255859379, 0.0971820503, 0.204492191, 0.0754163191, 0.00497395206, 0.0255859379, 0.147107199, 0.204492191, 0.0859783739, 0.00500099359, 0.0255859379, 0.178850278, 0.204492191, 0.194199786, 0.00522114429, 0.0255859379, 0.189962178
0.210742191, 0.064834401, 0.00499866448, 0.0263671879, 0.0931827724, 0.210742191, 0.0700372159, 0.00500050008, 0.0263671879, 0.144916952, 0.210742191, 0.0998006091, 0.00501459925, 0.0263671879, 0.178287208, 0.210742191, 0.189156428, 0.00524128671, 0.0263671879, 0.189960569
0.216992191, 0.0702994913, 0.0050144143, 0.0271484379, 0.0892330036, 0.216992191, 0.0712973848, 0.00499588251, 0.0271484379, 0.142701045, 0.216992191, 0.102013156, 0.00501698294, 0.0271484379, 0.177710846, 0.216992191, 0.187640518, 0.00526103168, 0.0271484379, 0.1899589
0.223242191, 0.0783794746, 0.00500845639, 0.0279296879, 0.0853428692, 0.223242191, 0.0709590241, 0.00503499762, 0.0279296879, 0.140462443, 0.223242191, 0.0896845385, 0.00505522354, 0.0279296879, 0.177121446, 0.223242191, 0.179478616, 0.00526564951, 0.0279296879, 0.189957187
0.229492191, 0.0651437938, 0.00502654544, 0.0287109379, 0.0815221742, 0.229492191, 0.0759029314, 0.00502578338, 0.0287109379, 0.138204083, 0.229492191, 0.103782065, 0.00503442806, 0.0287109379, 0.176519245, 0.229492191, 0.185984045, 0.00524507952, 0.0287109379, 0.189955428
0.235742191, 0.0728964284, 0.00500568734, 0.0294921879, 0.0777803883, 0.235742191, 0.0620459989, 0.00501567667, 0.0294921879, 0.135928959, 0.235742191, 0.092544198, 0.00502522424, 0.0294921879, 0.175904512, 0.235742191, 0.176174685, 0.00528099697, 0.0294921879, 0.189953625
0.241992191, 0.0732665583, 0.00501434106, 0.030273438, 0.0741266012, 0.241992191, 0.0685139969, 0.00502933486, 0.030273438, 0.133639991, 0.241992191, 0.101735927, 0.00504823379, 0.030273438, 0.175277516, 0.241992191, 0.183151469, 0.00530055261, 0.030273438, 0.189951763
0.248242191, 0.0645545349, 0.00502905411, 0.031054688, 0.0705695003, 0.248242191, 0.0732067674, 0.00502213927, 0.031054688, 0.131340161, 0.248242191, 0.0926792994, 0.00506376345, 0.031054688, 0.174638525, 0.248242191, 0.183302134, 0.00525742142, 0.031054688, 0.189949855
0.254492191, 0.0751144141, 0.00503348696, 0.031835938, 0.0671173632, 0.254492191, 0.0542192534, 0.00507137042, 0.031835938, 0.129032373, 0.254492191, 0.0951331481, 0.00502820446, 0.031835938, 0.173987806, 0.254492191, 0.182634667, 0.00529543772, 0.031835938, 0.189947903
0.260742191, 0.0658973083, 0.00504200027, 0.032617188, 0.063778013, 0.260742191, 0.0753558055, 0.00506611887, 0.032617188, 0.126719549, 0.260742191, 0.0915404484, 0.00509173369, 0.032617188, 0.173325643, 0.260742191, 0.185906008, 0.00532822988, 0.032617188, 0.189945906
0.266992191, 0.0661367178, 0.0050659611, 0.033398438, 0.0605587848, 0.266992191, 0.0666709095, 0.0050842426, 0.033398438, 0.12440455, 0.266992191, 0.0973101705, 0.00504972204, 0.033398438, 0.172652319, 0.266992191, 0.179988056, 0.00534389652, 0.033398438, 0.18994385
0.273242192, 0.0650691018, 0.00506884167, 0.034179688, 0.0574665405, 0.273242192, 0.0710727498, 0.00506423719, 0.034179688, 0.12209025, 0.273242192, 0.0866836756, 0.00503552268, 0.034179688, 0.171968132, 0.273242192, 0.182831526, 0.00530485787, 0.034179688, 0.189941749
0.279492192, 0.0636174008, 0.00503519764, 0.034960938, 0.0545076281, 0.279492192, 0.0706154555, 0.00510868193, 0.034960938, 0.119779445, 0.279492192, 0.0980003923, 0.00509288518, 0.034960938, 0.171273366, 0.279492192, 0.196698204, 0.00528874471, 0.034960938, 0.189939603
0.285742192, 0.0593942516, 0.00507426652, 0.035742188, 0.0516878702, 0.285742192, 0.0763024017, 0.00509160395, 0.035742188, 0.117474914, 0.285742192, 0.0905890912, 0.00509897473, 0.035742188, 0.170568302, 0.285742192, 0.185588107, 0.00531918044, 0.035742188, 0.189937398
0.291992192, 0.0666576549, 0.0051032491, 0.036523438, 0.0490125418, 0.291992192, 0.0627482012, 0.00508079776, 0.036523438, 0.115179382, 0.291992192, 0.0970188528, 0.00509479193, 0.036523438, 0.169853255, 0.291992192, 0.187381923, 0.00534226314, 0.036523438, 0.189935163
0.298242192, 0.0716979802, 0.00508379032, 0.0373046881, 0.0464863814, 0.298242192, 0.0733638629, 0.00510463177, 0.0373046881, 0.112895533, 0.298242192, 0.0938697979, 0.00511498423, 0.0373046881, 0.169128522, 0.298242192, 0.183900952, 0.00535321096, 0.0373046881, 0.189932868
0.304492192, 0.0632327348, 0.00510489844, 0.0380859381, 0.0441135541, 0.304492192, 0.078162387, 0.00512084139, 0.0380859381, 0.110625982, 0.304492192, 0.0980515182, 0.00514495734, 0.0380859381, 0.168394402, 0.304492192, 0.192485765, 0.0053618971, 0.0380859381, 0.189930528
0.310742192, 0.0774535909, 0.00510581458, 0.0388671881, 0.0418976657, 0.310742192, 0.0766649991, 0.00513525084, 0.0388671881, 0.108373292, 0.310742192, 0.0909201279, 0.00513056632, 0.0388671881, 0.167651206, 0.310742192, 0.180438653, 0.00537505764, 0.0388671881, 0.189928129
0.316992192, 0.0726422891, 0.00510567779, 0.0396484381, 0.039841745, 0.316992192, 0.0783701539, 0.00514286093, 0.0396484381, 0.106139973, 0.316992192, 0.0890170932, 0.0051328585, 0.0396484381, 0.166899234, 0.316992192, 0.185572639, 0.00539544276, 0.0396484381, 0.189925686
0.323242192, 0.0588146597, 0.00512348102, 0.0404296881, 0.0379482508, 0.323242192, 0.0683964863, 0.00517170872, 0.0404296881, 0.103928462, 0.323242192, 0.0982922763, 0.00514284675, 0.0404296881, 0.166138813, 0.323242192, 0.185845494, 0.00538853734, 0.0404296881, 0.189923212
0.329492192, 0.0615066849, 0.00514396085, 0.0412109381, 0.0362190604, 0.329492192, 0.0702346265, 0.00515488457, 0.0412109381, 0.101741113, 0.329492192, 0.0956021696, 0.00517140213, 0.0412109381, 0.165370256, 0.329492192, 0.187568054, 0.00538806721, 0.0412109381, 0.189920664
0.335742193, 0.0654612482, 0.00515246344, 0.0419921881, 0.0346554853, 0.335742193, 0.0658307523, 0.00519293508, 0.0419921881, 0.0995802358, 0.335742193, 0.0796855688, 0.00514743543, 0.0419921881, 0.164593875, 0.335742193, 0.191676497, 0.00537875061, 0.0419921881, 0.189918086
0.341992193, 0.0707086176, 0.00513371145, 0.0427734381, 0.0332582667, 0.341992193, 0.0625267103, 0.00518450163, 0.0427734381, 0.0974480435, 0.341992193, 0.0894482806, 0.00516205898, 0.0427734381, 0.163809985, 0.341992193, 0.186255425, 0.00539007897, 0.0427734381, 0.189915448
0.348242193, 0.0677414834, 0.00513904401, 0.0435546881, 0.0320275724, 0.348242193, 0.0647259578, 0.0051729304, 0.0435546881, 0.0953466743, 0.348242193, 0.0915544331, 0.0051772966, 0.0435546881, 0.163018912, 0.348242193, 0.174550995, 0.00544073148, 0.0435546881, 0.189912766
0.354492193, 0.0682154, 0.00516219376, 0.0443359382, 0.0309630241, 0.354492193, 0.0695379078, 0.00516147223, 0.0443359382, 0.0932781845, 0.354492193, 0.095397912, 0.00518888627, 0.0443359382, 0.16222097, 0.354492193, 0.188324928, 0.00542086171, 0.0443359382, 0.189910039
0.360742193, 0.0593052655, 0.0051867096, 0.0451171882, 0.0300636999, 0.360742193, 0.0700980797, 0.00519656054, 0.0451171882, 0.0912445486, 0.360742193, 0.085481368, 0.00518620094, 0.0451171882, 0.161416486, 0.360742193, 0.186464682, 0.00541144271, 0.0451171882, 0.189907253
0.366992193, 0.0667020306, 0.00516307352, 0.0458984382, 0.0293281376, 0.366992193, 0.0795208663, 0.00520371248, 0.0458984382, 0.0892476514, 0.366992193, 0.084296383, 0.00518194668, 0.0458984382, 0.160605788, 0.366992193, 0.17881684, 0.00544911933, 0.0458984382, 0.189904436
0.373242193, 0.0630246922, 0.00521471354, 0.0466796882, 0.0287543628, 0.373242193, 0.0699903294, 0.00522123707, 0.0466796882, 0.0872892886, 0.373242193, 0.0935759246, 0.00520915579, 0.0466796882, 0.159789205, 0.373242193, 0.182887256, 0.00547275045, 0.0466796882, 0.189901561
0.379492193, 0.0650701448, 0.00518926373, 0.0474609382, 0.0283398926, 0.379492193, 0.0657359511, 0.0052404383, 0.0474609382, 0.0853711739, 0.379492193, 0.0903686211, 0.00521582803, 0.0474609382, 0.158967048, 0.379492193, 0.175722122, 0.00545586418, 0.0474609382, 0.189898625
0.385742193, 0.0632752329, 0.00519877079, 0.0482421882, 0.0280817617, 0.385742193, 0.0710686371, 0.00518784435, 0.0482421882, 0.0834949091, 0.385742193, 0.0870012268, 0.00520755359, 0.0482421882, 0.158139661, 0.385742193, 0.180111304, 0.00547533927, 0.0482421882, 0.18989566
0.391992193, 0.0672127083, 0.00520389592, 0.0490234382, 0.0279765371, 0.391992193, 0.0790501013, 0.00521020761, 0.0490234382, 0.0816620216, 0.391992193, 0.0955871567, 0.00521543225, 0.0490234382, 0.157307357, 0.391992193, 0.178691477, 0.00549915996, 0.0490234382, 0.189892635
0.398242193, 0.0695588738, 0.00521784799, 0.0498046882, 0.0280203354, 0.398242193, 0.0645739809, 0.00523236348, 0.0498046882, 0.0798739269, 0.398242193, 0.0875990465, 0.00524156496, 0.0498046882, 0.156470463, 0.398242193, 0.188141897, 0.00549739717, 0.0498046882, 0.189889565
0.404492194, 0.0638323277, 0.00524667303, 0.0505859383, 0.0282088574, 0.404492194, 0.0623813048, 0.00523098231, 0.0505859383, 0.0781319663, 0.404492194, 0.0975986868, 0.00525302795, 0.0505859383, 0.155629307, 0.404492194, 0.186569959, 0.00548280174, 0.0505859383, 0.189886451
0.410742194, 0.0685083643, 0.00526647132, 0.0513671883, 0.0285373963, 0.410742194, 0.0782981589, 0.00527745056, 0.0513671883, 0.0764373615, 0.410742194, 0.0832062289, 0.00527257324, 0.0513671883, 0.154784217, 0.410742194, 0.187784567, 0.00549500831, 0.0513671883, 0.189883277
0.416992194, 0.0687139705, 0.005259255, 0.0521484383, 0.0290008672, 0.416992194, 0.0728181973, 0.00526578163, 0.0521484383, 0.0747912452, 0.416992194, 0.0980587453, 0.0052673975, 0.0521484383, 0.153935522, 0.416992194, 0.188860625, 0.00551254225, 0.0521484383, 0.189880058
0.423242194, 0.0750118271, 0.0052632633, 0.0529296883, 0.0295938421, 0.423242194, 0.0742859542, 0.00523809092, 0.0529296883, 0.0731946453, 0.423242194, 0.0972540453, 0.00527835617, 0.0529296883, 0.153083548, 0.423242194, 0.184987232, 0.0055254306, 0.0529296883, 0.189876795
0.429492194, 0.0731314868, 0.00525311314, 0.0537109383, 0.0303105582, 0.429492194, 0.0731241927, 0.00527941595, 0.0537109383, 0.0716485083, 0.429492194, 0.09240596, 0.00526942172, 0.0537109383, 0.152228609, 0.429492194, 0.191219568, 0.00551371051, 0.0537109383, 0.189873487
0.435742194, 0.0664073676, 0.00528454898, 0.0544921883, 0.0311449599, 0.435742194, 0.0783362091, 0.00527215073, 0.0544921883, 0.0701536685, 0.435742194, 0.0919028819, 0.00528412205, 0.0544921883, 0.151371047, 0.435742194, 0.181856066, 0.00553994326, 0.0544921883, 0.189870119
0.441992194, 0.0675789341, 0.00528569337, 0.0552734383, 0.0320907235, 0.441992194, 0.0749785304, 0.00528244509, 0.0552734383, 0.0687108636, 0.441992194, 0.0917777717, 0.0052793099, 0.0552734383, 0.15051116, 0.441992194, 0.194624647, 0.00551621056, 0.0552734383, 0.189866722
0.448242194, 0.0687526166, 0.0052759486, 0.0560546883, 0.0331412815, 0.448242194, 0.070177108, 0.00532471057, 0.0560546883, 0.0673207343, 0.448242194, 0.0927805677, 0.00528300407, 0.0560546883, 0.149649292, 0.448242194, 0.18373397, 0.00557125307, 0.0560546883, 0.18986325
0.454492194, 0.0633146912, 0.00533347676, 0.0568359383, 0.0342898555, 0.454492194, 0.0717228502, 0.00531917225, 0.0568359383, 0.0659838244, 0.454492194, 0.0895490274, 0.00530630938, 0.0568359383, 0.148785755, 0.454492194, 0.192861721, 0.00556079068, 0.0568359383, 0.189859748
0.460742194, 0.0640119761, 0.00530148494, 0.0576171884, 0.0355294794, 0.460742194, 0.072216779, 0.00531723598, 0.0576171884, 0.0647005811, 0.460742194, 0.0898745656, 0.00533467373, 0.0576171884, 0.147920862, 0.460742194, 0.179387674, 0.0055960444, 0.0576171884, 0.189856201
0.466992194, 0.0613234453, 0.00535548681, 0.0583984384, 0.0368530378, 0.466992194, 0.0731158704, 0.0053122054, 0.0583984384, 0.0634713471, 0.466992194, 0.084802106, 0.00532271827, 0.0583984384, 0.147054926, 0.466992194, 0.191597253, 0.00557182033, 0.0583984384, 0.189852595
0.473242195, 0.0527519733, 0.0053086302, 0.0591796884, 0.0382532887, 0.473242195, 0.0651303828, 0.00533120545, 0.0591796884, 0.0622963943, 0.473242195, 0.0853873789, 0.0053212262, 0.0591796884, 0.146188274, 0.473242195, 0.189551368, 0.00558144538, 0.0591796884, 0.189848945
0.479492195, 0.0610254668, 0.00534582856, 0.0599609384, 0.0397228971, 0.479492195, 0.069283396, 0.00537536064, 0.0599609384, 0.0611758828, 0.479492195, 0.0934202969, 0.00534604856, 0.0599609384, 0.145321205, 0.479492195, 0.180414617, 0.00558407443, 0.0599609384, 0.189845234
0.485742195, 0.0556086116, 0.00533963982, 0.0607421884, 0.0412544645, 0.485742195, 0.0655262917, 0.00534691148, 0.0607421884, 0.0601098798, 0.485742195, 0.0836146697, 0.00536840021, 0.0607421884, 0.144454032, 0.485742195, 0.183518872, 0.00560357648, 0.0607421884, 0.189841494
0.491992195, 0.0723592415, 0.00535355507, 0.0615234384, 0.0428405441, 0.491992195, 0.0682116374, 0.00536945976, 0.0615234384, 0.0590983741, 0.491992195, 0.0927286744, 0.0053550129, 0.0615234384, 0.143587053, 0.491992195, 0.185800478, 0.00559876587, 0.0615234384, 0.189837694
0.498242195, 0.0756178275, 0.00535310905, 0.0623046884, 0.0444736965, 0.498242195, 0.0774421543, 0.00538044274, 0.0623046884, 0.0581412613, 0.498242195, 0.0863373205, 0.00536768723, 0.0623046884, 0.142720595, 0.498242195, 0.190779135, 0.00560042862, 0.0623046884, 0.18983385
 , , , 0.0630859384, 0.0461464897,  , , , 0.0630859384, 0.0572383516,  , , , 0.0630859384, 0.141854942,  , , , 0.0630859384, 0.189829946
 , , , 0.0638671885, 0.0478515439,  , , , 0.0638671885, 0.0563893691,  , , , 0.0638671885, 0.140990406,  , , , 0.0638671885, 0.189826012
 , , , 0.0646484385, 0.0495815538,  , , , 0.0646484385, 0.05559396,  , , , 0.0646484385, 0.140127257,  , , , 0.0646484385, 0.189822018
 , , , 0.0654296885, 0.051329311,  , , , 0.0654296885, 0.0548516884,  , , , 0.0654296885, 0.13926582,  , , , 0.0654296885, 0.18981798
 , , , 0.0662109385, 0.0530877374,  , , , 0.0662109385, 0.0541620478,  , , , 0.0662109385, 0.138406351,  , , , 0.0662109385, 0.189813897
 , , , 0.0669921885, 0.0548498929,  , , , 0.0669921885, 0.0535244495,  , , , 0.0669921885, 0.137549147,  , , , 0.0669921885, 0.189809754
 , , , 0.0677734385, 0.0566090159,  , , , 0.0677734385, 0.0529382452,  , , , 0.0677734385, 0.136694491,  , , , 0.0677734385, 0.189805567
 , , , 0.0685546885, 0.0583585352,  , , , 0.0685546885, 0.052402705,  , , , 0.0685546885, 0.135842666,  , , , 0.0685546885, 0.189801335
 , , , 0.0693359385, 0.060092099,  , , , 0.0693359385, 0.0519170426,  , , , 0.0693359385, 0.134993941,  , , , 0.0693359385, 0.189797059
 , , , 0.0701171885, 0.0618035793,  , , , 0.0701171885, 0.051480405,  , , , 0.0701171885, 0.134148568,  , , , 0.0701171885, 0.189792722
 , , , 0.0708984386, 0.0634871051,  , , , 0.0708984386, 0.0510918871,  , , , 0.0708984386, 0.133306831,  , , , 0.0708984386, 0.189788342
 , , , 0.0716796886, 0.0651370585,  , , , 0.0716796886, 0.0507505164,  , , , 0.0716796886, 0.132468984,  , , , 0.0716796886, 0.189783916
 , , , 0.0724609386, 0.0667481273,  , , , 0.0724609386, 0.0504552796,  , , , 0.0724609386, 0.131635293,  , , , 0.0724609386, 0.189779446
 , , , 0.0732421886, 0.068315275,  , , , 0.0732421886, 0.0502051041,  , , , 0.0732421886, 0.130805999,  , , , 0.0732421886, 0.189774916
 , , , 0.0740234386, 0.0698337853,  , , , 0.0740234386, 0.0499988757,  , , , 0.0740234386, 0.129981339,  , , , 0.0740234386, 0.189770341
 , , , 0.0748046886, 0.07129924,  , , , 0.0748046886, 0.049835436,  , , , 0.0748046886, 0.129161566,  , , , 0.0748046886, 0.189765722
 , , , 0.0755859386, 0.0727075636,  , , , 0.0755859386, 0.0497135855,  , , , 0.0755859386, 0.128346935,  , , , 0.0755859386, 0.189761057
 , , , 0.0763671886, 0.0740550235,  , , , 0.0763671886, 0.0496320911,  , , , 0.0763671886, 0.127537638,  , , , 0.0763671886, 0.189756334
 , , , 0.0771484386, 0.0753382146,  , , , 0.0771484386, 0.0495896861,  , , , 0.0771484386, 0.126733929,  , , , 0.0771484386, 0.189751565
 , , , 0.0779296887, 0.0765540674,  , , , 0.0779296887, 0.0495850705,  , , , 0.0779296887, 0.125936031,  , , , 0.0779296887, 0.189746752
 , , , 0.0787109387, 0.0776998773,  , , , 0.0787109387, 0.049616918,  , , , 0.0787109387, 0.125144139,  , , , 0.0787109387, 0.189741895
 , , , 0.0794921887, 0.0787732899,  , , , 0.0794921887, 0.0496838838,  , , , 0.0794921887, 0.12435849,  , , , 0.0794921887, 0.189736977
 , , , 0.0802734387, 0.0797722861,  , , , 0.0802734387, 0.0497845933,  , , , 0.0802734387, 0.123579279,  , , , 0.0802734387, 0.189732015
 , , , 0.0810546887, 0.0806952044,  , , , 0.0810546887, 0.0499176718,  , , , 0.0810546887, 0.122806698,  , , , 0.0810546887, 0.189727008
 , , , 0.0818359387, 0.0815407261,  , , , 0.0818359387, 0.0500817075,  , , , 0.0818359387, 0.122040957,  , , , 0.0818359387, 0.189721957
 , , , 0.0826171887, 0.0823078752,  , , , 0.0826171887, 0.0502752997,  , , , 0.0826171887, 0.121282227,  , , , 0.0826171887, 0.189716846
 , , , 0.0833984387, 0.0829960033,  , , , 0.0833984387, 0.050497029,  , , , 0.0833984387, 0.12053071,  , , , 0.0833984387, 0.189711705
 , , , 0.0841796888, 0.0836048126,  , , , 0.0841796888, 0.0507454686,  , , , 0.0841796888, 0.119786575,  , , , 0.0841796888, 0.189706504
 , , , 0.0849609388, 0.0841343105,  , , , 0.0849609388, 0.0510191992,  , , , 0.0849609388, 0.119049996,  , , , 0.0849609388, 0.189701244
 , , , 0.0857421888, 0.0845848024,  , , , 0.0857421888, 0.051316794,  , , , 0.0857421888, 0.118321143,  , , , 0.0857421888, 0.189695954
 , , , 0.0865234388, 0.0849569291,  , , , 0.0865234388, 0.0516368374,  , , , 0.0865234388, 0.117600173,  , , , 0.0865234388, 0.189690605
 , , , 0.0873046888, 0.085251607,  , , , 0.0873046888, 0.0519779138,  , , , 0.0873046888, 0.116887234,  , , , 0.0873046888, 0.189685211
 , , , 0.0880859388, 0.0854700208,  , , , 0.0880859388, 0.0523386188,  , , , 0.0880859388, 0.116182491,  , , , 0.0880859388, 0.189679757
 , , , 0.0888671888, 0.0856136382,  , , , 0.0888671888, 0.052717559,  , , , 0.0888671888, 0.115486071,  , , , 0.0888671888, 0.189674273
 , , , 0.0896484388, 0.0856841803,  , , , 0.0896484388, 0.05311336,  , , , 0.0896484388, 0.114798121,  , , , 0.0896484388, 0.18966873
 , , , 0.0904296888, 0.0856835917,  , , , 0.0904296888, 0.0535246544,  , , , 0.0904296888, 0.114118777,  , , , 0.0904296888, 0.189663142
 , , , 0.0912109389, 0.0856140628,  , , , 0.0912109389, 0.0539501049,  , , , 0.0912109389, 0.11344815,  , , , 0.0912109389, 0.189657509
 , , , 0.0919921889, 0.0854779705,  , , , 0.0919921889, 0.0543883815,  , , , 0.0919921889, 0.112786375,  , , , 0.0919921889, 0.189651817
 , , , 0.0927734389, 0.0852779076,  , , , 0.0927734389, 0.054838188,  , , , 0.0927734389, 0.112133555,  , , , 0.0927734389, 0.18964608
 , , , 0.0935546889, 0.0850166306,  , , , 0.0935546889, 0.0552982502,  , , , 0.0935546889, 0.111489803,  , , , 0.0935546889, 0.189640298
 , , , 0.0943359389, 0.0846970603,  , , , 0.0943359389, 0.0557673126,  , , , 0.0943359389, 0.110855222,  , , , 0.0943359389, 0.189634472
 , , , 0.0951171889, 0.0843222588,  , , , 0.0951171889, 0.0562441573,  , , , 0.0951171889, 0.110229909,  , , , 0.0951171889, 0.189628601
 , , , 0.0958984389, 0.0838954151,  , , , 0.0958984389, 0.0567275882,  , , , 0.0958984389, 0.109613948,  , , , 0.0958984389, 0.18962267
 , , , 0.0966796889, 0.0834198445,  , , , 0.0966796889, 0.0572164506,  , , , 0.0966796889, 0.109007426,  , , , 0.0966796889, 0.189616695
 , , , 0.097460939, 0.0828989297,  , , , 0.097460939, 0.0577096082,  , , , 0.097460939, 0.108410425,  , , , 0.097460939, 0.189610675
 , , , 0.098242189, 0.0823361427,  , , , 0.098242189, 0.0582059696,  , , , 0.098242189, 0.107823014,  , , , 0.098242189, 0.189604595
 , , , 0.099023439, 0.0817350224,  , , , 0.099023439, 0.0587044731,  , , , 0.099023439, 0.107245266,  , , , 0.099023439, 0.189598471
 , , , 0.099804689, 0.0810991526,  , , , 0.099804689, 0.0592040941,  , , , 0.099804689, 0.106677234,  , , , 0.099804689, 0.189592302
 , , , 0.100585939, 0.0804321244,  , , , 0.100585939, 0.0597038418,  , , , 0.100585939, 0.106118977,  , , , 0.100585939, 0.189586088
 , , , 0.101367189, 0.0797375664,  , , , 0.101367189, 0.0602027662,  , , , 0.101367189, 0.105570555,  , , , 0.101367189, 0.18957983
 , , , 0.102148439, 0.0790190771,  , , , 0.102148439, 0.0606999546,  , , , 0.102148439, 0.10503199,  , , , 0.102148439, 0.189573511
 , , , 0.102929689, 0.0782802701,  , , , 0.102929689, 0.0611945316,  , , , 0.102929689, 0.104503341,  , , , 0.102929689, 0.189567149
 , , , 0.103710939, 0.0775246993,  , , , 0.103710939, 0.0616856553,  , , , 0.103710939, 0.103984639,  , , , 0.103710939, 0.189560741
 , , , 0.104492189, 0.0767558813,  , , , 0.104492189, 0.0621725358,  , , , 0.104492189, 0.103475899,  , , , 0.104492189, 0.189554274
 , , , 0.105273439, 0.0759772733,  , , , 0.105273439, 0.0626544133,  , , , 0.105273439, 0.102977157,  , , , 0.105273439, 0.189547777
 , , , 0.106054689, 0.0751922652,  , , , 0.106054689, 0.0631305799,  , , , 0.106054689, 0.102488421,  , , , 0.106054689, 0.189541221
 , , , 0.106835939, 0.0744041577,  , , , 0.106835939, 0.063600339,  , , , 0.106835939, 0.102009706,  , , , 0.106835939, 0.189534619
 , , , 0.107617189, 0.0736161545,  , , , 0.107617189, 0.0640630722,  , , , 0.107617189, 0.101541027,  , , , 0.107617189, 0.189527959
 , , , 0.108398439, 0.072831355,  , , , 0.108398439, 0.0645181686,  , , , 0.108398439, 0.10108237,  , , , 0.108398439, 0.189521268
 , , , 0.109179689, 0.0720527545,  , , , 0.109179689, 0.0649650693,  , , , 0.109179689, 0.10063374,  , , , 0.109179689, 0.189514518
 , , , 0.109960939, 0.0712832138,  , , , 0.109960939, 0.0654032677,  , , , 0.109960939, 0.100195132,  , , , 0.109960939, 0.189507723
 , , , 0.110742189, 0.0705254599,  , , , 0.110742189, 0.0658322722,  , , , 0.110742189, 0.0997665226,  , , , 0.110742189, 0.189500868
 , , , 0.111523439, 0.0697820857,  , , , 0.111523439, 0.0662516505,  , , , 0.111523439, 0.0993479043,  , , , 0.111523439, 0.189493984
 , , , 0.112304689, 0.0690555498,  , , , 0.112304689, 0.0666609854,  , , , 0.112304689, 0.0989392474,  , , , 0.112304689, 0.18948704
 , , , 0.113085939, 0.0683481321,  , , , 0.113085939, 0.0670599192,  , , , 0.113085939, 0.0985405222,  , , , 0.113085939, 0.189480051
 , , , 0.113867189, 0.0676619858,  , , , 0.113867189, 0.0674481168,  , , , 0.113867189, 0.0981516987,  , , , 0.113867189, 0.189473018
 , , , 0.114648439, 0.0669990852,  , , , 0.114648439, 0.067825295,  , , , 0.114648439, 0.0977727473,  , , , 0.114648439, 0.189465925
 , , , 0.115429689, 0.0663612559,  , , , 0.115429689, 0.0681911781,  , , , 0.115429689, 0.0974036157,  , , , 0.115429689, 0.189458787
 , , , 0.116210939, 0.0657501444,  , , , 0.116210939, 0.0685455576,  , , , 0.116210939, 0.0970442593,  , , , 0.116210939, 0.189451605
 , , , 0.116992189, 0.0651672482,  , , , 0.116992189, 0.0688882321,  , , , 0.116992189, 0.0966946334,  , , , 0.116992189, 0.189444378
 , , , 0.117773439, 0.0646138862,  , , , 0.117773439, 0.0692190453,  , , , 0.117773439, 0.0963546857,  , , , 0.117773439, 0.189437106
 , , , 0.118554689, 0.0640912056,  , , , 0.118554689, 0.069537878,  , , , 0.118554689, 0.0960243568,  , , , 0.118554689, 0.189429775
 , , , 0.119335939, 0.0636002049,  , , , 0.119335939, 0.0698446184,  , , , 0.119335939, 0.0957035795,  , , , 0.119335939, 0.189422399
 , , , 0.120117189, 0.0631416962,  , , , 0.120117189, 0.0701392144,  , , , 0.120117189, 0.0953922868,  , , , 0.120117189, 0.189414978
 , , , 0.120898439, 0.06271635,  , , , 0.120898439, 0.0704216212,  , , , 0.120898439, 0.0950904191,  , , , 0.120898439, 0.189407513
 , , , 0.121679689, 0.0623246618,  , , , 0.121679689, 0.0706918314,  , , , 0.121679689, 0.0947978944,  , , , 0.121679689, 0.189399987
 , , , 0.122460939, 0.061966978,  , , , 0.122460939, 0.0709498525,  , , , 0.122460939, 0.0945146456,  , , , 0.122460939, 0.189392418
 , , , 0.123242189, 0.0616434924,  , , , 0.123242189, 0.0711957365,  , , , 0.123242189, 0.0942405835,  , , , 0.123242189, 0.189384803
 , , , 0.124023439, 0.0613542423,  , , , 0.124023439, 0.0714295432,  , , , 0.124023439, 0.0939756259,  , , , 0.124023439, 0.189377144
 , , , 0.124804689, 0.0610991344,  , , , 0.124804689, 0.0716513619,  , , , 0.124804689, 0.0937196836,  , , , 0.124804689, 0.189369425
 , , , 0.125585939, 0.0608779266,  , , , 0.125585939, 0.0718612969,  , , , 0.125585939, 0.0934726819,  , , , 0.125585939, 0.189361662
 , , , 0.126367189, 0.060690254,  , , , 0.126367189, 0.0720594898,  , , , 0.126367189, 0.0932345092,  , , , 0.126367189, 0.189353853
 , , , 0.127148439, 0.0605356209,  , , , 0.127148439, 0.0722460821,  , , , 0.127148439, 0.0930050761,  , , , 0.127148439, 0.189346001
 , , , 0.127929689, 0.060413409,  , , , 0.127929689, 0.0724212453,  , , , 0.127929689, 0.092784293,  , , , 0.127929689, 0.189338088
 , , , 0.128710939, 0.0603228994,  , , , 0.128710939, 0.0725851581,  , , , 0.128710939, 0.0925720409,  , , , 0.128710939, 0.189330146
 , , , 0.129492189, 0.0602632537,  , , , 0.129492189, 0.0727380291,  , , , 0.129492189, 0.0923682377,  , , , 0.129492189, 0.189322144
 , , , 0.130273439, 0.0602335483,  , , , 0.130273439, 0.0728800744,  , , , 0.130273439, 0.0921727568,  , , , 0.130273439, 0.189314097
 , , , 0.131054689, 0.0602327585,  , , , 0.131054689, 0.073011525,  , , , 0.131054689, 0.0919855013,  , , , 0.131054689, 0.189305991
 , , , 0.131835939, 0.0602597892,  , , , 0.131835939, 0.0731326118,  , , , 0.131835939, 0.0918063596,  , , , 0.131835939, 0.189297855
 , , , 0.132617189, 0.0603134558,  , , , 0.132617189, 0.0732436031,  , , , 0.132617189, 0.0916352198,  , , , 0.132617189, 0.189289659
 , , , 0.133398439, 0.0603925213,  , , , 0.133398439, 0.0733447522,  , , , 0.133398439, 0.0914719552,  , , , 0.133398439, 0.189281419
 , , , 0.134179689, 0.0604956746,  , , , 0.134179689, 0.0734363347,  , , , 0.134179689, 0.0913164616,  , , , 0.134179689, 0.189273119
 , , , 0.13496094, 0.0606215671,  , , , 0.13496094, 0.0735186338,  , , , 0.13496094, 0.0911686197,  , , , 0.13496094, 0.189264789
 , , , 0.13574219, 0.060768798,  , , , 0.13574219, 0.0735919327,  , , , 0.13574219, 0.0910283029,  , , , 0.13574219, 0.1892564
 , , , 0.13652344, 0.0609359294,  , , , 0.13652344, 0.0736565366,  , , , 0.13652344, 0.090895392,  , , , 0.13652344, 0.189247966
 , , , 0.13730469, 0.061121501,  , , , 0.13730469, 0.0737127364,  , , , 0.13730469, 0.0907697603,  , , , 0.13730469, 0.189239487
 , , , 0.13808594, 0.0613240227,  , , , 0.13808594, 0.0737608373,  , , , 0.13808594, 0.0906512886,  , , , 0.13808594, 0.189230949
 , , , 0.13886719, 0.0615420043,  , , , 0.13886719, 0.0738011524,  , , , 0.13886719, 0.0905398428,  , , , 0.13886719, 0.189222366
 , , , 0.13964844, 0.0617739335,  , , , 0.13964844, 0.0738339871,  , , , 0.13964844, 0.0904353037,  , , , 0.13964844, 0.189213753
 , , , 0.14042969, 0.0620183051,  , , , 0.14042969, 0.0738596544,  , , , 0.14042969, 0.0903375372,  , , , 0.14042969, 0.189205065
 , , , 0.14121094, 0.0622736178,  , , , 0.14121094, 0.0738784671,  , , , 0.14121094, 0.0902464166,  , , , 0.14121094, 0.189196348
 , , , 0.14199219, 0.0625383854,  , , , 0.14199219, 0.0738907382,  , , , 0.14199219, 0.0901618078,  , , , 0.14199219, 0.189187571
 , , , 0.14277344, 0.0628111437,  , , , 0.14277344, 0.0738967806,  , , , 0.14277344, 0.0900835842,  , , , 0.14277344, 0.189178765
 , , , 0.14355469, 0.0630904436,  , , , 0.14355469, 0.0738968998,  , , , 0.14355469, 0.0900116041,  , , , 0.14355469, 0.189169899
 , , , 0.14433594, 0.0633748621,  , , , 0.14433594, 0.0738914162,  , , , 0.14433594, 0.0899457484,  , , , 0.14433594, 0.189160973
 , , , 0.14511719, 0.0636630356,  , , , 0.14511719, 0.0738806203,  , , , 0.14511719, 0.0898858756,  , , , 0.14511719, 0.189152017
 , , , 0.14589844, 0.0639536083,  , , , 0.14589844, 0.0738648176,  , , , 0.14589844, 0.0898318514,  , , , 0.14589844, 0.189143002
 , , , 0.14667969, 0.0642452911,  , , , 0.14667969, 0.0738443211,  , , , 0.14667969, 0.0897835493,  , , , 0.14667969, 0.189133942
 , , , 0.14746094, 0.0645368248,  , , , 0.14746094, 0.0738194063,  , , , 0.14746094, 0.0897408202,  , , , 0.14746094, 0.189124838
 , , , 0.14824219, 0.0648270175,  , , , 0.14824219, 0.0737903789,  , , , 0.14824219, 0.0897035524,  , , , 0.14824219, 0.189115688
 , , , 0.14902344, 0.0651147217,  , , , 0.14902344, 0.0737575144,  , , , 0.14902344, 0.0896715894,  , , , 0.14902344, 0.189106479
 , , , 0.14980469, 0.0653988495,  , , , 0.14980469, 0.0737210885,  , , , 0.14980469, 0.0896448046,  , , , 0.14980469, 0.189097226
 , , , 0.15058594, 0.0656783655,  , , , 0.15058594, 0.0736813769,  , , , 0.15058594, 0.0896230713,  , , , 0.15058594, 0.189087927
 , , , 0.15136719, 0.0659523159,  , , , 0.15136719, 0.0736386478,  , , , 0.15136719, 0.0896062478,  , , , 0.15136719, 0.189078584
 , , , 0.15214844, 0.0662197918,  , , , 0.15214844, 0.073593162,  , , , 0.15214844, 0.0895942003,  , , , 0.15214844, 0.189069182
 , , , 0.15292969, 0.0664799511,  , , , 0.15292969, 0.0735451579,  , , , 0.15292969, 0.0895868018,  , , , 0.15292969, 0.189059749
 , , , 0.15371094, 0.0667320192,  , , , 0.15371094, 0.0734948963,  , , , 0.15371094, 0.089583911,  , , , 0.15371094, 0.189050257
 , , , 0.15449219, 0.066975303,  , , , 0.15449219, 0.0734426081,  , , , 0.15449219, 0.0895854011,  , , , 0.15449219, 0.18904072
 , , , 0.15527344, 0.0672091469,  , , , 0.15527344, 0.0733885169,  , , , 0.15527344, 0.0895911306,  , , , 0.15527344, 0.189031124
 , , , 0.15605469, 0.0674329922,  , , , 0.15605469, 0.0733328462,  , , , 0.15605469, 0.0896009803,  , , , 0.15605469, 0.189021498
 , , , 0.15683594, 0.0676463246,  , , , 0.15683594, 0.073275812,  , , , 0.15683594, 0.089614816,  , , , 0.15683594, 0.189011812
 , , , 0.15761719, 0.0678487122,  , , , 0.15761719, 0.0732176155,  , , , 0.15761719, 0.0896325111,  , , , 0.15761719, 0.189002082
 , , , 0.15839844, 0.0680397823,  , , , 0.15839844, 0.0731584579,  , , , 0.15839844, 0.0896539316,  , , , 0.15839844, 0.188992307
 , , , 0.15917969, 0.0682192147,  , , , 0.15917969, 0.0730985254,  , , , 0.15917969, 0.0896789432,  , , , 0.15917969, 0.188982472
 , , , 0.15996094, 0.0683867782,  , , , 0.15996094, 0.0730379969,  , , , 0.15996094, 0.0897074342,  , , , 0.15996094, 0.188972607
 , , , 0.16074219, 0.0685422719,  , , , 0.16074219, 0.0729770437,  , , , 0.16074219, 0.0897392631,  , , , 0.16074219, 0.188962683
 , , , 0.16152344, 0.0686855838,  , , , 0.16152344, 0.0729158223,  , , , 0.16152344, 0.089774318,  , , , 0.16152344, 0.188952714
 , , , 0.16230469, 0.0688166469,  , , , 0.16230469, 0.0728544965,  , , , 0.16230469, 0.0898124725,  , , , 0.16230469, 0.188942686
 , , , 0.16308594, 0.0689354464,  , , , 0.16308594, 0.0727932081,  , , , 0.16308594, 0.0898535997,  , , , 0.16308594, 0.188932627
 , , , 0.16386719, 0.0690420195,  , , , 0.16386719, 0.0727320984,  , , , 0.16386719, 0.0898975804,  , , , 0.16386719, 0.18892251
 , , , 0.16464844, 0.0691364631,  , , , 0.16464844, 0.0726712942,  , , , 0.16464844, 0.0899442956,  , , , 0.16464844, 0.188912347
 , , , 0.16542969, 0.0692189261,  , , , 0.16542969, 0.0726109222,  , , , 0.16542969, 0.0899936259,  , , , 0.16542969, 0.18890214
 , , , 0.16621094, 0.06928958,  , , , 0.16621094, 0.0725510865,  , , , 0.16621094, 0.0900454596,  , , , 0.16621094, 0.188891888
 , , , 0.16699219, 0.0693486556,  , , , 0.16699219, 0.0724918991,  , , , 0.16699219, 0.09009967,  , , , 0.16699219, 0.188881576
 , , , 0.16777344, 0.0693964362,  , , , 0.16777344, 0.0724334642,  , , , 0.16777344, 0.0901561528,  , , , 0.16777344, 0.18887122
 , , , 0.16855469, 0.0694332123,  , , , 0.16855469, 0.0723758638,  , , , 0.16855469, 0.0902147889,  , , , 0.16855469, 0.188860819
 , , , 0.16933594, 0.069459334,  , , , 0.16933594, 0.0723191872,  , , , 0.16933594, 0.0902754739,  , , , 0.16933594, 0.188850373
 , , , 0.17011719, 0.0694751665,  , , , 0.17011719, 0.072263509,  , , , 0.17011719, 0.0903380886,  , , , 0.17011719, 0.188839883
 , , , 0.17089844, 0.0694811121,  , , , 0.17089844, 0.0722089037,  , , , 0.17089844, 0.0904025361,  , , , 0.17089844, 0.188829333
 , , , 0.17167969, 0.0694775879,  , , , 0.17167969, 0.0721554235,  , , , 0.17167969, 0.0904687047,  , , , 0.17167969, 0.188818738
 , , , 0.17246094, 0.0694650486,  , , , 0.17246094, 0.0721031353,  , , , 0.17246094, 0.0905364901,  , , , 0.17246094, 0.188808098
 , , , 0.17324219, 0.0694439486,  , , , 0.17324219, 0.0720520839,  , , , 0.17324219, 0.0906057954,  , , , 0.17324219, 0.188797414
 , , , 0.17402344, 0.0694147721,  , , , 0.17402344, 0.0720023215,  , , , 0.17402344, 0.0906765163,  , , , 0.17402344, 0.188786671
 , , , 0.17480469, 0.0693780109,  , , , 0.17480469, 0.0719538778,  , , , 0.17480469, 0.0907485485,  , , , 0.17480469, 0.188775897
 , , , 0.17558594, 0.0693341792,  , , , 0.17558594, 0.0719067901,  , , , 0.17558594, 0.0908217952,  , , , 0.17558594, 0.188765064
 , , , 0.17636719, 0.069283776,  , , , 0.17636719, 0.0718610808,  , , , 0.17636719, 0.0908961743,  , , , 0.17636719, 0.188754186
 , , , 0.17714844, 0.0692273229,  , , , 0.17714844, 0.0718167797,  , , , 0.17714844, 0.0909715742,  , , , 0.17714844, 0.188743263
 , , , 0.17792969, 0.0691653341,  , , , 0.17792969, 0.071773909,  , , , 0.17792969, 0.0910479203,  , , , 0.17792969, 0.188732281
 , , , 0.17871094, 0.069098331,  , , , 0.17871094, 0.0717324615,  , , , 0.17871094, 0.0911251083,  , , , 0.17871094, 0.188721254
 , , , 0.17949219, 0.0690268353,  , , , 0.17949219, 0.0716924667,  , , , 0.17949219, 0.0912030637,  , , , 0.17949219, 0.188710183
 , , , 0.18027344, 0.0689513534,  , , , 0.18027344, 0.0716539249,  , , , 0.18027344, 0.0912816897,  , , , 0.18027344, 0.188699067
 , , , 0.18105469, 0.0688723847,  , , , 0.18105469, 0.071616821,  , , , 0.18105469, 0.0913609043,  , , , 0.18105469, 0.188687906
 , , , 0.18183594, 0.0687904432,  , , , 0.18183594, 0.07158117,  , , , 0.18183594, 0.0914406329,  , , , 0.18183594, 0.1886767
 , , , 0.18261719, 0.0687059909,  , , , 0.18261719, 0.0715469569,  , , , 0.18261719, 0.0915207863,  , , , 0.18261719, 0.188665435
 , , , 0.18339844, 0.0686195195,  , , , 0.18339844, 0.0715141743,  , , , 0.18339844, 0.0916012973,  , , , 0.18339844, 0.188654125
 , , , 0.18417969, 0.0685314909,  , , , 0.18417969, 0.0714828074,  , , , 0.18417969, 0.0916820765,  , , , 0.18417969, 0.18864277
 , , , 0.18496094, 0.0684423298,  , , , 0.18496094, 0.0714528337,  , , , 0.18496094, 0.0917630568,  , , , 0.18496094, 0.188631371
 , , , 0.18574219, 0.0683524832,  , , , 0.18574219, 0.0714242533,  , , , 0.18574219, 0.0918441638,  , , , 0.18574219, 0.188619912
 , , , 0.18652344, 0.0682623535,  , , , 0.18652344, 0.0713970214,  , , , 0.18652344, 0.0919253305,  , , , 0.18652344, 0.188608408
 , , , 0.18730469, 0.0681723356,  , , , 0.18730469, 0.0713711306,  , , , 0.18730469, 0.0920064896,  , , , 0.18730469, 0.18859686
 , , , 0.18808594, 0.068082802,  , , , 0.18808594, 0.0713465512,  , , , 0.18808594, 0.0920875669,  , , , 0.18808594, 0.188585266
 , , , 0.18886719, 0.0679941028,  , , , 0.18886719, 0.0713232532,  , , , 0.18886719, 0.0921685025,  , , , 0.18886719, 0.188573629
 , , , 0.18964844, 0.0679065734,  , , , 0.18964844, 0.0713012144,  , , , 0.18964844, 0.092249237,  , , , 0.18964844, 0.188561931
 , , , 0.19042969, 0.0678205118,  , , , 0.19042969, 0.0712804049,  , , , 0.19042969, 0.0923297107,  , , , 0.19042969, 0.188550204
 , , , 0.19121094, 0.0677362159,  , , , 0.19121094, 0.0712607801,  , , , 0.19121094, 0.0924098566,  , , , 0.19121094, 0.188538417
 , , , 0.19199219, 0.0676539466,  , , , 0.19199219, 0.0712423176,  , , , 0.19199219, 0.0924896225,  , , , 0.19199219, 0.188526586
 , , , 0.19277344, 0.0675739497,  , , , 0.19277344, 0.0712249875,  , , , 0.19277344, 0.0925689563,  , , , 0.19277344, 0.188514695
 , , , 0.19355469, 0.0674964488,  , , , 0.19355469, 0.0712087452,  , , , 0.19355469, 0.0926477984,  , , , 0.19355469, 0.188502774
 , , , 0.19433594, 0.0674216375,  , , , 0.19433594, 0.071193561,  , , , 0.19433594, 0.092726104,  , , , 0.19433594, 0.188490793
 , , , 0.19511719, 0.0673496947,  , , , 0.19511719, 0.0711793974,  , , , 0.19511719, 0.0928038284,  , , , 0.19511719, 0.188478768
 , , , 0.19589844, 0.0672807768,  , , , 0.19589844, 0.0711662248,  , , , 0.19589844, 0.0928809121,  , , , 0.19589844, 0.188466698
 , , , 0.19667969, 0.067215018,  , , , 0.19667969, 0.0711539984,  , , , 0.19667969, 0.0929573178,  , , , 0.19667969, 0.188454583
 , , , 0.19746094, 0.06715253,  , , , 0.19746094, 0.0711426809,  , , , 0.19746094, 0.0930329934,  , , , 0.19746094, 0.188442424
 , , , 0.19824219, 0.0670934021,  , , , 0.19824219, 0.0711322427,  , , , 0.19824219, 0.093107909,  , , , 0.19824219, 0.188430205
 , , , 0.19902344, 0.0670377165,  , , , 0.19902344, 0.0711226389,  , , , 0.19902344, 0.0931820124,  , , , 0.19902344, 0.188417941
 , , , 0.19980469, 0.0669855177,  , , , 0.19980469, 0.0711138397,  , , , 0.19980469, 0.0932552814,  , , , 0.19980469, 0.188405633
 , , , 0.20058594, 0.0669368431,  , , , 0.20058594, 0.071105808,  , , , 0.20058594, 0.0933276564,  , , , 0.20058594, 0.18839328
 , , , 0.201367191, 0.0668917149,  , , , 0.201367191, 0.0710985065,  , , , 0.201367191, 0.0933991224,  , , , 0.201367191, 0.188380867
 , , , 0.202148441, 0.0668501258,  , , , 0.202148441, 0.0710919052,  , , , 0.202148441, 0.0934696421,  , , , 0.202148441, 0.188368425
 , , , 0.202929691, 0.0668120682,  , , , 0.202929691, 0.0710859522,  , , , 0.202929691, 0.0935391784,  , , , 0.202929691, 0.188355923
 , , , 0.203710941, 0.0667775124,  , , , 0.203710941, 0.0710806325,  , , , 0.203710941, 0.0936077014,  , , , 0.203710941, 0.188343376
 , , , 0.204492191, 0.0667464063,  , , , 0.204492191, 0.0710759088,  , , , 0.204492191, 0.0936751887,  , , , 0.204492191, 0.188330784
 , , , 0.205273441, 0.0667186975,  , , , 0.205273441, 0.0710717365,  , , , 0.205273441, 0.0937416032,  , , , 0.205273441, 0.188318133
 , , , 0.206054691, 0.0666943118,  , , , 0.206054691, 0.0710680932,  , , , 0.206054691, 0.0938069373,  , , , 0.206054691, 0.188305452
 , , , 0.206835941, 0.0666731745,  , , , 0.206835941, 0.0710649416,  , , , 0.206835941, 0.0938711464,  , , , 0.206835941, 0.188292712
 , , , 0.207617191, 0.0666551888,  , , , 0.207617191, 0.0710622519,  , , , 0.207617191, 0.0939342231,  , , , 0.207617191, 0.188279927
 , , , 0.208398441, 0.0666402578,  , , , 0.208398441, 0.0710599944,  , , , 0.208398441, 0.0939961448,  , , , 0.208398441, 0.188267097
 , , , 0.209179691, 0.0666282699,  , , , 0.209179691, 0.0710581467,  , , , 0.209179691, 0.0940568894,  , , , 0.209179691, 0.188254222
 , , , 0.209960941, 0.0666190982,  , , , 0.209960941, 0.0710566714,  , , , 0.209960941, 0.0941164345,  , , , 0.209960941, 0.188241288
 , , , 0.210742191, 0.0666126385,  , , , 0.210742191, 0.0710555464,  , , , 0.210742191, 0.0941747725,  , , , 0.210742191, 0.188228324
 , , , 0.211523441, 0.0666087493,  , , , 0.211523441, 0.0710547417,  , , , 0.211523441, 0.0942318812,  , , , 0.211523441, 0.1882153
 , , , 0.212304691, 0.0666072965,  , , , 0.212304691, 0.0710542351,  , , , 0.212304691, 0.0942877531,  , , , 0.212304691, 0.188202232
 , , , 0.213085941, 0.0666081458,  , , , 0.213085941, 0.0710539967,  , , , 0.213085941, 0.0943423733,  , , , 0.213085941, 0.188189119
 , , , 0.213867191, 0.0666111559,  , , , 0.213867191, 0.0710540116,  , , , 0.213867191, 0.0943957344,  , , , 0.213867191, 0.188175946
 , , , 0.214648441, 0.0666161776,  , , , 0.214648441, 0.07105425,  , , , 0.214648441, 0.0944478214,  , , , 0.214648441, 0.188162744
 , , , 0.215429691, 0.0666230768,  , , , 0.215429691, 0.0710546896,  , , , 0.215429691, 0.0944986269,  , , , 0.215429691, 0.188149482
 , , , 0.216210941, 0.0666317046,  , , , 0.216210941, 0.0710553154,  , , , 0.216210941, 0.0945481434,  , , , 0.216210941, 0.188136175
 , , , 0.216992191, 0.0666419119,  , , , 0.216992191, 0.0710560977,  , , , 0.216992191, 0.0945963636,  , , , 0.216992191, 0.188122824
 , , , 0.217773441, 0.0666535571,  , , , 0.217773441, 0.0710570291,  , , , 0.217773441, 0.0946432799,  , , , 0.217773441, 0.188109428
 , , , 0.218554691, 0.0666664988,  , , , 0.218554691, 0.0710580871,  , , , 0.218554691, 0.0946888998,  , , , 0.218554691, 0.188095972
 , , , 0.219335941, 0.0666805953,  , , , 0.219335941, 0.0710592568,  , , , 0.219335941, 0.0947332084,  , , , 0.219335941, 0.188082471
 , , , 0.220117191, 0.0666957125,  , , , 0.220117191, 0.0710605159,  , , , 0.220117191, 0.0947762132,  , , , 0.220117191, 0.188068941
 , , , 0.220898441, 0.0667117089,  , , , 0.220898441, 0.0710618496,  , , , 0.220898441, 0.0948179066,  , , , 0.220898441, 0.188055351
 , , , 0.221679691, 0.0667284504,  , , , 0.221679691, 0.0710632578,  , , , 0.221679691, 0.0948582888,  , , , 0.221679691, 0.188041717
 , , , 0.222460941, 0.0667458177,  , , , 0.222460941, 0.0710647106,  , , , 0.222460941, 0.0948973596,  , , , 0.222460941, 0.188028023
 , , , 0.223242191, 0.0667636767,  , , , 0.223242191, 0.0710662007,  , , , 0.223242191, 0.0949351266,  , , , 0.223242191, 0.188014299
 , , , 0.224023441, 0.0667819232,  , , , 0.224023441, 0.0710677132,  , , , 0.224023441, 0.0949715897,  , , , 0.224023441, 0.188000515
 , , , 0.224804691, 0.0668004304,  , , , 0.224804691, 0.071069248,  , , , 0.224804691, 0.0950067565,  , , , 0.224804691, 0.187986687
 , , , 0.225585941, 0.0668190941,  , , , 0.225585941, 0.0710707828,  , , , 0.225585941, 0.0950406268,  , , , 0.225585941, 0.187972814
 , , , 0.226367191, 0.06683781,  , , , 0.226367191, 0.0710723177,  , , , 0.226367191, 0.0950732082,  , , , 0.226367191, 0.187958896
 , , , 0.227148441, 0.0668564886,  , , , 0.227148441, 0.0710738301,  , , , 0.227148441, 0.0951045007,  , , , 0.227148441, 0.187944919
 , , , 0.227929691, 0.0668750256,  , , , 0.227929691, 0.0710753277,  , , , 0.227929691, 0.095134519,  , , , 0.227929691, 0.187930912
 , , , 0.228710941, 0.0668933466,  , , , 0.228710941, 0.0710767955,  , , , 0.228710941, 0.0951632708,  , , , 0.228710941, 0.187916845
 , , , 0.229492191, 0.0669113621,  , , , 0.229492191, 0.0710782334,  , , , 0.229492191, 0.095190756,  , , , 0.229492191, 0.187902734
 , , , 0.230273441, 0.0669290051,  , , , 0.230273441, 0.0710796192,  , , , 0.230273441, 0.0952169895,  , , , 0.230273441, 0.187888578
 , , , 0.231054691, 0.066946201,  , , , 0.231054691, 0.0710809603,  , , , 0.231054691, 0.0952419788,  , , , 0.231054691, 0.187874377
 , , , 0.231835941, 0.0669628978,  , , , 0.231835941, 0.0710822567,  , , , 0.231835941, 0.0952657387,  , , , 0.231835941, 0.187860131
 , , , 0.232617191, 0.0669790283,  , , , 0.232617191, 0.0710834861,  , , , 0.232617191, 0.0952882767,  , , , 0.232617191, 0.187845826
 , , , 0.233398441, 0.0669945553,  , , , 0.233398441, 0.0710846558,  , , , 0.233398441, 0.0953096077,  , , , 0.233398441, 0.187831476
 , , , 0.234179691, 0.0670094267,  , , , 0.234179691, 0.071085766,  , , , 0.234179691, 0.0953297317,  , , , 0.234179691, 0.187817082
 , , , 0.234960941, 0.0670235977,  , , , 0.234960941, 0.071086809,  , , , 0.234960941, 0.0953486711,  , , , 0.234960941, 0.187802643
 , , , 0.235742191, 0.0670370534,  , , , 0.235742191, 0.0710877776,  , , , 0.235742191, 0.0953664407,  , , , 0.235742191, 0.187788159
 , , , 0.236523441, 0.0670497492,  , , , 0.236523441, 0.0710886791,  , , , 0.236523441, 0.0953830481,  , , , 0.236523441, 0.18777363
 , , , 0.237304691, 0.0670616701,  , , , 0.237304691, 0.0710895061,  , , , 0.237304691, 0.0953985006,  , , , 0.237304691, 0.187759042
 , , , 0.238085941, 0.0670728013,  , , , 0.238085941, 0.0710902512,  , , , 0.238085941, 0.095412828,  , , , 0.238085941, 0.187744409
 , , , 0.238867191, 0.0670831203,  , , , 0.238867191, 0.0710909292,  , , , 0.238867191, 0.0954260379,  , , , 0.238867191, 0.187729746
 , , , 0.239648441, 0.0670926273,  , , , 0.239648441, 0.0710915253,  , , , 0.239648441, 0.0954381377,  , , , 0.239648441, 0.187715024
 , , , 0.240429691, 0.0671013221,  , , , 0.240429691, 0.0710920393,  , , , 0.240429691, 0.0954491496,  , , , 0.240429691, 0.187700242
 , , , 0.241210941, 0.0671091899,  , , , 0.241210941, 0.0710924789,  , , , 0.241210941, 0.0954590887,  , , , 0.241210941, 0.18768543
 , , , 0.241992191, 0.0671162456,  , , , 0.241992191, 0.071092844,  , , , 0.241992191, 0.0954679698,  , , , 0.241992191, 0.187670559
 , , , 0.242773441, 0.0671224967,  , , , 0.242773441, 0.0710931271,  , , , 0.242773441, 0.0954758078,  , , , 0.242773441, 0.187655658
 , , , 0.243554691, 0.0671279579,  , , , 0.243554691, 0.0710933357,  , , , 0.243554691, 0.0954826176,  , , , 0.243554691, 0.187640697
 , , , 0.244335941, 0.0671326295,  , , , 0.244335941, 0.0710934699,  , , , 0.244335941, 0.0954884216,  , , , 0.244335941, 0.187625691
 , , , 0.245117191, 0.067136541,  , , , 0.245117191, 0.0710935295,  , , , 0.245117191, 0.0954932272,  , , , 0.245117191, 0.187610641
 , , , 0.245898441, 0.0671397075,  , , , 0.245898441, 0.0710935071,  , , , 0.245898441, 0.0954970568,  , , , 0.245898441, 0.187595531
 , , , 0.246679691, 0.0671421513,  , , , 0.246679691, 0.0710934177,  , , , 0.246679691, 0.0954999328,  , , , 0.246679691, 0.187580392
 , , , 0.247460941, 0.0671438947,  , , , 0.247460941, 0.0710932538,  , , , 0.247460941, 0.095501855,  , , , 0.247460941, 0.187565193
 , , , 0.248242191, 0.0671449676,  , , , 0.248242191, 0.0710930228,  , , , 0.248242191, 0.0955028608,  , , , 0.248242191, 0.187549964
 , , , 0.249023441, 0.0671453923,  , , , 0.249023441, 0.0710927248,  , , , 0.249023441, 0.0955029503,  , , , 0.249023441, 0.187534675
 , , , 0.249804691, 0.0671451986,  , , , 0.249804691, 0.0710923523,  , , , 0.249804691, 0.095502153,  , , , 0.249804691, 0.187519342
 , , , 0.250585941, 0.0671444237,  , , , 0.250585941, 0.0710919201,  , , , 0.250585941, 0.0955004767,  , , , 0.250585941, 0.187503949
 , , , 0.251367191, 0.0671430901,  , , , 0.251367191, 0.0710914209,  , , , 0.251367191, 0.0954979435,  , , , 0.251367191, 0.187488526
 , , , 0.252148441, 0.0671412274,  , , , 0.252148441, 0.0710908622,  , , , 0.252148441, 0.0954945758,  , , , 0.252148441, 0.187473044
 , , , 0.252929691, 0.067138873,  , , , 0.252929691, 0.0710902438,  , , , 0.252929691, 0.0954903811,  , , , 0.252929691, 0.187457532
 , , , 0.253710941, 0.0671360567,  , , , 0.253710941, 0.0710895658,  , , , 0.253710941, 0.0954853892,  , , , 0.253710941, 0.18744196
 , , , 0.254492191, 0.0671328157,  , , , 0.254492191, 0.0710888281,  , , , 0.254492191, 0.0954796001,  , , , 0.254492191, 0.187426344
 , , , 0.255273441, 0.0671291798,  , , , 0.255273441, 0.0710880384,  , , , 0.255273441, 0.0954730436,  , , , 0.255273441, 0.187410682
 , , , 0.256054691, 0.0671251789,  , , , 0.256054691, 0.0710871965,  , , , 0.256054691, 0.0954657421,  , , , 0.256054691, 0.187394962
 , , , 0.256835941, 0.0671208501,  , , , 0.256835941, 0.0710863024,  , , , 0.256835941, 0.0954576954,  , , , 0.256835941, 0.187379211
 , , , 0.257617191, 0.0671162158,  , , , 0.257617191, 0.0710853636,  , , , 0.257617191, 0.0954489335,  , , , 0.257617191, 0.187363401
 , , , 0.258398441, 0.0671113208,  , , , 0.258398441, 0.0710843801,  , , , 0.258398441, 0.0954394713,  , , , 0.258398441, 0.187347561
 , , , 0.259179691, 0.0671061799,  , , , 0.259179691, 0.0710833445,  , , , 0.259179691, 0.0954293236,  , , , 0.259179691, 0.187331662
 , , , 0.259960941, 0.0671008304,  , , , 0.259960941, 0.0710822716,  , , , 0.259960941, 0.0954185128,  , , , 0.259960941, 0.187315717
 , , , 0.260742191, 0.0670953095,  , , , 0.260742191, 0.0710811615,  , , , 0.260742191, 0.0954070464,  , , , 0.260742191, 0.187299728
 , , , 0.261523441, 0.0670896247,  , , , 0.261523441, 0.0710800067,  , , , 0.261523441, 0.0953949541,  , , , 0.261523441, 0.18728368
 , , , 0.262304691, 0.0670838207,  , , , 0.262304691, 0.0710788146,  , , , 0.262304691, 0.0953822359,  , , , 0.262304691, 0.187267601
 , , , 0.263085941, 0.0670779124,  , , , 0.263085941, 0.0710775852,  , , , 0.263085941, 0.0953689218,  , , , 0.263085941, 0.187251464
 , , , 0.263867191, 0.0670719296,  , , , 0.263867191, 0.0710763261,  , , , 0.263867191, 0.0953550264,  , , , 0.263867191, 0.187235296
 , , , 0.264648441, 0.0670658946,  , , , 0.264648441, 0.0710750297,  , , , 0.264648441, 0.0953405574,  , , , 0.264648441, 0.187219068
 , , , 0.265429691, 0.0670598224,  , , , 0.265429691, 0.0710737109,  , , , 0.265429691, 0.095325537,  , , , 0.265429691, 0.187202796
 , , , 0.266210941, 0.0670537427,  , , , 0.266210941, 0.0710723549,  , , , 0.266210941, 0.0953099877,  , , , 0.266210941, 0.18718648
 , , , 0.266992191, 0.0670476705,  , , , 0.266992191, 0.0710709766,  , , , 0.266992191, 0.0952939093,  , , , 0.266992191, 0.187170103
 , , , 0.267773441, 0.0670416206,  , , , 0.267773441, 0.0710695758,  , , , 0.267773441, 0.0952773318,  , , , 0.267773441, 0.187153697
 , , , 0.268554692, 0.0670356154,  , , , 0.268554692, 0.0710681453,  , , , 0.268554692, 0.095260255,  , , , 0.268554692, 0.187137231
 , , , 0.269335942, 0.0670296699,  , , , 0.269335942, 0.0710666925,  , , , 0.269335942, 0.0952427089,  , , , 0.269335942, 0.187120736
 , , , 0.270117192, 0.0670237914,  , , , 0.270117192, 0.0710652173,  , , , 0.270117192, 0.0952247083,  , , , 0.270117192, 0.18710418
 , , , 0.270898442, 0.0670179948,  , , , 0.270898442, 0.0710637197,  , , , 0.270898442, 0.0952062532,  , , , 0.270898442, 0.187087581
 , , , 0.271679692, 0.0670122951,  , , , 0.271679692, 0.0710622072,  , , , 0.271679692, 0.0951873735,  , , , 0.271679692, 0.187070936
 , , , 0.272460942, 0.0670066997,  , , , 0.272460942, 0.0710606724,  , , , 0.272460942, 0.0951680765,  , , , 0.272460942, 0.187054232
 , , , 0.273242192, 0.0670012236,  , , , 0.273242192, 0.0710591227,  , , , 0.273242192, 0.0951483771,  , , , 0.273242192, 0.187037498
 , , , 0.274023442, 0.0669958666,  , , , 0.274023442, 0.0710575581,  , , , 0.274023442, 0.0951282829,  , , , 0.274023442, 0.187020719
 , , , 0.274804692, 0.0669906363,  , , , 0.274804692, 0.0710559785,  , , , 0.274804692, 0.0951078162,  , , , 0.274804692, 0.187003881
 , , , 0.275585942, 0.0669855401,  , , , 0.275585942, 0.0710543841,  , , , 0.275585942, 0.0950869918,  , , , 0.275585942, 0.186986998
 , , , 0.276367192, 0.066980578,  , , , 0.276367192, 0.0710527822,  , , , 0.276367192, 0.0950658172,  , , , 0.276367192, 0.18697007
 , , , 0.277148442, 0.0669757649,  , , , 0.277148442, 0.071051158,  , , , 0.277148442, 0.0950443,  , , , 0.277148442, 0.186953098
 , , , 0.277929692, 0.066971086,  , , , 0.277929692, 0.0710495338,  , , , 0.277929692, 0.0950224623,  , , , 0.277929692, 0.18693608
 , , , 0.278710942, 0.0669665635,  , , , 0.278710942, 0.0710478872,  , , , 0.278710942, 0.0950003192,  , , , 0.278710942, 0.186919019
 , , , 0.279492192, 0.0669621825,  , , , 0.279492192, 0.0710462406,  , , , 0.279492192, 0.0949778706,  , , , 0.279492192, 0.186901897
 , , , 0.280273442, 0.0669579431,  , , , 0.280273442, 0.0710445791,  , , , 0.280273442, 0.0949551389,  , , , 0.280273442, 0.186884746
 , , , 0.281054692, 0.0669538602,  , , , 0.281054692, 0.0710429102,  , , , 0.281054692, 0.0949321315,  , , , 0.281054692, 0.186867535
 , , , 0.281835942, 0.0669499114,  , , , 0.281835942, 0.0710412338,  , , , 0.281835942, 0.0949088559,  , , , 0.281835942, 0.18685028
 , , , 0.282617192, 0.0669461116,  , , , 0.282617192, 0.07103955,  , , , 0.282617192, 0.0948853269,  , , , 0.282617192, 0.186832994
 , , , 0.283398442, 0.0669424459,  , , , 0.283398442, 0.0710378662,  , , , 0.283398442, 0.0948615596,  , , , 0.283398442, 0.186815649
 , , , 0.284179692, 0.0669389218,  , , , 0.284179692, 0.0710361674,  , , , 0.284179692, 0.0948375538,  , , , 0.284179692, 0.186798245
 , , , 0.284960942, 0.0669355243,  , , , 0.284960942, 0.0710344613,  , , , 0.284960942, 0.094813332,  , , , 0.284960942, 0.18678081
 , , , 0.285742192, 0.066932261,  , , , 0.285742192, 0.0710327551,  , , , 0.285742192, 0.0947889015,  , , , 0.285742192, 0.186763331
 , , , 0.286523442, 0.0669291168,  , , , 0.286523442, 0.0710310414,  , , , 0.286523442, 0.0947642699,  , , , 0.286523442, 0.186745793
 , , , 0.287304692, 0.0669260919,  , , , 0.287304692, 0.0710293278,  , , , 0.287304692, 0.0947394446,  , , , 0.287304692, 0.186728224
 , , , 0.288085942, 0.0669231862,  , , , 0.288085942, 0.0710276067,  , , , 0.288085942, 0.094714433,  , , , 0.288085942, 0.186710596
 , , , 0.288867192, 0.0669203848,  , , , 0.288867192, 0.0710258856,  , , , 0.288867192, 0.0946892574,  , , , 0.288867192, 0.186692923
 , , , 0.289648442, 0.0669176951,  , , , 0.289648442, 0.0710241497,  , , , 0.289648442, 0.0946639106,  , , , 0.289648442, 0.186675206
 , , , 0.290429692, 0.0669150949,  , , , 0.290429692, 0.0710224211,  , , , 0.290429692, 0.0946384072,  , , , 0.290429692, 0.186657444
 , , , 0.291210942, 0.0669125915,  , , , 0.291210942, 0.0710206851,  , , , 0.291210942, 0.0946127623,  , , , 0.291210942, 0.186639637
 , , , 0.291992192, 0.06691017,  , , , 0.291992192, 0.0710189492,  , , , 0.291992192, 0.0945869759,  , , , 0.291992192, 0.18662177
 , , , 0.292773442, 0.0669078305,  , , , 0.292773442, 0.0710172057,  , , , 0.292773442, 0.0945610628,  , , , 0.292773442, 0.186603874
 , , , 0.293554692, 0.066905573,  , , , 0.293554692, 0.0710154623,  , , , 0.293554692, 0.094535023,  , , , 0.293554692, 0.186585918
 , , , 0.294335942, 0.0669033751,  , , , 0.294335942, 0.0710137188,  , , , 0.294335942, 0.0945088714,  , , , 0.294335942, 0.186567932
 , , , 0.295117192, 0.0669012442,  , , , 0.295117192, 0.071011968,  , , , 0.295117192, 0.0944826081,  , , , 0.295117192, 0.186549887
 , , , 0.295898442, 0.066899173,  , , , 0.295898442, 0.0710102171,  , , , 0.295898442, 0.094456248,  , , , 0.295898442, 0.186531797
 , , , 0.296679692, 0.0668971539,  , , , 0.296679692, 0.0710084662,  , , , 0.296679692, 0.094429791,  , , , 0.296679692, 0.186513662
 , , , 0.297460942, 0.0668951795,  , , , 0.297460942, 0.0710067078,  , , , 0.297460942, 0.0944032446,  , , , 0.297460942, 0.186495483
 , , , 0.298242192, 0.0668932498,  , , , 0.298242192, 0.0710049495,  , , , 0.298242192, 0.0943766162,  , , , 0.298242192, 0.186477259
 , , , 0.299023442, 0.0668913499,  , , , 0.299023442, 0.0710031912,  , , , 0.299023442, 0.0943499207,  , , , 0.299023442, 0.186458975
 , , , 0.299804692, 0.0668894872,  , , , 0.299804692, 0.0710014328,  , , , 0.299804692, 0.0943231508,  , , , 0.299804692, 0.186440662
 , , , 0.300585942, 0.0668876544,  , , , 0.300585942, 0.070999667,  , , , 0.300585942, 0.0942963138,  , , , 0.300585942, 0.186422288
 , , , 0.301367192, 0.0668858364,  , , , 0.301367192, 0.0709979087,  , , , 0.301367192, 0.0942694247,  , , , 0.301367192, 0.186403885
 , , , 0.302148442, 0.0668840408,  , , , 0.302148442, 0.0709961429,  , , , 0.302148442, 0.0942424834,  , , , 0.302148442, 0.186385423
 , , , 0.302929692, 0.0668822601,  , , , 0.302929692, 0.0709943697,  , , , 0.302929692, 0.0942154974,  , , , 0.302929692, 0.186366916
 , , , 0.303710942, 0.0668804869,  , , , 0.303710942, 0.0709926039,  , , , 0.303710942, 0.0941884667,  , , , 0.303710942, 0.186348364
 , , , 0.304492192, 0.0668787211,  , , , 0.304492192, 0.0709908307,  , , , 0.304492192, 0.0941613987,  , , , 0.304492192, 0.186329767
 , , , 0.305273442, 0.0668769628,  , , , 0.305273442, 0.0709890574,  , , , 0.305273442, 0.0941343009,  , , , 0.305273442, 0.186311126
 , , , 0.306054692, 0.066875197,  , , , 0.306054692, 0.0709872842,  , , , 0.306054692, 0.0941071734,  , , , 0.306054692, 0.18629244
 , , , 0.306835942, 0.0668734312,  , , , 0.306835942, 0.0709855109,  , , , 0.306835942, 0.0940800235,  , , , 0.306835942, 0.186273694
 , , , 0.307617192, 0.066871658,  , , , 0.307617192, 0.0709837303,  , , , 0.307617192, 0.0940528587,  , , , 0.307617192, 0.186254919
 , , , 0.308398442, 0.0668698773,  , , , 0.308398442, 0.0709819496,  , , , 0.308398442, 0.0940256715,  , , , 0.308398442, 0.186236084
 , , , 0.309179692, 0.0668680891,  , , , 0.309179692, 0.0709801689,  , , , 0.309179692, 0.0939984694,  , , , 0.309179692, 0.186217219
 , , , 0.309960942, 0.0668662861,  , , , 0.309960942, 0.0709783882,  , , , 0.309960942, 0.0939712673,  , , , 0.309960942, 0.186198294
 , , , 0.310742192, 0.0668644682,  , , , 0.310742192, 0.0709766001,  , , , 0.310742192, 0.0939440578,  , , , 0.310742192, 0.186179325
 , , , 0.311523442, 0.0668626353,  , , , 0.311523442, 0.0709748119,  , , , 0.311523442, 0.0939168409,  , , , 0.311523442, 0.186160311
 , , , 0.312304692, 0.0668607876,  , , , 0.312304692, 0.0709730238,  , , , 0.312304692, 0.0938896313,  , , , 0.312304692, 0.186141253
 , , , 0.313085942, 0.0668589175,  , , , 0.313085942, 0.0709712282,  , , , 0.313085942, 0.0938624293,  , , , 0.313085942, 0.186122149
 , , , 0.313867192, 0.066857025,  , , , 0.313867192, 0.07096944,  , , , 0.313867192, 0.0938352272,  , , , 0.313867192, 0.186103001
 , , , 0.314648442, 0.0668551177,  , , , 0.314648442, 0.0709676445,  , , , 0.314648442, 0.09380804,  , , , 0.314648442, 0.186083794
 , , , 0.315429692, 0.066853188,  , , , 0.315429692, 0.0709658414,  , , , 0.315429692, 0.0937808603,  , , , 0.315429692, 0.186064556
 , , , 0.316210942, 0.0668512285,  , , , 0.316210942, 0.0709640458,  , , , 0.316210942, 0.0937537029,  , , , 0.316210942, 0.186045259
 , , , 0.316992192, 0.0668492541,  , , , 0.316992192, 0.0709622428,  , , , 0.316992192, 0.0937265605,  , , , 0.316992192, 0.186025932
 , , , 0.317773442, 0.0668472573,  , , , 0.317773442, 0.0709604397,  , , , 0.317773442, 0.0936994329,  , , , 0.317773442, 0.186006546
 , , , 0.318554692, 0.0668452308,  , , , 0.318554692, 0.0709586293,  , , , 0.318554692, 0.0936723277,  , , , 0.318554692, 0.185987115
 , , , 0.319335942, 0.0668431893,  , , , 0.319335942, 0.0709568188,  , , , 0.319335942, 0.0936452523,  , , , 0.319335942, 0.185967654
 , , , 0.320117192, 0.0668411255,  , , , 0.320117192, 0.0709550083,  , , , 0.320117192, 0.0936181918,  , , , 0.320117192, 0.185948133
 , , , 0.320898442, 0.0668390319,  , , , 0.320898442, 0.0709531978,  , , , 0.320898442, 0.0935911685,  , , , 0.320898442, 0.185928568
 , , , 0.321679692, 0.0668369234,  , , , 0.321679692, 0.0709513798,  , , , 0.321679692, 0.0935641676,  , , , 0.321679692, 0.185908943
 , , , 0.322460942, 0.066834785,  , , , 0.322460942, 0.0709495619,  , , , 0.322460942, 0.0935371965,  , , , 0.322460942, 0.185889289
 , , , 0.323242192, 0.0668326318,  , , , 0.323242192, 0.070947744,  , , , 0.323242192, 0.0935102552,  , , , 0.323242192, 0.185869589
 , , , 0.324023442, 0.0668304563,  , , , 0.324023442, 0.0709459186,  , , , 0.324023442, 0.0934833512,  , , , 0.324023442, 0.185849845
 , , , 0.324804692, 0.0668282583,  , , , 0.324804692, 0.0709440932,  , , , 0.324804692, 0.0934564769,  , , , 0.324804692, 0.185830042
 , , , 0.325585942, 0.0668260455,  , , , 0.325585942, 0.0709422603,  , , , 0.325585942, 0.0934296399,  , , , 0.325585942, 0.185810208
 , , , 0.326367192, 0.0668238103,  , , , 0.326367192, 0.0709404349,  , , , 0.326367192, 0.0934028327,  , , , 0.326367192, 0.185790315
 , , , 0.327148442, 0.0668215528,  , , , 0.327148442, 0.0709385946,  , , , 0.327148442, 0.0933760703,  , , , 0.327148442, 0.185770378
 , , , 0.327929692, 0.0668192878,  , , , 0.327929692, 0.0709367618,  , , , 0.327929692, 0.0933493376,  , , , 0.327929692, 0.18575041
 , , , 0.328710942, 0.0668170005,  , , , 0.328710942, 0.0709349215,  , , , 0.328710942, 0.0933226496,  , , , 0.328710942, 0.185730383
 , , , 0.329492192, 0.0668146983,  , , , 0.329492192, 0.0709330812,  , , , 0.329492192, 0.0932959914,  , , , 0.329492192, 0.185710311
 , , , 0.330273442, 0.0668123811,  , , , 0.330273442, 0.0709312335,  , , , 0.330273442, 0.0932693779,  , , , 0.330273442, 0.185690194
 , , , 0.331054692, 0.0668100417,  , , , 0.331054692, 0.0709293857,  , , , 0.331054692, 0.0932428017,  , , , 0.331054692, 0.185670033
 , , , 0.331835942, 0.0668077022,  , , , 0.331835942, 0.070927538,  , , , 0.331835942, 0.0932162702,  , , , 0.331835942, 0.185649827
 , , , 0.332617192, 0.0668053403,  , , , 0.332617192, 0.0709256828,  , , , 0.332617192, 0.0931897759,  , , , 0.332617192, 0.185629576
 , , , 0.333398442, 0.0668029711,  , , , 0.333398442, 0.0709238276,  , , , 0.333398442, 0.0931633189,  , , , 0.333398442, 0.185609266
 , , , 0.334179692, 0.0668005869,  , , , 0.334179692, 0.0709219649,  , , , 0.334179692, 0.0931369066,  , , , 0.334179692, 0.185588926
 , , , 0.334960942, 0.0667981952,  , , , 0.334960942, 0.0709201023,  , , , 0.334960942, 0.093110539,  , , , 0.334960942, 0.185568541
 , , , 0.335742193, 0.0667957962,  , , , 0.335742193, 0.0709182397,  , , , 0.335742193, 0.0930842087,  , , , 0.335742193, 0.185548097
 , , , 0.336523443, 0.0667933896,  , , , 0.336523443, 0.0709163696,  , , , 0.336523443, 0.0930579156,  , , , 0.336523443, 0.185527623
 , , , 0.337304693, 0.0667909682,  , , , 0.337304693, 0.0709144995,  , , , 0.337304693, 0.0930316672,  , , , 0.337304693, 0.185507089
 , , , 0.338085943, 0.0667885467,  , , , 0.338085943, 0.0709126294,  , , , 0.338085943, 0.093005456,  , , , 0.338085943, 0.18548651
 , , , 0.338867193, 0.0667861104,  , , , 0.338867193, 0.0709107518,  , , , 0.338867193, 0.0929792896,  , , , 0.338867193, 0.185465887
 , , , 0.339648443, 0.0667836741,  , , , 0.339648443, 0.0709088668,  , , , 0.339648443, 0.0929531679,  , , , 0.339648443, 0.185445234
 , , , 0.340429693, 0.0667812303,  , , , 0.340429693, 0.0709069893,  , , , 0.340429693, 0.0929270759,  , , , 0.340429693, 0.185424522
 , , , 0.341210943, 0.0667787865,  , , , 0.341210943, 0.0709051043,  , , , 0.341210943, 0.0929010361,  , , , 0.341210943, 0.185403764
 , , , 0.341992193, 0.0667763352,  , , , 0.341992193, 0.0709032118,  , , , 0.341992193, 0.0928750262,  , , , 0.341992193, 0.185382962
 , , , 0.342773443, 0.0667738765,  , , , 0.342773443, 0.0709013194,  , , , 0.342773443, 0.0928490609,  , , , 0.342773443, 0.185362116
 , , , 0.343554693, 0.0667714179,  , , , 0.343554693, 0.0708994269,  , , , 0.343554693, 0.0928231403,  , , , 0.343554693, 0.185341224
 , , , 0.344335943, 0.0667689517,  , , , 0.344335943, 0.070897527,  , , , 0.344335943, 0.0927972496,  , , , 0.344335943, 0.185320273
 , , , 0.345117193, 0.066766493,  , , , 0.345117193, 0.0708956271,  , , , 0.345117193, 0.0927714035,  , , , 0.345117193, 0.185299292
 , , , 0.345898443, 0.0667640269,  , , , 0.345898443, 0.0708937198,  , , , 0.345898443, 0.0927455947,  , , , 0.345898443, 0.185278267
 , , , 0.346679693, 0.0667615533,  , , , 0.346679693, 0.0708918124,  , , , 0.346679693, 0.0927198231,  , , , 0.346679693, 0.185257196
 , , , 0.347460943, 0.0667590871,  , , , 0.347460943, 0.0708899051,  , , , 0.347460943, 0.0926940888,  , , , 0.347460943, 0.185236067
 , , , 0.348242193, 0.0667566136,  , , , 0.348242193, 0.0708879903,  , , , 0.348242193, 0.0926683918,  , , , 0.348242193, 0.185214907
 , , , 0.349023443, 0.0667541474,  , , , 0.349023443, 0.0708860755,  , , , 0.349023443, 0.092642732,  , , , 0.349023443, 0.185193688
 , , , 0.349804693, 0.0667516738,  , , , 0.349804693, 0.0708841532,  , , , 0.349804693, 0.092617102,  , , , 0.349804693, 0.185172439
 , , , 0.350585943, 0.0667492002,  , , , 0.350585943, 0.070882231,  , , , 0.350585943, 0.0925915167,  , , , 0.350585943, 0.18515113
 , , , 0.351367193, 0.0667467266,  , , , 0.351367193, 0.0708803013,  , , , 0.351367193, 0.0925659612,  , , , 0.351367193, 0.185129777
 , , , 0.352148443, 0.0667442605,  , , , 0.352148443, 0.070878379,  , , , 0.352148443, 0.0925404429,  , , , 0.352148443, 0.185108393
 , , , 0.352929693, 0.0667417869,  , , , 0.352929693, 0.0708764419,  , , , 0.352929693, 0.0925149545,  , , , 0.352929693, 0.185086951
 , , , 0.353710943, 0.0667393133,  , , , 0.353710943, 0.0708745122,  , , , 0.353710943, 0.0924895033,  , , , 0.353710943, 0.185065463
 , , , 0.354492193, 0.0667368397,  , , , 0.354492193, 0.0708725676,  , , , 0.354492193, 0.0924640819,  , , , 0.354492193, 0.185043931
 , , , 0.355273443, 0.0667343736,  , , , 0.355273443, 0.0708706304,  , , , 0.355273443, 0.0924386904,  , , , 0.355273443, 0.185022354
 , , , 0.356054693, 0.0667319,  , , , 0.356054693, 0.0708686858,  , , , 0.356054693, 0.0924133286,  , , , 0.356054693, 0.185000733
 , , , 0.356835943, 0.0667294338,  , , , 0.356835943, 0.0708667338,  , , , 0.356835943, 0.0923880041,  , , , 0.356835943, 0.184979066
 , , , 0.357617193, 0.0667269602,  , , , 0.357617193, 0.0708647817,  , , , 0.357617193, 0.0923627019,  , , , 0.357617193, 0.184957355
 , , , 0.358398443, 0.0667244941,  , , , 0.358398443, 0.0708628297,  , , , 0.358398443, 0.092337437,  , , , 0.358398443, 0.1849356
 , , , 0.359179693, 0.066722028,  , , , 0.359179693, 0.0708608776,  , , , 0.359179693, 0.0923121944,  , , , 0.359179693, 0.184913799
 , , , 0.359960943, 0.0667195618,  , , , 0.359960943, 0.0708589107,  , , , 0.359960943, 0.0922869816,  , , , 0.359960943, 0.184891954
 , , , 0.360742193, 0.0667170957,  , , , 0.360742193, 0.0708569512,  , , , 0.360742193, 0.0922617912,  , , , 0.360742193, 0.184870064
 , , , 0.361523443, 0.0667146295,  , , , 0.361523443, 0.0708549842,  , , , 0.361523443, 0.0922366381,  , , , 0.361523443, 0.184848115
 , , , 0.362304693, 0.0667121634,  , , , 0.362304693, 0.0708530173,  , , , 0.362304693, 0.0922114998,  , , , 0.362304693, 0.184826136
 , , , 0.363085943, 0.0667096972,  , , , 0.363085943, 0.0708510429,  , , , 0.363085943, 0.0921863914,  , , , 0.363085943, 0.184804112
 , , , 0.363867193, 0.0667072311,  , , , 0.363867193, 0.0708490685,  , , , 0.363867193, 0.0921613127,  , , , 0.363867193, 0.184782028
 , , , 0.364648443, 0.066704765,  , , , 0.364648443, 0.0708470866,  , , , 0.364648443, 0.0921362489,  , , , 0.364648443, 0.184759915
 , , , 0.365429693, 0.0667022988,  , , , 0.365429693, 0.0708451048,  , , , 0.365429693, 0.092111215,  , , , 0.365429693, 0.184737757
 , , , 0.366210943, 0.0666998401,  , , , 0.366210943, 0.0708431229,  , , , 0.366210943, 0.0920861959,  , , , 0.366210943, 0.184715539
 , , , 0.366992193, 0.066697374,  , , , 0.366992193, 0.0708411336,  , , , 0.366992193, 0.0920612067,  , , , 0.366992193, 0.184693292
 , , , 0.367773443, 0.0666949078,  , , , 0.367773443, 0.0708391368,  , , , 0.367773443, 0.0920362324,  , , , 0.367773443, 0.184670985
 , , , 0.368554693, 0.0666924417,  , , , 0.368554693, 0.0708371475,  , , , 0.368554693, 0.0920112878,  , , , 0.368554693, 0.184648633
 , , , 0.369335943, 0.0666899756,  , , , 0.369335943, 0.0708351508,  , , , 0.369335943, 0.0919863507,  , , , 0.369335943, 0.184626251
 , , , 0.370117193, 0.0666875169,  , , , 0.370117193, 0.0708331466,  , , , 0.370117193, 0.0919614434,  , , , 0.370117193, 0.18460381
 , , , 0.370898443, 0.0666850507,  , , , 0.370898443, 0.0708311424,  , , , 0.370898443, 0.091936551,  , , , 0.370898443, 0.184581339
 , , , 0.371679693, 0.0666825846,  , , , 0.371679693, 0.0708291382,  , , , 0.371679693, 0.0919116735,  , , , 0.371679693, 0.184558809
 , , , 0.372460943, 0.0666801184,  , , , 0.372460943, 0.0708271265,  , , , 0.372460943, 0.0918868184,  , , , 0.372460943, 0.184536234
 , , , 0.373242193, 0.0666776448,  , , , 0.373242193, 0.0708251148,  , , , 0.373242193, 0.0918619782,  , , , 0.373242193, 0.184513628
 , , , 0.374023443, 0.0666751787,  , , , 0.374023443, 0.0708230957,  , , , 0.374023443, 0.0918371528,  , , , 0.374023443, 0.184490964
 , , , 0.374804693, 0.0666727126,  , , , 0.374804693, 0.0708210766,  , , , 0.374804693, 0.0918123424,  , , , 0.374804693, 0.184468254
 , , , 0.375585943, 0.066670239,  , , , 0.375585943, 0.0708190575,  , , , 0.375585943, 0.0917875469,  , , , 0.375585943, 0.1844455
 , , , 0.376367193, 0.0666677728,  , , , 0.376367193, 0.070817031,  , , , 0.376367193, 0.0917627662,  , , , 0.376367193, 0.184422702
 , , , 0.377148443, 0.0666652992,  , , , 0.377148443, 0.070814997,  , , , 0.377148443, 0.0917380005,  , , , 0.377148443, 0.184399873
 , , , 0.377929693, 0.0666628256,  , , , 0.377929693, 0.0708129704,  , , , 0.377929693, 0.0917132497,  , , , 0.377929693, 0.184376985
 , , , 0.378710943, 0.0666603521,  , , , 0.378710943, 0.0708109289,  , , , 0.378710943, 0.0916885063,  , , , 0.378710943, 0.184354052
 , , , 0.379492193, 0.066657871,  , , , 0.379492193, 0.0708088949,  , , , 0.379492193, 0.0916637778,  , , , 0.379492193, 0.184331074
 , , , 0.380273443, 0.0666553974,  , , , 0.380273443, 0.0708068535,  , , , 0.380273443, 0.0916390643,  , , , 0.380273443, 0.184308052
 , , , 0.381054693, 0.0666529164,  , , , 0.381054693, 0.070804812,  , , , 0.381054693, 0.0916143581,  , , , 0.381054693, 0.184284985
 , , , 0.381835943, 0.0666504353,  , , , 0.381835943, 0.0708027631,  , , , 0.381835943, 0.0915896595,  , , , 0.381835943, 0.184261873
 , , , 0.382617193, 0.0666479543,  , , , 0.382617193, 0.0708007142,  , , , 0.382617193, 0.0915649757,  , , , 0.382617193, 0.184238717
 , , , 0.383398443, 0.0666454732,  , , , 0.383398443, 0.0707986578,  , , , 0.383398443, 0.0915402994,  , , , 0.383398443, 0.184215516
 , , , 0.384179693, 0.0666429847,  , , , 0.384179693, 0.0707966015,  , , , 0.384179693, 0.0915156305,  , , , 0.384179693, 0.18419227
 , , , 0.384960943, 0.0666405037,  , , , 0.384960943, 0.0707945377,  , , , 0.384960943, 0.0914909765,  , , , 0.384960943, 0.18416898
 , , , 0.385742193, 0.0666380152,  , , , 0.385742193, 0.0707924813,  , , , 0.385742193, 0.0914663225,  , , , 0.385742193, 0.184145644
 , , , 0.386523443, 0.0666355267,  , , , 0.386523443, 0.07079041,  , , , 0.386523443, 0.0914416835,  , , , 0.386523443, 0.184122264
 , , , 0.387304693, 0.0666330308,  , , , 0.387304693, 0.0707883462,  , , , 0.387304693, 0.0914170444,  , , , 0.387304693, 0.18409884
 , , , 0.388085943, 0.0666305423,  , , , 0.388085943, 0.0707862675,  , , , 0.388085943, 0.0913924202,  , , , 0.388085943, 0.18407537
 , , , 0.388867193, 0.0666280463,  , , , 0.388867193, 0.0707841963,  , , , 0.388867193, 0.0913677961,  , , , 0.388867193, 0.184051856
 , , , 0.389648443, 0.0666255504,  , , , 0.389648443, 0.0707821175,  , , , 0.389648443, 0.0913431793,  , , , 0.389648443, 0.184028298
 , , , 0.390429693, 0.066623047,  , , , 0.390429693, 0.0707800388,  , , , 0.390429693, 0.0913185701,  , , , 0.390429693, 0.184004694
 , , , 0.391210943, 0.066620551,  , , , 0.391210943, 0.0707779527,  , , , 0.391210943, 0.0912939608,  , , , 0.391210943, 0.183981046
 , , , 0.391992193, 0.0666180477,  , , , 0.391992193, 0.0707758665,  , , , 0.391992193, 0.091269359,  , , , 0.391992193, 0.183957353
 , , , 0.392773443, 0.0666155443,  , , , 0.392773443, 0.0707737729,  , , , 0.392773443, 0.0912447646,  , , , 0.392773443, 0.183933616
 , , , 0.393554693, 0.0666130334,  , , , 0.393554693, 0.0707716793,  , , , 0.393554693, 0.0912201703,  , , , 0.393554693, 0.183909833
 , , , 0.394335943, 0.06661053,  , , , 0.394335943, 0.0707695857,  , , , 0.394335943, 0.0911955833,  , , , 0.394335943, 0.183886006
 , , , 0.395117193, 0.0666080192,  , , , 0.395117193, 0.0707674846,  , , , 0.395117193, 0.0911709964,  , , , 0.395117193, 0.183862135
 , , , 0.395898443, 0.0666055083,  , , , 0.395898443, 0.0707653761,  , , , 0.395898443, 0.0911464095,  , , , 0.395898443, 0.183838218
 , , , 0.396679693, 0.06660299,  , , , 0.396679693, 0.070763275,  , , , 0.396679693, 0.09112183,  , , , 0.396679693, 0.183814257
 , , , 0.397460943, 0.0666004792,  , , , 0.397460943, 0.0707611665,  , , , 0.397460943, 0.0910972506,  , , , 0.397460943, 0.183790252
 , , , 0.398242193, 0.0665979609,  , , , 0.398242193, 0.0707590505,  , , , 0.398242193, 0.0910726786,  , , , 0.398242193, 0.183766201
 , , , 0.399023443, 0.0665954426,  , , , 0.399023443, 0.0707569346,  , , , 0.399023443, 0.0910480991,  , , , 0.399023443, 0.183742106
 , , , 0.399804693, 0.0665929168,  , , , 0.399804693, 0.0707548186,  , , , 0.399804693, 0.0910235271,  , , , 0.399804693, 0.183717966
 , , , 0.400585943, 0.0665903911,  , , , 0.400585943, 0.0707526952,  , , , 0.400585943, 0.0909989551,  , , , 0.400585943, 0.183693781
 , , , 0.401367193, 0.0665878728,  , , , 0.401367193, 0.0707505718,  , , , 0.401367193, 0.0909743831,  , , , 0.401367193, 0.183669552
 , , , 0.402148443, 0.0665853396,  , , , 0.402148443, 0.0707484484,  , , , 0.402148443, 0.090949811,  , , , 0.402148443, 0.183645278
 , , , 0.402929694, 0.0665828139,  , , , 0.402929694, 0.0707463175,  , , , 0.402929694, 0.090925239,  , , , 0.402929694, 0.18362096
 , , , 0.403710944, 0.0665802807,  , , , 0.403710944, 0.0707441792,  , , , 0.403710944, 0.090900667,  , , , 0.403710944, 0.183596596
 , , , 0.404492194, 0.0665777475,  , , , 0.404492194, 0.0707420409,  , , , 0.404492194, 0.090876095,  , , , 0.404492194, 0.183572188
 , , , 0.405273444, 0.0665752143,  , , , 0.405273444, 0.0707399026,  , , , 0.405273444, 0.090851523,  , , , 0.405273444, 0.18354775
 , , , 0.406054694, 0.0665726811,  , , , 0.406054694, 0.0707377642,  , , , 0.406054694, 0.0908269435,  , , , 0.406054694, 0.183523253
 , , , 0.406835944, 0.0665701404,  , , , 0.406835944, 0.0707356185,  , , , 0.406835944, 0.0908023715,  , , , 0.406835944, 0.18349871
 , , , 0.407617194, 0.0665675998,  , , , 0.407617194, 0.0707334653,  , , , 0.407617194, 0.0907777995,  , , , 0.407617194, 0.183474123
 , , , 0.408398444, 0.0665650591,  , , , 0.408398444, 0.070731312,  , , , 0.408398444, 0.09075322,  , , , 0.408398444, 0.183449492
 , , , 0.409179694, 0.0665625185,  , , , 0.409179694, 0.0707291588,  , , , 0.409179694, 0.0907286406,  , , , 0.409179694, 0.183424816
 , , , 0.409960944, 0.0665599704,  , , , 0.409960944, 0.0707269982,  , , , 0.409960944, 0.0907040611,  , , , 0.409960944, 0.183400109
 , , , 0.410742194, 0.0665574223,  , , , 0.410742194, 0.0707248375,  , , , 0.410742194, 0.0906794742,  , , , 0.410742194, 0.183375344
 , , , 0.411523444, 0.0665548742,  , , , 0.411523444, 0.0707226768,  , , , 0.411523444, 0.0906548873,  , , , 0.411523444, 0.183350533
 , , , 0.412304694, 0.0665523261,  , , , 0.412304694, 0.0707205087,  , , , 0.412304694, 0.0906303003,  , , , 0.412304694, 0.183325693
 , , , 0.413085944, 0.0665497705,  , , , 0.413085944, 0.0707183406,  , , , 0.413085944, 0.0906057134,  , , , 0.413085944, 0.183300793
 , , , 0.413867194, 0.066547215,  , , , 0.413867194, 0.070716165,  , , , 0.413867194, 0.0905811191,  , , , 0.413867194, 0.183275849
 , , , 0.414648444, 0.0665446594,  , , , 0.414648444, 0.0707139894,  , , , 0.414648444, 0.0905565247,  , , , 0.414648444, 0.183250874
 , , , 0.415429694, 0.0665421039,  , , , 0.415429694, 0.0707118064,  , , , 0.415429694, 0.0905319229,  , , , 0.415429694, 0.18322584
 , , , 0.416210944, 0.0665395409,  , , , 0.416210944, 0.0707096234,  , , , 0.416210944, 0.0905073211,  , , , 0.416210944, 0.183200762
 , , , 0.416992194, 0.0665369779,  , , , 0.416992194, 0.0707074404,  , , , 0.416992194, 0.0904827192,  , , , 0.416992194, 0.183175653
 , , , 0.417773444, 0.0665344149,  , , , 0.417773444, 0.0707052499,  , , , 0.417773444, 0.09045811,  , , , 0.417773444, 0.183150485
 , , , 0.418554694, 0.0665318519,  , , , 0.418554694, 0.0707030594,  , , , 0.418554694, 0.0904334933,  , , , 0.418554694, 0.183125287
 , , , 0.419335944, 0.0665292889,  , , , 0.419335944, 0.070700869,  , , , 0.419335944, 0.0904088765,  , , , 0.419335944, 0.183100045
 , , , 0.420117194, 0.0665267184,  , , , 0.420117194, 0.070698671,  , , , 0.420117194, 0.0903842598,  , , , 0.420117194, 0.183074743
 , , , 0.420898444, 0.066524148,  , , , 0.420898444, 0.0706964657,  , , , 0.420898444, 0.0903596357,  , , , 0.420898444, 0.183049411
 , , , 0.421679694, 0.0665215775,  , , , 0.421679694, 0.0706942603,  , , , 0.421679694, 0.090335004,  , , , 0.421679694, 0.183024034
 , , , 0.422460944, 0.0665189996,  , , , 0.422460944, 0.0706920549,  , , , 0.422460944, 0.0903103724,  , , , 0.422460944, 0.182998598
 , , , 0.423242194, 0.0665164292,  , , , 0.423242194, 0.0706898496,  , , , 0.423242194, 0.0902857408,  , , , 0.423242194, 0.182973132
 , , , 0.424023444, 0.0665138513,  , , , 0.424023444, 0.0706876367,  , , , 0.424023444, 0.0902610943,  , , , 0.424023444, 0.182947621
 , , , 0.424804694, 0.0665112734,  , , , 0.424804694, 0.0706854165,  , , , 0.424804694, 0.0902364552,  , , , 0.424804694, 0.182922065
 , , , 0.425585944, 0.0665086955,  , , , 0.425585944, 0.0706831962,  , , , 0.425585944, 0.0902118012,  , , , 0.425585944, 0.182896465
 , , , 0.426367194, 0.0665061101,  , , , 0.426367194, 0.0706809759,  , , , 0.426367194, 0.0901871473,  , , , 0.426367194, 0.18287082
 , , , 0.427148444, 0.0665035248,  , , , 0.427148444, 0.0706787482,  , , , 0.427148444, 0.0901624858,  , , , 0.427148444, 0.182845131
 , , , 0.427929694, 0.0665009394,  , , , 0.427929694, 0.0706765205,  , , , 0.427929694, 0.0901378244,  , , , 0.427929694, 0.182819396
 , , , 0.428710944, 0.0664983541,  , , , 0.428710944, 0.0706742927,  , , , 0.428710944, 0.0901131555,  , , , 0.428710944, 0.182793617
 , , , 0.429492194, 0.0664957687,  , , , 0.429492194, 0.0706720576,  , , , 0.429492194, 0.0900884792,  , , , 0.429492194, 0.182767794
 , , , 0.430273444, 0.0664931759,  , , , 0.430273444, 0.0706698224,  , , , 0.430273444, 0.0900638029,  , , , 0.430273444, 0.182741925
 , , , 0.431054694, 0.0664905831,  , , , 0.431054694, 0.0706675798,  , , , 0.431054694, 0.0900391191,  , , , 0.431054694, 0.182716012
 , , , 0.431835944, 0.0664879903,  , , , 0.431835944, 0.0706653371,  , , , 0.431835944, 0.0900144354,  , , , 0.431835944, 0.182690069
 , , , 0.432617194, 0.0664853975,  , , , 0.432617194, 0.0706630945,  , , , 0.432617194, 0.0899897367,  , , , 0.432617194, 0.182664067
 , , , 0.433398444, 0.0664827973,  , , , 0.433398444, 0.0706608444,  , , , 0.433398444, 0.089965038,  , , , 0.433398444, 0.182638019
 , , , 0.434179694, 0.066480197,  , , , 0.434179694, 0.0706585869,  , , , 0.434179694, 0.0899403319,  , , , 0.434179694, 0.182611942
 , , , 0.434960944, 0.0664775968,  , , , 0.434960944, 0.0706563368,  , , , 0.434960944, 0.0899156258,  , , , 0.434960944, 0.182585806
 , , , 0.435742194, 0.0664749965,  , , , 0.435742194, 0.0706540793,  , , , 0.435742194, 0.0898909122,  , , , 0.435742194, 0.182559639
 , , , 0.436523444, 0.0664723963,  , , , 0.436523444, 0.0706518143,  , , , 0.436523444, 0.0898661911,  , , , 0.436523444, 0.182533428
 , , , 0.437304694, 0.0664697886,  , , , 0.437304694, 0.0706495494,  , , , 0.437304694, 0.0898414627,  , , , 0.437304694, 0.182507157
 , , , 0.438085944, 0.0664671808,  , , , 0.438085944, 0.0706472844,  , , , 0.438085944, 0.0898167342,  , , , 0.438085944, 0.182480857
 , , , 0.438867194, 0.0664645731,  , , , 0.438867194, 0.070645012,  , , , 0.438867194, 0.0897919983,  , , , 0.438867194, 0.182454512
 , , , 0.439648444, 0.0664619654,  , , , 0.439648444, 0.0706427395,  , , , 0.439648444, 0.0897672549,  , , , 0.439648444, 0.182428122
 , , , 0.440429694, 0.0664593503,  , , , 0.440429694, 0.0706404597,  , , , 0.440429694, 0.0897425115,  , , , 0.440429694, 0.182401687
 , , , 0.441210944, 0.0664567351,  , , , 0.441210944, 0.0706381798,  , , , 0.441210944, 0.0897177532,  , , , 0.441210944, 0.182375208
 , , , 0.441992194, 0.06645412,  , , , 0.441992194, 0.0706358999,  , , , 0.441992194, 0.089692995,  , , , 0.441992194, 0.182348683
 , , , 0.442773444, 0.0664515048,  , , , 0.442773444, 0.0706336126,  , , , 0.442773444, 0.0896682367,  , , , 0.442773444, 0.182322115
 , , , 0.443554694, 0.0664488897,  , , , 0.443554694, 0.0706313252,  , , , 0.443554694, 0.0896434635,  , , , 0.443554694, 0.182295501
 , , , 0.444335944, 0.0664462671,  , , , 0.444335944, 0.0706290379,  , , , 0.444335944, 0.0896186903,  , , , 0.444335944, 0.182268858
 , , , 0.445117194, 0.0664436445,  , , , 0.445117194, 0.0706267431,  , , , 0.445117194, 0.0895939097,  , , , 0.445117194, 0.182242155
 , , , 0.445898444, 0.0664410219,  , , , 0.445898444, 0.0706244409,  , , , 0.445898444, 0.0895691216,  , , , 0.445898444, 0.182215407
 , , , 0.446679694, 0.0664383993,  , , , 0.446679694, 0.0706221461,  , , , 0.446679694, 0.0895443261,  , , , 0.446679694, 0.18218863
 , , , 0.447460944, 0.0664357692,  , , , 0.447460944, 0.0706198364,  , , , 0.447460944, 0.0895195305,  , , , 0.447460944, 0.182161808
 , , , 0.448242194, 0.0664331391,  , , , 0.448242194, 0.0706175342,  , , , 0.448242194, 0.0894947276,  , , , 0.448242194, 0.182134926
 , , , 0.449023444, 0.0664305091,  , , , 0.449023444, 0.0706152245,  , , , 0.449023444, 0.0894699171,  , , , 0.449023444, 0.182108015
 , , , 0.449804694, 0.066427879,  , , , 0.449804694, 0.0706129149,  , , , 0.449804694, 0.0894450992,  , , , 0.449804694, 0.182081059
 , , , 0.450585944, 0.066425249,  , , , 0.450585944, 0.0706105977,  , , , 0.450585944, 0.0894202814,  , , , 0.450585944, 0.182054058
 , , , 0.451367194, 0.0664226115,  , , , 0.451367194, 0.0706082806,  , , , 0.451367194, 0.0893954486,  , , , 0.451367194, 0.182027012
 , , , 0.452148444, 0.066419974,  , , , 0.452148444, 0.070605956,  , , , 0.452148444, 0.0893706158,  , , , 0.452148444, 0.181999922
 , , , 0.452929694, 0.0664173365,  , , , 0.452929694, 0.0706036314,  , , , 0.452929694, 0.089345783,  , , , 0.452929694, 0.181972787
 , , , 0.453710944, 0.066414699,  , , , 0.453710944, 0.0706013069,  , , , 0.453710944, 0.0893209353,  , , , 0.453710944, 0.181945607
 , , , 0.454492194, 0.066412054,  , , , 0.454492194, 0.0705989748,  , , , 0.454492194, 0.0892960876,  , , , 0.454492194, 0.181918383
 , , , 0.455273444, 0.066409409,  , , , 0.455273444, 0.0705966428,  , , , 0.455273444, 0.0892712325,  , , , 0.455273444, 0.181891128
 , , , 0.456054694, 0.0664067641,  , , , 0.456054694, 0.0705943033,  , , , 0.456054694, 0.0892463699,  , , , 0.456054694, 0.181863815
 , , , 0.456835944, 0.0664041191,  , , , 0.456835944, 0.0705919638,  , , , 0.456835944, 0.0892214999,  , , , 0.456835944, 0.181836471
 , , , 0.457617194, 0.0664014742,  , , , 0.457617194, 0.0705896243,  , , , 0.457617194, 0.0891966298,  , , , 0.457617194, 0.181809083
 , , , 0.458398444, 0.0663988218,  , , , 0.458398444, 0.0705872774,  , , , 0.458398444, 0.0891717523,  , , , 0.458398444, 0.181781635
 , , , 0.459179694, 0.0663961694,  , , , 0.459179694, 0.0705849305,  , , , 0.459179694, 0.0891468599,  , , , 0.459179694, 0.181754157
 , , , 0.459960944, 0.066393517,  , , , 0.459960944, 0.0705825761,  , , , 0.459960944, 0.089121975,  , , , 0.459960944, 0.181726635
 , , , 0.460742194, 0.0663908646,  , , , 0.460742194, 0.0705802217,  , , , 0.460742194, 0.0890970752,  , , , 0.460742194, 0.181699067
 , , , 0.461523444, 0.0663882047,  , , , 0.461523444, 0.0705778673,  , , , 0.461523444, 0.0890721753,  , , , 0.461523444, 0.181671456
 , , , 0.462304694, 0.0663855523,  , , , 0.462304694, 0.0705755055,  , , , 0.462304694, 0.089047268,  , , , 0.462304694, 0.181643814
 , , , 0.463085944, 0.0663828924,  , , , 0.463085944, 0.0705731437,  , , , 0.463085944, 0.0890223533,  , , , 0.463085944, 0.181616113
 , , , 0.463867194, 0.0663802251,  , , , 0.463867194, 0.0705707744,  , , , 0.463867194, 0.0889974311,  , , , 0.463867194, 0.181588367
 , , , 0.464648444, 0.0663775653,  , , , 0.464648444, 0.0705684051,  , , , 0.464648444, 0.0889725089,  , , , 0.464648444, 0.181560591
 , , , 0.465429694, 0.066374898,  , , , 0.465429694, 0.0705660358,  , , , 0.465429694, 0.0889475718,  , , , 0.465429694, 0.18153277
 , , , 0.466210944, 0.0663722306,  , , , 0.466210944, 0.0705636591,  , , , 0.466210944, 0.0889226347,  , , , 0.466210944, 0.18150489
 , , , 0.466992194, 0.0663695633,  , , , 0.466992194, 0.0705612823,  , , , 0.466992194, 0.0888976976,  , , , 0.466992194, 0.18147698
 , , , 0.467773444, 0.066366896,  , , , 0.467773444, 0.0705588982,  , , , 0.467773444, 0.0888727456,  , , , 0.467773444, 0.181449026
 , , , 0.468554694, 0.0663642213,  , , , 0.468554694, 0.070556514,  , , , 0.468554694, 0.0888477936,  , , , 0.468554694, 0.181421027
 , , , 0.469335944, 0.066361554,  , , , 0.469335944, 0.0705541298,  , , , 0.469335944, 0.0888228342,  , , , 0.469335944, 0.181392983
 , , , 0.470117195, 0.0663588792,  , , , 0.470117195, 0.0705517381,  , , , 0.470117195, 0.0887978673,  , , , 0.470117195, 0.181364909
 , , , 0.470898445, 0.066356197,  , , , 0.470898445, 0.0705493465,  , , , 0.470898445, 0.088772893,  , , , 0.470898445, 0.181336775
 , , , 0.471679695, 0.0663535222,  , , , 0.471679695, 0.0705469474,  , , , 0.471679695, 0.0887479186,  , , , 0.471679695, 0.181308612
 , , , 0.472460945, 0.06635084,  , , , 0.472460945, 0.0705445558,  , , , 0.472460945, 0.0887229294,  , , , 0.472460945, 0.181280389
 , , , 0.473242195, 0.0663481653,  , , , 0.473242195, 0.0705421492,  , , , 0.473242195, 0.0886979401,  , , , 0.473242195, 0.181252137
 , , , 0.474023445, 0.0663454756,  , , , 0.474023445, 0.0705397427,  , , , 0.474023445, 0.0886729509,  , , , 0.474023445, 0.18122384
 , , , 0.474804695, 0.0663427934,  , , , 0.474804695, 0.0705373362,  , , , 0.474804695, 0.0886479467,  , , , 0.474804695, 0.181195498
 , , , 0.475585945, 0.0663401112,  , , , 0.475585945, 0.0705349296,  , , , 0.475585945, 0.0886229426,  , , , 0.475585945, 0.181167111
 , , , 0.476367195, 0.0663374215,  , , , 0.476367195, 0.0705325156,  , , , 0.476367195, 0.088597931,  , , , 0.476367195, 0.181138679
 , , , 0.477148445, 0.0663347319,  , , , 0.477148445, 0.0705300942,  , , , 0.477148445, 0.0885729119,  , , , 0.477148445, 0.181110203
 , , , 0.477929695, 0.0663320422,  , , , 0.477929695, 0.0705276802,  , , , 0.477929695, 0.0885478854,  , , , 0.477929695, 0.181081697
 , , , 0.478710945, 0.0663293451,  , , , 0.478710945, 0.0705252588,  , , , 0.478710945, 0.0885228589,  , , , 0.478710945, 0.181053132
 , , , 0.479492195, 0.0663266554,  , , , 0.479492195, 0.0705228299,  , , , 0.479492195, 0.088497825,  , , , 0.479492195, 0.181024536
 , , , 0.480273445, 0.0663239583,  , , , 0.480273445, 0.070520401,  , , , 0.480273445, 0.0884727836,  , , , 0.480273445, 0.180995896
 , , , 0.481054695, 0.0663212612,  , , , 0.481054695, 0.0705179721,  , , , 0.481054695, 0.0884477347,  , , , 0.481054695, 0.180967212
 , , , 0.481835945, 0.0663185641,  , , , 0.481835945, 0.0705155358,  , , , 0.481835945, 0.0884226859,  , , , 0.481835945, 0.180938482
 , , , 0.482617195, 0.0663158596,  , , , 0.482617195, 0.0705130994,  , , , 0.482617195, 0.0883976296,  , , , 0.482617195, 0.180909708
 , , , 0.483398445, 0.066313155,  , , , 0.483398445, 0.0705106556,  , , , 0.483398445, 0.0883725658,  , , , 0.483398445, 0.180880889
 , , , 0.484179695, 0.0663104504,  , , , 0.484179695, 0.0705082119,  , , , 0.484179695, 0.0883474946,  , , , 0.484179695, 0.180852041
 , , , 0.484960945, 0.0663077459,  , , , 0.484960945, 0.0705057681,  , , , 0.484960945, 0.0883224234,  , , , 0.484960945, 0.180823132
 , , , 0.485742195, 0.0663050413,  , , , 0.485742195, 0.0705033168,  , , , 0.485742195, 0.0882973447,  , , , 0.485742195, 0.180794194
 , , , 0.486523445, 0.0663023293,  , , , 0.486523445, 0.0705008656,  , , , 0.486523445, 0.0882722586,  , , , 0.486523445, 0.180765212
 , , , 0.487304695, 0.0662996173,  , , , 0.487304695, 0.0704984143,  , , , 0.487304695, 0.0882471651,  , , , 0.487304695, 0.180736184
 , , , 0.488085945, 0.0662969053,  , , , 0.488085945, 0.0704959556,  , , , 0.488085945, 0.0882220641,  , , , 0.488085945, 0.180707112
 , , , 0.488867195, 0.0662941933,  , , , 0.488867195, 0.070493497,  , , , 0.488867195, 0.0881969631,  , , , 0.488867195, 0.180677995
 , , , 0.489648445, 0.0662914813,  , , , 0.489648445, 0.0704910308,  , , , 0.489648445, 0.0881718546,  , , , 0.489648445, 0.180648848
 , , , 0.490429695, 0.0662887618,  , , , 0.490429695, 0.0704885647,  , , , 0.490429695, 0.0881467387,  , , , 0.490429695, 0.180619642
 , , , 0.491210945, 0.0662860423,  , , , 0.491210945, 0.0704860985,  , , , 0.491210945, 0.0881216228,  , , , 0.491210945, 0.180590406
 , , , 0.491992195, 0.0662833229,  , , , 0.491992195, 0.0704836249,  , , , 0.491992195, 0.0880964994,  , , , 0.491992195, 0.180561125
 , , , 0.492773445, 0.0662806034,  , , , 0.492773445, 0.0704811439,  , , , 0.492773445, 0.0880713686,  , , , 0.492773445, 0.1805318
 , , , 0.493554695, 0.0662778765,  , , , 0.493554695, 0.0704786703,  , , , 0.493554695, 0.0880462304,  , , , 0.493554695, 0.18050243
 , , , 0.494335945, 0.0662751496,  , , , 0.494335945, 0.0704761893,  , , , 0.494335945, 0.0880210921,  , , , 0.494335945, 0.180473015
 , , , 0.495117195, 0.0662724227,  , , , 0.495117195, 0.0704737008,  , , , 0.495117195, 0.087995939,  , , , 0.495117195, 0.18044357
 , , , 0.495898445, 0.0662696958,  , , , 0.495898445, 0.0704712197,  , , , 0.495898445, 0.0879707858,  , , , 0.495898445, 0.180414066
 , , , 0.496679695, 0.0662669688,  , , , 0.496679695, 0.0704687238,  , , , 0.496679695, 0.0879456326,  , , , 0.496679695, 0.180384532
 , , , 0.497460945, 0.0662642345,  , , , 0.497460945, 0.0704662353,  , , , 0.497460945, 0.0879204646,  , , , 0.497460945, 0.180354953
 , , , 0.498242195, 0.0662615001,  , , , 0.498242195, 0.0704637393,  , , , 0.498242195, 0.0878952965,  , , , 0.498242195, 0.180325329
 , , , 0.499023445, 0.0662587658,  , , , 0.499023445, 0.0704612359,  , , , 0.499023445, 0.087870121,  , , , 0.499023445, 0.180295661
 , , , 0.499804695, 0.0662560314,  , , , 0.499804695, 0.07045874,  , , , 0.499804695, 0.087844938,  , , , 0.499804695, 0.180265948
