4.381733569999999960e-03
4.383519879999999737e-03
4.397332789999999769e-03
4.409572849999999697e-03
4.469216360000000110e-03
4.456974469999999688e-03
4.468474979999999611e-03
4.508504879999999937e-03
4.499756869999999714e-03
4.553025639999999652e-03
4.548272360000000201e-03
4.557109109999999720e-03
4.570388310000000377e-03
4.597673360000000334e-03
4.570236620000000215e-03
4.607775510000000282e-03
4.579240640000000091e-03
4.608631430000000202e-03
4.600929180000000278e-03
4.585911889999999720e-03
4.627050889999999653e-03
4.602744019999999679e-03
4.609277119999999686e-03
4.600963629999999666e-03
4.608586050000000253e-03
4.624180529999999921e-03
4.609631309999999947e-03
4.614687450000000066e-03
4.606447070000000213e-03
4.593038580000000093e-03
4.602868530000000027e-03
4.623239589999999719e-03
4.627811499999999641e-03
4.625572730000000223e-03
4.630491849999999673e-03
4.636341389999999729e-03
4.656975780000000183e-03
4.633829709999999664e-03
4.639743729999999677e-03
4.652563220000000173e-03
4.673904119999999947e-03
4.657065200000000231e-03
4.670924069999999630e-03
4.681713409999999770e-03
4.676063260000000096e-03
4.692728610000000342e-03
4.705328499999999678e-03
4.724779900000000005e-03
4.676886409999999987e-03
4.682929950000000278e-03
4.705364559999999571e-03
4.705864239999999615e-03
4.703610349999999898e-03
4.694114150000000367e-03
4.704655559999999792e-03
4.707949619999999592e-03
4.721388019999999894e-03
4.731283529999999807e-03
4.711768939999999573e-03
4.731305550000000290e-03
4.719656820000000218e-03
4.756833719999999967e-03
4.733700430000000424e-03
4.725858860000000349e-03
4.712820650000000382e-03
4.762396010000000297e-03
4.752260420000000395e-03
4.751388199999999687e-03
4.744662820000000378e-03
4.763690840000000225e-03
4.765547269999999974e-03
4.799011149999999996e-03
4.793515229999999877e-03
4.798378719999999570e-03
4.803421139999999867e-03
4.774616370000000012e-03
4.799271560000000283e-03
4.812882800000000370e-03
4.795924610000000185e-03
4.819728409999999783e-03
4.799470749999999730e-03
4.825636000000000335e-03
4.814976730000000010e-03
4.828900490000000330e-03
4.842597350000000037e-03
4.815128119999999637e-03
4.832619909999999637e-03
4.815760710000000291e-03
4.835700939999999781e-03
4.836702679999999900e-03
4.832344140000000010e-03
4.850667940000000060e-03
4.845772990000000308e-03
4.828541720000000155e-03
4.857562959999999798e-03
4.880017070000000103e-03
4.865705900000000424e-03
4.873098900000000060e-03
4.859734999999999576e-03
4.876902730000000352e-03
4.875358490000000419e-03
4.875508469999999608e-03
4.873623579999999955e-03
4.884769449999999680e-03
4.897670780000000154e-03
4.875679049999999751e-03
4.909019239999999618e-03
4.881918399999999984e-03
4.894984380000000010e-03
4.891593999999999977e-03
4.900872859999999727e-03
4.927373040000000357e-03
4.932064059999999653e-03
4.939728749999999606e-03
4.924369819999999814e-03
4.925698319999999644e-03
4.916435050000000050e-03
4.952598509999999593e-03
4.945493619999999715e-03
4.959103070000000016e-03
4.955937379999999885e-03
4.941993060000000187e-03
4.955800800000000061e-03
4.961824600000000300e-03
4.983748139999999958e-03
4.962237080000000099e-03
4.971796070000000269e-03
4.975377419999999634e-03
4.986366039999999729e-03
4.987033759999999656e-03
4.958001759999999640e-03
5.001747079999999644e-03
5.020775919999999684e-03
4.983136899999999862e-03
4.999773059999999651e-03
5.023226740000000072e-03
5.012697180000000134e-03
4.995930200000000057e-03
5.006367079999999962e-03
5.025470940000000344e-03
5.032723440000000208e-03
5.029173639999999675e-03
5.037909880000000090e-03
5.037739079999999960e-03
5.034539079999999882e-03
5.036797140000000284e-03
5.070891489999999890e-03
5.037238339999999814e-03
5.053198840000000178e-03
5.071267699999999767e-03
5.059813730000000363e-03
5.056053010000000417e-03
5.081051040000000331e-03
5.100979630000000362e-03
5.070800890000000220e-03
5.090873979999999653e-03
5.100920059999999867e-03
5.124584780000000089e-03
5.107455999999999802e-03
5.094730080000000119e-03
5.096732910000000352e-03
5.112646919999999998e-03
5.104426440000000426e-03
5.136922589999999740e-03
5.134108529999999691e-03
5.100450109999999856e-03
5.143418339999999804e-03
5.136992009999999907e-03
5.139677849999999687e-03
5.128352499999999821e-03
5.130986050000000374e-03
5.154212570000000354e-03
5.149976710000000318e-03
5.145474080000000255e-03
5.165267739999999941e-03
5.172867190000000372e-03
5.173590149999999881e-03
5.162920789999999975e-03
5.158163779999999816e-03
5.184282220000000115e-03
5.190642399999999788e-03
5.178488600000000393e-03
5.151932889999999605e-03
5.171013379999999694e-03
5.156582889999999746e-03
5.223607919999999696e-03
5.194581739999999843e-03
5.215763140000000304e-03
5.231603980000000022e-03
5.239112479999999579e-03
5.192813769999999642e-03
5.226211009999999664e-03
5.222979509999999687e-03
5.217619320000000185e-03
5.219249300000000126e-03
5.227982299999999610e-03
5.258017610000000411e-03
5.248008860000000220e-03
5.237882279999999877e-03
5.285753709999999571e-03
5.256589310000000376e-03
5.258867290000000111e-03
5.255053089999999621e-03
5.262232609999999665e-03
5.276990030000000380e-03
5.276091800000000387e-03
5.252741360000000304e-03
5.310253400000000158e-03
5.307630019999999733e-03
5.293742629999999803e-03
5.291301560000000355e-03
5.324340290000000031e-03
5.314474500000000191e-03
5.318393850000000325e-03
5.286091550000000111e-03
5.340531610000000089e-03
5.341706170000000073e-03
5.349152900000000120e-03
5.311744369999999577e-03
5.333996560000000067e-03
5.332034079999999933e-03
5.337991769999999789e-03
5.328290840000000396e-03
5.382255150000000120e-03
5.324594059999999962e-03
5.367712640000000222e-03
5.342903090000000049e-03
5.339769539999999863e-03
5.389197600000000289e-03
5.368196440000000402e-03
5.336124309999999878e-03
5.385350500000000290e-03
5.366984780000000343e-03
5.375243519999999692e-03
5.385529180000000159e-03
5.390579559999999874e-03
5.383176590000000178e-03
5.417623100000000351e-03
5.416553440000000143e-03
5.409401650000000318e-03
5.409670769999999629e-03
5.426682339999999889e-03
5.409443830000000043e-03
5.431826679999999727e-03
5.442754579999999585e-03
5.416732100000000091e-03
5.447301180000000027e-03
5.430097190000000157e-03
5.456873820000000298e-03
5.454734010000000105e-03
5.482279659999999590e-03
5.455049160000000237e-03
5.450192109999999965e-03
5.449603170000000101e-03
5.440846150000000318e-03
5.451314900000000380e-03
5.489926000000000007e-03
5.474915910000000170e-03
5.477061660000000047e-03
5.462966569999999980e-03
5.511090710000000371e-03
5.505127299999999953e-03
5.502131870000000376e-03
5.473528529999999691e-03
5.489456860000000230e-03
5.527958020000000271e-03
5.505151990000000176e-03
5.528533740000000050e-03
5.546099310000000143e-03
5.539630000000000248e-03
5.491985559999999940e-03
5.542932369999999803e-03
5.532765339999999761e-03
5.543656220000000093e-03
5.520820150000000336e-03
5.514500070000000025e-03
5.566414989999999945e-03
5.571121790000000372e-03
5.591970929999999680e-03
5.574840309999999806e-03
5.579709619999999662e-03
5.546534669999999591e-03
5.572929540000000348e-03
5.557728460000000391e-03
5.584592099999999802e-03
5.608439889999999699e-03
5.618393699999999977e-03
5.599291919999999957e-03
5.617372720000000409e-03
5.607950769999999960e-03
5.629872040000000015e-03
5.616646640000000357e-03
5.645747690000000284e-03
5.627239749999999631e-03
5.623234129999999872e-03
5.622558239999999631e-03
5.622885420000000266e-03
5.677269329999999961e-03
5.630842199999999687e-03
5.623810980000000341e-03
5.659749070000000097e-03
5.689402500000000258e-03
5.648650059999999612e-03
5.671132369999999992e-03
5.673323509999999778e-03
5.678526490000000357e-03
5.685452060000000321e-03
5.692083229999999640e-03
5.704070070000000041e-03
5.719696829999999961e-03
5.689469889999999863e-03
5.695344290000000330e-03
5.723212259999999919e-03
5.719829729999999744e-03
5.728591810000000124e-03
5.707250290000000226e-03
5.729923629999999699e-03
5.740333040000000081e-03
5.755056599999999918e-03
5.730434090000000036e-03
5.762425340000000215e-03
5.733369969999999906e-03
5.741593550000000101e-03
5.754261790000000411e-03
5.754266590000000313e-03
5.727975639999999778e-03
5.728616930000000364e-03
5.790149290000000219e-03
5.772082159999999788e-03
5.835572199999999876e-03
5.808178300000000314e-03
5.818452889999999912e-03
5.806983289999999645e-03
5.792810070000000387e-03
5.810434639999999783e-03
5.766956200000000234e-03
5.813818200000000179e-03
5.822476590000000285e-03
5.807612999999999664e-03
5.841295340000000197e-03
5.797988389999999756e-03
5.777144970000000143e-03
5.871119830000000317e-03
5.845851229999999947e-03
5.845387290000000208e-03
5.801417589999999930e-03
5.849151460000000247e-03
5.819174219999999863e-03
5.858606930000000330e-03
5.881540040000000046e-03
5.884020809999999588e-03
5.880540850000000146e-03
5.883523669999999803e-03
5.888421070000000174e-03
5.914605009999999823e-03
5.875359289999999846e-03
5.879726059999999810e-03
5.904903849999999614e-03
5.866500139999999627e-03
5.889000160000000365e-03
5.881041759999999612e-03
5.911549549999999854e-03
5.948138460000000280e-03
5.896340360000000211e-03
5.905158150000000029e-03
5.936559180000000255e-03
5.939664830000000034e-03
5.959766249999999890e-03
5.961552129999999651e-03
5.964801020000000398e-03
5.931909229999999915e-03
5.964807150000000190e-03
5.947471000000000181e-03
5.966582280000000404e-03
5.990861519999999760e-03
5.951163009999999726e-03
5.999929549999999737e-03
5.986136460000000305e-03
5.967414080000000426e-03
6.002494439999999688e-03
5.975904110000000193e-03
6.026199519999999969e-03
5.999448820000000300e-03
5.998946550000000197e-03
6.048669769999999966e-03
5.995147689999999994e-03
6.061344290000000336e-03
6.058945510000000173e-03
6.066220720000000365e-03
6.048441489999999664e-03
6.044471509999999742e-03
6.074668769999999607e-03
6.032583920000000009e-03
6.029688560000000426e-03
6.072080290000000241e-03
6.044001420000000291e-03
6.074563780000000190e-03
6.122667499999999777e-03
6.065355550000000109e-03
6.143456500000000001e-03
6.078736000000000382e-03
6.084396029999999608e-03
6.106694539999999762e-03
6.125649609999999669e-03
6.100995419999999739e-03
6.119666810000000401e-03
6.092950970000000216e-03
6.092212670000000420e-03
6.098856570000000046e-03
6.137473249999999929e-03
6.095102800000000084e-03
6.131720299999999894e-03
6.127693269999999817e-03
6.164488810000000318e-03
6.123220720000000124e-03
6.149157149999999981e-03
6.142220500000000055e-03
6.200798139999999861e-03
6.129173600000000117e-03
6.139065990000000354e-03
6.219771219999999795e-03
6.151552099999999836e-03
6.177377670000000313e-03
6.187500670000000216e-03
6.174406630000000423e-03
6.148039519999999765e-03
6.216933739999999653e-03
6.200210650000000275e-03
6.244283330000000194e-03
6.214865140000000281e-03
6.255334720000000140e-03
6.253713840000000267e-03
6.203643889999999918e-03
6.204548990000000215e-03
6.192260730000000331e-03
6.273494949999999792e-03
6.224256600000000264e-03
6.248353949999999567e-03
6.242286930000000289e-03
6.268209710000000046e-03
6.304926360000000056e-03
6.258243800000000412e-03
6.286133739999999817e-03
6.344451319999999672e-03
6.244173349999999900e-03
6.279576280000000003e-03
6.290441790000000227e-03
6.274248050000000299e-03
6.288972940000000025e-03
6.321092179999999658e-03
6.317837639999999803e-03
6.284960299999999694e-03
6.300577620000000038e-03
6.312945510000000059e-03
6.302642839999999906e-03
6.323047299999999711e-03
6.314088239999999727e-03
6.357260869999999987e-03
6.344105039999999897e-03
6.357913179999999907e-03
6.375096559999999732e-03
6.385782209999999598e-03
6.389810549999999645e-03
6.394431009999999860e-03
6.396609830000000302e-03
6.385984949999999605e-03
6.367935100000000383e-03
6.391161139999999678e-03
6.386421080000000312e-03
6.401471799999999997e-03
6.442011779999999577e-03
6.427095760000000289e-03
6.377876690000000050e-03
6.396453560000000226e-03
6.434020379999999713e-03
6.425884750000000235e-03
6.464372010000000307e-03
6.404635060000000296e-03
6.466422450000000252e-03
6.439105270000000311e-03
6.423420229999999946e-03
6.469504660000000018e-03
6.461579319999999869e-03
6.454319370000000285e-03
6.507547090000000319e-03
6.483832450000000074e-03
6.428573279999999675e-03
6.478449689999999685e-03
6.546005490000000350e-03
6.473179780000000265e-03
6.519709430000000284e-03
6.486701020000000019e-03
6.495739379999999723e-03
6.515923380000000070e-03
6.522775869999999747e-03
6.544446459999999667e-03
6.514654259999999759e-03
6.525520699999999737e-03
6.507059519999999590e-03
6.509563250000000197e-03
6.541111940000000208e-03
6.498011540000000162e-03
6.577905630000000295e-03
6.582319550000000075e-03
6.555485419999999841e-03
6.586839849999999788e-03
6.602691120000000330e-03
6.596910840000000213e-03
6.591202330000000414e-03
6.568877990000000257e-03
6.587830519999999905e-03
6.554936869999999915e-03
6.574835959999999861e-03
6.578855399999999909e-03
6.657902589999999642e-03
6.661698829999999905e-03
6.604907949999999812e-03
6.632470429999999702e-03
6.650490139999999661e-03
6.666424889999999701e-03
6.617413959999999575e-03
6.677629590000000274e-03
6.662435690000000250e-03
6.647399249999999885e-03
6.693624450000000385e-03
6.605636849999999873e-03
6.705660750000000045e-03
6.642461040000000386e-03
6.735805220000000079e-03
6.686291119999999977e-03
6.726841699999999702e-03
6.718572340000000288e-03
6.715649950000000291e-03
6.704390640000000220e-03
6.678373690000000314e-03
6.766211430000000290e-03
6.693039189999999694e-03
6.744091530000000285e-03
6.756553759999999777e-03
6.728071680000000283e-03
6.738321559999999738e-03
6.758913739999999719e-03
6.759715200000000410e-03
6.793993469999999764e-03
6.773222720000000342e-03
6.754621920000000376e-03
6.741166510000000389e-03
6.747235370000000121e-03
6.767280359999999946e-03
6.779904780000000145e-03
6.757934670000000088e-03
6.776914979999999755e-03
6.779213899999999952e-03
6.822000459999999836e-03
6.859752400000000347e-03
6.775739759999999806e-03
6.754216520000000043e-03
6.829450459999999827e-03
6.797736999999999877e-03
6.820249809999999815e-03
6.807028690000000402e-03
6.796785760000000065e-03
6.803421429999999617e-03
6.821908489999999568e-03
6.888627829999999751e-03
6.862822460000000090e-03
6.864222540000000129e-03
6.860745659999999656e-03
6.914557120000000383e-03
6.868251060000000324e-03
6.901442540000000264e-03
6.840369150000000058e-03
6.964028500000000316e-03
6.940443719999999858e-03
6.886863459999999909e-03
6.862305869999999960e-03
6.969459620000000022e-03
6.905697859999999737e-03
6.933977239999999931e-03
6.925325510000000101e-03
7.013315049999999801e-03
6.956873239999999611e-03
6.942875969999999855e-03
6.964933399999999677e-03
6.906154900000000159e-03
6.966789689999999986e-03
7.023739569999999655e-03
6.945809140000000145e-03
6.972485789999999933e-03
6.977693259999999918e-03
6.975693960000000325e-03
7.035759760000000369e-03
6.994957639999999609e-03
7.046986830000000028e-03
7.075928720000000151e-03
7.017736529999999730e-03
7.027134249999999853e-03
6.973930530000000197e-03
7.045214400000000300e-03
7.005617869999999567e-03
7.062741909999999818e-03
7.024350629999999603e-03
7.050068169999999801e-03
7.078152740000000394e-03
7.029893260000000428e-03
7.091612659999999707e-03
7.083580519999999568e-03
7.073778190000000292e-03
7.151363449999999927e-03
7.149234709999999736e-03
7.059815560000000031e-03
7.088246329999999852e-03
7.077687479999999857e-03
7.071418410000000418e-03
7.154536149999999803e-03
7.086955300000000353e-03
7.133191799999999937e-03
7.125056010000000231e-03
7.123179789999999761e-03
7.139431540000000347e-03
7.162589589999999833e-03
7.126636419999999618e-03
7.173841319999999834e-03
7.119877860000000183e-03
7.212063829999999613e-03
7.167346730000000339e-03
7.152912570000000310e-03
7.168214410000000106e-03
7.195728160000000422e-03
7.136584300000000172e-03
7.166021219999999838e-03
7.190747850000000010e-03
7.204094700000000101e-03
7.229551459999999756e-03
7.180594769999999738e-03
7.216819890000000098e-03
7.207646429999999861e-03
7.275506919999999954e-03
7.261649559999999726e-03
7.276839690000000069e-03
7.288114479999999867e-03
7.266076659999999750e-03
7.208921339999999588e-03
7.276524430000000376e-03
7.286987170000000166e-03
7.230982979999999935e-03
7.308019819999999993e-03
7.224618349999999828e-03
7.264045319999999813e-03
7.298701369999999709e-03
7.326688060000000231e-03
7.340653019999999855e-03
7.310306980000000343e-03
7.309794869999999660e-03
7.330380769999999581e-03
7.319694939999999567e-03
7.364422009999999769e-03
7.324964889999999694e-03
7.337459069999999889e-03
7.316477519999999707e-03
7.379865339999999718e-03
7.330503409999999595e-03
7.360410010000000350e-03
7.389453399999999957e-03
7.376007740000000042e-03
7.357486849999999960e-03
7.358655730000000089e-03
7.317999749999999984e-03
7.395294650000000178e-03
7.454117859999999721e-03
7.380127050000000015e-03
7.413076200000000282e-03
7.453350190000000187e-03
7.438029260000000344e-03
7.454274329999999865e-03
7.431845230000000239e-03
7.411771620000000282e-03
7.429523480000000193e-03
7.471674529999999814e-03
7.422436709999999903e-03
7.501362650000000139e-03
7.477273359999999855e-03
7.505467059999999802e-03
7.464049399999999647e-03
7.523733139999999771e-03
7.481014460000000137e-03
7.444538819999999869e-03
7.504783349999999582e-03
7.506857649999999597e-03
7.544532540000000072e-03
7.443481610000000220e-03
7.548417140000000282e-03
7.554550759999999719e-03
7.492193480000000107e-03
7.580308049999999812e-03
7.532536359999999695e-03
7.573954919999999723e-03
7.597418459999999776e-03
7.587628090000000415e-03
7.553865919999999679e-03
7.594381049999999675e-03
7.576749439999999787e-03
7.602031030000000293e-03
7.628927389999999933e-03
7.526206960000000196e-03
7.634275670000000187e-03
7.555936140000000384e-03
7.622625489999999837e-03
7.596248079999999570e-03
7.564618969999999977e-03
7.649307810000000388e-03
7.690919319999999643e-03
7.641486060000000045e-03
7.681000609999999625e-03
7.670976799999999762e-03
7.691802640000000232e-03
7.656433580000000100e-03
7.667827010000000283e-03
7.717061390000000062e-03
7.660783289999999711e-03
7.686174510000000175e-03
7.743367069999999852e-03
7.701587410000000286e-03
7.717055450000000379e-03
7.641787249999999580e-03
7.718352300000000041e-03
7.683202660000000052e-03
7.759228580000000243e-03
7.758084800000000433e-03
7.702607329999999752e-03
7.766298159999999833e-03
7.747442579999999634e-03
7.752088909999999694e-03
7.788791150000000038e-03
7.750283349999999641e-03
7.788600359999999986e-03
7.779164120000000258e-03
7.846197439999999176e-03
7.807119839999999630e-03
7.825464259999999686e-03
7.832042500000000601e-03
7.830307680000000645e-03
7.766259230000000131e-03
7.831560019999999483e-03
7.853839160000000708e-03
7.739051440000000240e-03
7.867186059999999731e-03
7.875830509999999160e-03
7.765442029999999884e-03
7.876101320000000391e-03
7.813032259999999965e-03
7.872965750000000471e-03
7.885936629999999725e-03
7.922792019999999602e-03
7.927262109999999584e-03
7.942805679999999716e-03
7.903562910000000094e-03
7.857855020000000315e-03
7.830262430000000176e-03
7.883703310000000214e-03
7.886139290000000052e-03
7.926677289999999737e-03
7.874572729999999507e-03
7.962264119999999668e-03
8.047400240000000468e-03
7.986441949999999179e-03
7.949614140000000120e-03
7.915293159999999689e-03
7.910622690000000679e-03
7.986506859999999153e-03
7.950775970000000664e-03
8.031269100000000202e-03
8.005991100000000096e-03
8.030219490000000543e-03
7.984298750000000389e-03
7.947105989999999828e-03
7.989915320000000667e-03
7.918901250000000627e-03
8.060456239999999606e-03
8.023197529999999758e-03
8.064700169999999488e-03
8.053543130000000161e-03
8.018933949999999464e-03
8.019543259999999466e-03
8.128156489999999873e-03
8.078399689999999841e-03
8.154508770000000809e-03
8.095973169999999552e-03
8.114387849999999888e-03
8.071028589999999434e-03
8.084091709999999611e-03
8.095562429999999740e-03
8.108483140000000838e-03
8.125716269999999630e-03
8.135002199999999753e-03
8.137813120000000205e-03
8.106805119999999434e-03
8.144079720000000841e-03
8.129155029999999768e-03
8.123351880000000830e-03
8.115571530000000727e-03
8.096292309999999354e-03
8.068777089999999708e-03
8.088407549999999252e-03
8.106290500000000107e-03
8.119893569999999880e-03
8.198516370000000567e-03
8.101699639999999578e-03
8.182619929999999236e-03
8.213529060000000423e-03
8.179696280000000805e-03
8.249527640000000467e-03
8.140872699999999323e-03
8.275361389999999484e-03
8.188618990000000319e-03
8.233348269999999497e-03
8.198220750000000459e-03
8.181131160000000568e-03
8.199501079999999345e-03
8.188618990000000319e-03
8.229695610000000577e-03
8.270271670000000838e-03
8.333144869999999788e-03
8.240276390000000548e-03
8.323223660000000218e-03
8.292541060000000255e-03
8.311790089999999964e-03
8.367806179999999483e-03
8.184951339999999714e-03
8.297235400000000163e-03
8.324161650000000065e-03
8.377166930000000747e-03
8.319479290000000860e-03
8.294158059999999152e-03
8.342700329999999317e-03
8.298326369999999355e-03
8.281560060000000070e-03
8.392025679999999890e-03
8.424694640000000845e-03
8.424386009999999814e-03
8.421417150000000754e-03
8.358197640000000414e-03
8.415432250000000336e-03
8.461220210000000228e-03
8.446510580000000240e-03
8.385549759999999520e-03
8.456487630000000463e-03
8.409330129999999931e-03
8.476984070000000496e-03
8.390854149999999942e-03
8.383193109999999282e-03
8.423610169999999966e-03
8.459528319999999602e-03
8.473575929999999437e-03
8.414878589999999145e-03
8.461390520000000581e-03
8.468406140000000679e-03
8.498631980000000835e-03
8.544246449999999202e-03
8.470570329999999731e-03
8.481024150000000469e-03
8.519236289999999184e-03
8.498616980000000057e-03
8.537487939999999567e-03
8.520369729999999545e-03
8.591831779999999780e-03
8.529656879999999997e-03
8.604103950000000639e-03
8.562531840000000075e-03
8.554779199999999403e-03
8.556434249999999783e-03
8.555469890000000355e-03
8.592789360000000279e-03
8.590647159999999227e-03
8.545994850000000406e-03
8.608170999999999531e-03
8.640917459999999592e-03
8.579340109999999964e-03
8.576082239999999537e-03
8.567979209999999901e-03
8.542757819999999974e-03
8.594189710000000107e-03
8.726834920000000814e-03
8.615697060000000046e-03
8.627971539999999481e-03
8.627801920000000707e-03
8.644478900000000451e-03
8.789312500000000250e-03
8.711522169999999510e-03
8.621930919999999665e-03
8.603504790000000846e-03
8.652850550000000529e-03
8.700851960000000399e-03
8.744756819999999556e-03
8.579502620000000260e-03
8.671923499999999521e-03
8.706561159999999175e-03
8.780586349999999415e-03
8.725041039999999193e-03
8.776525110000000726e-03
8.764166719999999175e-03
8.800953570000000573e-03
8.795545090000000607e-03
8.689996219999999300e-03
8.749793080000000181e-03
8.762753510000000426e-03
8.800730289999999373e-03
8.782253860000000315e-03
8.836239879999999158e-03
8.752246930000000605e-03
8.837599320000000258e-03
8.766863899999999613e-03
8.834203670000000466e-03
8.786230679999999793e-03
8.879777269999999945e-03
8.834698469999999193e-03
8.841455990000000181e-03
8.878401710000000807e-03
8.962786760000000796e-03
8.874598469999999892e-03
8.915340830000000050e-03
8.815463449999999881e-03
8.911014490000000732e-03
8.819715829999999826e-03
8.863318950000000779e-03
8.857778639999999357e-03
8.958876689999999143e-03
8.956964540000000863e-03
8.899767350000000604e-03
8.891227669999999736e-03
8.931572900000000342e-03
8.907470880000000618e-03
8.868164200000000497e-03
8.963484840000000842e-03
8.920761290000000718e-03
8.899390360000000375e-03
9.005847020000000772e-03
8.965609140000000560e-03
9.040972569999999875e-03
9.086973430000000809e-03
9.045481879999999267e-03
9.034960410000000830e-03
9.027890210000000248e-03
8.982301749999999432e-03
8.949219830000000597e-03
9.046695550000000835e-03
9.015180629999999459e-03
9.069344320000000473e-03
9.056659229999999838e-03
9.021106940000000671e-03
9.027843509999999502e-03
8.993350560000000146e-03
9.069088129999999803e-03
9.077743980000000518e-03
9.028443690000000424e-03
9.199387459999999739e-03
9.173026219999999911e-03
9.157363090000000469e-03
9.062666069999999324e-03
9.090189809999999621e-03
9.173147879999999504e-03
9.116047920000000179e-03
9.175545729999999914e-03
9.209633329999999604e-03
9.187060760000000798e-03
9.136328160000000212e-03
9.079115040000000289e-03
9.213891230000000043e-03
9.243387639999999655e-03
9.129593639999999261e-03
9.183023099999999828e-03
9.191453299999999271e-03
9.165776549999999148e-03
9.256471759999999188e-03
9.216745420000000202e-03
9.227806800000000129e-03
9.276340259999999935e-03
9.282053029999999191e-03
9.247831910000000460e-03
9.217458229999999503e-03
9.178094969999999950e-03
9.261139780000000182e-03
9.258145020000000530e-03
9.291624700000000736e-03
9.252139649999999507e-03
9.230255269999999498e-03
9.326253070000000214e-03
9.336846030000000088e-03
9.380459540000000290e-03
9.387606669999999653e-03
9.298664490000000532e-03
9.384236569999999250e-03
9.419252039999999326e-03
9.358463909999999858e-03
9.472688329999999490e-03
9.445692999999999798e-03
9.366276999999999242e-03
9.424523619999999879e-03
9.420521830000000429e-03
9.402536759999999966e-03
9.316978860000000098e-03
9.370806009999999714e-03
9.424282210000000867e-03
9.372941549999999622e-03
9.498951210000000298e-03
9.474152320000000030e-03
9.442857350000000149e-03
9.467684949999999322e-03
9.551599410000000123e-03
9.494858519999999774e-03
9.502054069999999950e-03
9.500488129999999989e-03
9.378289229999999671e-03
9.540111489999999334e-03
9.507799469999999795e-03
9.542522350000000667e-03
9.549171369999999784e-03
9.467656350000000845e-03
9.537418500000000368e-03
9.497875540000000685e-03
9.500965289999999813e-03
9.662679349999999875e-03
9.597211180000000605e-03
9.479762450000000021e-03
9.610722219999999483e-03
9.608043099999999739e-03
9.517269230000000024e-03
9.476925710000000391e-03
9.661385200000000700e-03
9.614279220000000736e-03
9.638578700000000749e-03
9.687884339999999414e-03
9.605836890000000322e-03
9.579474160000000377e-03
9.625600950000000322e-03
9.640676670000000725e-03
9.698432700000000559e-03
9.679667770000000698e-03
9.615339469999999514e-03
9.775116040000000200e-03
9.779513970000000556e-03
9.798285719999999185e-03
9.707530659999999770e-03
9.749489179999999353e-03
9.737333629999999143e-03
9.677782560000000589e-03
9.649049550000000225e-03
9.683649849999999976e-03
9.674769760000000163e-03
9.747143510000000344e-03
9.757504939999999891e-03
9.738111389999999992e-03
9.786280790000000812e-03
9.795527559999999551e-03
9.812250870000000652e-03
9.782564120000000057e-03
9.824588769999999943e-03
9.785805329999999400e-03
9.750010240000000702e-03
9.881750229999999857e-03
9.769081920000000432e-03
9.837904139999999187e-03
9.746899289999999549e-03
9.826894620000000205e-03
9.841075660000000308e-03
9.779679209999999484e-03
9.832297760000000691e-03
9.816128990000000734e-03
9.906688340000000675e-03
1.005447859999999971e-02
9.898257389999999892e-03
9.850168359999999720e-03
9.942881389999999944e-03
9.927377470000000106e-03
9.882445510000000682e-03
9.802140799999999390e-03
9.894707160000000210e-03
9.994540309999999303e-03
9.994094519999999898e-03
9.839834319999999149e-03
1.004673019999999944e-02
9.978491239999999832e-03
9.973483720000000594e-03
1.004406069999999943e-02
9.955015980000000639e-03
9.982774820000000007e-03
1.003083110000000007e-02
1.011245799999999952e-02
9.952154499999999251e-03
1.004300309999999960e-02
1.012887040000000002e-02
9.981787520000000302e-03
9.975373670000000845e-03
1.012087260000000058e-02
1.005105690000000079e-02
1.011843760000000030e-02
1.013434669999999961e-02
1.011989660000000082e-02
1.007730379999999953e-02
1.015521559999999976e-02
1.022618259999999966e-02
1.007849159999999952e-02
1.017330129999999971e-02
1.008911730000000041e-02
1.008081870000000074e-02
1.013524340000000051e-02
1.024972589999999933e-02
1.015942989999999921e-02
1.020205939999999957e-02
1.022749629999999965e-02
1.015399890000000076e-02
1.015738920000000024e-02
1.017139790000000030e-02
1.015323029999999974e-02
1.023591779999999916e-02
1.019733320000000033e-02
1.033990100000000030e-02
1.029039340000000025e-02
1.017913500000000061e-02
1.019847810000000000e-02
1.037923420000000027e-02
1.028555960000000075e-02
1.029264719999999945e-02
1.031777960000000022e-02
1.032465779999999951e-02
1.022650280000000043e-02
1.022989030000000070e-02
1.033310540000000055e-02
1.024844530000000066e-02
1.026949450000000028e-02
1.020537529999999971e-02
1.040494590000000039e-02
1.026549419999999921e-02
1.035684979999999984e-02
1.022010540000000030e-02
1.033089989999999916e-02
1.035677659999999917e-02
1.044421880000000018e-02
1.031713130000000075e-02
1.046931930000000004e-02
1.035890279999999997e-02
1.032623010000000008e-02
1.042904360000000002e-02
1.046778169999999959e-02
1.048218050000000040e-02
1.055273139999999936e-02
1.052266240000000047e-02
1.039083139999999982e-02
1.043222400000000036e-02
1.040324930000000037e-02
1.047463960000000020e-02
1.045122450000000001e-02
1.063262880000000014e-02
1.045140439999999935e-02
1.056149709999999915e-02
1.063555729999999915e-02
1.053499739999999921e-02
1.058454399999999955e-02
1.061509029999999944e-02
1.061865749999999983e-02
1.040580699999999956e-02
1.056548780000000042e-02
1.050571689999999989e-02
1.058212820000000061e-02
1.046226899999999974e-02
1.058828539999999950e-02
1.053511499999999941e-02
1.056830970000000036e-02
1.057087139999999918e-02
1.065606080000000046e-02
1.060721170000000074e-02
1.073559070000000039e-02
1.071923829999999953e-02
1.067363110000000073e-02
1.072401809999999969e-02
1.079865820000000011e-02
1.062605949999999994e-02
1.067094740000000021e-02
1.068060780000000022e-02
1.070735029999999970e-02
1.077916840000000057e-02
1.083020929999999916e-02
1.082706209999999974e-02
1.081014729999999965e-02
1.080247470000000008e-02
1.071358149999999954e-02
1.078378659999999940e-02
1.074160769999999918e-02
1.077836559999999916e-02
1.075757360000000051e-02
1.085116080000000059e-02
1.080025159999999963e-02
1.076995260000000038e-02
1.078272109999999992e-02
1.082623249999999961e-02
1.085669570000000021e-02
1.073348749999999963e-02
1.089512909999999953e-02
1.092975030000000077e-02
1.087983080000000033e-02
1.100997249999999955e-02
1.083315160000000027e-02
1.094282260000000069e-02
1.090184240000000027e-02
1.086723809999999915e-02
1.094440409999999919e-02
1.100532740000000065e-02
1.102053199999999955e-02
1.099429610000000022e-02
1.085265040000000028e-02
1.089033460000000085e-02
1.084306940000000045e-02
1.098612700000000005e-02
1.098857550000000016e-02
1.101237910000000056e-02
1.093935530000000010e-02
1.098235520000000014e-02
1.089317629999999974e-02
1.105814419999999985e-02
1.104237589999999998e-02
1.112645699999999932e-02
1.107113000000000021e-02
1.113570799999999937e-02
1.110652330000000063e-02
1.093369790000000077e-02
1.113368560000000014e-02
1.109242300000000056e-02
1.119631400000000061e-02
1.126461569999999933e-02
1.101560029999999919e-02
1.108919620000000002e-02
1.115138289999999949e-02
1.114561780000000030e-02
1.111746150000000009e-02
1.110671629999999965e-02
1.114278099999999917e-02
1.128207680000000053e-02
1.112696489999999948e-02
1.114464209999999934e-02
1.109602479999999974e-02
1.113915769999999916e-02
1.116718010000000011e-02
1.121033249999999967e-02
1.129454579999999986e-02
1.117569279999999950e-02
1.126099799999999949e-02
1.123237529999999984e-02
1.124342229999999998e-02
1.127178130000000035e-02
1.115390479999999948e-02
1.111674399999999958e-02
1.124568970000000036e-02
1.134986969999999921e-02
1.132147359999999964e-02
1.129442230000000068e-02
1.130008350000000043e-02
1.138204509999999996e-02
1.130704649999999915e-02
1.139687690000000010e-02
1.132152359999999934e-02
1.127446430000000020e-02
1.130691410000000084e-02
1.141491499999999944e-02
1.153157420000000023e-02
1.127908929999999962e-02
1.134419639999999924e-02
1.134194470000000031e-02
1.143345200000000020e-02
1.150223910000000051e-02
1.131471289999999921e-02
1.144116849999999956e-02
1.158092569999999953e-02
1.132967240000000084e-02
1.149266479999999993e-02
1.159746229999999989e-02
1.147701660000000068e-02
1.139527780000000080e-02
1.153145400000000001e-02
1.143223449999999919e-02
1.153982140000000059e-02
1.144025710000000015e-02
1.167055260000000004e-02
1.148467710000000003e-02
1.156202079999999952e-02
1.153142599999999914e-02
1.159585219999999944e-02
1.169656070000000062e-02
1.164933509999999985e-02
1.158936200000000062e-02
1.167559240000000040e-02
1.176617400000000077e-02
1.175824299999999982e-02
1.153894469999999957e-02
1.171767389999999950e-02
1.166649829999999964e-02
1.167937689999999987e-02
1.171850370000000058e-02
1.164728349999999933e-02
1.167210360000000072e-02
1.166369570000000064e-02
1.159930269999999951e-02
1.167293540000000074e-02
1.175563800000000055e-02
1.184312300000000054e-02
1.185262110000000028e-02
1.172419679999999950e-02
1.172399759999999923e-02
1.179132150000000018e-02
1.184568230000000028e-02
1.178202409999999992e-02
1.173218479999999994e-02
1.181893479999999996e-02
1.160877360000000039e-02
1.184222449999999989e-02
1.186450059999999938e-02
1.187235199999999921e-02
1.184287759999999926e-02
1.174533940000000061e-02
1.200774530000000076e-02
1.183474770000000030e-02
1.177836269999999949e-02
1.179202319999999964e-02
1.194698639999999985e-02
1.193399870000000015e-02
1.200304890000000041e-02
1.176957099999999951e-02
1.212415619999999972e-02
1.192359550000000011e-02
1.191145040000000065e-02
1.191655139999999932e-02
1.190883899999999919e-02
1.199821099999999995e-02
1.196362580000000057e-02
1.200438629999999937e-02
1.198515990000000031e-02
1.201810489999999981e-02
1.215365269999999984e-02
1.194035109999999969e-02
1.197180249999999987e-02
1.213874480000000020e-02
1.192569869999999914e-02
1.212307959999999948e-02
1.192738209999999986e-02
1.220845580000000027e-02
1.188729219999999989e-02
1.220274720000000084e-02
1.205507429999999949e-02
1.219992720000000024e-02
1.209829320000000048e-02
1.200046660000000064e-02
1.231100499999999986e-02
1.224159640000000056e-02
1.222184930000000044e-02
1.229883940000000078e-02
1.206082860000000020e-02
1.215414700000000056e-02
1.222390270000000070e-02
1.209288910000000036e-02
1.219001509999999983e-02
1.204483930000000043e-02
1.215677459999999974e-02
1.238574700000000077e-02
1.228617660000000042e-02
1.232103229999999966e-02
1.222181230000000084e-02
1.239081409999999960e-02
1.216143090000000072e-02
1.223570749999999992e-02
1.241206190000000015e-02
1.244946520000000077e-02
1.237777330000000044e-02
1.253792779999999933e-02
1.211617369999999985e-02
1.238288059999999996e-02
1.248140579999999951e-02
1.224702339999999938e-02
1.236390490000000009e-02
1.244589930000000039e-02
1.243133509999999955e-02
1.233248240000000065e-02
1.242579180000000054e-02
1.224451740000000004e-02
1.248929170000000026e-02
1.245188049999999998e-02
1.244152440000000082e-02
1.249897380000000030e-02
1.251016850000000007e-02
1.245374569999999938e-02
1.243563460000000030e-02
1.251261170000000054e-02
1.263734310000000013e-02
1.249452000000000028e-02
1.273757699999999993e-02
1.247115679999999914e-02
1.270520009999999943e-02
1.267380459999999966e-02
1.261789160000000021e-02
1.268982609999999914e-02
1.258622319999999975e-02
1.260475020000000057e-02
1.254063499999999963e-02
1.266673939999999991e-02
1.255087539999999967e-02
1.271570839999999931e-02
1.266894510000000050e-02
1.257842449999999924e-02
1.254908379999999934e-02
1.274091509999999983e-02
1.267332650000000012e-02
1.275748089999999973e-02
1.277296470000000017e-02
1.267316150000000023e-02
1.266448969999999993e-02
1.276556400000000008e-02
1.273632499999999973e-02
1.283979520000000027e-02
1.270925460000000076e-02
1.271017340000000009e-02
1.272871799999999998e-02
1.277643770000000054e-02
1.272512710000000061e-02
1.275142439999999919e-02
1.270013250000000087e-02
1.276404429999999923e-02
1.289491639999999946e-02
1.282350020000000076e-02
1.284384329999999942e-02
1.276087830000000034e-02
1.282499649999999970e-02
1.297870809999999986e-02
1.277634209999999916e-02
1.288607840000000060e-02
1.282382439999999943e-02
1.277372629999999967e-02
1.298638019999999969e-02
1.292676700000000047e-02
1.302186649999999973e-02
1.293857680000000052e-02
1.288399250000000010e-02
1.294457769999999945e-02
1.289863550000000005e-02
1.309768040000000057e-02
1.290851389999999980e-02
1.301710309999999995e-02
1.301517280000000047e-02
1.296681329999999945e-02
1.291110889999999914e-02
1.316832889999999985e-02
1.291103499999999953e-02
1.302322369999999938e-02
1.302904929999999968e-02
1.305146989999999944e-02
1.310900450000000023e-02
1.312840619999999965e-02
1.310170260000000086e-02
1.313931089999999940e-02
1.335378270000000048e-02
1.319339089999999916e-02
1.326982250000000030e-02
1.324164960000000051e-02
1.328281209999999934e-02
1.321899799999999917e-02
1.314147239999999967e-02
1.301595730000000041e-02
1.306812159999999959e-02
1.318453359999999935e-02
1.335098019999999934e-02
1.337487379999999920e-02
1.304044520000000040e-02
1.318471340000000082e-02
1.324205770000000046e-02
1.328021840000000002e-02
1.329928499999999923e-02
1.336964629999999946e-02
1.331958469999999957e-02
1.331906209999999917e-02
1.335657049999999964e-02
1.341246989999999965e-02
1.334513690000000037e-02
1.323363200000000038e-02
1.345041519999999949e-02
1.332652070000000036e-02
1.340090269999999993e-02
1.363850580000000069e-02
1.349146310000000001e-02
1.330759169999999950e-02
1.352643379999999944e-02
1.335268619999999996e-02
1.344192379999999999e-02
1.340189630000000048e-02
1.348113750000000041e-02
1.329738360000000050e-02
1.364661170000000014e-02
1.356495819999999942e-02
1.359335469999999914e-02
1.352294929999999992e-02
1.334009690000000081e-02
1.357120480000000018e-02
1.359420740000000065e-02
1.331550490000000045e-02
1.355931730000000009e-02
1.359513260000000043e-02
1.359252979999999930e-02
1.348340490000000079e-02
1.358133190000000018e-02
1.361242210000000036e-02
1.359202980000000054e-02
1.356916260000000027e-02
1.365909029999999927e-02
1.356307370000000082e-02
1.385195500000000086e-02
1.357162140000000086e-02
1.349817250000000073e-02
1.363052929999999940e-02
1.369357979999999940e-02
1.365433599999999956e-02
1.357307959999999938e-02
1.389542589999999932e-02
1.368807130000000011e-02
1.376693799999999940e-02
1.375241020000000057e-02
1.391943829999999979e-02
1.372624560000000084e-02
1.385267039999999936e-02
1.371501760000000056e-02
1.388668900000000067e-02
1.391470449999999970e-02
1.361514200000000022e-02
1.388154320000000060e-02
1.385039090000000049e-02
1.385664799999999919e-02
1.392206820000000018e-02
1.381408630000000026e-02
1.397226640000000068e-02
1.396784799999999972e-02
1.400270250000000029e-02
1.398409760000000022e-02
1.407776680000000051e-02
1.396990210000000066e-02
1.383888469999999989e-02
1.392881349999999969e-02
1.409109010000000016e-02
1.388965420000000048e-02
1.419675240000000012e-02
1.400154869999999975e-02
1.401829060000000030e-02
1.402910779999999927e-02
1.387664320000000021e-02
1.425856860000000031e-02
1.416095449999999964e-02
1.405339580000000005e-02
1.394717579999999943e-02
1.411323719999999990e-02
1.415475740000000059e-02
1.411383920000000049e-02
1.417435579999999987e-02
1.401128050000000069e-02
1.392815960000000006e-02
1.412745850000000046e-02
1.413267709999999934e-02
1.437738960000000017e-02
1.424776070000000061e-02
1.448617200000000028e-02
1.438984960000000077e-02
1.416986970000000054e-02
1.404515819999999950e-02
1.408419869999999983e-02
1.428231750000000071e-02
1.427160830000000040e-02
1.417316090000000049e-02
1.439941320000000073e-02
1.432508749999999997e-02
1.412121080000000063e-02
1.435013450000000024e-02
1.443422949999999955e-02
1.458933050000000078e-02
1.430222079999999944e-02
1.453822479999999917e-02
1.424690089999999972e-02
1.433860630000000080e-02
1.437833420000000050e-02
1.427117389999999972e-02
1.444141869999999994e-02
1.432771199999999939e-02
1.432553529999999915e-02
1.451993149999999955e-02
1.439464780000000027e-02
1.458990389999999943e-02
1.454349209999999948e-02
1.432585310000000084e-02
1.450126730000000051e-02
1.463245959999999977e-02
1.461601270000000008e-02
1.447366739999999923e-02
1.443848170000000021e-02
1.473904070000000080e-02
1.457457830000000003e-02
1.461068020000000009e-02
1.464080979999999969e-02
1.461283700000000005e-02
1.458956900000000015e-02
1.476015349999999955e-02
1.455016379999999991e-02
1.467837209999999989e-02
1.478118619999999918e-02
1.468452469999999982e-02
1.460411189999999935e-02
1.458204010000000057e-02
1.456386330000000034e-02
1.491614620000000085e-02
1.457444230000000049e-02
1.471678769999999921e-02
1.493988159999999968e-02
1.477225060000000000e-02
1.479222460000000072e-02
1.486334899999999966e-02
1.486727820000000033e-02
1.481141560000000072e-02
1.488205069999999977e-02
1.475081850000000035e-02
1.491279579999999980e-02
1.475535199999999936e-02
1.475457890000000070e-02
1.482660419999999937e-02
1.489715749999999915e-02
1.497972340000000048e-02
1.466315099999999927e-02
1.489564139999999953e-02
1.496109540000000078e-02
1.508404950000000015e-02
1.473339440000000049e-02
1.497534789999999984e-02
1.490525460000000080e-02
1.503593649999999948e-02
1.511889729999999973e-02
1.495229380000000045e-02
1.476989910000000086e-02
1.517179700000000075e-02
1.521987720000000065e-02
1.513600969999999955e-02
1.509248409999999936e-02
1.512151590000000018e-02
1.516907590000000049e-02
1.512761909999999974e-02
1.506307339999999988e-02
1.498711489999999917e-02
1.509572049999999971e-02
1.512213209999999954e-02
1.496384419999999965e-02
1.529388280000000024e-02
1.498408289999999914e-02
1.527055100000000026e-02
1.524180500000000063e-02
1.494389079999999988e-02
1.536478890000000062e-02
1.506190770000000005e-02
1.517862279999999953e-02
1.512093029999999998e-02
1.523238439999999999e-02
1.541768129999999959e-02
1.515081310000000042e-02
1.524649990000000004e-02
1.531133190000000081e-02
1.530107999999999989e-02
1.525867059999999956e-02
1.534849010000000069e-02
1.546449410000000010e-02
1.529477069999999987e-02
1.509054490000000075e-02
1.541575170000000078e-02
1.529477589999999991e-02
1.550233409999999916e-02
1.520761160000000042e-02
1.529035070000000010e-02
1.522551809999999999e-02
1.519282240000000006e-02
1.553971709999999937e-02
1.541600589999999986e-02
1.532877250000000066e-02
1.542484759999999955e-02
1.533395819999999916e-02
1.542469519999999962e-02
1.540395049999999932e-02
1.542545629999999938e-02
1.566569640000000166e-02
1.576624620000000032e-02
1.534377590000000034e-02
1.558258019999999959e-02
1.556073449999999941e-02
1.590560699999999869e-02
1.529504609999999924e-02
1.569872679999999993e-02
1.559903479999999974e-02
1.569649509999999915e-02
1.556221449999999930e-02
1.557386730000000045e-02
1.569547389999999959e-02
1.592723949999999902e-02
1.569580199999999828e-02
1.562520430000000071e-02
1.609460269999999846e-02
1.572078520000000021e-02
1.541017410000000004e-02
1.559536379999999951e-02
1.588250459999999975e-02
1.592246350000000102e-02
1.554740800000000041e-02
1.615069950000000074e-02
1.591156139999999955e-02
1.580611369999999904e-02
1.603137409999999888e-02
1.598287190000000080e-02
1.601893110000000148e-02
1.581164209999999862e-02
1.586449170000000033e-02
1.554267160000000030e-02
1.582054470000000129e-02
1.614816460000000065e-02
1.593849199999999855e-02
1.592345369999999954e-02
1.613490830000000043e-02
1.604483840000000064e-02
1.577360699999999852e-02
1.596403329999999954e-02
1.605915119999999988e-02
1.580817299999999828e-02
1.600320629999999952e-02
1.589343260000000008e-02
1.609161359999999874e-02
1.615819270000000071e-02
1.594398769999999868e-02
1.601484939999999954e-02
1.633062019999999975e-02
1.625892820000000155e-02
1.585809770000000049e-02
1.612192609999999957e-02
1.627587410000000054e-02
1.638264970000000154e-02
1.613424340000000137e-02
1.616526609999999892e-02
1.602036210000000113e-02
1.628720759999999906e-02
1.635229369999999932e-02
1.635348470000000040e-02
1.600423319999999885e-02
1.622726760000000115e-02
1.612413479999999857e-02
1.628709039999999900e-02
1.667850270000000024e-02
1.621147090000000027e-02
1.605938780000000163e-02
1.609441799999999922e-02
1.652257180000000006e-02
1.638978560000000154e-02
1.607222880000000118e-02
1.645718720000000079e-02
1.623384539999999862e-02
1.646208559999999890e-02
1.648409849999999885e-02
1.657194279999999950e-02
1.665035169999999967e-02
1.625625429999999830e-02
1.642797249999999876e-02
1.650743610000000167e-02
1.643893299999999932e-02
1.629535910000000018e-02
1.672703459999999934e-02
1.625933289999999948e-02
1.680100719999999895e-02
1.653315060000000100e-02
1.642419859999999857e-02
1.656578430000000060e-02
1.628725320000000074e-02
1.655014759999999877e-02
1.672801130000000150e-02
1.680650259999999854e-02
1.672526410000000144e-02
1.662717439999999991e-02
1.687342299999999851e-02
1.660157409999999875e-02
1.677751840000000008e-02
1.636866340000000045e-02
1.686447339999999975e-02
1.658317570000000102e-02
1.668484560000000130e-02
1.673829469999999972e-02
1.672296059999999959e-02
1.690790639999999873e-02
1.677614510000000059e-02
1.717460209999999848e-02
1.653244699999999873e-02
1.707366709999999857e-02
1.702116440000000022e-02
1.661807599999999899e-02
1.673639440000000006e-02
1.706233500000000139e-02
1.693037149999999935e-02
1.715271889999999896e-02
1.668693359999999862e-02
1.703957119999999908e-02
1.761773590000000056e-02
1.672716930000000060e-02
1.726638449999999894e-02
1.726610420000000007e-02
1.691757470000000013e-02
1.702097860000000018e-02
1.729667169999999851e-02
1.664383009999999968e-02
1.673584779999999841e-02
1.702525239999999954e-02
1.698845230000000164e-02
1.692617230000000028e-02
1.702833200000000019e-02
1.716951410000000164e-02
1.680303210000000033e-02
1.696634519999999993e-02
1.714183420000000083e-02
1.705761429999999926e-02
1.694230069999999935e-02
1.730205289999999993e-02
1.741679670000000069e-02
1.691935729999999999e-02
1.703245540000000030e-02
1.713170140000000105e-02
1.724842630000000127e-02
1.726967999999999906e-02
1.704250610000000027e-02
1.730972799999999992e-02
1.737985829999999857e-02
1.726702739999999917e-02
1.736505509999999863e-02
1.767920300000000097e-02
1.735562980000000116e-02
1.743269240000000150e-02
1.728537819999999975e-02
1.724163000000000084e-02
1.719583959999999856e-02
1.749376509999999926e-02
1.725840899999999886e-02
1.751881060000000032e-02
1.766823589999999902e-02
1.787634020000000018e-02
1.751063649999999930e-02
1.741805969999999856e-02
1.758882809999999866e-02
1.767948579999999853e-02
1.752871929999999870e-02
1.748398300000000155e-02
1.763526409999999905e-02
1.727903620000000029e-02
1.795900690000000119e-02
1.786781289999999842e-02
1.758154799999999893e-02
1.797854429999999962e-02
1.740082550000000144e-02
1.787151739999999836e-02
1.760205189999999864e-02
1.763332990000000128e-02
1.750527829999999965e-02
1.785264489999999898e-02
1.762633720000000154e-02
1.785475900000000130e-02
1.773493290000000000e-02
1.819759879999999913e-02
1.772480590000000134e-02
1.794307529999999984e-02
1.798476699999999873e-02
1.758517490000000016e-02
1.768618409999999849e-02
1.778064119999999901e-02
1.803211299999999892e-02
1.785747990000000063e-02
1.808350980000000136e-02
1.769008500000000123e-02
1.837973589999999935e-02
1.832491879999999934e-02
1.768622380000000119e-02
1.816085209999999950e-02
1.814161079999999926e-02
1.814691469999999904e-02
1.786361989999999886e-02
1.818137309999999854e-02
1.838497199999999943e-02
1.763981740000000048e-02
1.801176759999999905e-02
1.821993460000000120e-02
1.807814380000000165e-02
1.796530480000000166e-02
1.807191569999999983e-02
1.811103840000000131e-02
1.857374310000000153e-02
1.813408000000000034e-02
1.841075060000000110e-02
1.778415959999999837e-02
1.803447949999999883e-02
1.844544099999999992e-02
1.792463780000000048e-02
1.805384460000000052e-02
1.803634210000000168e-02
1.824616050000000059e-02
1.822848219999999991e-02
1.845912070000000141e-02
1.813563459999999877e-02
1.808568379999999851e-02
1.836103219999999855e-02
1.855252950000000137e-02
1.825794290000000084e-02
1.845375969999999907e-02
1.813971400000000123e-02
1.852477450000000053e-02
1.838545559999999954e-02
1.843297619999999942e-02
1.819506339999999930e-02
1.852944349999999935e-02
1.847353050000000163e-02
1.834066510000000039e-02
1.820413629999999977e-02
1.877044599999999966e-02
1.846202939999999973e-02
1.836714340000000084e-02
1.841742390000000035e-02
1.854023600000000160e-02
1.861449500000000173e-02
1.886856019999999870e-02
1.818322210000000022e-02
1.878392590000000154e-02
1.848525209999999849e-02
1.872990730000000104e-02
1.893618919999999831e-02
1.848601249999999932e-02
1.854761970000000024e-02
1.857347499999999901e-02
1.893715160000000036e-02
1.840660629999999950e-02
1.882535700000000090e-02
1.884512010000000126e-02
1.848627359999999858e-02
1.821339359999999893e-02
1.856874769999999897e-02
1.869122330000000040e-02
1.898550270000000026e-02
1.906265789999999835e-02
1.852879870000000151e-02
1.876003069999999939e-02
1.894528280000000106e-02
1.893927030000000164e-02
1.892361030000000097e-02
1.899624330000000000e-02
1.925609630000000086e-02
1.865639150000000107e-02
1.885504580000000110e-02
1.901527139999999866e-02
1.925392299999999918e-02
1.915849899999999897e-02
1.889036599999999871e-02
1.903746870000000077e-02
1.868008629999999906e-02
1.923533449999999950e-02
1.908752840000000131e-02
1.874350550000000032e-02
1.889189479999999963e-02
1.883261890000000049e-02
1.913056490000000082e-02
1.944379590000000144e-02
1.905552640000000159e-02
1.945042430000000142e-02
1.930756169999999980e-02
1.955410609999999952e-02
1.911478759999999874e-02
1.917729500000000045e-02
1.900224500000000094e-02
1.915207580000000132e-02
1.917486100000000138e-02
1.874375179999999974e-02
1.896657839999999970e-02
1.948289229999999872e-02
1.912622149999999854e-02
1.923228639999999962e-02
1.933282139999999844e-02
1.926223909999999831e-02
1.918055570000000085e-02
1.918962059999999858e-02
1.959479509999999952e-02
1.924894549999999968e-02
1.923098969999999935e-02
1.938268159999999990e-02
1.956129339999999883e-02
1.957570210000000172e-02
1.968775559999999883e-02
1.970138800000000023e-02
1.941462550000000106e-02
1.966091299999999861e-02
1.944368349999999954e-02
2.012162909999999985e-02
1.955513929999999970e-02
1.985849240000000029e-02
1.979648100000000119e-02
1.956033830000000057e-02
1.997276779999999918e-02
1.986001680000000144e-02
1.977372250000000026e-02
1.976594669999999845e-02
1.972573060000000142e-02
1.957847910000000066e-02
1.965632510000000013e-02
1.981886750000000016e-02
1.990284209999999832e-02
2.010409809999999867e-02
1.972415820000000125e-02
1.973411019999999835e-02
1.951085810000000031e-02
1.996905610000000025e-02
2.025664350000000100e-02
1.984576999999999869e-02
2.030905400000000000e-02
2.008063920000000002e-02
1.990081659999999933e-02
1.982535480000000017e-02
1.953131090000000125e-02
1.950670989999999869e-02
2.006417179999999897e-02
2.010409349999999970e-02
1.995970119999999903e-02
2.042845620000000029e-02
1.999533439999999843e-02
2.038991119999999935e-02
2.024135809999999883e-02
2.009486469999999941e-02
2.049436019999999886e-02
1.993453049999999865e-02
1.976931779999999833e-02
2.022949110000000009e-02
2.009921459999999827e-02
2.054086650000000111e-02
1.994058190000000050e-02
2.023204060000000082e-02
1.999832359999999948e-02
2.025980520000000146e-02
2.013007730000000023e-02
2.036629989999999904e-02
2.023971520000000107e-02
1.993106019999999964e-02
2.036370969999999961e-02
2.037702019999999836e-02
2.018952389999999902e-02
2.075657490000000147e-02
2.027658870000000058e-02
2.024770269999999830e-02
2.028208169999999935e-02
2.073052300000000070e-02
2.072596449999999924e-02
2.043182240000000066e-02
2.041669399999999912e-02
1.968485099999999974e-02
2.012229889999999841e-02
2.056265300000000018e-02
2.049956730000000032e-02
2.068328150000000101e-02
2.048624799999999857e-02
2.019863209999999895e-02
2.045637650000000154e-02
2.089244120000000038e-02
2.050860020000000103e-02
2.039043080000000133e-02
2.078558490000000092e-02
2.066209889999999841e-02
2.012972340000000054e-02
2.094253399999999876e-02
2.084907899999999953e-02
2.097402929999999874e-02
2.080037930000000132e-02
2.045744379999999904e-02
2.039808980000000146e-02
2.073761249999999876e-02
2.099095479999999944e-02
2.087261409999999900e-02
2.109653510000000093e-02
2.097243960000000004e-02
2.109466410000000042e-02
2.127318450000000027e-02
2.094637339999999917e-02
2.062360300000000077e-02
2.056870439999999856e-02
2.050356420000000110e-02
2.109578280000000070e-02
2.138258830000000152e-02
2.126949439999999830e-02
2.119446079999999857e-02
2.065843740000000012e-02
2.104972360000000042e-02
2.137868890000000147e-02
2.137725279999999964e-02
2.102032079999999886e-02
2.102260320000000002e-02
2.125169439999999993e-02
2.056505980000000039e-02
2.110424630000000065e-02
2.066906510000000169e-02
2.152084240000000023e-02
2.068884689999999846e-02
2.162433399999999853e-02
2.147444139999999876e-02
2.156466679999999997e-02
2.070966709999999891e-02
2.104183050000000069e-02
2.131382990000000102e-02
2.095831319999999845e-02
2.119123109999999921e-02
2.153300940000000066e-02
2.159572159999999935e-02
2.156260299999999963e-02
2.138344149999999930e-02
2.146803950000000100e-02
2.187590500000000104e-02
2.108092259999999954e-02
2.156970030000000121e-02
2.118645929999999830e-02
2.093269630000000117e-02
2.138783910000000010e-02
2.139701689999999948e-02
2.133467899999999876e-02
2.108937740000000130e-02
2.190377519999999953e-02
2.203147360000000041e-02
2.143987080000000003e-02
2.175706170000000009e-02
2.233103150000000092e-02
2.160561000000000079e-02
2.154972070000000031e-02
2.231909890000000063e-02
2.126819430000000122e-02
2.167140099999999986e-02
2.163917870000000090e-02
2.182510279999999928e-02
2.222573759999999995e-02
2.224792000000000089e-02
2.181265170000000128e-02
2.200102870000000127e-02
2.167512239999999993e-02
2.131073669999999920e-02
2.209246789999999919e-02
2.195496060000000013e-02
2.225474820000000048e-02
2.202535049999999883e-02
2.285684610000000144e-02
2.185489050000000155e-02
2.237498669999999842e-02
2.207968890000000170e-02
2.176167229999999980e-02
2.190378189999999878e-02
2.191533559999999867e-02
2.191625490000000120e-02
2.234669129999999893e-02
2.194123279999999829e-02
2.160771230000000168e-02
2.229910889999999965e-02
2.190401679999999865e-02
2.210453260000000072e-02
2.209361129999999965e-02
2.202056219999999967e-02
2.252025850000000107e-02
2.175734630000000086e-02
2.171797639999999835e-02
2.207549359999999919e-02
2.232771570000000039e-02
2.224642309999999915e-02
2.266826029999999964e-02
2.190078919999999957e-02
2.227680229999999886e-02
2.252982900000000122e-02
2.223841099999999960e-02
2.266296719999999834e-02
2.197566800000000029e-02
2.272307520000000150e-02
2.197623970000000052e-02
2.242972140000000156e-02
2.249438650000000137e-02
2.265271649999999956e-02
2.245933090000000118e-02
2.223678050000000087e-02
2.239702799999999938e-02
2.318523810000000171e-02
2.254731730000000128e-02
2.292470370000000007e-02
2.209964260000000028e-02
2.230102880000000079e-02
2.258475750000000018e-02
2.276698400000000053e-02
2.262871190000000088e-02
2.281534129999999994e-02
2.293304880000000129e-02
2.283214410000000000e-02
2.266256869999999993e-02
2.248246669999999850e-02
2.268425680000000014e-02
2.296840660000000131e-02
2.341709640000000023e-02
2.280318489999999879e-02
2.345701069999999930e-02
2.281357009999999963e-02
2.266947160000000114e-02
2.348534249999999907e-02
2.332531369999999923e-02
2.275590250000000120e-02
2.244625210000000121e-02
2.291405310000000153e-02
2.290723340000000094e-02
2.307666339999999913e-02
2.301811490000000085e-02
2.292129630000000126e-02
2.287288690000000013e-02
2.321762839999999897e-02
2.304978800000000161e-02
2.363162870000000068e-02
2.357676070000000110e-02
2.353363949999999830e-02
2.351368460000000105e-02
2.297423549999999884e-02
2.370911610000000017e-02
2.386005810000000130e-02
2.251053529999999872e-02
2.388817580000000135e-02
2.312371109999999952e-02
2.322975420000000096e-02
2.361080080000000150e-02
2.310778969999999904e-02
2.320892529999999884e-02
2.372615999999999961e-02
2.342658749999999845e-02
2.316400760000000142e-02
2.347517740000000172e-02
2.365340609999999968e-02
2.327094390000000040e-02
2.344796860000000066e-02
2.400474140000000145e-02
2.413607989999999939e-02
2.331589959999999864e-02
2.357729969999999842e-02
2.377159339999999899e-02
2.319064469999999878e-02
2.337523630000000116e-02
2.427411750000000104e-02
2.405690270000000047e-02
2.376430469999999892e-02
2.293681939999999905e-02
2.401670900000000067e-02
2.414108569999999857e-02
2.332779420000000159e-02
2.407867279999999915e-02
2.336284040000000117e-02
2.391432619999999884e-02
2.361077209999999996e-02
2.367404039999999876e-02
2.369501580000000010e-02
2.405908520000000009e-02
2.445655700000000030e-02
2.434330020000000094e-02
2.410007499999999858e-02
2.424981080000000039e-02
2.411936599999999972e-02
2.422518590000000138e-02
2.411569360000000162e-02
2.472305699999999967e-02
2.396586129999999856e-02
2.331566670000000119e-02
2.459848109999999977e-02
2.452264939999999893e-02
2.326330459999999961e-02
2.359606610000000021e-02
2.419275380000000114e-02
2.413443670000000110e-02
2.391683860000000036e-02
2.405674710000000119e-02
2.450206270000000047e-02
2.422398840000000025e-02
2.402360939999999973e-02
2.472750480000000112e-02
2.441202060000000063e-02
2.458358700000000049e-02
2.390420570000000022e-02
2.487911589999999840e-02
2.440247929999999829e-02
2.410311669999999976e-02
2.473526070000000091e-02
2.452969580000000094e-02
2.491148270000000109e-02
2.454417520000000061e-02
2.448882429999999985e-02
2.371165709999999843e-02
2.397672450000000108e-02
2.441202060000000063e-02
2.433266640000000119e-02
2.488075970000000123e-02
2.475487930000000100e-02
2.451883139999999975e-02
2.524052779999999899e-02
2.446925789999999934e-02
2.445081959999999971e-02
2.434357540000000111e-02
2.506666689999999947e-02
2.463678240000000130e-02
2.424417209999999920e-02
2.561281929999999901e-02
2.494982880000000056e-02
2.480204000000000089e-02
2.476477269999999981e-02
2.480945949999999872e-02
2.485945850000000068e-02
2.514404019999999865e-02
2.496331879999999850e-02
2.488052550000000029e-02
2.470271279999999847e-02
2.505043529999999991e-02
2.475186730000000085e-02
2.487096299999999940e-02
2.523347759999999829e-02
2.433280659999999956e-02
2.473388340000000005e-02
2.515377840000000004e-02
2.451059809999999936e-02
2.462617740000000097e-02
2.518504170000000070e-02
2.474425070000000129e-02
2.522149669999999844e-02
2.503494950000000052e-02
2.508799750000000051e-02
2.579824249999999874e-02
2.469851240000000073e-02
2.532672329999999944e-02
2.521063130000000124e-02
2.532768219999999987e-02
2.583440570000000019e-02
2.543143380000000009e-02
2.473346859999999911e-02
2.511482489999999901e-02
2.504743070000000141e-02
2.570267489999999988e-02
2.547855779999999917e-02
2.564661920000000164e-02
2.560751849999999899e-02
2.564554570000000117e-02
2.577120330000000001e-02
2.630303989999999842e-02
2.609835790000000072e-02
2.627797360000000068e-02
2.606539559999999922e-02
2.525121359999999912e-02
2.520299150000000071e-02
2.612797310000000012e-02
2.504687159999999940e-02
2.640886389999999931e-02
2.644879439999999957e-02
2.559092190000000072e-02
2.568358490000000049e-02
2.543209520000000098e-02
2.530388849999999981e-02
2.591768319999999959e-02
2.507236649999999845e-02
2.533042480000000096e-02
2.573527520000000110e-02
2.532124339999999862e-02
2.557314499999999852e-02
2.628273669999999992e-02
2.664500220000000016e-02
2.595080849999999856e-02
2.562160180000000106e-02
2.623262250000000032e-02
2.583982610000000110e-02
2.495019710000000168e-02
2.622788360000000152e-02
2.571840540000000161e-02
2.645466759999999876e-02
2.576422030000000141e-02
2.632855790000000057e-02
2.584564469999999989e-02
2.602371919999999991e-02
2.632462470000000027e-02
2.619914120000000138e-02
2.642901200000000173e-02
2.645853769999999966e-02
2.579596550000000030e-02
2.637986150000000071e-02
2.689583790000000044e-02
2.624673909999999943e-02
2.591259270000000059e-02
2.582458030000000029e-02
2.629016840000000105e-02
2.527037860000000066e-02
2.637985990000000017e-02
2.662242399999999870e-02
2.732781719999999998e-02
2.654426559999999852e-02
2.586240609999999884e-02
2.635817899999999894e-02
2.689403259999999934e-02
2.634785409999999828e-02
2.706524360000000032e-02
2.625190159999999870e-02
2.693233379999999955e-02
2.667215200000000105e-02
2.666677289999999992e-02
2.751923029999999923e-02
2.702441170000000059e-02
2.673196480000000069e-02
2.581074519999999872e-02
2.611131109999999950e-02
2.697685860000000047e-02
2.701979480000000003e-02
2.613961839999999828e-02
2.666172309999999962e-02
2.701295589999999983e-02
2.715837449999999875e-02
2.663384489999999841e-02
2.662824969999999861e-02
2.719723690000000124e-02
2.733519939999999940e-02
2.675454849999999926e-02
2.778837710000000086e-02
2.768070020000000173e-02
2.633393209999999873e-02
2.703865169999999929e-02
2.767130549999999994e-02
2.767591469999999831e-02
2.609115249999999914e-02
2.763533550000000019e-02
2.697981370000000073e-02
2.774063790000000015e-02
2.690679870000000154e-02
2.697219559999999849e-02
2.629429960000000122e-02
2.754089410000000113e-02
2.801763919999999963e-02
2.721671120000000027e-02
2.736069660000000139e-02
2.801668569999999844e-02
2.793560470000000170e-02
2.748031550000000142e-02
2.698764669999999949e-02
2.779208039999999866e-02
2.773567320000000155e-02
2.660204169999999882e-02
2.673171220000000042e-02
2.813754859999999941e-02
2.729187250000000148e-02
2.772278560000000086e-02
2.771571160000000159e-02
2.779598910000000145e-02
2.753854739999999843e-02
2.723967260000000057e-02
2.802577360000000142e-02
2.788844630000000130e-02
2.750948389999999938e-02
2.750988379999999914e-02
2.751663420000000082e-02
2.782205789999999887e-02
2.848410079999999858e-02
2.752518359999999928e-02
2.703630200000000164e-02
2.806651110000000018e-02
2.899366319999999858e-02
2.730536789999999867e-02
2.872481149999999914e-02
2.896074289999999926e-02
2.802821679999999843e-02
2.882609179999999841e-02
2.750780909999999899e-02
2.845358560000000106e-02
2.808561399999999833e-02
2.811551140000000115e-02
2.898124389999999842e-02
2.828247760000000138e-02
2.846262910000000104e-02
2.826926810000000151e-02
2.870327179999999923e-02
2.917408250000000022e-02
2.903610759999999957e-02
2.836105079999999903e-02
2.851154100000000136e-02
2.762814250000000110e-02
2.828089010000000084e-02
2.909391269999999849e-02
2.858945930000000163e-02
2.881340430000000133e-02
2.891874919999999974e-02
2.870898670000000125e-02
2.824395089999999844e-02
2.969778359999999950e-02
2.944067649999999869e-02
2.939600250000000067e-02
2.858552069999999862e-02
2.905073730000000062e-02
2.883190819999999904e-02
2.979364340000000000e-02
2.898778020000000039e-02
2.854209040000000100e-02
2.915994120000000092e-02
2.931017580000000108e-02
2.916346109999999950e-02
2.856895200000000162e-02
2.884619949999999919e-02
2.904355600000000162e-02
3.009079300000000110e-02
2.868142729999999946e-02
2.912721880000000013e-02
2.915765169999999865e-02
2.868621060000000125e-02
2.946105049999999878e-02
2.895317899999999903e-02
2.886396579999999865e-02
2.930583449999999909e-02
2.912764160000000033e-02
2.867831750000000152e-02
2.915597719999999879e-02
2.878389270000000083e-02
2.800139280000000022e-02
2.829155339999999894e-02
2.898493699999999881e-02
2.893707560000000067e-02
2.950788689999999867e-02
2.897325560000000091e-02
2.813538460000000047e-02
2.971245559999999980e-02
2.932023400000000057e-02
2.886681990000000003e-02
3.019751530000000170e-02
2.884013889999999941e-02
2.972620759999999862e-02
3.021524899999999958e-02
3.010666459999999933e-02
2.942239560000000156e-02
2.985899649999999850e-02
2.971644479999999838e-02
2.904737400000000080e-02
2.999436709999999881e-02
3.015217499999999981e-02
2.951966690000000157e-02
2.995135900000000032e-02
2.940788670000000007e-02
3.003451730000000069e-02
2.893585989999999941e-02
3.097705799999999829e-02
2.965456140000000129e-02
2.913763709999999882e-02
3.050367379999999878e-02
2.940080029999999831e-02
3.050667699999999941e-02
2.973706959999999899e-02
3.045126890000000169e-02
3.043624860000000015e-02
3.021657650000000167e-02
3.008136250000000012e-02
2.915200540000000007e-02
2.944998680000000119e-02
3.049191780000000060e-02
3.003885309999999864e-02
2.986761140000000064e-02
3.016550679999999846e-02
3.029440900000000131e-02
2.952967459999999988e-02
2.955349009999999957e-02
3.072325609999999874e-02
3.101550939999999854e-02
2.992407370000000136e-02
3.071090799999999857e-02
2.951971009999999895e-02
2.950761099999999956e-02
3.048287750000000171e-02
2.942987819999999879e-02
3.034890670000000082e-02
3.042559560000000080e-02
2.978761660000000047e-02
3.054652069999999955e-02
3.177011810000000130e-02
3.162374710000000200e-02
3.094072380000000011e-02
3.032473960000000093e-02
3.065808429999999918e-02
3.065350119999999887e-02
3.007831160000000101e-02
3.200896350000000112e-02
3.175111230000000201e-02
3.187521150000000025e-02
3.005570290000000172e-02
3.051134780000000143e-02
3.089796610000000027e-02
3.030822470000000060e-02
3.142711539999999693e-02
3.071496500000000032e-02
3.145981049999999751e-02
3.177758430000000162e-02
3.215939030000000004e-02
3.102555530000000034e-02
3.173597560000000067e-02
3.100332969999999855e-02
3.171613460000000106e-02
3.108856590000000017e-02
3.060438960000000028e-02
3.157512509999999689e-02
3.184376710000000332e-02
3.074822329999999868e-02
3.095181149999999895e-02
3.205158479999999782e-02
3.076045280000000090e-02
3.078399899999999939e-02
3.137517630000000168e-02
3.079539599999999919e-02
3.113017920000000008e-02
3.145266480000000198e-02
3.198955480000000018e-02
3.123491150000000036e-02
3.151346879999999961e-02
3.090762739999999842e-02
3.160613169999999805e-02
3.200078170000000138e-02
3.237811630000000246e-02
3.269345850000000137e-02
3.230628680000000030e-02
3.150672449999999958e-02
3.197823610000000150e-02
3.232346130000000178e-02
3.166070700000000321e-02
3.205905030000000266e-02
3.173250119999999896e-02
3.222063929999999937e-02
3.260743519999999979e-02
3.212458089999999794e-02
3.162125720000000251e-02
3.258132319999999804e-02
3.193716480000000080e-02
3.266918109999999986e-02
3.144879789999999870e-02
3.265324780000000010e-02
3.130524490000000104e-02
3.232424779999999720e-02
3.347915039999999759e-02
3.314149570000000239e-02
3.246629680000000240e-02
3.102773760000000075e-02
3.241576189999999941e-02
3.168341809999999925e-02
3.249144250000000206e-02
3.264475919999999809e-02
3.202833680000000127e-02
3.233149500000000176e-02
3.268658079999999660e-02
3.282922530000000061e-02
3.279601310000000020e-02
3.271709839999999841e-02
3.251284699999999750e-02
3.248520149999999801e-02
3.277324360000000159e-02
3.279088270000000277e-02
3.288541440000000010e-02
3.304618649999999797e-02
3.152681200000000128e-02
3.242429580000000255e-02
3.395228349999999951e-02
3.246365779999999673e-02
3.295758060000000128e-02
3.315769600000000039e-02
3.206550579999999789e-02
3.278574709999999837e-02
3.314551030000000009e-02
3.230172209999999933e-02
3.275282999999999667e-02
3.219745510000000116e-02
3.280673690000000114e-02
3.184186180000000282e-02
3.241193299999999694e-02
3.290901389999999899e-02
3.234673429999999905e-02
3.291074640000000301e-02
3.342081570000000196e-02
3.372440580000000271e-02
3.309336830000000201e-02
3.237097910000000245e-02
3.452984850000000161e-02
3.341166169999999769e-02
3.315056179999999880e-02
3.333134780000000102e-02
3.366219659999999947e-02
3.477877380000000268e-02
3.263453809999999899e-02
3.344641789999999726e-02
3.435340430000000111e-02
3.295783260000000048e-02
3.444895989999999936e-02
3.354583590000000115e-02
3.336931650000000277e-02
3.386383999999999922e-02
3.390815169999999990e-02
3.471352459999999668e-02
3.320998260000000007e-02
3.449993800000000083e-02
3.196620149999999938e-02
3.481668360000000212e-02
3.345274389999999820e-02
3.405716880000000252e-02
3.382513470000000216e-02
3.356776079999999884e-02
3.628207020000000227e-02
3.555002179999999790e-02
3.368290460000000069e-02
3.475769690000000273e-02
3.377736769999999805e-02
3.422477460000000055e-02
3.396281050000000273e-02
3.287757689999999677e-02
3.490481909999999799e-02
3.385886789999999896e-02
3.566648869999999860e-02
3.416363809999999751e-02
3.400602619999999743e-02
3.542993059999999944e-02
3.313253060000000139e-02
3.419308039999999910e-02
3.407305299999999898e-02
3.583194860000000342e-02
3.431533500000000236e-02
3.435469349999999839e-02
3.344947969999999965e-02
3.340752589999999855e-02
3.472023800000000049e-02
3.421494929999999851e-02
3.542479700000000092e-02
3.439988439999999703e-02
3.586160220000000204e-02
3.454297819999999769e-02
3.479438020000000242e-02
3.451954840000000246e-02
3.512104030000000321e-02
3.474249659999999879e-02
3.532701810000000303e-02
3.298863130000000143e-02
3.569629789999999997e-02
3.409858739999999805e-02
3.436987550000000086e-02
3.391972979999999943e-02
3.537547180000000235e-02
3.591872609999999938e-02
3.555764720000000045e-02
3.483519449999999962e-02
3.652874359999999654e-02
3.476374539999999708e-02
3.575412950000000228e-02
3.553225720000000032e-02
3.540273990000000065e-02
3.464212159999999902e-02
3.587353120000000284e-02
3.526979539999999802e-02
3.617637700000000262e-02
3.497324770000000138e-02
3.668278459999999713e-02
3.568911050000000279e-02
3.501252669999999761e-02
3.660367879999999741e-02
3.518036620000000031e-02
3.449411709999999909e-02
3.559308449999999679e-02
3.511418189999999939e-02
3.459072519999999845e-02
3.630529610000000212e-02
3.447973220000000172e-02
3.533421219999999946e-02
3.620218880000000000e-02
3.572318569999999999e-02
3.607769450000000017e-02
3.653991289999999892e-02
3.586205580000000059e-02
3.640036209999999994e-02
3.611823499999999854e-02
3.447776169999999807e-02
3.644860479999999930e-02
3.446759110000000015e-02
3.781734380000000006e-02
3.615114800000000100e-02
3.547209490000000076e-02
3.738500179999999784e-02
3.538487939999999943e-02
3.612160150000000292e-02
3.625417610000000040e-02
3.554270579999999763e-02
3.743926410000000121e-02
3.694347309999999884e-02
3.690283009999999891e-02
3.498561249999999900e-02
3.650398090000000345e-02
3.656325450000000310e-02
3.697088660000000249e-02
3.586170300000000172e-02
3.581819480000000139e-02
3.672745849999999729e-02
3.635012320000000074e-02
3.825283990000000189e-02
3.578948380000000068e-02
3.598027639999999694e-02
3.887354490000000107e-02
3.610434800000000138e-02
3.791425500000000087e-02
3.677096249999999705e-02
3.593667860000000075e-02
3.742883770000000193e-02
3.848625729999999995e-02
3.595969439999999878e-02
3.721806700000000051e-02
3.624795029999999807e-02
3.744800660000000003e-02
3.879886700000000077e-02
3.729697619999999825e-02
3.703371169999999934e-02
3.732557780000000242e-02
3.829516689999999668e-02
3.762021110000000196e-02
3.650185909999999895e-02
3.674356489999999753e-02
3.574035400000000195e-02
3.806367769999999956e-02
3.803752199999999722e-02
3.878086380000000249e-02
3.870729419999999893e-02
3.643316740000000081e-02
3.539049310000000337e-02
3.575373839999999859e-02
3.903303450000000091e-02
3.787274849999999748e-02
3.935519430000000013e-02
3.725020240000000149e-02
3.882584480000000199e-02
3.861022280000000334e-02
3.837915029999999783e-02
3.765443279999999837e-02
3.933501500000000095e-02
3.818343190000000192e-02
3.878553679999999920e-02
3.691431139999999667e-02
3.750411900000000243e-02
3.618515469999999956e-02
3.817607559999999789e-02
3.884601750000000325e-02
3.898263889999999815e-02
3.746382570000000162e-02
4.006079790000000029e-02
3.691350250000000055e-02
3.723170259999999954e-02
3.884101999999999694e-02
3.868295769999999939e-02
3.853600659999999872e-02
3.808240520000000240e-02
3.737423609999999952e-02
3.776070050000000095e-02
3.786688020000000127e-02
3.788391829999999960e-02
3.818956080000000114e-02
3.895096049999999949e-02
3.970211190000000334e-02
3.882525249999999734e-02
3.854078949999999865e-02
3.742561409999999728e-02
4.017933709999999686e-02
3.808999460000000309e-02
3.887538819999999951e-02
3.785797300000000309e-02
3.923753900000000183e-02
3.799861429999999707e-02
3.892983400000000344e-02
3.976949350000000272e-02
3.785247380000000134e-02
3.825924020000000259e-02
3.901310790000000334e-02
3.717142469999999699e-02
3.938255799999999807e-02
3.915820340000000094e-02
3.875860679999999781e-02
3.793811309999999687e-02
3.979520710000000044e-02
3.997719620000000224e-02
4.102837270000000286e-02
4.176494540000000311e-02
3.950681570000000309e-02
3.703473349999999997e-02
4.054080859999999870e-02
3.859771919999999829e-02
3.923477630000000299e-02
3.858627550000000295e-02
3.953582409999999853e-02
4.130595029999999807e-02
3.985304039999999770e-02
3.867899510000000207e-02
3.911017960000000293e-02
4.020609549999999699e-02
4.025400340000000188e-02
3.854783299999999663e-02
3.937937560000000226e-02
3.963231069999999939e-02
3.981159399999999876e-02
4.084801589999999955e-02
4.099896229999999697e-02
4.187657300000000027e-02
4.114895400000000147e-02
3.999982819999999689e-02
4.122358680000000331e-02
3.899171819999999733e-02
4.055798659999999833e-02
4.000612440000000242e-02
4.024955279999999774e-02
4.020494279999999726e-02
3.978718049999999812e-02
3.976151320000000100e-02
3.956413300000000133e-02
3.924900989999999951e-02
3.931589209999999945e-02
4.060839749999999720e-02
4.129806889999999842e-02
3.916778199999999821e-02
4.018793429999999861e-02
4.031316010000000200e-02
3.969364599999999910e-02
4.030581469999999777e-02
4.127876250000000330e-02
4.010395800000000205e-02
4.132538890000000270e-02
3.966070189999999773e-02
3.960556429999999989e-02
4.077488950000000140e-02
4.168906669999999925e-02
4.180949619999999728e-02
4.062493179999999982e-02
4.044477159999999849e-02
4.091937980000000252e-02
4.089440059999999849e-02
4.170818359999999697e-02
4.337448859999999684e-02
4.178807870000000174e-02
4.161132399999999815e-02
4.106564439999999677e-02
4.087903569999999653e-02
4.263936790000000254e-02
4.133990480000000051e-02
4.365209679999999814e-02
4.034184939999999747e-02
4.195934889999999862e-02
4.083865419999999774e-02
4.331057010000000096e-02
4.162166469999999813e-02
4.060594659999999800e-02
4.070073340000000123e-02
4.221959039999999969e-02
4.419488430000000079e-02
4.169101430000000247e-02
4.137081769999999964e-02
4.118506019999999823e-02
4.230882579999999810e-02
3.964729549999999880e-02
4.264517599999999992e-02
4.249924089999999877e-02
4.222289690000000095e-02
4.139358590000000171e-02
4.187575920000000118e-02
4.420808300000000218e-02
4.170887940000000266e-02
4.360099320000000028e-02
4.306615839999999862e-02
4.402141119999999908e-02
4.177622980000000180e-02
4.240184699999999945e-02
4.284249390000000046e-02
4.264303480000000007e-02
4.336411379999999954e-02
4.325385810000000053e-02
4.376680119999999674e-02
4.180373159999999783e-02
4.263911089999999904e-02
4.048428479999999913e-02
4.242572659999999801e-02
4.167951419999999657e-02
4.170204680000000330e-02
4.483375190000000315e-02
4.282308950000000142e-02
4.332893470000000191e-02
4.280264200000000185e-02
4.144621329999999965e-02
4.518214789999999703e-02
4.466598470000000126e-02
4.444053729999999924e-02
4.109209600000000157e-02
4.165544189999999952e-02
4.150181819999999855e-02
4.572680479999999964e-02
4.164072969999999679e-02
4.146835869999999924e-02
4.219907929999999752e-02
4.274937949999999681e-02
4.368196829999999864e-02
4.460188560000000191e-02
4.285603429999999825e-02
4.422444789999999820e-02
4.428291740000000337e-02
4.623740769999999667e-02
4.227763190000000115e-02
4.332161190000000106e-02
4.276418359999999835e-02
4.258096129999999757e-02
4.289624620000000166e-02
4.313586669999999734e-02
4.466661260000000244e-02
4.478492020000000157e-02
4.406406949999999711e-02
4.251559270000000029e-02
4.180040100000000092e-02
4.378682150000000328e-02
4.273510120000000023e-02
4.357676580000000022e-02
4.373687379999999930e-02
4.330542030000000125e-02
4.651615709999999682e-02
4.322577209999999698e-02
4.436026960000000186e-02
4.653488000000000069e-02
4.461971299999999835e-02
4.385856109999999863e-02
4.162629830000000308e-02
4.473811500000000191e-02
4.457008300000000339e-02
4.226957759999999675e-02
4.548367510000000252e-02
4.673358939999999739e-02
4.453492220000000029e-02
4.186211539999999676e-02
4.395534699999999878e-02
4.335499789999999742e-02
4.410851849999999907e-02
4.466578799999999794e-02
4.591943720000000312e-02
4.146724179999999871e-02
4.306276340000000230e-02
4.404161360000000136e-02
4.556526400000000115e-02
4.523331280000000149e-02
4.529260529999999674e-02
4.454288990000000031e-02
4.615846939999999898e-02
4.368401389999999884e-02
4.333787759999999795e-02
4.526829489999999873e-02
4.392304749999999952e-02
4.940516090000000166e-02
4.599156499999999814e-02
4.603615760000000223e-02
4.634360910000000222e-02
4.586829860000000286e-02
4.634830210000000228e-02
4.537115180000000220e-02
4.646310719999999922e-02
4.650182070000000167e-02
4.388442249999999906e-02
4.938001649999999854e-02
4.760073000000000082e-02
4.643184479999999670e-02
4.995329359999999691e-02
4.459578539999999730e-02
4.714077640000000069e-02
4.598395479999999730e-02
4.480852720000000344e-02
4.360600419999999949e-02
4.546091509999999891e-02
4.706030890000000022e-02
4.456358199999999742e-02
4.447207660000000035e-02
4.633267220000000103e-02
4.602933070000000265e-02
4.491105769999999969e-02
4.712738100000000291e-02
4.547773749999999698e-02
4.793748159999999814e-02
4.699110630000000177e-02
4.865544609999999937e-02
4.707012309999999977e-02
4.649061620000000117e-02
4.694509160000000236e-02
4.634830210000000228e-02
4.793520119999999940e-02
4.819131680000000167e-02
4.628073950000000103e-02
4.524318990000000124e-02
4.671147509999999670e-02
4.602826859999999826e-02
4.329605460000000156e-02
4.735085270000000124e-02
4.956426139999999675e-02
4.574526909999999946e-02
4.684243490000000038e-02
4.803682740000000256e-02
4.904334939999999837e-02
4.717103770000000140e-02
4.684880169999999788e-02
4.592853930000000140e-02
4.337306979999999701e-02
4.880938829999999923e-02
4.720528870000000043e-02
4.944745440000000020e-02
4.647222639999999683e-02
4.641006069999999845e-02
4.673143929999999668e-02
4.951341409999999998e-02
4.819183490000000097e-02
4.703878649999999884e-02
4.778422460000000122e-02
4.715851809999999783e-02
4.922793109999999694e-02
4.981697630000000293e-02
4.652072110000000232e-02
4.815078569999999697e-02
4.593516649999999923e-02
4.915936020000000184e-02
4.701629350000000040e-02
4.759159150000000227e-02
4.999015569999999686e-02
4.606474320000000094e-02
4.926486210000000088e-02
4.937294729999999743e-02
5.100265069999999901e-02
5.186299679999999829e-02
4.982978899999999933e-02
4.696675470000000185e-02
4.851719830000000150e-02
4.971859599999999685e-02
4.640512950000000303e-02
4.847050790000000109e-02
4.912926940000000159e-02
4.897583009999999931e-02
5.063320190000000082e-02
4.844943129999999820e-02
4.710575639999999703e-02
5.230145840000000046e-02
4.786268710000000232e-02
4.892048429999999726e-02
5.022834410000000249e-02
4.821809180000000139e-02
5.008943720000000321e-02
5.000949579999999783e-02
5.066119210000000206e-02
5.090654780000000018e-02
4.946043309999999943e-02
4.970836659999999796e-02
5.121658169999999954e-02
