6.147786480000000386e-03
6.125413740000000204e-03
6.190220649999999755e-03
6.196924769999999881e-03
6.155365230000000264e-03
6.170380700000000287e-03
6.216030180000000141e-03
6.248032159999999946e-03
6.228643619999999978e-03
6.227168719999999665e-03
6.322913329999999867e-03
6.306411300000000150e-03
6.301112269999999994e-03
6.363351270000000386e-03
6.370502939999999822e-03
6.367725940000000008e-03
6.425471969999999901e-03
6.460908970000000043e-03
6.364373720000000151e-03
6.427936129999999894e-03
6.418274590000000099e-03
6.462756180000000204e-03
6.447333199999999605e-03
6.443465500000000387e-03
6.464926499999999916e-03
6.507133370000000271e-03
6.505043910000000117e-03
6.484587239999999898e-03
6.565063680000000207e-03
6.498120989999999972e-03
6.519310349999999851e-03
6.509934359999999635e-03
6.548222819999999569e-03
6.571434339999999638e-03
6.591342210000000063e-03
6.585087150000000153e-03
6.574922859999999571e-03
6.603022220000000046e-03
6.615548899999999614e-03
6.564887160000000381e-03
6.571980590000000080e-03
6.533174749999999704e-03
6.592661569999999985e-03
6.571633359999999764e-03
6.602651170000000368e-03
6.632949180000000111e-03
6.612767250000000166e-03
6.591120130000000139e-03
6.646865939999999778e-03
6.590810760000000330e-03
6.663276919999999888e-03
6.638548319999999781e-03
6.687340489999999728e-03
6.660777780000000023e-03
6.663420500000000364e-03
6.638986640000000411e-03
6.707501349999999730e-03
6.662400770000000139e-03
6.646779159999999589e-03
6.670510630000000239e-03
6.690681809999999771e-03
6.721954579999999888e-03
6.669175609999999574e-03
6.698489590000000424e-03
6.700492029999999613e-03
6.704748279999999706e-03
6.772992569999999705e-03
6.751431599999999783e-03
6.704303570000000323e-03
6.755373109999999841e-03
6.777347379999999755e-03
6.741513959999999826e-03
6.754740930000000150e-03
6.769965160000000412e-03
6.783849760000000215e-03
6.707918850000000287e-03
6.761130750000000217e-03
6.768769959999999634e-03
6.798384480000000014e-03
6.761928500000000120e-03
6.809387059999999839e-03
6.830740719999999801e-03
6.809801239999999783e-03
6.811133900000000338e-03
6.778711770000000157e-03
6.864440240000000207e-03
6.843118639999999642e-03
6.834847370000000054e-03
6.789662759999999693e-03
6.893422140000000052e-03
6.805132470000000051e-03
6.878324530000000381e-03
6.864855189999999677e-03
6.920950309999999994e-03
6.810155049999999828e-03
6.877704400000000245e-03
6.858179009999999798e-03
6.893135009999999847e-03
6.859768020000000383e-03
6.898324180000000097e-03
6.880897549999999939e-03
6.919385370000000375e-03
6.922170420000000116e-03
6.925325759999999969e-03
6.936464170000000012e-03
7.000861189999999824e-03
6.936144899999999863e-03
6.922831400000000086e-03
6.925139379999999643e-03
7.005272639999999933e-03
6.935104309999999724e-03
6.987284069999999576e-03
6.979165370000000104e-03
6.996057550000000375e-03
6.980527599999999597e-03
6.966803290000000287e-03
6.947605980000000347e-03
6.944960049999999822e-03
7.001689779999999662e-03
6.984824560000000085e-03
6.987063170000000142e-03
7.012345859999999723e-03
6.992033239999999837e-03
7.008700399999999789e-03
7.040029229999999680e-03
7.034167790000000337e-03
7.068017440000000200e-03
7.040749869999999785e-03
7.067810909999999724e-03
7.078534249999999910e-03
7.039062979999999997e-03
7.085593620000000398e-03
7.050456850000000157e-03
7.092096709999999755e-03
7.035531099999999850e-03
7.118850700000000156e-03
7.066066119999999708e-03
7.149848999999999788e-03
7.084991789999999998e-03
7.054546519999999737e-03
7.136740600000000129e-03
7.091705850000000304e-03
7.073121249999999791e-03
7.165004800000000264e-03
7.156309579999999872e-03
7.131508669999999869e-03
7.111309280000000302e-03
7.133839030000000206e-03
7.142118339999999760e-03
7.128150179999999912e-03
7.103526920000000425e-03
7.168090490000000002e-03
7.263635489999999834e-03
7.144129879999999884e-03
7.150824580000000354e-03
7.246239489999999582e-03
7.176487080000000171e-03
7.132884360000000222e-03
7.268369610000000383e-03
7.155818619999999679e-03
7.225786599999999872e-03
7.239892230000000324e-03
7.217759239999999715e-03
7.274564550000000261e-03
7.272939669999999891e-03
7.216068489999999738e-03
7.271430409999999830e-03
7.295461260000000309e-03
7.251716660000000030e-03
7.303013470000000416e-03
7.305515349999999741e-03
7.297502350000000318e-03
7.241104400000000080e-03
7.329023609999999779e-03
7.286630990000000051e-03
7.310972330000000199e-03
7.310819890000000432e-03
7.323818210000000196e-03
7.295122569999999695e-03
7.339445669999999922e-03
7.338977479999999817e-03
7.293265269999999953e-03
7.354622629999999980e-03
7.340940639999999837e-03
7.363381639999999617e-03
7.359062220000000404e-03
7.322463090000000049e-03
7.316091900000000134e-03
7.376079029999999676e-03
7.362750139999999811e-03
7.329170720000000028e-03
7.426053069999999888e-03
7.356170839999999662e-03
7.412871579999999981e-03
7.384352969999999870e-03
7.381977060000000264e-03
7.417267570000000282e-03
7.375051720000000248e-03
7.397089760000000354e-03
7.455057820000000370e-03
7.477366170000000235e-03
7.476669719999999748e-03
7.429046449999999850e-03
7.470706970000000162e-03
7.396899000000000182e-03
7.422209699999999730e-03
7.460278249999999743e-03
7.419753890000000199e-03
7.531119390000000358e-03
7.454568140000000266e-03
7.491138770000000009e-03
7.472627449999999852e-03
7.527274080000000145e-03
7.443286290000000055e-03
7.554137990000000212e-03
7.525495729999999786e-03
7.549144009999999780e-03
7.564217679999999701e-03
7.533389130000000058e-03
7.539224189999999860e-03
7.509504799999999584e-03
7.526094439999999643e-03
7.592370260000000023e-03
7.543871429999999753e-03
7.657145019999999670e-03
7.609212310000000243e-03
7.603857379999999673e-03
7.634997689999999983e-03
7.609151389999999938e-03
7.533937150000000367e-03
7.590553090000000391e-03
7.644559280000000172e-03
7.633669400000000181e-03
7.574804610000000250e-03
7.642132939999999978e-03
7.610406400000000252e-03
7.565144830000000362e-03
7.687434110000000362e-03
7.613400529999999819e-03
7.700255169999999788e-03
7.649256109999999671e-03
7.652547550000000399e-03
7.647704699999999765e-03
7.661734990000000287e-03
7.690649780000000275e-03
7.689471409999999903e-03
7.659735439999999958e-03
7.661462160000000188e-03
7.640602970000000271e-03
7.665477119999999922e-03
7.735604709999999856e-03
7.695497519999999585e-03
7.725748539999999741e-03
7.769794210000000034e-03
7.803811459999999804e-03
7.686777730000000225e-03
7.751347649999999583e-03
7.727541210000000126e-03
7.751251600000000005e-03
7.732512720000000138e-03
7.784152310000000408e-03
7.807394060000000247e-03
7.772631210000000360e-03
7.837295859999999365e-03
7.777970070000000090e-03
7.799780549999999618e-03
7.740705349999999971e-03
7.795386260000000331e-03
7.795174059999999960e-03
7.792258839999999936e-03
7.846680820000000167e-03
7.894075279999999278e-03
7.790568109999999880e-03
7.878380799999999337e-03
7.876617690000000532e-03
7.845404040000000107e-03
7.890464180000000827e-03
7.908221459999999897e-03
7.890132540000000666e-03
7.929276929999999612e-03
7.909208109999999597e-03
7.831222529999999279e-03
7.849208410000000843e-03
7.948625719999999686e-03
7.887312770000000015e-03
7.985172159999999811e-03
7.946187119999999909e-03
7.930645099999999656e-03
7.949141990000000227e-03
7.970980440000000750e-03
7.915593020000000202e-03
8.028933699999999188e-03
7.996892199999999437e-03
8.000857360000000404e-03
8.049671560000000795e-03
7.976305959999999140e-03
7.951595179999999818e-03
8.053407230000000222e-03
7.977339950000000499e-03
8.034554299999999843e-03
8.031784869999999271e-03
7.992770249999999604e-03
8.041587319999999803e-03
7.987603019999999290e-03
8.036277119999999177e-03
8.002931249999999455e-03
8.077143009999999262e-03
8.028214349999999999e-03
8.072406659999999817e-03
8.037104090000000284e-03
8.027915999999999525e-03
8.098336719999999975e-03
8.038032369999999899e-03
8.051818130000000864e-03
8.100678300000000581e-03
8.089857029999999657e-03
8.036787300000000633e-03
8.098002269999999767e-03
8.142377830000000274e-03
8.122989630000000683e-03
8.068932040000000722e-03
8.141879089999999944e-03
8.134875780000000098e-03
8.065462279999999554e-03
8.137800730000000274e-03
8.170179110000000064e-03
8.162303379999999442e-03
8.174149860000000378e-03
8.184566319999999479e-03
8.212100320000000411e-03
8.166025710000000132e-03
8.171265460000000369e-03
8.190163360000000600e-03
8.243355600000000158e-03
8.171312179999999301e-03
8.151946930000000813e-03
8.207297049999999483e-03
8.183180769999999493e-03
8.197456219999999655e-03
8.245965239999999974e-03
8.235346120000000547e-03
8.248546569999999287e-03
8.174383780000000696e-03
8.300069709999999962e-03
8.247396080000000268e-03
8.239285929999999591e-03
8.261396420000000768e-03
8.227964750000000410e-03
8.303973920000000744e-03
8.326931180000000238e-03
8.276767330000000394e-03
8.304396730000000032e-03
8.347784880000000407e-03
8.352219909999999969e-03
8.348339039999999600e-03
8.272628529999999369e-03
8.234660269999999338e-03
8.396744790000000569e-03
8.330063349999999867e-03
8.380383559999999427e-03
8.341764229999999725e-03
8.395692070000000326e-03
8.341359879999999533e-03
8.390517130000000462e-03
8.358250580000000513e-03
8.395543829999999388e-03
8.439611950000000182e-03
8.375617449999999201e-03
8.417888440000000083e-03
8.354231829999999442e-03
8.362804740000000236e-03
8.410973389999999716e-03
8.467814179999999871e-03
8.447176429999999833e-03
8.398669520000000624e-03
8.427733479999999569e-03
8.462004800000000673e-03
8.456753659999999978e-03
8.514399330000000168e-03
8.478481090000000026e-03
8.419197669999999717e-03
8.471129500000000589e-03
8.584584600000000343e-03
8.581252459999999180e-03
8.424842269999999883e-03
8.484070669999999731e-03
8.499236230000000239e-03
8.541500150000000749e-03
8.515080450000000328e-03
8.548573300000000819e-03
8.462704830000000733e-03
8.577053549999999818e-03
8.594911950000000758e-03
8.526361979999999216e-03
8.533850149999999343e-03
8.579702760000000247e-03
8.634795379999999146e-03
8.613759119999999866e-03
8.551767190000000157e-03
8.586154849999999561e-03
8.654018919999999226e-03
8.605798280000000189e-03
8.582637540000000176e-03
8.563757720000000559e-03
8.613019459999999433e-03
8.638908889999999743e-03
8.609456280000000322e-03
8.699563769999999960e-03
8.649632489999999757e-03
8.604794860000000711e-03
8.652387480000000783e-03
8.664334839999999344e-03
8.737423160000000466e-03
8.627167260000000518e-03
8.657057549999999657e-03
8.707394309999999873e-03
8.669601759999999435e-03
8.733077230000000496e-03
8.672902359999999991e-03
8.831167799999999415e-03
8.716691829999999655e-03
8.641357840000000665e-03
8.809437899999999697e-03
8.724594250000000314e-03
8.801225540000000638e-03
8.752248080000000346e-03
8.786811599999999611e-03
8.704806089999999469e-03
8.877374829999999661e-03
8.772406289999999662e-03
8.731936350000000374e-03
8.713197860000000683e-03
8.825897010000000042e-03
8.799747309999999753e-03
8.759617779999999410e-03
8.802786550000000348e-03
8.902119639999999182e-03
8.975391669999999156e-03
8.866188190000000649e-03
8.868492500000000126e-03
8.855934819999999527e-03
8.846520709999999843e-03
8.944591910000000701e-03
8.845299230000000859e-03
8.898096779999999789e-03
8.905851589999999596e-03
8.850423680000000376e-03
8.956085480000000598e-03
8.927739339999999149e-03
8.863883919999999278e-03
8.911584400000000308e-03
8.831543460000000623e-03
8.945772330000000688e-03
8.928968940000000382e-03
8.971733940000000546e-03
8.886478510000000303e-03
8.974156400000000630e-03
9.083445489999999664e-03
9.041669190000000550e-03
8.978060919999999306e-03
8.974954130000000613e-03
9.078912220000000602e-03
8.979302590000000014e-03
9.010447989999999935e-03
8.921112670000000064e-03
9.011115729999999782e-03
9.133101069999999960e-03
8.933642909999999285e-03
9.071546729999999462e-03
9.021588730000000209e-03
9.072257360000000534e-03
8.954674010000000101e-03
9.068615159999999717e-03
9.042565710000000437e-03
9.160253579999999562e-03
9.070464509999999134e-03
9.048446209999999948e-03
9.069565349999999387e-03
9.102086400000000688e-03
9.145493529999999816e-03
9.124702849999999366e-03
9.134475189999999648e-03
9.185119179999999550e-03
9.099694409999999414e-03
9.178824940000000071e-03
9.143082179999999573e-03
9.142557650000000813e-03
9.197174509999999498e-03
9.169330369999999231e-03
9.221788749999999465e-03
9.297106720000000019e-03
9.258550259999999768e-03
9.129070470000000270e-03
9.186951179999999773e-03
9.303167569999999664e-03
9.241688410000000603e-03
9.220174819999999577e-03
9.214820710000000067e-03
9.259469270000000862e-03
9.258407749999999353e-03
9.264439759999999746e-03
9.272863480000000796e-03
9.301916610000000515e-03
9.259691150000000717e-03
9.403202290000000838e-03
9.269596130000000087e-03
9.399675720000000290e-03
9.234649470000000013e-03
9.303601649999999890e-03
9.301785910000000615e-03
9.303286020000000808e-03
9.348224489999999373e-03
9.319139120000000109e-03
9.303138270000000515e-03
9.294881399999999766e-03
9.441092599999999224e-03
9.288049019999999531e-03
9.404722449999999845e-03
9.395604820000000301e-03
9.398449609999999857e-03
9.441716049999999971e-03
9.342207209999999970e-03
9.437880469999999911e-03
9.450177710000000342e-03
9.428977030000000592e-03
9.386508210000000033e-03
9.548443729999999893e-03
9.432398380000000040e-03
9.538424829999999494e-03
9.438293469999999366e-03
9.482225639999999553e-03
9.521808379999999877e-03
9.479253639999999162e-03
9.522253090000000128e-03
9.380311210000000580e-03
9.554003300000000684e-03
9.565403829999999386e-03
9.554345509999999375e-03
9.506580080000000266e-03
9.516952650000000402e-03
9.527715359999999398e-03
9.383638149999999969e-03
9.586931689999999770e-03
9.501268679999999231e-03
9.519067799999999385e-03
9.578425510000000351e-03
9.684193420000000718e-03
9.497135170000000487e-03
9.535246719999999551e-03
9.657821780000000814e-03
9.693238919999999648e-03
9.619262209999999980e-03
9.570284880000000036e-03
9.731227000000000280e-03
9.509744150000000798e-03
9.742062929999999871e-03
9.683813200000000385e-03
9.595214180000000495e-03
9.626409429999999851e-03
9.567165630000000823e-03
9.744321230000000181e-03
9.604493579999999822e-03
9.581283059999999227e-03
9.787980030000000692e-03
9.672864760000000200e-03
9.854557899999999773e-03
9.794132150000000800e-03
9.644338239999999604e-03
9.719108619999999865e-03
9.760403900000000701e-03
9.719891010000000428e-03
9.668427460000000168e-03
9.777233890000000538e-03
9.695951720000000121e-03
9.751856450000000523e-03
9.775571590000000505e-03
9.701702740000000061e-03
9.827368750000000860e-03
9.757405999999999718e-03
9.735809189999999891e-03
9.901886159999999729e-03
9.868780239999999648e-03
9.818199370000000800e-03
9.763979589999999265e-03
9.800262350000000025e-03
9.854015409999999919e-03
9.914079359999999549e-03
9.813228519999999885e-03
9.918345760000000719e-03
9.781950129999999674e-03
9.984900169999999867e-03
9.918824640000000609e-03
9.923745070000000029e-03
9.918428470000000691e-03
9.907051019999999972e-03
9.894833029999999460e-03
9.926312819999999829e-03
1.000220440000000079e-02
9.963411199999999343e-03
9.918784070000000522e-03
9.960545330000000752e-03
9.961048230000000073e-03
9.925636709999999599e-03
9.916082600000000746e-03
9.919783370000000849e-03
1.004810209999999933e-02
9.945928760000000146e-03
1.000244989999999994e-02
1.003377159999999969e-02
1.008011630000000061e-02
9.966117400000000168e-03
1.009273760000000027e-02
1.006652010000000028e-02
1.003635190000000052e-02
1.011518479999999956e-02
1.011357029999999935e-02
1.000971389999999982e-02
1.007121249999999926e-02
1.004917729999999995e-02
1.005796769999999993e-02
1.015682430000000060e-02
1.014135660000000001e-02
1.007326629999999966e-02
1.020002430000000078e-02
1.007058790000000051e-02
1.010110630000000086e-02
1.007942069999999933e-02
1.010993859999999994e-02
1.011550280000000045e-02
1.015364160000000078e-02
1.021237789999999979e-02
1.012225450000000040e-02
1.016903169999999919e-02
1.019991829999999933e-02
1.027272559999999925e-02
1.014534329999999991e-02
1.013174740000000011e-02
1.033702339999999914e-02
1.019833839999999964e-02
1.020622990000000056e-02
1.033505990000000048e-02
1.017240160000000039e-02
1.021589000000000004e-02
1.020257660000000073e-02
1.023804839999999973e-02
1.029379650000000063e-02
1.024089759999999988e-02
1.029756700000000053e-02
1.025233839999999987e-02
1.034571549999999986e-02
1.034172459999999939e-02
1.026585940000000058e-02
1.038928530000000038e-02
1.026314270000000008e-02
1.025983029999999983e-02
1.046415430000000035e-02
1.029441269999999999e-02
1.028225439999999949e-02
1.038662199999999987e-02
1.034117329999999918e-02
1.037190170000000002e-02
1.044722019999999932e-02
1.036599199999999922e-02
1.043094259999999968e-02
1.039431319999999971e-02
1.038003290000000071e-02
1.034831330000000015e-02
1.057516770000000057e-02
1.032563440000000034e-02
1.047712509999999993e-02
1.045152570000000038e-02
1.044586789999999918e-02
1.046203920000000030e-02
1.041041290000000070e-02
1.054687940000000046e-02
1.041416539999999967e-02
1.057291559999999978e-02
1.045287689999999971e-02
1.047860469999999967e-02
1.050810660000000077e-02
1.049023120000000010e-02
1.055349629999999955e-02
1.061433850000000068e-02
1.060551040000000042e-02
1.056424459999999975e-02
1.050154070000000085e-02
1.069496869999999981e-02
1.062235639999999960e-02
1.064738030000000023e-02
1.063334519999999984e-02
1.061385360000000055e-02
1.056371099999999993e-02
1.059145750000000004e-02
1.061027120000000018e-02
1.066276730000000061e-02
1.055171119999999928e-02
1.066233660000000076e-02
1.072576519999999915e-02
1.075515789999999944e-02
1.067206170000000072e-02
1.056315180000000006e-02
1.066802120000000069e-02
1.066794220000000064e-02
1.069196730000000067e-02
1.067000390000000069e-02
1.084659370000000053e-02
1.082176169999999986e-02
1.086808379999999914e-02
1.081964640000000061e-02
1.079923240000000076e-02
1.057947300000000070e-02
1.077527560000000016e-02
1.089657779999999958e-02
1.085357179999999963e-02
1.081606790000000026e-02
1.080535820000000022e-02
1.078505109999999996e-02
1.080529380000000081e-02
1.080700970000000004e-02
1.077999739999999963e-02
1.083492460000000032e-02
1.083461389999999976e-02
1.087465230000000081e-02
1.088521419999999990e-02
1.091010650000000075e-02
1.094568379999999973e-02
1.093886269999999952e-02
1.091709570000000060e-02
1.088756719999999997e-02
1.107863159999999958e-02
1.096922739999999993e-02
1.105783190000000048e-02
1.088734979999999956e-02
1.099361800000000014e-02
1.111238359999999932e-02
1.097430530000000071e-02
1.100200989999999997e-02
1.098487060000000008e-02
1.104665340000000016e-02
1.101822239999999953e-02
1.106318650000000063e-02
1.096606529999999934e-02
1.111868530000000022e-02
1.108713530000000023e-02
1.104673070000000007e-02
1.102995600000000048e-02
1.102278419999999995e-02
1.115651429999999986e-02
1.113258959999999936e-02
1.120103190000000005e-02
1.097663819999999957e-02
1.110322379999999914e-02
1.097272919999999971e-02
1.120620890000000036e-02
1.112369860000000064e-02
1.118055469999999947e-02
1.104314080000000017e-02
1.122993280000000003e-02
1.109476830000000018e-02
1.125571660000000002e-02
1.118377239999999995e-02
1.119028369999999946e-02
1.114429519999999944e-02
1.108338520000000035e-02
1.130911050000000043e-02
1.123617759999999931e-02
1.122982139999999934e-02
1.117360480000000045e-02
1.118315909999999941e-02
1.116848280000000068e-02
1.141218419999999976e-02
1.128749710000000010e-02
1.127614210000000075e-02
1.138983879999999962e-02
1.134747529999999976e-02
1.130889019999999946e-02
1.145033139999999949e-02
1.128895639999999943e-02
1.140780970000000033e-02
1.129161669999999978e-02
1.127759620000000004e-02
1.143873580000000049e-02
1.125473140000000059e-02
1.129572189999999976e-02
1.136298569999999973e-02
1.137870900000000074e-02
1.125648429999999943e-02
1.144949259999999969e-02
1.138883050000000056e-02
1.135071080000000024e-02
1.134387289999999951e-02
1.132061690000000023e-02
1.139650849999999938e-02
1.148899119999999968e-02
1.160255930000000067e-02
1.159322789999999923e-02
1.154586250000000022e-02
1.146225470000000052e-02
1.135157489999999957e-02
1.127531260000000021e-02
1.148272829999999987e-02
1.148301749999999961e-02
1.160686390000000012e-02
1.154083480000000009e-02
1.146454130000000050e-02
1.151247589999999932e-02
1.159820429999999965e-02
1.161098349999999980e-02
1.145338169999999926e-02
1.155155429999999914e-02
1.160652510000000082e-02
1.149920639999999980e-02
1.169252420000000021e-02
1.153585250000000069e-02
1.155190920000000003e-02
1.166312469999999935e-02
1.163458350000000016e-02
1.158474770000000008e-02
1.175206470000000024e-02
1.156511489999999948e-02
1.165995390000000055e-02
1.165224750000000073e-02
1.172923730000000053e-02
1.168032490000000048e-02
1.178965000000000048e-02
1.169604200000000024e-02
1.175438110000000085e-02
1.169219150000000082e-02
1.180665269999999975e-02
1.156334590000000079e-02
1.173485950000000000e-02
1.165119939999999937e-02
1.164860199999999922e-02
1.179609849999999939e-02
1.173620560000000063e-02
1.172041490000000005e-02
1.171754830000000004e-02
1.170615929999999950e-02
1.192809610000000048e-02
1.191937749999999983e-02
1.191045590000000022e-02
1.180544059999999972e-02
1.180478039999999923e-02
1.190820409999999996e-02
1.193511950000000071e-02
1.188186850000000003e-02
1.200743389999999952e-02
1.173663150000000058e-02
1.189458659999999973e-02
1.204105460000000002e-02
1.181566990000000074e-02
1.192584319999999941e-02
1.188252509999999929e-02
1.185101510000000080e-02
1.203900980000000009e-02
1.173269180000000023e-02
1.197808099999999980e-02
1.187236409999999943e-02
1.198851209999999938e-02
1.197192589999999945e-02
1.204909470000000045e-02
1.209809119999999925e-02
1.195818180000000029e-02
1.206056840000000081e-02
1.211702169999999933e-02
1.201511310000000048e-02
1.205199550000000085e-02
1.210358490000000044e-02
1.200803980000000014e-02
1.205227300000000050e-02
1.203086549999999970e-02
1.220442620000000006e-02
1.212726889999999995e-02
1.214099199999999976e-02
1.201659189999999995e-02
1.222568939999999979e-02
1.208561980000000084e-02
1.218532169999999963e-02
1.225976410000000072e-02
1.221766129999999999e-02
1.221332399999999936e-02
1.218486939999999935e-02
1.220405069999999995e-02
1.210973920000000051e-02
1.219943949999999916e-02
1.220470459999999958e-02
1.222446869999999942e-02
1.216997090000000031e-02
1.224008579999999978e-02
1.223492240000000064e-02
1.225495759999999969e-02
1.215560759999999990e-02
1.233559440000000021e-02
1.234415129999999992e-02
1.224872720000000012e-02
1.222181469999999992e-02
1.232900680000000027e-02
1.229084190000000014e-02
1.221805469999999970e-02
1.234215129999999966e-02
1.228236469999999941e-02
1.233525790000000039e-02
1.234268170000000012e-02
1.228648740000000059e-02
1.243564750000000080e-02
1.247174570000000003e-02
1.241097610000000025e-02
1.228415669999999987e-02
1.229537280000000087e-02
1.235031330000000045e-02
1.247683869999999945e-02
1.243010509999999992e-02
1.243502139999999936e-02
1.256521390000000030e-02
1.258052659999999920e-02
1.255822179999999989e-02
1.239600830000000056e-02
1.237629200000000054e-02
1.258598099999999956e-02
1.260863079999999942e-02
1.261649299999999946e-02
1.255910189999999947e-02
1.266993609999999930e-02
1.260141489999999989e-02
1.265049780000000040e-02
1.260987350000000035e-02
1.261430669999999941e-02
1.259988989999999941e-02
1.257199600000000021e-02
1.258811209999999986e-02
1.256374149999999953e-02
1.261817190000000082e-02
1.263434069999999979e-02
1.246288339999999939e-02
1.258005840000000000e-02
1.281167650000000074e-02
1.268663100000000030e-02
1.266006880000000029e-02
1.289875279999999971e-02
1.283241509999999939e-02
1.277246540000000034e-02
1.252415970000000066e-02
1.279905200000000000e-02
1.289629519999999953e-02
1.282850590000000034e-02
1.283919629999999944e-02
1.280376230000000032e-02
1.292875230000000049e-02
1.277987870000000040e-02
1.288288809999999993e-02
1.284306439999999966e-02
1.276152510000000059e-02
1.302475319999999923e-02
1.282267030000000009e-02
1.281928960000000041e-02
1.278872569999999972e-02
1.290727600000000051e-02
1.294112220000000028e-02
1.287792270000000065e-02
1.283274319999999982e-02
1.290202170000000030e-02
1.300778110000000085e-02
1.302723230000000024e-02
1.301829759999999919e-02
1.286739819999999958e-02
1.286244240000000011e-02
1.302110819999999919e-02
1.303499389999999980e-02
1.288490190000000056e-02
1.298197170000000081e-02
1.290165499999999972e-02
1.301403249999999977e-02
1.299832379999999940e-02
1.301935910000000078e-02
1.303917840000000036e-02
1.301697400000000060e-02
1.314782460000000000e-02
1.286061959999999955e-02
1.281470430000000021e-02
1.316900220000000003e-02
1.316667770000000057e-02
1.313936700000000075e-02
1.307353099999999935e-02
1.302987140000000030e-02
1.315091349999999992e-02
1.314470369999999957e-02
1.321469899999999989e-02
1.297879289999999929e-02
1.300652750000000010e-02
1.326275489999999974e-02
1.309424919999999971e-02
1.331705920000000008e-02
1.308892879999999995e-02
1.312591949999999952e-02
1.318580410000000022e-02
1.311026329999999927e-02
1.313076910000000007e-02
1.333443160000000009e-02
1.303638149999999940e-02
1.333815250000000042e-02
1.334682889999999969e-02
1.320916199999999999e-02
1.339998669999999982e-02
1.338476750000000028e-02
1.332458079999999934e-02
1.330298849999999970e-02
1.342745939999999936e-02
1.325646649999999947e-02
1.341567599999999964e-02
1.339069550000000081e-02
1.343004270000000035e-02
1.324090630000000074e-02
1.321936360000000067e-02
1.345907430000000023e-02
1.341820170000000007e-02
1.335496639999999950e-02
1.329688639999999922e-02
1.346638179999999976e-02
1.359849219999999942e-02
1.326169030000000013e-02
1.343298050000000035e-02
1.361245730000000022e-02
1.340114029999999942e-02
1.348509900000000039e-02
1.357984469999999957e-02
1.361295790000000006e-02
1.365553469999999936e-02
1.355825369999999995e-02
1.347645700000000071e-02
1.340166180000000075e-02
1.354752220000000028e-02
1.372724600000000024e-02
1.353126709999999920e-02
1.356727460000000003e-02
1.364075940000000070e-02
1.352487810000000019e-02
1.356651820000000057e-02
1.342544529999999993e-02
1.366408409999999955e-02
1.382246420000000052e-02
1.363970729999999972e-02
1.380458260000000034e-02
1.370735510000000053e-02
1.359745759999999963e-02
1.381234540000000031e-02
1.365218590000000058e-02
1.368253369999999913e-02
1.376791219999999941e-02
1.373618199999999956e-02
1.366975339999999990e-02
1.381104260000000014e-02
1.372669659999999937e-02
1.380399700000000014e-02
1.373304849999999917e-02
1.374167159999999978e-02
1.389638730000000016e-02
1.385730150000000042e-02
1.365354059999999981e-02
1.378716909999999976e-02
1.374663310000000076e-02
1.389709599999999941e-02
1.382864770000000014e-02
1.379114610000000025e-02
1.391089000000000041e-02
1.402367109999999931e-02
1.389935259999999957e-02
1.411499379999999956e-02
1.404921179999999922e-02
1.411323880000000044e-02
1.401656079999999936e-02
1.388785730000000052e-02
1.403998750000000004e-02
1.397364119999999939e-02
1.375662830000000045e-02
1.402815630000000049e-02
1.420129850000000082e-02
1.417026050000000023e-02
1.399303879999999958e-02
1.427260489999999937e-02
1.400925769999999959e-02
1.386016560000000002e-02
1.400286910000000072e-02
1.402116649999999957e-02
1.400195190000000020e-02
1.424795730000000087e-02
1.416901339999999954e-02
1.401325599999999998e-02
1.412177889999999963e-02
1.407482879999999957e-02
1.412584570000000039e-02
1.422800230000000055e-02
1.404436939999999939e-02
1.431500169999999975e-02
1.425542569999999933e-02
1.435248780000000085e-02
1.403672530000000043e-02
1.438062189999999956e-02
1.412131110000000057e-02
1.418893130000000065e-02
1.405787789999999975e-02
1.443928920000000019e-02
1.435853959999999936e-02
1.438939550000000074e-02
1.442782360000000041e-02
1.444047849999999938e-02
1.429688030000000019e-02
1.458358419999999933e-02
1.449429669999999920e-02
1.406017749999999983e-02
1.440087699999999943e-02
1.452902919999999980e-02
1.443799439999999927e-02
1.447601549999999980e-02
1.442093030000000074e-02
1.447352810000000073e-02
1.451729340000000069e-02
1.429505889999999925e-02
1.448818309999999956e-02
1.445618159999999958e-02
1.461456319999999975e-02
1.441434209999999973e-02
1.425279049999999929e-02
1.449632189999999939e-02
1.455848520000000042e-02
1.467508070000000074e-02
1.432799180000000026e-02
1.442582220000000054e-02
1.451459410000000005e-02
1.436243939999999955e-02
1.470150259999999931e-02
1.452143059999999944e-02
1.473039169999999960e-02
1.467683380000000051e-02
1.466681679999999946e-02
1.460951500000000000e-02
1.476492689999999927e-02
1.457446169999999930e-02
1.488457649999999979e-02
1.471022230000000076e-02
1.471335430000000020e-02
1.466217979999999942e-02
1.475636309999999937e-02
1.461660109999999950e-02
1.468033510000000055e-02
1.484381920000000035e-02
1.489703229999999982e-02
1.448409280000000077e-02
1.469884630000000032e-02
1.470019399999999976e-02
1.470413129999999929e-02
1.506261639999999929e-02
1.482012109999999994e-02
1.494322749999999964e-02
1.472787549999999938e-02
1.494761309999999982e-02
1.472674310000000007e-02
1.481336519999999941e-02
1.474434120000000029e-02
1.474901099999999937e-02
1.501267220000000041e-02
1.484399689999999980e-02
1.492483739999999996e-02
1.522065539999999974e-02
1.491906810000000021e-02
1.478196719999999922e-02
1.498889089999999938e-02
1.527946290000000047e-02
1.495337759999999967e-02
1.498928270000000028e-02
1.494295550000000056e-02
1.501305059999999934e-02
1.501723039999999960e-02
1.523777190000000052e-02
1.496915759999999963e-02
1.531662639999999999e-02
1.497262140000000033e-02
1.521440370000000028e-02
1.493712479999999981e-02
1.536160590000000027e-02
1.504290309999999943e-02
1.488200940000000000e-02
1.494472590000000059e-02
1.535544590000000043e-02
1.501339049999999946e-02
1.534418820000000086e-02
1.519996889999999934e-02
1.513379890000000026e-02
1.502521339999999921e-02
1.531843140000000054e-02
1.534004660000000062e-02
1.530256049999999951e-02
1.532475930000000083e-02
1.522761540000000004e-02
1.533804339999999926e-02
1.532933359999999988e-02
1.545041320000000058e-02
1.545585260000000016e-02
1.532778389999999921e-02
1.535065539999999965e-02
1.531329120000000064e-02
1.521704500000000022e-02
1.544574400000000083e-02
1.537425060000000010e-02
1.543842510000000001e-02
1.527553620000000022e-02
1.527380849999999957e-02
1.529631690000000065e-02
1.557761210000000070e-02
1.556549280000000049e-02
1.534862030000000085e-02
1.555003710000000053e-02
1.543530299999999918e-02
1.519279559999999960e-02
1.582404769999999974e-02
1.546672089999999965e-02
1.538216059999999996e-02
1.562214609999999955e-02
1.583365310000000095e-02
1.558867400000000028e-02
1.550280449999999997e-02
1.587974500000000067e-02
1.545787470000000059e-02
1.571787529999999974e-02
1.561621449999999953e-02
1.559962259999999983e-02
1.580509130000000081e-02
1.575025130000000037e-02
1.596697169999999888e-02
1.538861040000000062e-02
1.592675249999999862e-02
1.572281600000000057e-02
1.572360310000000053e-02
1.570324420000000082e-02
1.583396319999999871e-02
1.533489260000000035e-02
1.580190550000000124e-02
1.585300740000000069e-02
1.585643479999999939e-02
1.587365350000000119e-02
1.588000529999999966e-02
1.576456999999999858e-02
1.578658759999999883e-02
1.571823740000000136e-02
1.580881630000000038e-02
1.612931219999999902e-02
1.591462709999999850e-02
1.589362459999999963e-02
1.586507959999999828e-02
1.574647720000000098e-02
1.612709520000000021e-02
1.608293430000000065e-02
1.604155239999999899e-02
1.580169970000000132e-02
1.578227759999999841e-02
1.609808609999999890e-02
1.601632030000000109e-02
1.603526519999999914e-02
1.603155419999999914e-02
1.587177719999999931e-02
1.564355980000000160e-02
1.575610170000000046e-02
1.609317669999999964e-02
1.599978510000000034e-02
1.589297510000000149e-02
1.633025689999999946e-02
1.597700219999999977e-02
1.632266770000000145e-02
1.627224539999999955e-02
1.620344959999999931e-02
1.572807719999999923e-02
1.655697940000000132e-02
1.631917089999999904e-02
1.639340350000000057e-02
1.596441570000000157e-02
1.587942800000000099e-02
1.634600989999999976e-02
1.611621140000000021e-02
1.619312679999999893e-02
1.640873229999999933e-02
1.618859439999999900e-02
1.626021880000000017e-02
1.634191639999999987e-02
1.625911030000000077e-02
1.634227239999999984e-02
1.620529760000000152e-02
1.625598730000000006e-02
1.634635779999999913e-02
1.664213180000000125e-02
1.645018100000000122e-02
1.635396429999999915e-02
1.651116789999999834e-02
1.611292010000000066e-02
1.658058360000000050e-02
1.648496329999999885e-02
1.677623810000000021e-02
1.657495570000000126e-02
1.678958120000000054e-02
1.642386909999999853e-02
1.636842830000000137e-02
1.651303609999999963e-02
1.637641739999999915e-02
1.653884259999999912e-02
1.649975149999999974e-02
1.686392050000000073e-02
1.632272980000000137e-02
1.643261130000000028e-02
1.641641760000000019e-02
1.665216820000000111e-02
1.657106419999999913e-02
1.664728799999999967e-02
1.674066379999999965e-02
1.689764300000000039e-02
1.668811120000000120e-02
1.664276019999999870e-02
1.662432830000000125e-02
1.646762709999999991e-02
1.664221600000000134e-02
1.680686580000000097e-02
1.666699270000000094e-02
1.678699659999999955e-02
1.672721630000000015e-02
1.686185550000000172e-02
1.663393679999999875e-02
1.650783949999999958e-02
1.664579910000000065e-02
1.668902679999999944e-02
1.650055300000000114e-02
1.674758490000000100e-02
1.703466039999999848e-02
1.733292339999999848e-02
1.705511789999999972e-02
1.686012320000000037e-02
1.688698110000000016e-02
1.683924740000000003e-02
1.722934489999999874e-02
1.688205309999999890e-02
1.684036490000000164e-02
1.701595560000000035e-02
1.700536689999999906e-02
1.671047059999999918e-02
1.712052470000000048e-02
1.685603310000000077e-02
1.724714180000000083e-02
1.673882299999999990e-02
1.705573390000000161e-02
1.734446720000000150e-02
1.721137349999999830e-02
1.711928730000000093e-02
1.717482050000000010e-02
1.711666099999999829e-02
1.690333750000000065e-02
1.691783659999999967e-02
1.701550240000000019e-02
1.698079590000000152e-02
1.710148499999999960e-02
1.704753759999999910e-02
1.703502819999999987e-02
1.739775039999999842e-02
1.755835639999999906e-02
1.711693359999999844e-02
1.737316880000000160e-02
1.700057040000000144e-02
1.741441440000000146e-02
1.717355840000000036e-02
1.713067999999999882e-02
1.756174779999999935e-02
1.741358759999999881e-02
1.739204570000000075e-02
1.710037999999999836e-02
1.746318100000000123e-02
1.749071959999999940e-02
1.740814090000000064e-02
1.734103990000000067e-02
1.748407819999999932e-02
1.732932480000000039e-02
1.756616039999999920e-02
1.739703969999999850e-02
1.755375890000000078e-02
1.728355900000000042e-02
1.753528099999999978e-02
1.741913739999999960e-02
1.739027740000000100e-02
1.794573130000000002e-02
1.746480900000000128e-02
1.764215270000000016e-02
1.770144159999999939e-02
1.745315340000000090e-02
1.744641469999999930e-02
1.785135280000000116e-02
1.748959560000000121e-02
1.731410629999999978e-02
1.777710719999999953e-02
1.761021290000000170e-02
1.746387970000000053e-02
1.746952259999999882e-02
1.793628099999999836e-02
1.770315249999999951e-02
1.724113730000000067e-02
1.792578510000000097e-02
1.781336060000000138e-02
1.762370469999999939e-02
1.783740890000000065e-02
1.770657780000000139e-02
1.793906199999999868e-02
1.760334919999999997e-02
1.781843329999999864e-02
1.796051179999999872e-02
1.748248670000000088e-02
1.770493830000000046e-02
1.739421379999999892e-02
1.788562189999999899e-02
1.812924180000000107e-02
1.778545130000000127e-02
1.815016569999999829e-02
1.799475580000000144e-02
1.829433449999999864e-02
1.785146610000000120e-02
1.813563569999999958e-02
1.801994679999999877e-02
1.796859459999999853e-02
1.797301609999999925e-02
1.813389589999999871e-02
1.828636429999999993e-02
1.803330750000000163e-02
1.801983580000000168e-02
1.798892759999999938e-02
1.779223289999999971e-02
1.844185070000000162e-02
1.844059820000000169e-02
1.846622579999999958e-02
1.854757090000000094e-02
1.807547550000000031e-02
1.836431609999999992e-02
1.790673309999999893e-02
1.822116739999999832e-02
1.802173420000000026e-02
1.829240190000000141e-02
1.842256459999999998e-02
1.827733709999999900e-02
1.818664760000000130e-02
1.849704060000000039e-02
1.877880549999999885e-02
1.819294280000000041e-02
1.850023209999999974e-02
1.805459020000000150e-02
1.811280059999999942e-02
1.809897610000000059e-02
1.830584960000000011e-02
1.846690590000000035e-02
1.892514359999999951e-02
1.822890970000000041e-02
1.874410899999999838e-02
1.847863090000000097e-02
1.827132620000000013e-02
1.869762089999999974e-02
1.875919369999999933e-02
1.896065259999999905e-02
1.841975170000000050e-02
1.870517450000000123e-02
1.870386649999999928e-02
1.905952790000000133e-02
1.870932689999999995e-02
1.833295030000000117e-02
1.890636479999999869e-02
1.894187049999999928e-02
1.905725009999999914e-02
1.845391290000000101e-02
1.856476359999999909e-02
1.855277530000000105e-02
1.873081620000000003e-02
1.855434010000000036e-02
1.879293469999999966e-02
1.848546120000000084e-02
1.854117809999999977e-02
1.827750259999999863e-02
1.862069439999999854e-02
1.885084030000000119e-02
1.845254660000000130e-02
1.867786629999999837e-02
1.878193220000000038e-02
1.892052550000000027e-02
1.893529869999999865e-02
1.904387499999999830e-02
1.877691210000000110e-02
1.877780050000000048e-02
1.900232639999999834e-02
1.880633010000000091e-02
1.891155679999999978e-02
1.876441989999999907e-02
1.908340830000000016e-02
1.879501550000000146e-02
1.889603349999999932e-02
1.870870180000000146e-02
1.921044360000000173e-02
1.894300900000000024e-02
1.925378700000000137e-02
1.908156020000000008e-02
1.951198759999999907e-02
1.907709759999999879e-02
1.948175179999999881e-02
1.892101820000000045e-02
1.964674519999999938e-02
1.902469140000000170e-02
1.928181949999999839e-02
1.918359229999999985e-02
1.921669850000000054e-02
1.942529189999999892e-02
1.910098630000000089e-02
1.959661199999999937e-02
1.943589189999999842e-02
1.926562260000000068e-02
1.916554349999999990e-02
1.932844530000000019e-02
1.943269629999999984e-02
1.931454510000000027e-02
1.940028800000000164e-02
1.946311749999999827e-02
1.952163289999999871e-02
1.943948919999999997e-02
1.965375839999999874e-02
1.949570540000000046e-02
1.944752749999999891e-02
1.932053400000000032e-02
1.969924879999999934e-02
1.926024070000000032e-02
1.930349979999999854e-02
1.945187240000000040e-02
1.964287270000000113e-02
1.978267330000000115e-02
1.930302730000000092e-02
1.933541800000000005e-02
1.915824420000000056e-02
1.964261180000000107e-02
1.935495400000000060e-02
1.963862070000000140e-02
1.935941849999999950e-02
1.949185689999999999e-02
1.964992410000000050e-02
1.961071940000000055e-02
1.976132059999999996e-02
1.977131799999999953e-02
1.963267130000000138e-02
1.975154540000000070e-02
2.000990080000000088e-02
1.950427320000000173e-02
2.002691100000000141e-02
1.950576190000000154e-02
1.942231120000000033e-02
2.041223870000000162e-02
1.997264509999999854e-02
1.990184199999999945e-02
1.949919519999999962e-02
1.979222229999999874e-02
1.938625869999999890e-02
1.977564390000000061e-02
2.024109049999999951e-02
2.022647779999999992e-02
1.992413690000000015e-02
1.982429449999999899e-02
1.995953870000000130e-02
2.002728999999999968e-02
2.001789650000000004e-02
1.960009639999999928e-02
2.022902589999999931e-02
1.999046529999999947e-02
2.039915770000000003e-02
1.992577159999999944e-02
2.013178740000000008e-02
2.021788719999999956e-02
2.006041979999999975e-02
2.040916120000000125e-02
2.050282029999999853e-02
2.034778469999999964e-02
2.004982099999999892e-02
2.016576590000000030e-02
2.053582639999999848e-02
2.010722419999999913e-02
2.036039649999999909e-02
2.095339980000000130e-02
2.029042340000000028e-02
2.046267220000000039e-02
1.943494750000000076e-02
2.008688100000000087e-02
2.025241599999999878e-02
2.048912710000000068e-02
2.060002379999999883e-02
2.046684710000000115e-02
2.024240550000000124e-02
2.052634509999999926e-02
2.046726579999999865e-02
2.041796859999999922e-02
2.032442979999999830e-02
2.041717089999999998e-02
2.015223869999999834e-02
2.015609910000000157e-02
2.015449539999999984e-02
1.981758559999999975e-02
2.049775950000000055e-02
2.107605699999999874e-02
2.075146129999999936e-02
2.059935059999999998e-02
1.984904230000000130e-02
2.041529109999999994e-02
2.098061890000000110e-02
2.099212430000000143e-02
2.080992489999999862e-02
2.086450620000000061e-02
2.089105780000000134e-02
2.092191789999999982e-02
2.078053180000000166e-02
2.036652740000000072e-02
2.085792829999999834e-02
2.028609379999999837e-02
2.102691699999999914e-02
2.046974119999999883e-02
2.099325900000000023e-02
2.091003719999999858e-02
2.070986799999999933e-02
2.103432140000000006e-02
2.065754020000000121e-02
2.084792460000000139e-02
2.093894309999999939e-02
2.087968869999999935e-02
2.078780350000000027e-02
2.106076479999999945e-02
2.127648609999999857e-02
2.115294969999999969e-02
2.110458780000000131e-02
2.077917599999999990e-02
2.120785860000000064e-02
2.084811799999999882e-02
2.140877589999999955e-02
2.089730580000000171e-02
2.045396000000000020e-02
2.149677440000000161e-02
2.137224849999999968e-02
2.111313589999999976e-02
2.156360709999999986e-02
2.124837450000000016e-02
2.100744599999999906e-02
2.154769789999999921e-02
2.119607150000000009e-02
2.164073979999999939e-02
2.109743359999999984e-02
2.152918259999999848e-02
2.138131990000000093e-02
2.132700909999999880e-02
2.145852369999999912e-02
2.151927489999999957e-02
2.118763430000000086e-02
2.137305889999999847e-02
2.101297879999999840e-02
2.138747519999999874e-02
2.151232009999999931e-02
2.145307880000000070e-02
2.136879629999999947e-02
2.142794040000000136e-02
2.149529340000000052e-02
2.130257769999999856e-02
2.101576239999999873e-02
2.129375569999999995e-02
2.136814440000000051e-02
2.144906400000000032e-02
2.124214199999999858e-02
2.138612079999999832e-02
2.185563020000000009e-02
2.159187640000000130e-02
2.177873240000000044e-02
2.140668440000000061e-02
2.143719129999999834e-02
2.238575229999999888e-02
2.208205309999999866e-02
2.199191740000000159e-02
2.178692080000000156e-02
2.152849429999999925e-02
2.193912580000000057e-02
2.165177529999999864e-02
2.145419310000000121e-02
2.197063299999999983e-02
2.262977329999999940e-02
2.185164880000000157e-02
2.188280410000000009e-02
2.177752510000000030e-02
2.200073829999999939e-02
2.188188430000000129e-02
2.202941900000000147e-02
2.266539680000000112e-02
2.188246779999999947e-02
2.185351519999999964e-02
2.187355519999999859e-02
2.263717189999999921e-02
2.196854590000000065e-02
2.201226829999999857e-02
2.172857350000000076e-02
2.191976110000000075e-02
2.186497570000000071e-02
2.168096129999999913e-02
2.213782749999999855e-02
2.166878989999999894e-02
2.227660910000000064e-02
2.218995270000000131e-02
2.222072749999999888e-02
2.230701009999999998e-02
2.233172809999999994e-02
2.248775880000000033e-02
2.192465619999999990e-02
2.239095760000000060e-02
2.247716380000000166e-02
2.248564529999999909e-02
2.199248659999999966e-02
2.196685680000000015e-02
2.283834920000000004e-02
2.246868100000000076e-02
2.260001589999999921e-02
2.203334590000000093e-02
2.217221009999999909e-02
2.256765739999999978e-02
2.206700530000000118e-02
2.267820820000000098e-02
2.252667239999999946e-02
2.261745269999999863e-02
2.257750080000000062e-02
2.263613440000000060e-02
2.216008490000000164e-02
2.267819869999999904e-02
2.250039510000000076e-02
2.295612619999999951e-02
2.193534200000000003e-02
2.248449350000000097e-02
2.212409259999999905e-02
2.315663919999999890e-02
2.279197809999999880e-02
2.238513409999999884e-02
2.273553099999999980e-02
2.264368459999999833e-02
2.255440010000000009e-02
2.247768119999999856e-02
2.241746869999999836e-02
2.296310600000000049e-02
2.255980109999999872e-02
2.282961260000000020e-02
2.288582600000000147e-02
2.279197809999999880e-02
2.285139970000000034e-02
2.230330850000000059e-02
2.295582579999999942e-02
2.351579499999999906e-02
2.311066850000000061e-02
2.307472340000000025e-02
2.271958979999999864e-02
2.315534309999999971e-02
2.329808449999999989e-02
2.305406819999999968e-02
2.288765430000000087e-02
2.291601680000000113e-02
2.331096360000000159e-02
2.344761650000000072e-02
2.318662809999999866e-02
2.326336849999999928e-02
2.343548280000000081e-02
2.248371810000000109e-02
2.329813920000000163e-02
2.265383630000000065e-02
2.309276929999999964e-02
2.256403640000000099e-02
2.357313570000000094e-02
2.312561230000000079e-02
2.301069340000000060e-02
2.331450939999999902e-02
2.299840490000000168e-02
2.351739770000000132e-02
2.461532539999999880e-02
2.327287180000000080e-02
2.361459850000000027e-02
2.367039619999999900e-02
2.410725420000000077e-02
2.331977450000000118e-02
2.340091589999999944e-02
2.348649159999999930e-02
2.368504910000000102e-02
2.302440830000000022e-02
2.343639720000000037e-02
2.377388919999999864e-02
2.408945510000000054e-02
2.304949800000000160e-02
2.351032399999999911e-02
2.383861090000000127e-02
2.347193180000000171e-02
2.351295169999999962e-02
2.345168939999999966e-02
2.400148759999999951e-02
2.419007990000000136e-02
2.417093479999999836e-02
2.348863160000000047e-02
2.388523329999999931e-02
2.368748000000000034e-02
2.376711420000000158e-02
2.392231770000000091e-02
2.318004720000000143e-02
2.430262089999999861e-02
2.345002909999999857e-02
2.471664620000000104e-02
2.364344859999999854e-02
2.417057900000000106e-02
2.380403970000000147e-02
2.442752230000000066e-02
2.384186220000000106e-02
2.460530420000000065e-02
2.395333540000000108e-02
2.430196849999999992e-02
2.409097329999999870e-02
2.466589099999999882e-02
2.381696330000000056e-02
2.438423179999999954e-02
2.398620190000000027e-02
2.388562740000000142e-02
2.374286130000000106e-02
2.492798419999999945e-02
2.446190980000000070e-02
2.473076039999999934e-02
2.426569950000000142e-02
2.426834140000000070e-02
2.428518970000000110e-02
2.431803340000000119e-02
2.418292060000000118e-02
2.406266320000000070e-02
2.452006019999999897e-02
2.385303500000000160e-02
2.482221459999999977e-02
2.437003399999999875e-02
2.513987189999999927e-02
2.424175950000000135e-02
2.398132910000000048e-02
2.428923289999999902e-02
2.408723960000000094e-02
2.428335109999999950e-02
2.518257080000000162e-02
2.464164300000000127e-02
2.456753240000000144e-02
2.498362570000000130e-02
2.438618509999999906e-02
2.478784009999999982e-02
2.432418470000000110e-02
2.440366149999999984e-02
2.446574079999999998e-02
2.513694039999999838e-02
2.486219209999999957e-02
2.434725319999999846e-02
2.435229209999999894e-02
2.498830839999999914e-02
2.530453360000000165e-02
2.432926170000000027e-02
2.469405179999999839e-02
2.462620080000000114e-02
2.468308890000000047e-02
2.506188800000000091e-02
2.457815130000000001e-02
2.466908110000000029e-02
2.448606609999999864e-02
2.564009849999999979e-02
2.493617119999999923e-02
2.458928410000000078e-02
2.454906730000000134e-02
2.490430579999999838e-02
2.562559910000000024e-02
2.514802669999999934e-02
2.455515990000000162e-02
2.481119879999999986e-02
2.544671999999999906e-02
2.484268800000000166e-02
2.467992529999999893e-02
2.545596040000000157e-02
2.504782919999999982e-02
2.569454289999999891e-02
2.570360060000000113e-02
2.518203169999999949e-02
2.540276370000000075e-02
2.470677799999999869e-02
2.489316249999999967e-02
2.570690830000000107e-02
2.634268719999999925e-02
2.540112710000000038e-02
2.550191760000000002e-02
2.516506699999999930e-02
2.525800079999999947e-02
2.556964349999999928e-02
2.580668800000000124e-02
2.604269130000000029e-02
2.592180859999999865e-02
2.527502740000000039e-02
2.585777759999999953e-02
2.514846100000000043e-02
2.630549680000000140e-02
2.588976839999999890e-02
2.545294210000000057e-02
2.595150510000000105e-02
2.543795680000000142e-02
2.572410019999999894e-02
2.550965700000000155e-02
2.510957559999999963e-02
2.551271919999999888e-02
2.561705779999999891e-02
2.516225370000000142e-02
2.518739810000000107e-02
2.640071100000000032e-02
2.612939579999999998e-02
2.600656079999999828e-02
2.645244219999999882e-02
2.636954550000000091e-02
2.584393720000000005e-02
2.584346049999999839e-02
2.589148310000000119e-02
2.594359799999999827e-02
2.574269399999999999e-02
2.597725910000000041e-02
2.573455220000000002e-02
2.520416740000000141e-02
2.593021610000000032e-02
2.649012190000000003e-02
2.608650779999999864e-02
2.592655500000000043e-02
2.628478290000000120e-02
2.592838000000000087e-02
2.715358940000000068e-02
2.572930220000000170e-02
2.561000180000000057e-02
2.566930580000000017e-02
2.672670029999999960e-02
2.602760479999999960e-02
2.631637530000000003e-02
2.645132539999999963e-02
2.602760479999999960e-02
2.642442750000000007e-02
2.686545740000000071e-02
2.639121380000000044e-02
2.574021840000000061e-02
2.594636510000000035e-02
2.670588999999999949e-02
2.620656559999999871e-02
2.588611130000000038e-02
2.694333999999999965e-02
2.625890410000000091e-02
2.567657740000000091e-02
2.646593540000000133e-02
2.655820750000000008e-02
2.665734209999999840e-02
2.666395709999999988e-02
2.689514260000000143e-02
2.671321990000000146e-02
2.623329279999999861e-02
2.716915129999999956e-02
2.603598039999999864e-02
2.656695660000000028e-02
2.645784240000000065e-02
2.628820759999999854e-02
2.671155650000000062e-02
2.671575080000000019e-02
2.632327200000000172e-02
2.658359030000000123e-02
2.762068189999999923e-02
2.669716030000000156e-02
2.736598419999999865e-02
2.723686109999999896e-02
2.726791259999999939e-02
2.688402429999999996e-02
2.715806570000000100e-02
2.690208009999999969e-02
2.770956620000000065e-02
2.728405130000000067e-02
2.745899530000000047e-02
2.743250599999999886e-02
2.631847910000000013e-02
2.741543830000000084e-02
2.647647189999999956e-02
2.759600190000000008e-02
2.692593609999999887e-02
2.756033700000000072e-02
2.710382080000000096e-02
2.745408490000000173e-02
2.809309520000000115e-02
2.681665719999999989e-02
2.717866949999999879e-02
2.697663410000000067e-02
2.726687809999999920e-02
2.745707600000000040e-02
2.781076790000000173e-02
2.705002980000000001e-02
2.747901529999999953e-02
2.854732730000000135e-02
2.711717380000000163e-02
2.771908999999999831e-02
2.666082269999999962e-02
2.713233690000000156e-02
2.729636870000000035e-02
2.761018939999999866e-02
2.758680510000000030e-02
2.763661889999999982e-02
2.772225789999999829e-02
2.749973279999999923e-02
2.709179960000000081e-02
2.777548469999999853e-02
2.808374090000000101e-02
2.775164969999999870e-02
2.782478310000000010e-02
2.803011349999999860e-02
2.800382720000000117e-02
2.750181490000000104e-02
2.725610159999999893e-02
2.791621700000000011e-02
2.743123780000000095e-02
2.756794770000000130e-02
2.743050179999999977e-02
2.818347490000000163e-02
2.797618779999999986e-02
2.933725939999999935e-02
2.801676369999999902e-02
2.769087610000000102e-02
2.833130000000000023e-02
2.848322279999999929e-02
2.886495799999999959e-02
2.814105189999999840e-02
2.839779590000000159e-02
2.781540509999999924e-02
2.857673039999999998e-02
2.812877280000000008e-02
2.865840420000000111e-02
2.786085049999999924e-02
2.817624540000000094e-02
2.886928089999999877e-02
2.743727730000000004e-02
2.831551300000000049e-02
2.766862600000000172e-02
2.868256549999999988e-02
2.837748630000000091e-02
2.797951980000000158e-02
2.865459760000000147e-02
2.839116850000000108e-02
2.807189519999999869e-02
2.948296980000000150e-02
2.881696740000000076e-02
2.836258889999999921e-02
2.958051780000000089e-02
2.831026039999999869e-02
2.900039230000000037e-02
2.898801029999999862e-02
2.950587730000000034e-02
2.832627080000000089e-02
2.872219830000000140e-02
2.973706370000000002e-02
2.799265620000000038e-02
2.968808189999999972e-02
2.905233639999999992e-02
2.903830560000000144e-02
2.793130300000000107e-02
2.942168779999999872e-02
2.808103480000000152e-02
2.897943409999999970e-02
2.950492520000000049e-02
2.848636759999999962e-02
2.907353140000000155e-02
2.895979829999999894e-02
2.923083799999999857e-02
2.900247580000000006e-02
2.877579729999999933e-02
2.878875100000000131e-02
2.980160239999999836e-02
2.928345619999999858e-02
2.899476050000000110e-02
2.843647040000000029e-02
2.915454879999999915e-02
2.926696430000000002e-02
2.830097590000000066e-02
2.881696740000000076e-02
3.013208670000000131e-02
2.846566940000000087e-02
2.984371800000000172e-02
2.989938749999999923e-02
2.911847180000000021e-02
2.918101999999999849e-02
2.970846339999999933e-02
3.021772450000000110e-02
3.019465639999999867e-02
2.971383370000000093e-02
2.985928989999999880e-02
2.912185969999999888e-02
3.022199960000000046e-02
2.966996859999999903e-02
3.016610020000000045e-02
2.958283080000000120e-02
2.938890129999999906e-02
2.993926599999999910e-02
2.994991350000000135e-02
2.948089699999999896e-02
2.901680519999999888e-02
3.092443870000000095e-02
2.973561679999999971e-02
2.978076879999999940e-02
3.019638560000000027e-02
2.970884160000000079e-02
2.967218530000000076e-02
2.979707629999999927e-02
2.997554919999999984e-02
2.776439429999999833e-02
2.975699830000000032e-02
2.974051470000000155e-02
2.916952110000000167e-02
2.950259449999999978e-02
2.948790100000000039e-02
3.072533629999999946e-02
2.975699830000000032e-02
2.961692960000000124e-02
2.965679660000000023e-02
2.919121870000000035e-02
3.040845260000000008e-02
3.045908290000000004e-02
2.963136339999999924e-02
3.053795949999999967e-02
2.966954679999999830e-02
2.999618269999999864e-02
2.997149429999999837e-02
3.046316699999999933e-02
3.041606599999999855e-02
3.075002190000000052e-02
3.051518900000000159e-02
3.062358180000000069e-02
3.067731729999999962e-02
3.123177380000000114e-02
2.964683200000000143e-02
3.116553310000000007e-02
3.076681989999999894e-02
3.035464699999999849e-02
3.088174949999999974e-02
3.112234870000000000e-02
2.967500890000000086e-02
3.060437809999999939e-02
3.110022529999999924e-02
3.034131430000000171e-02
3.032199220000000167e-02
2.960612610000000131e-02
3.044990800000000122e-02
3.211062099999999891e-02
3.037591759999999988e-02
3.077150260000000026e-02
3.058616169999999954e-02
3.061162460000000154e-02
3.039301289999999864e-02
2.994666920000000135e-02
3.039984479999999906e-02
3.077221960000000103e-02
3.193851300000000171e-02
3.053350159999999869e-02
3.049393400000000032e-02
3.272723269999999740e-02
3.154093300000000016e-02
3.112056959999999831e-02
3.023474829999999933e-02
3.148943409999999804e-02
3.161331939999999924e-02
3.138733440000000124e-02
3.141146840000000329e-02
3.129720799999999997e-02
3.248314420000000119e-02
3.194863509999999740e-02
3.106243419999999908e-02
3.156107949999999857e-02
3.089072080000000026e-02
3.061716730000000122e-02
3.079237660000000085e-02
3.133124310000000301e-02
3.148666349999999781e-02
3.116771899999999998e-02
3.049176979999999870e-02
3.123677360000000000e-02
3.220528990000000313e-02
3.123077549999999855e-02
3.166991990000000284e-02
3.104541190000000006e-02
3.161331939999999924e-02
3.274707529999999756e-02
3.187044990000000022e-02
3.241183360000000208e-02
3.146972580000000075e-02
3.133689170000000107e-02
3.186514829999999993e-02
3.144984509999999844e-02
3.182092630000000338e-02
3.189064910000000141e-02
3.080374079999999987e-02
3.192247580000000251e-02
3.305186470000000265e-02
3.246940410000000166e-02
3.256863930000000046e-02
3.295821360000000116e-02
3.364008179999999903e-02
3.203636480000000147e-02
3.212832379999999710e-02
3.311150129999999858e-02
3.153190599999999844e-02
3.215395509999999929e-02
3.218215549999999675e-02
3.309268469999999962e-02
3.241528700000000096e-02
3.188566679999999681e-02
3.226135559999999958e-02
3.230344809999999983e-02
3.197387890000000232e-02
3.241253570000000167e-02
3.246220989999999695e-02
3.160928009999999788e-02
3.222934029999999922e-02
3.414086940000000264e-02
3.261070659999999732e-02
3.374324850000000320e-02
3.287217929999999844e-02
3.261314039999999720e-02
3.220191969999999793e-02
3.336763670000000154e-02
3.313132609999999700e-02
3.251527969999999657e-02
3.268119779999999891e-02
3.440819950000000016e-02
3.297710410000000147e-02
3.257730739999999819e-02
3.288186049999999860e-02
3.217473579999999972e-02
3.284025890000000225e-02
3.372420649999999936e-02
3.367499510000000057e-02
3.261706159999999688e-02
3.230934800000000162e-02
3.222568239999999695e-02
3.383366570000000129e-02
3.272509230000000130e-02
3.455195860000000174e-02
3.296117660000000282e-02
3.365760460000000176e-02
3.313084859999999854e-02
3.343207289999999832e-02
3.438774220000000159e-02
3.538678480000000126e-02
3.212805789999999967e-02
3.342893990000000287e-02
3.266101059999999834e-02
3.311150129999999858e-02
3.407469300000000312e-02
3.347870139999999800e-02
3.294879569999999841e-02
3.260330720000000071e-02
3.444334400000000074e-02
3.378997959999999884e-02
3.435304969999999902e-02
3.360767370000000004e-02
3.384097810000000206e-02
3.313363930000000346e-02
3.367327679999999879e-02
3.370870880000000069e-02
3.285835770000000017e-02
3.490710469999999677e-02
3.299924359999999862e-02
3.353603449999999903e-02
3.426303919999999781e-02
3.408567330000000090e-02
3.403764000000000095e-02
3.265602680000000146e-02
3.417687679999999867e-02
3.397344010000000192e-02
3.529232000000000202e-02
3.516709459999999704e-02
3.366984080000000323e-02
3.450887930000000325e-02
3.479138739999999841e-02
3.407553390000000321e-02
3.406471230000000100e-02
3.348420039999999709e-02
3.406882609999999784e-02
3.519058800000000181e-02
3.522192259999999686e-02
3.322998790000000063e-02
3.557615900000000303e-02
3.273810810000000321e-02
3.544767010000000190e-02
3.441545309999999996e-02
3.285689619999999922e-02
3.251850199999999774e-02
3.477330449999999767e-02
3.515951700000000124e-02
3.445325500000000207e-02
3.482310389999999922e-02
3.461523150000000298e-02
3.368183990000000322e-02
3.452128699999999772e-02
3.526554009999999934e-02
3.422567530000000108e-02
3.558632309999999743e-02
3.386665889999999901e-02
3.479610310000000317e-02
3.363650430000000163e-02
3.514758710000000230e-02
3.505537350000000052e-02
3.409486850000000013e-02
3.402472819999999981e-02
3.504247240000000346e-02
3.497147669999999681e-02
3.452727319999999989e-02
3.444452039999999771e-02
3.431416550000000038e-02
3.406575319999999990e-02
3.629752969999999745e-02
3.448967039999999845e-02
3.549012149999999921e-02
3.548281889999999744e-02
3.493695909999999794e-02
3.439957219999999899e-02
3.578616400000000225e-02
3.480351250000000146e-02
3.548002089999999914e-02
3.516323980000000266e-02
3.500533959999999750e-02
3.585259529999999806e-02
3.483704399999999757e-02
3.429504700000000211e-02
3.507823680000000249e-02
3.595351749999999708e-02
3.482032649999999840e-02
3.423441730000000016e-02
3.628379009999999766e-02
3.488257239999999898e-02
3.567431110000000155e-02
3.501017759999999757e-02
3.555472989999999833e-02
3.586849739999999759e-02
3.650346460000000043e-02
3.561131089999999833e-02
3.638940360000000179e-02
3.553396799999999911e-02
3.576998690000000175e-02
3.573534579999999850e-02
3.710600869999999829e-02
3.661960940000000275e-02
3.606065449999999728e-02
3.459669519999999943e-02
3.764802219999999894e-02
3.460810090000000089e-02
3.615690309999999852e-02
3.651341820000000155e-02
3.466849019999999892e-02
3.641264169999999800e-02
3.693292189999999864e-02
3.724035939999999906e-02
3.601625209999999994e-02
3.447761399999999671e-02
3.654595160000000120e-02
3.519316200000000006e-02
3.636826060000000055e-02
3.582935059999999700e-02
3.661710969999999732e-02
3.652290870000000217e-02
3.534563079999999968e-02
3.666045379999999937e-02
3.750280000000000280e-02
3.728715569999999785e-02
3.696735539999999876e-02
3.823978509999999970e-02
3.622547420000000323e-02
3.492682669999999656e-02
3.665297969999999766e-02
3.746545099999999684e-02
3.648200089999999868e-02
3.678062149999999919e-02
3.694873320000000017e-02
3.675613359999999746e-02
3.785739340000000147e-02
3.663560230000000029e-02
3.725141519999999873e-02
3.545678120000000239e-02
3.686363890000000226e-02
3.711359830000000165e-02
3.556041900000000283e-02
3.701141360000000102e-02
3.644273700000000282e-02
3.826845859999999933e-02
3.665442929999999933e-02
3.693522259999999779e-02
3.711825030000000247e-02
3.620528800000000214e-02
3.848999349999999986e-02
3.769791060000000221e-02
3.809909770000000084e-02
3.872205790000000231e-02
3.774530090000000060e-02
3.659600460000000249e-02
3.526288870000000158e-02
3.708618450000000094e-02
3.809291070000000307e-02
3.838496300000000111e-02
3.847011270000000316e-02
3.628593990000000130e-02
3.884716130000000212e-02
3.859159079999999881e-02
3.817789939999999965e-02
3.743248090000000222e-02
3.672667269999999734e-02
3.904906710000000114e-02
3.677573480000000117e-02
3.709967620000000077e-02
3.725141519999999873e-02
3.791003569999999712e-02
3.608451339999999702e-02
3.873689899999999825e-02
3.747864409999999979e-02
3.630891490000000277e-02
3.831017710000000215e-02
3.853329750000000081e-02
3.713078160000000266e-02
3.790540459999999778e-02
3.702796380000000082e-02
3.897283099999999945e-02
3.818473769999999878e-02
3.883186899999999803e-02
3.898092350000000039e-02
3.787875529999999713e-02
3.909933470000000189e-02
3.903214659999999780e-02
3.923107829999999963e-02
3.854235970000000067e-02
3.818809439999999722e-02
3.949534080000000058e-02
3.837214340000000279e-02
3.809588869999999683e-02
3.698571829999999783e-02
3.792596990000000196e-02
3.908087970000000133e-02
3.763544070000000158e-02
3.854139589999999727e-02
3.997474279999999741e-02
3.854703839999999715e-02
3.909933470000000189e-02
3.775591629999999754e-02
4.095854689999999659e-02
3.784214849999999880e-02
3.904335140000000232e-02
3.935354979999999836e-02
3.880318729999999994e-02
3.899105280000000201e-02
3.875083289999999708e-02
3.859598210000000224e-02
3.822658250000000174e-02
3.699432789999999860e-02
4.018000230000000339e-02
3.884891559999999883e-02
4.042674520000000271e-02
3.928334609999999810e-02
3.826105920000000271e-02
3.954814849999999798e-02
3.771261690000000250e-02
4.076403220000000133e-02
3.852049739999999917e-02
3.902576199999999856e-02
3.872954819999999826e-02
3.948601599999999878e-02
4.191205220000000092e-02
3.892297499999999855e-02
4.065059830000000013e-02
3.877638349999999734e-02
3.743988329999999726e-02
4.161897769999999691e-02
3.920192019999999694e-02
4.051852620000000182e-02
4.030317149999999848e-02
3.862285809999999736e-02
3.951442809999999861e-02
3.984330390000000166e-02
3.778740180000000198e-02
4.020075230000000333e-02
3.982990050000000115e-02
3.796715739999999978e-02
4.092908809999999675e-02
3.891913670000000242e-02
3.995452310000000007e-02
3.980615440000000171e-02
3.937116019999999800e-02
3.939640529999999946e-02
4.116604410000000019e-02
3.957019490000000111e-02
4.063442679999999807e-02
4.134002829999999795e-02
4.007402410000000109e-02
4.002570889999999826e-02
4.208905129999999939e-02
4.056566350000000154e-02
3.954110809999999976e-02
4.257903469999999718e-02
3.955193619999999854e-02
4.197253310000000071e-02
4.117198579999999802e-02
4.068426850000000233e-02
4.055706349999999710e-02
4.114122440000000241e-02
4.074095929999999727e-02
4.000392450000000294e-02
4.122510010000000197e-02
4.156973709999999683e-02
4.182593080000000102e-02
3.962766969999999972e-02
4.230804280000000084e-02
3.957706440000000048e-02
4.201842549999999787e-02
3.943136519999999867e-02
4.207782709999999954e-02
4.242515040000000015e-02
4.107594769999999701e-02
3.951726469999999880e-02
4.157239489999999676e-02
4.166236489999999848e-02
3.921196799999999982e-02
4.117198579999999802e-02
4.111574359999999734e-02
4.149027699999999902e-02
4.251595100000000321e-02
4.047845910000000269e-02
4.104453529999999711e-02
4.087469540000000096e-02
4.080487430000000193e-02
3.923520230000000081e-02
4.003869139999999965e-02
4.136153719999999950e-02
4.147465570000000157e-02
4.185404689999999706e-02
4.234402830000000284e-02
4.233437689999999809e-02
3.958521830000000241e-02
4.168996610000000325e-02
4.142307690000000125e-02
4.304777070000000150e-02
4.096088590000000057e-02
4.132460749999999905e-02
4.162613600000000108e-02
4.209034839999999805e-02
4.425843759999999877e-02
4.057599499999999665e-02
4.309447930000000204e-02
3.961668060000000241e-02
4.153720050000000302e-02
4.191666730000000174e-02
4.111574359999999734e-02
4.345562139999999823e-02
4.096549359999999973e-02
4.131917219999999696e-02
4.273023919999999892e-02
4.079658889999999982e-02
4.268399390000000154e-02
4.076734960000000241e-02
4.182697960000000131e-02
4.173513350000000038e-02
4.142544079999999768e-02
4.133959069999999791e-02
4.237865889999999774e-02
4.227144239999999775e-02
4.169120779999999776e-02
4.117672669999999924e-02
4.260162309999999952e-02
4.389728500000000116e-02
4.363857139999999940e-02
4.157502350000000235e-02
4.244431149999999819e-02
4.336378219999999922e-02
4.368731070000000244e-02
4.266088400000000308e-02
4.480523430000000334e-02
4.338865459999999979e-02
4.412548200000000059e-02
4.423352740000000005e-02
4.433821059999999703e-02
4.198500830000000128e-02
4.105705479999999935e-02
4.351314089999999690e-02
4.311210759999999781e-02
4.191205220000000092e-02
4.331460079999999851e-02
4.163956740000000073e-02
4.170662259999999982e-02
4.239196199999999831e-02
4.260655960000000325e-02
4.249526089999999812e-02
4.349854179999999848e-02
4.471116950000000173e-02
4.252011149999999906e-02
4.276033719999999816e-02
4.087419149999999696e-02
4.375420320000000113e-02
4.556816610000000156e-02
4.474349030000000088e-02
4.342702519999999677e-02
4.192282180000000275e-02
4.431477229999999934e-02
4.274715020000000032e-02
4.338114579999999970e-02
4.581374910000000217e-02
4.325786429999999710e-02
4.473262990000000106e-02
4.384812679999999796e-02
4.447609029999999991e-02
4.494938180000000033e-02
4.498105129999999813e-02
4.345713970000000120e-02
4.240705840000000282e-02
4.444708640000000210e-02
4.271532980000000007e-02
4.446937160000000167e-02
4.567407910000000071e-02
4.441219250000000285e-02
4.354064920000000338e-02
4.584321210000000257e-02
4.597451699999999947e-02
4.387308510000000050e-02
4.437614680000000200e-02
4.337824629999999931e-02
4.425125989999999926e-02
4.495701779999999870e-02
4.383193419999999868e-02
4.424768140000000238e-02
4.365385389999999755e-02
4.438690339999999679e-02
4.673824609999999852e-02
4.349650050000000018e-02
4.364428890000000144e-02
4.632538519999999937e-02
4.691286160000000122e-02
4.472939449999999845e-02
4.596268030000000282e-02
4.803096700000000080e-02
4.539404150000000276e-02
4.233437689999999809e-02
4.422542430000000330e-02
4.284754450000000103e-02
4.369009070000000328e-02
4.621052579999999910e-02
4.693602040000000031e-02
4.684516529999999818e-02
4.471154520000000104e-02
4.478896859999999952e-02
4.523805610000000005e-02
4.449611910000000198e-02
4.624267249999999829e-02
4.629416809999999799e-02
4.712059410000000309e-02
4.498072210000000209e-02
4.534387510000000010e-02
4.763748520000000292e-02
4.647222589999999709e-02
4.651147469999999950e-02
4.559082610000000230e-02
4.698122770000000281e-02
4.687429049999999875e-02
4.654487820000000053e-02
4.806349260000000040e-02
4.771689800000000065e-02
4.654174800000000084e-02
4.874731990000000237e-02
4.462550400000000334e-02
4.732402239999999871e-02
4.747186140000000248e-02
4.510433660000000289e-02
4.751404890000000131e-02
4.532522960000000267e-02
4.712643639999999912e-02
4.695269180000000153e-02
4.647688889999999906e-02
4.632289889999999938e-02
4.756084230000000301e-02
4.774624370000000312e-02
4.443905189999999839e-02
4.697885009999999695e-02
4.688047850000000294e-02
4.729824610000000346e-02
4.728327749999999829e-02
4.892665560000000052e-02
4.805425230000000270e-02
4.600900089999999942e-02
4.572106509999999957e-02
4.849530559999999657e-02
5.008155970000000012e-02
4.859503860000000119e-02
4.718759849999999700e-02
4.683581970000000316e-02
4.602300320000000250e-02
4.982777730000000072e-02
4.623120569999999985e-02
4.692623559999999777e-02
4.831749390000000116e-02
4.669233829999999696e-02
4.741406950000000287e-02
4.783356760000000152e-02
5.119099750000000171e-02
4.633982400000000168e-02
4.785117729999999875e-02
4.762153090000000033e-02
4.808038080000000269e-02
4.712059410000000309e-02
4.700201329999999927e-02
4.835078009999999732e-02
4.743584640000000213e-02
4.626709229999999978e-02
4.717335310000000254e-02
4.863217589999999785e-02
4.575042160000000052e-02
4.821283739999999984e-02
4.933965430000000069e-02
4.997466860000000094e-02
4.760551269999999807e-02
4.831365879999999918e-02
4.582055549999999866e-02
4.839653730000000043e-02
4.783558019999999827e-02
4.846900910000000173e-02
4.988183549999999911e-02
4.911539160000000237e-02
4.893474140000000222e-02
4.777796570000000104e-02
4.562127719999999748e-02
4.569508929999999830e-02
4.721314210000000094e-02
4.736757760000000206e-02
5.010065620000000303e-02
4.937744179999999788e-02
5.000524779999999947e-02
4.724691589999999858e-02
4.974529569999999734e-02
4.710012799999999805e-02
4.995458209999999871e-02
4.521900630000000310e-02
4.904203370000000117e-02
5.038899749999999761e-02
4.759603910000000104e-02
4.963439199999999940e-02
4.756685979999999980e-02
4.684516529999999818e-02
5.159365350000000294e-02
4.910710769999999947e-02
5.294701339999999951e-02
4.418637420000000315e-02
4.859702459999999669e-02
4.805569240000000242e-02
4.763485469999999972e-02
4.861697529999999684e-02
4.937902639999999788e-02
5.096260839999999792e-02
5.365164520000000048e-02
5.249231230000000331e-02
5.003492779999999668e-02
5.117077099999999684e-02
4.723315869999999972e-02
5.149558700000000239e-02
4.845032500000000242e-02
4.869462719999999994e-02
5.033039289999999971e-02
4.817590780000000072e-02
5.043615159999999958e-02
4.913371729999999743e-02
5.013825140000000014e-02
5.379176260000000098e-02
5.117838350000000064e-02
5.085115729999999806e-02
4.921445590000000231e-02
4.956323869999999798e-02
5.188097509999999718e-02
5.081631699999999974e-02
5.104858849999999865e-02
5.138968420000000065e-02
5.096106210000000275e-02
5.043615159999999958e-02
5.243995180000000228e-02
4.990255770000000257e-02
4.925376029999999766e-02
5.166679770000000282e-02
5.012666450000000107e-02
5.173860179999999892e-02
5.196765049999999692e-02
4.835020749999999895e-02
5.044773470000000343e-02
5.105056639999999701e-02
5.207377750000000138e-02
5.220795909999999956e-02
5.223664570000000062e-02
5.240155590000000058e-02
5.127309929999999960e-02
4.941279269999999946e-02
4.810880380000000234e-02
5.358504239999999780e-02
4.895054780000000078e-02
4.959443899999999711e-02
4.855656359999999810e-02
4.866213879999999742e-02
5.047734200000000143e-02
5.000496549999999818e-02
5.265743240000000241e-02
5.300421859999999985e-02
5.330037469999999999e-02
5.076224790000000153e-02
5.294892109999999735e-02
5.148154669999999850e-02
5.109891309999999714e-02
5.071280429999999728e-02
5.317554900000000251e-02
5.388383819999999907e-02
5.175162910000000172e-02
5.116944579999999770e-02
5.267139970000000310e-02
5.208275639999999929e-02
5.111174379999999795e-02
5.223836600000000135e-02
5.184101060000000094e-02
5.177598230000000218e-02
5.416895599999999728e-02
5.201121969999999983e-02
5.129999130000000018e-02
5.276608380000000209e-02
5.367686210000000013e-02
5.306046419999999736e-02
5.491291759999999966e-02
5.124937849999999795e-02
5.331751829999999831e-02
5.238663799999999926e-02
5.168068459999999864e-02
5.376136589999999660e-02
5.344455239999999774e-02
5.028115510000000232e-02
5.144514490000000329e-02
5.564524559999999703e-02
5.152146269999999945e-02
5.330590959999999962e-02
5.401536039999999678e-02
5.376136589999999660e-02
5.426342239999999706e-02
5.394170680000000273e-02
5.112549499999999997e-02
5.526092120000000024e-02
5.253456389999999754e-02
5.708492290000000136e-02
5.070757280000000311e-02
4.952217069999999971e-02
5.244717599999999813e-02
5.300342890000000334e-02
5.397297029999999912e-02
5.240155590000000058e-02
5.497175199999999873e-02
5.316789269999999679e-02
5.338422949999999806e-02
5.475981130000000252e-02
5.453140690000000262e-02
5.471261549999999890e-02
5.541882580000000169e-02
5.468057199999999674e-02
5.466981249999999792e-02
5.645854709999999915e-02
5.481484610000000174e-02
5.336528000000000105e-02
5.511528670000000185e-02
5.398926019999999992e-02
5.504668830000000040e-02
5.488676120000000186e-02
5.462436450000000138e-02
5.267139970000000310e-02
5.197436939999999783e-02
5.434604450000000281e-02
5.482222550000000194e-02
5.319774669999999955e-02
5.684764920000000277e-02
5.563517789999999907e-02
5.270710039999999819e-02
5.597406109999999990e-02
6.035853480000000215e-02
5.132851279999999655e-02
5.525761139999999655e-02
5.732413179999999719e-02
5.302715880000000159e-02
5.465094510000000072e-02
5.336487439999999804e-02
5.771779020000000066e-02
5.588391849999999744e-02
5.961227260000000194e-02
5.727491240000000261e-02
5.529172029999999960e-02
5.474907169999999879e-02
5.477979759999999920e-02
5.740013110000000141e-02
5.468162289999999731e-02
5.438915140000000203e-02
5.594107000000000246e-02
5.871588700000000133e-02
5.846109850000000274e-02
5.412018410000000307e-02
6.015766089999999983e-02
5.451658150000000119e-02
5.665188599999999852e-02
5.708124430000000027e-02
5.468494670000000057e-02
5.402546569999999715e-02
5.619533449999999930e-02
5.636627579999999721e-02
5.279158550000000172e-02
5.860528339999999947e-02
5.406386500000000261e-02
5.268473070000000147e-02
5.850548039999999700e-02
5.525165690000000129e-02
5.522272679999999656e-02
5.732413179999999719e-02
5.655225309999999811e-02
5.760677770000000031e-02
5.918618829999999775e-02
5.912727959999999894e-02
5.725728730000000100e-02
5.423434979999999794e-02
5.858033950000000184e-02
5.460065380000000274e-02
5.340418119999999769e-02
5.824645400000000306e-02
5.588893739999999805e-02
5.912291590000000319e-02
5.653453829999999930e-02
5.815840220000000060e-02
5.592451390000000022e-02
5.657854169999999849e-02
5.580786740000000246e-02
5.638106269999999809e-02
6.366486620000000318e-02
5.765911189999999714e-02
6.146710650000000026e-02
5.619283220000000079e-02
5.493830439999999871e-02
6.058591640000000195e-02
5.814768070000000261e-02
5.627637349999999733e-02
5.640395580000000242e-02
5.570734840000000215e-02
5.533022979999999841e-02
6.030524789999999746e-02
6.185499860000000238e-02
5.292428440000000039e-02
5.701747929999999992e-02
5.874079010000000239e-02
6.094994200000000001e-02
5.716693280000000044e-02
6.142841670000000198e-02
5.761066950000000297e-02
6.523792970000000246e-02
5.818714120000000045e-02
5.969879530000000295e-02
5.822720359999999928e-02
5.762765470000000279e-02
6.171245599999999887e-02
6.039858280000000301e-02
5.859791939999999671e-02
6.000482499999999775e-02
6.005241880000000004e-02
6.030339180000000160e-02
5.714095389999999941e-02
5.612578649999999669e-02
5.819906579999999802e-02
5.955085529999999683e-02
5.839256689999999805e-02
5.993329950000000211e-02
5.916992819999999931e-02
5.908229830000000238e-02
6.374090879999999570e-02
5.592620090000000044e-02
5.832795439999999970e-02
6.194420739999999953e-02
5.910935020000000067e-02
5.740196919999999980e-02
5.713627410000000212e-02
6.185332600000000014e-02
6.320891909999999669e-02
6.046563550000000342e-02
6.248191370000000244e-02
6.015680820000000179e-02
6.049615569999999831e-02
5.914931760000000094e-02
5.946932139999999700e-02
5.914091800000000065e-02
6.059535750000000220e-02
6.179956939999999704e-02
5.828757729999999720e-02
5.525117229999999824e-02
5.783296529999999713e-02
5.836269279999999754e-02
5.807545239999999803e-02
5.706336420000000104e-02
6.333811540000000573e-02
5.916992819999999931e-02
6.282791610000000582e-02
6.015766089999999983e-02
5.566843319999999901e-02
6.080474579999999712e-02
6.438461659999999975e-02
6.029023039999999861e-02
6.207384939999999879e-02
6.194628340000000316e-02
6.542686030000000041e-02
5.820483299999999749e-02
6.167512509999999865e-02
6.276197440000000349e-02
5.965828940000000163e-02
5.788235969999999675e-02
5.635398960000000124e-02
6.597311570000000125e-02
6.433826530000000266e-02
6.130050289999999791e-02
5.837181570000000291e-02
6.069233129999999921e-02
6.245920750000000243e-02
6.194046289999999982e-02
6.249266540000000120e-02
5.744677819999999963e-02
6.160317729999999908e-02
6.138383220000000196e-02
6.248483180000000137e-02
6.548689180000000221e-02
6.396576180000000666e-02
6.284370790000000373e-02
6.202148710000000148e-02
6.418591839999999993e-02
6.120190090000000166e-02
6.477481729999999549e-02
6.367839660000000623e-02
6.442029119999999331e-02
6.105158990000000147e-02
6.135001650000000001e-02
6.289002970000000248e-02
6.041790369999999744e-02
6.150888610000000006e-02
6.236068150000000088e-02
6.357057570000000657e-02
6.057210660000000163e-02
6.523287210000000558e-02
6.117397730000000144e-02
6.375110289999999513e-02
6.226310379999999700e-02
6.016773990000000294e-02
6.215765040000000019e-02
6.030982540000000280e-02
6.042141119999999699e-02
6.142826039999999682e-02
6.499791319999999317e-02
6.446738970000000235e-02
6.476955669999999443e-02
6.738430489999999717e-02
6.166396279999999952e-02
6.793076250000000538e-02
6.341764129999999389e-02
5.784646709999999997e-02
6.529173750000000220e-02
6.483987850000000330e-02
6.308259830000000068e-02
6.546863549999999699e-02
6.891311179999999592e-02
5.957563469999999778e-02
6.507340000000000346e-02
6.353025380000000555e-02
6.459834180000000037e-02
7.139031379999999372e-02
6.843781999999999643e-02
6.192715330000000268e-02
6.310873290000000579e-02
6.834961200000000403e-02
6.644988609999999407e-02
6.281488370000000432e-02
6.485712370000000504e-02
7.136211680000000002e-02
6.559610059999999854e-02
6.264159060000000501e-02
6.585057630000000495e-02
6.773047490000000392e-02
6.595818109999999901e-02
6.869260080000000324e-02
6.862172410000000333e-02
6.387807269999999649e-02
6.611004739999999658e-02
6.668823309999999394e-02
6.642063930000000060e-02
6.398012960000000471e-02
6.594123200000000240e-02
6.087355020000000116e-02
6.301816239999999403e-02
6.973564279999999727e-02
6.756766279999999736e-02
7.077266449999999876e-02
6.409818120000000674e-02
6.974174119999999866e-02
6.855727550000000059e-02
5.995497169999999820e-02
6.465125110000000119e-02
6.249774200000000196e-02
7.107289390000000318e-02
6.634207289999999313e-02
6.728049519999999839e-02
7.245805909999999961e-02
6.820784459999999771e-02
7.010653710000000483e-02
6.805479370000000472e-02
6.808189559999999751e-02
6.587005120000000158e-02
6.231004359999999659e-02
6.993178410000000511e-02
6.244960330000000337e-02
6.955761420000000639e-02
6.601633430000000691e-02
6.817154070000000510e-02
6.260806019999999583e-02
6.603769280000000574e-02
6.761368149999999466e-02
8.342911899999999603e-02
6.527120840000000257e-02
6.449100239999999706e-02
6.825554109999999730e-02
6.826976360000000521e-02
7.634723649999999862e-02
7.212086330000000434e-02
7.101249369999999839e-02
6.795187969999999522e-02
6.535812010000000005e-02
7.147257440000000239e-02
6.134182039999999669e-02
7.267782059999999822e-02
6.730861759999999527e-02
6.866369669999999870e-02
7.198051699999999387e-02
6.255518200000000084e-02
7.249270700000000345e-02
7.095962729999999441e-02
6.917858400000000130e-02
6.480927200000000110e-02
6.483257339999999591e-02
7.086185339999999389e-02
7.369403239999999800e-02
7.746488749999999590e-02
6.719693849999999746e-02
7.167076140000000484e-02
7.274127260000000372e-02
7.782381080000000395e-02
6.568794340000000398e-02
7.166280229999999474e-02
7.099833830000000512e-02
6.599858979999999320e-02
