4.462211360000000078e-03
4.480981749999999805e-03
4.498737769999999574e-03
4.509114619999999955e-03
4.525316219999999702e-03
4.518186080000000104e-03
4.546894519999999766e-03
4.555061380000000222e-03
4.592366320000000092e-03
4.617917410000000125e-03
4.599894999999999678e-03
4.644055830000000384e-03
4.652422120000000196e-03
4.675773799999999661e-03
4.658665040000000042e-03
4.680652000000000423e-03
4.685835040000000014e-03
4.704781019999999814e-03
4.705044450000000177e-03
4.720708350000000011e-03
4.707830270000000310e-03
4.715472489999999843e-03
4.747161389999999918e-03
4.730243430000000311e-03
4.727117270000000086e-03
4.709964050000000312e-03
4.729612069999999946e-03
4.706714069999999583e-03
4.752652750000000044e-03
4.759821390000000194e-03
4.762490290000000008e-03
4.734944569999999936e-03
4.743023360000000153e-03
4.758280539999999725e-03
4.747418599999999982e-03
4.763481709999999730e-03
4.752443369999999681e-03
4.770894480000000167e-03
4.767565310000000146e-03
4.779937019999999648e-03
4.800846810000000339e-03
4.775747809999999691e-03
4.776438509999999735e-03
4.811874570000000163e-03
4.790584940000000222e-03
4.799603440000000353e-03
4.812315450000000105e-03
4.785228269999999666e-03
4.813965590000000155e-03
4.818051260000000106e-03
4.791827559999999736e-03
4.806307059999999874e-03
4.828581079999999873e-03
4.840350020000000128e-03
4.837928749999999625e-03
4.834656229999999624e-03
4.819237349999999989e-03
4.857592820000000179e-03
4.838573980000000080e-03
4.854868229999999979e-03
4.851027590000000188e-03
4.873374199999999830e-03
4.891398269999999715e-03
4.889126379999999931e-03
4.877000949999999932e-03
4.878252789999999901e-03
4.830301569999999843e-03
4.909320150000000271e-03
4.888067299999999948e-03
4.904621490000000278e-03
4.903767600000000053e-03
4.899128449999999926e-03
4.907416139999999823e-03
4.889836970000000296e-03
4.897182659999999889e-03
4.904504009999999595e-03
4.927281809999999734e-03
4.894301040000000047e-03
4.915535300000000059e-03
4.937374559999999947e-03
4.919089199999999822e-03
4.936955530000000300e-03
4.919232019999999865e-03
4.930973170000000141e-03
4.932391749999999984e-03
4.930001269999999616e-03
4.924662449999999726e-03
4.976441730000000403e-03
4.957086829999999590e-03
4.951351009999999629e-03
4.983079510000000198e-03
4.961455990000000413e-03
4.962460499999999872e-03
4.960991710000000297e-03
4.986268200000000365e-03
4.983828370000000299e-03
4.995189879999999659e-03
4.968401469999999751e-03
4.998412590000000065e-03
5.008024879999999762e-03
5.006178279999999765e-03
5.024409530000000131e-03
4.983557060000000198e-03
5.016646139999999914e-03
5.043557249999999596e-03
5.005973589999999744e-03
5.015173870000000367e-03
5.045373899999999572e-03
5.041225350000000209e-03
5.045931959999999661e-03
5.066634690000000260e-03
5.049880720000000239e-03
5.046402729999999864e-03
5.060394079999999857e-03
5.050150720000000371e-03
5.055056950000000153e-03
5.101034800000000223e-03
5.080818719999999691e-03
5.064388849999999602e-03
5.099720509999999991e-03
5.087051320000000008e-03
5.079797629999999696e-03
5.076539669999999629e-03
5.101102270000000376e-03
5.104603939999999805e-03
5.104988910000000241e-03
5.094863130000000170e-03
5.098716080000000213e-03
5.130372569999999688e-03
5.119068069999999776e-03
5.121696830000000387e-03
5.112390070000000231e-03
5.117163600000000298e-03
5.130439159999999887e-03
5.122313669999999791e-03
5.138667779999999893e-03
5.130561680000000381e-03
5.115369150000000087e-03
5.179117250000000311e-03
5.141987689999999618e-03
5.165110690000000379e-03
5.163792759999999947e-03
5.141396369999999723e-03
5.153538410000000139e-03
5.165662449999999621e-03
5.174480260000000227e-03
5.170759900000000339e-03
5.174677949999999596e-03
5.199483539999999980e-03
5.215597039999999608e-03
5.194919069999999819e-03
5.202737340000000189e-03
5.228834489999999689e-03
5.207313310000000368e-03
5.237758880000000297e-03
5.207960910000000027e-03
5.200919340000000404e-03
5.237282789999999667e-03
5.231872480000000075e-03
5.234837830000000150e-03
5.245321600000000042e-03
5.226886830000000185e-03
5.223238600000000044e-03
5.233800670000000183e-03
5.259458699999999647e-03
5.272027399999999579e-03
5.259615510000000167e-03
5.257143910000000413e-03
5.278005669999999601e-03
5.290948369999999568e-03
5.240462500000000155e-03
5.313262239999999928e-03
5.320815030000000320e-03
5.279538509999999983e-03
5.301962749999999946e-03
5.305945030000000159e-03
5.281388550000000112e-03
5.329187800000000259e-03
5.287167960000000236e-03
5.314705470000000154e-03
5.318753600000000054e-03
5.296071930000000039e-03
5.344606860000000043e-03
5.307949640000000219e-03
5.329292050000000031e-03
5.305189590000000330e-03
5.306540670000000140e-03
5.318435110000000257e-03
5.318850479999999784e-03
5.343889109999999665e-03
5.367844709999999853e-03
5.342168530000000054e-03
5.341763569999999697e-03
5.341126130000000208e-03
5.406036910000000181e-03
5.376546430000000293e-03
5.396899680000000026e-03
5.393951549999999664e-03
5.396856979999999776e-03
5.423941540000000276e-03
5.400583320000000055e-03
5.406818469999999724e-03
5.377916620000000071e-03
5.422549060000000226e-03
5.418471220000000213e-03
5.416036309999999569e-03
5.424820349999999805e-03
5.408044849999999945e-03
5.411350599999999872e-03
5.438068469999999752e-03
5.390485730000000100e-03
5.453008900000000381e-03
5.427758639999999586e-03
5.427445950000000033e-03
5.449134110000000003e-03
5.474435159999999946e-03
5.457086770000000274e-03
5.438865349999999661e-03
5.466892899999999979e-03
5.454660170000000252e-03
5.477250040000000188e-03
5.498737820000000262e-03
5.464434090000000292e-03
5.485909689999999596e-03
5.480947439999999879e-03
5.508276379999999667e-03
5.499257310000000079e-03
5.476085779999999813e-03
5.544158290000000128e-03
5.492137999999999708e-03
5.505470820000000348e-03
5.522614309999999971e-03
5.550015549999999694e-03
5.517996380000000055e-03
5.516282620000000081e-03
5.527643100000000087e-03
5.537377179999999725e-03
5.534606800000000347e-03
5.562038230000000000e-03
5.544835290000000270e-03
5.555638760000000329e-03
5.531819559999999816e-03
5.585107540000000190e-03
5.560840689999999899e-03
5.532309560000000376e-03
5.586926249999999740e-03
5.578450849999999628e-03
5.623075620000000073e-03
5.612786249999999685e-03
5.555243070000000227e-03
5.615329520000000157e-03
5.585656849999999680e-03
5.582561599999999978e-03
5.602423750000000077e-03
5.604352279999999693e-03
5.607633320000000345e-03
5.666515389999999749e-03
5.608606999999999829e-03
5.604983220000000002e-03
5.614829039999999841e-03
5.621701259999999610e-03
5.625603820000000047e-03
5.620563969999999888e-03
5.659406429999999655e-03
5.677357909999999896e-03
5.634165000000000006e-03
5.642730369999999704e-03
5.653505530000000126e-03
5.680584629999999892e-03
5.672397049999999830e-03
5.674214829999999626e-03
5.673878010000000215e-03
5.681609029999999672e-03
5.672163289999999740e-03
5.725230769999999948e-03
5.715217300000000403e-03
5.727888329999999972e-03
5.711327609999999715e-03
5.708462210000000113e-03
5.672956489999999609e-03
5.716451170000000186e-03
5.663874569999999622e-03
5.704609640000000287e-03
5.725112620000000208e-03
5.681493699999999938e-03
5.749565620000000009e-03
5.751822390000000361e-03
5.762633080000000192e-03
5.757095159999999628e-03
5.771667030000000170e-03
5.769873889999999929e-03
5.745585000000000102e-03
5.786286090000000368e-03
5.763237669999999972e-03
5.834378880000000260e-03
5.761495380000000374e-03
5.808655410000000338e-03
5.791213429999999933e-03
5.793299650000000023e-03
5.812620610000000278e-03
5.811584150000000115e-03
5.783609589999999696e-03
5.836046680000000000e-03
5.805529830000000398e-03
5.870781769999999788e-03
5.797603380000000348e-03
5.869641430000000111e-03
5.860817939999999650e-03
5.803647369999999708e-03
5.854079659999999845e-03
5.824507480000000285e-03
5.841139730000000085e-03
5.850658939999999614e-03
5.865823210000000072e-03
5.828157369999999865e-03
5.853769949999999660e-03
5.911477309999999680e-03
5.892748419999999793e-03
5.876463289999999881e-03
5.872539339999999913e-03
5.877409529999999722e-03
5.888277840000000034e-03
5.896197790000000036e-03
5.898816119999999823e-03
5.905112879999999641e-03
5.929139229999999886e-03
5.932239320000000198e-03
5.923626290000000121e-03
5.877918820000000398e-03
5.914029809999999700e-03
5.974598240000000143e-03
5.946107459999999852e-03
5.948695520000000028e-03
5.919403349999999633e-03
5.985263200000000283e-03
5.950430550000000013e-03
5.947761810000000426e-03
5.973834380000000131e-03
5.946182969999999970e-03
5.975326320000000010e-03
5.973054700000000015e-03
5.997264189999999655e-03
5.971770280000000125e-03
6.010739339999999695e-03
6.010310530000000095e-03
5.978855909999999767e-03
5.990819189999999766e-03
5.983325939999999989e-03
6.010887099999999948e-03
5.998112199999999956e-03
6.002512699999999583e-03
5.995922560000000248e-03
6.007991780000000205e-03
6.004006140000000408e-03
6.017523860000000349e-03
6.044921889999999888e-03
6.005994150000000011e-03
6.041341589999999796e-03
6.033664999999999688e-03
6.041772859999999974e-03
6.035303629999999760e-03
6.032110939999999963e-03
6.088230949999999704e-03
6.077106960000000155e-03
6.049785610000000396e-03
6.089405469999999848e-03
6.063092299999999629e-03
6.063395909999999903e-03
6.093082639999999710e-03
6.091696760000000176e-03
6.057023069999999641e-03
6.155871569999999716e-03
6.081709319999999835e-03
6.077236120000000137e-03
6.100878149999999951e-03
6.112310880000000092e-03
6.107726830000000107e-03
6.120735769999999937e-03
6.118577800000000316e-03
6.171034839999999834e-03
6.150381649999999908e-03
6.183496089999999772e-03
6.153072170000000070e-03
6.191285060000000125e-03
6.188195659999999598e-03
6.215785889999999626e-03
6.208817709999999920e-03
6.208971760000000194e-03
6.198405419999999770e-03
6.169955839999999650e-03
6.158959109999999869e-03
6.222363520000000377e-03
6.216452279999999664e-03
6.217391880000000016e-03
6.246742409999999669e-03
6.241988240000000306e-03
6.198665869999999897e-03
6.203494900000000242e-03
6.223472120000000246e-03
6.285254819999999860e-03
6.264858849999999958e-03
6.260075309999999990e-03
6.251914530000000393e-03
6.264121759999999664e-03
6.274096390000000016e-03
6.252015290000000232e-03
6.300557499999999769e-03
6.297597379999999613e-03
6.278217099999999599e-03
6.254854790000000109e-03
6.267200809999999914e-03
6.277851319999999680e-03
6.334297439999999994e-03
6.287150130000000378e-03
6.299011620000000318e-03
6.257710100000000129e-03
6.290822419999999790e-03
6.342374100000000049e-03
6.322813289999999753e-03
6.346591359999999814e-03
6.345764670000000190e-03
6.311913879999999678e-03
6.314347780000000021e-03
6.337829520000000209e-03
6.345245959999999859e-03
6.349368400000000336e-03
6.394445789999999782e-03
6.404422869999999886e-03
6.329596699999999639e-03
6.371570570000000336e-03
6.378564920000000422e-03
6.361408590000000064e-03
6.400189819999999898e-03
6.380582880000000047e-03
6.411113369999999791e-03
6.396230559999999642e-03
6.417238999999999929e-03
6.384480330000000085e-03
6.416635779999999879e-03
6.398810399999999704e-03
6.412213980000000361e-03
6.385691930000000384e-03
6.417584869999999608e-03
6.447945549999999602e-03
6.427073430000000177e-03
6.434715029999999586e-03
6.452025289999999830e-03
6.444242949999999873e-03
6.455350379999999673e-03
6.505769140000000096e-03
6.423140800000000199e-03
6.506706339999999630e-03
6.478539529999999790e-03
6.556924320000000021e-03
6.480636550000000093e-03
6.502434740000000157e-03
6.554479700000000013e-03
6.533249680000000406e-03
6.521539970000000269e-03
6.483855860000000207e-03
6.485107409999999600e-03
6.498780239999999916e-03
6.533623629999999773e-03
6.552986630000000312e-03
6.583314189999999941e-03
6.537632859999999851e-03
6.533487269999999937e-03
6.604987579999999948e-03
6.556947970000000063e-03
6.506253549999999573e-03
6.618999240000000318e-03
6.577864109999999667e-03
6.536363840000000008e-03
6.579053129999999985e-03
6.566467480000000127e-03
6.608151439999999585e-03
6.596780410000000101e-03
6.621762839999999900e-03
6.601128529999999994e-03
6.604433049999999632e-03
6.592021459999999888e-03
6.640790940000000295e-03
6.637198979999999957e-03
6.599973210000000326e-03
6.601314349999999956e-03
6.653331719999999901e-03
6.661591770000000086e-03
6.685455520000000394e-03
6.627359919999999995e-03
6.700630309999999583e-03
6.687198299999999769e-03
6.655699220000000152e-03
6.676349940000000406e-03
6.636431190000000035e-03
6.709710810000000039e-03
6.644849930000000168e-03
6.712599819999999842e-03
6.692374469999999922e-03
6.672484870000000221e-03
6.690940850000000328e-03
6.708807669999999716e-03
6.679331850000000230e-03
6.711123819999999587e-03
6.730659509999999644e-03
6.725193840000000083e-03
6.749905680000000373e-03
6.704410699999999862e-03
6.775662430000000021e-03
6.766191409999999622e-03
6.788780979999999889e-03
6.817426439999999671e-03
6.770901719999999901e-03
6.760541469999999976e-03
6.810629529999999952e-03
6.789521879999999704e-03
6.788648680000000310e-03
6.781445320000000117e-03
6.741221260000000194e-03
6.771939640000000302e-03
6.798549590000000330e-03
6.841993509999999903e-03
6.869745229999999966e-03
6.888747259999999581e-03
6.804379699999999961e-03
6.861028360000000215e-03
6.806977750000000119e-03
6.861764159999999592e-03
6.832670990000000270e-03
6.848511679999999720e-03
6.859989950000000038e-03
6.874382519999999719e-03
6.879599289999999839e-03
6.887355189999999627e-03
6.899790819999999589e-03
6.808168869999999852e-03
6.867131999999999750e-03
6.867083319999999977e-03
6.920565939999999763e-03
6.922918049999999927e-03
6.936063650000000129e-03
6.936477550000000325e-03
6.872109749999999982e-03
6.864333660000000205e-03
6.903304489999999641e-03
6.955592870000000018e-03
6.928102620000000343e-03
6.963219659999999624e-03
6.915817769999999844e-03
6.917813949999999761e-03
6.935118849999999738e-03
6.952816209999999712e-03
6.950300769999999927e-03
6.987123060000000226e-03
6.966547509999999714e-03
6.978315659999999657e-03
7.019139750000000233e-03
7.030741539999999651e-03
7.014846269999999717e-03
6.981063239999999934e-03
7.044569149999999925e-03
6.973103290000000169e-03
6.981921000000000307e-03
7.011669409999999984e-03
7.002482959999999611e-03
7.030478520000000252e-03
7.038358699999999572e-03
7.007919310000000103e-03
7.041671489999999992e-03
7.045782979999999987e-03
7.146805630000000083e-03
7.032884690000000376e-03
7.115381989999999997e-03
7.106810140000000171e-03
7.123469000000000328e-03
7.061854729999999906e-03
7.077881030000000157e-03
7.095707399999999845e-03
7.060588710000000219e-03
7.100777959999999590e-03
7.103689659999999802e-03
7.097386340000000175e-03
7.135726270000000010e-03
7.126955350000000258e-03
7.168268339999999718e-03
7.061770739999999845e-03
7.154892220000000358e-03
7.162469329999999849e-03
7.155604349999999773e-03
7.149711559999999931e-03
7.144982939999999956e-03
7.150744609999999842e-03
7.208679420000000011e-03
7.209408589999999860e-03
7.153733819999999986e-03
7.191888369999999836e-03
7.276000839999999595e-03
7.218159810000000266e-03
7.216619399999999775e-03
7.183763650000000132e-03
7.173631510000000322e-03
7.226401020000000272e-03
7.179506639999999607e-03
7.306835109999999800e-03
7.239277980000000112e-03
7.191796230000000248e-03
7.237734430000000024e-03
7.285335169999999742e-03
7.255180679999999847e-03
7.251562159999999820e-03
7.286398040000000194e-03
7.235597750000000335e-03
7.311571589999999593e-03
7.302677609999999771e-03
7.300284839999999879e-03
7.334344549999999990e-03
7.288729560000000232e-03
7.344726260000000034e-03
7.315282020000000128e-03
7.341854699999999893e-03
7.345739100000000035e-03
7.312650409999999629e-03
7.302756250000000393e-03
7.265263909999999936e-03
7.334130940000000050e-03
7.289902269999999802e-03
7.318296519999999833e-03
7.386922659999999724e-03
7.339316379999999591e-03
7.389626039999999674e-03
7.353339690000000248e-03
7.398027800000000001e-03
7.410383349999999890e-03
7.380373679999999853e-03
7.384751949999999836e-03
7.409469000000000125e-03
7.377993230000000173e-03
7.411414899999999722e-03
7.433225409999999998e-03
7.388502120000000305e-03
7.499115639999999819e-03
7.385791180000000206e-03
7.420467259999999864e-03
7.486791240000000361e-03
7.491157259999999853e-03
7.521383539999999986e-03
7.437443299999999848e-03
7.467886249999999837e-03
7.508947400000000327e-03
7.501352400000000330e-03
7.544067239999999695e-03
7.473538239999999964e-03
7.484186890000000224e-03
7.552838230000000035e-03
7.446568209999999792e-03
7.476534719999999683e-03
7.484650570000000135e-03
7.539265229999999804e-03
7.526380069999999770e-03
7.548261270000000342e-03
7.600268959999999935e-03
7.617048099999999995e-03
7.586152429999999669e-03
7.530617709999999632e-03
7.600619430000000315e-03
7.600445340000000320e-03
7.568001910000000249e-03
7.563823990000000282e-03
7.549554360000000283e-03
7.591478290000000170e-03
7.619565390000000195e-03
7.595813390000000047e-03
7.616145189999999621e-03
7.641859420000000035e-03
7.643684500000000152e-03
7.607732330000000279e-03
7.629680380000000012e-03
7.648254660000000128e-03
7.662553889999999812e-03
7.597545709999999584e-03
7.590501520000000023e-03
7.692669440000000046e-03
7.698485799999999976e-03
7.714490499999999799e-03
7.681014600000000102e-03
7.696279989999999828e-03
7.738967089999999882e-03
7.604824100000000080e-03
7.699335669999999784e-03
7.629429899999999945e-03
7.699151149999999832e-03
7.699865959999999815e-03
7.746185640000000094e-03
7.806925749999999754e-03
7.715169870000000013e-03
7.623936020000000348e-03
7.724072850000000302e-03
7.761454670000000021e-03
7.763522349999999600e-03
7.740259569999999659e-03
7.772394099999999778e-03
7.727279850000000165e-03
7.698918449999999844e-03
7.841436639999999417e-03
7.813116219999999279e-03
7.797465190000000060e-03
7.811821269999999831e-03
7.788373789999999790e-03
7.800729559999999667e-03
7.768284470000000157e-03
7.891442979999999802e-03
7.792547349999999831e-03
7.855604270000000194e-03
7.840602069999999188e-03
7.850403840000000702e-03
7.845667520000000270e-03
7.878786579999999887e-03
7.940818349999999998e-03
7.895943330000000301e-03
7.833101250000000168e-03
7.948339009999999538e-03
7.872497869999999995e-03
7.892913249999999534e-03
7.906167769999999928e-03
7.944845219999999847e-03
7.943427299999999969e-03
7.912795999999999719e-03
7.896306940000000218e-03
7.953174000000000354e-03
7.932057710000000803e-03
7.970642630000000090e-03
7.938172270000000072e-03
7.922260860000000446e-03
7.942473239999999282e-03
7.965147250000000415e-03
7.963634230000000633e-03
8.002366840000000453e-03
8.024611500000000675e-03
7.996103790000000378e-03
8.018442820000000817e-03
8.006205840000000726e-03
8.018003390000000286e-03
8.044647979999999809e-03
8.035489059999999586e-03
8.073167719999999742e-03
8.043359459999999822e-03
8.035883400000000745e-03
8.001359649999999560e-03
8.014702909999999250e-03
8.050254340000000119e-03
8.050501959999999471e-03
8.070352910000000088e-03
8.076722680000000473e-03
8.059720700000000057e-03
8.145042709999999672e-03
8.109019210000000324e-03
8.129558389999999579e-03
8.143628070000000566e-03
8.115801210000000640e-03
8.091757099999999370e-03
8.151767779999999353e-03
8.041314350000000263e-03
8.152419779999999644e-03
8.096743459999999892e-03
8.135265569999999488e-03
8.079408950000000270e-03
8.106140899999999400e-03
8.184123099999999346e-03
8.175372139999999635e-03
8.135143439999999171e-03
8.162944579999999520e-03
8.138629950000000196e-03
8.179497779999999468e-03
8.176262990000000494e-03
8.165050320000000542e-03
8.195179690000000197e-03
8.234052570000000709e-03
8.230407559999999845e-03
8.247544869999999875e-03
8.269659599999999722e-03
8.209294699999999598e-03
8.246324529999999806e-03
8.229275160000000533e-03
8.251383249999999156e-03
8.218603359999999969e-03
8.346243890000000498e-03
8.320299280000000366e-03
8.302593829999999758e-03
8.286244590000000146e-03
8.250946809999999687e-03
8.330072489999999774e-03
8.341836519999999700e-03
8.370220969999999858e-03
8.334875699999999207e-03
8.264628819999999751e-03
8.327077239999999478e-03
8.391164899999999441e-03
8.308869599999999314e-03
8.342361980000000815e-03
8.442720440000000756e-03
8.256411769999999484e-03
8.368328249999999399e-03
8.393327049999999706e-03
8.371091730000000328e-03
8.311322399999999597e-03
8.407368760000000565e-03
8.371282100000000323e-03
8.438461899999999405e-03
8.377938910000000405e-03
8.366519019999999265e-03
8.306532930000000772e-03
8.440831050000000002e-03
8.445810809999999141e-03
8.401575490000000312e-03
8.449609990000000667e-03
8.467813810000000482e-03
8.466428539999999378e-03
8.389897670000000252e-03
8.438238449999999752e-03
8.490139529999999463e-03
8.465505220000000761e-03
8.389581020000000042e-03
8.518244470000000193e-03
8.410912839999999668e-03
8.570130159999999817e-03
8.475725300000000462e-03
8.507398669999999274e-03
8.489350340000000050e-03
8.588059840000000431e-03
8.527093160000000574e-03
8.522131319999999219e-03
8.434990070000000437e-03
8.507924300000000578e-03
8.526106309999999938e-03
8.529867729999999690e-03
8.560099309999999462e-03
8.457191810000000420e-03
8.618979360000000867e-03
8.561008559999999656e-03
8.635258099999999423e-03
8.590796289999999211e-03
8.595669489999999135e-03
8.584867479999999315e-03
8.529484199999999572e-03
8.641728970000000024e-03
8.620839640000000845e-03
8.592966310000000121e-03
8.579489160000000267e-03
8.630396219999999369e-03
8.699408999999999961e-03
8.600138659999999324e-03
8.731147329999999415e-03
8.653000299999999770e-03
8.679179250000000276e-03
8.777024649999999595e-03
8.636362130000000206e-03
8.700747650000000000e-03
8.670113740000000638e-03
8.667770979999999542e-03
8.744514030000000854e-03
8.762846969999999944e-03
8.785324129999999218e-03
8.721318060000000233e-03
8.734727189999999530e-03
8.714804450000000410e-03
8.756334410000000262e-03
8.662850589999999962e-03
8.741932239999999910e-03
8.754793829999999583e-03
8.729164169999999515e-03
8.854807259999999958e-03
8.775513020000000330e-03
8.772810409999999906e-03
8.793810629999999212e-03
8.742772410000000313e-03
8.802307409999999763e-03
8.756725939999999639e-03
8.799273490000000461e-03
8.797733139999999730e-03
8.754500780000000482e-03
8.878802380000000091e-03
8.994685239999999568e-03
8.813087350000000167e-03
8.873488159999999916e-03
8.825779920000000403e-03
8.918051260000000452e-03
8.811207600000000792e-03
8.876263820000000748e-03
8.902886840000000593e-03
8.834488490000000360e-03
8.893437140000000005e-03
8.916282439999999310e-03
8.854029819999999565e-03
8.952983850000000368e-03
8.880679049999999630e-03
9.037760929999999471e-03
8.995516579999999693e-03
9.022305059999999322e-03
8.888525059999999312e-03
8.978962420000000111e-03
8.984846790000000638e-03
8.997438099999999564e-03
8.913122699999999690e-03
9.014950089999999513e-03
8.995027310000000553e-03
9.030750359999999144e-03
8.990590640000000605e-03
8.991849970000000136e-03
9.101469299999999721e-03
9.005210729999999289e-03
9.016618719999999407e-03
9.061509310000000206e-03
9.046183699999999980e-03
9.094018560000000084e-03
9.058327260000000394e-03
9.075145919999999533e-03
9.126821480000000056e-03
9.095338539999999264e-03
9.119751670000000518e-03
9.069615039999999462e-03
9.069511129999999199e-03
9.139111899999999983e-03
9.223104359999999627e-03
9.100182070000000650e-03
9.098906699999999292e-03
9.099971459999999998e-03
9.194811270000000439e-03
9.185826200000000302e-03
9.188339860000000262e-03
9.079857559999999703e-03
9.124833569999999186e-03
9.131720450000000225e-03
9.214168340000000387e-03
9.180427640000000597e-03
9.160585940000000316e-03
9.142721149999999755e-03
9.160731720000000675e-03
9.241897330000000202e-03
9.229583479999999354e-03
9.160968079999999916e-03
9.282249310000000725e-03
9.289164690000000640e-03
9.228968290000000296e-03
9.079164909999999644e-03
9.292137179999999941e-03
9.386391799999999411e-03
9.273026440000000162e-03
9.249622730000000431e-03
9.255678669999999747e-03
9.260411669999999568e-03
9.252513349999999873e-03
9.324019160000000458e-03
9.299145979999999534e-03
9.392927820000000760e-03
9.376456099999999627e-03
9.431843679999999536e-03
9.420288719999999477e-03
9.261759110000000045e-03
9.375696739999999849e-03
9.332309659999999535e-03
9.357651119999999337e-03
9.332391770000000170e-03
9.371282079999999556e-03
9.379325889999999902e-03
9.412095590000000775e-03
9.432482810000000079e-03
9.332679090000000482e-03
9.457473370000000351e-03
9.456986549999999228e-03
9.425096000000000862e-03
9.417231610000000031e-03
9.439611270000000318e-03
9.547704040000000447e-03
9.443717339999999419e-03
9.511270120000000008e-03
9.355124390000000428e-03
9.451693650000000599e-03
9.433766229999999628e-03
9.517567620000000339e-03
9.511828260000000645e-03
9.496517149999999727e-03
9.563292359999999576e-03
9.409926190000000856e-03
9.538544720000000088e-03
9.524536829999999399e-03
9.508480879999999663e-03
9.548903989999999592e-03
9.616149830000000204e-03
9.613523909999999520e-03
9.491693230000000647e-03
9.593815329999999877e-03
9.580179980000000720e-03
9.594708900000000276e-03
9.538314730000000546e-03
9.484704199999999252e-03
9.641242879999999474e-03
9.649738660000000551e-03
9.547703149999999667e-03
9.599990620000000210e-03
9.709758820000000817e-03
9.644350520000000843e-03
9.600465339999999376e-03
9.598652980000000473e-03
9.641252989999999842e-03
9.688366800000000612e-03
9.633468080000000613e-03
9.685086730000000421e-03
9.654900679999999999e-03
9.691712110000000324e-03
9.718045970000000269e-03
9.685831630000000733e-03
9.758522049999999309e-03
9.685121329999999210e-03
9.599620729999999366e-03
9.667943490000000667e-03
9.697695810000000333e-03
9.750750239999999777e-03
9.748374449999999691e-03
9.641183069999999938e-03
9.729231810000000744e-03
9.694576280000000504e-03
9.798561549999999440e-03
9.753140550000000825e-03
9.804504420000000400e-03
9.865819390000000674e-03
9.801891610000000241e-03
9.869535849999999666e-03
9.832208040000000107e-03
9.886983029999999242e-03
9.807628650000000531e-03
9.971798460000000364e-03
9.771569589999999292e-03
9.878623309999999200e-03
9.974813699999999714e-03
9.948951920000000809e-03
9.894114679999999745e-03
1.002053110000000052e-02
9.836477729999999406e-03
9.851813870000000056e-03
9.807041310000000345e-03
9.912244599999999947e-03
9.923986140000000400e-03
9.806754900000000733e-03
9.951590479999999558e-03
9.921736279999999325e-03
9.942221019999999271e-03
9.925965519999999792e-03
1.004461190000000004e-02
1.003645780000000064e-02
9.971540040000000799e-03
9.981857780000000582e-03
1.000662920000000046e-02
1.007225670000000059e-02
1.004651850000000055e-02
1.002875580000000058e-02
9.997694280000000294e-03
9.967793429999999982e-03
1.003879780000000062e-02
1.007367389999999988e-02
9.937791589999999883e-03
1.010044189999999981e-02
9.982428070000000375e-03
1.012093900000000067e-02
1.005030370000000069e-02
1.009003089999999971e-02
1.012903970000000008e-02
1.011916579999999968e-02
1.017160050000000086e-02
1.004762740000000008e-02
1.012895309999999917e-02
1.008975900000000023e-02
1.024538619999999962e-02
1.010345300000000009e-02
1.012803479999999957e-02
1.010881890000000019e-02
1.017611109999999944e-02
1.023621450000000016e-02
1.036123530000000043e-02
1.018440559999999988e-02
1.023376590000000044e-02
1.018610070000000069e-02
1.023659669999999952e-02
1.022044100000000025e-02
1.027296360000000061e-02
1.011885759999999954e-02
1.040638670000000078e-02
1.026696950000000053e-02
1.020212409999999952e-02
1.027988089999999979e-02
1.026965200000000064e-02
1.049407129999999945e-02
1.029519540000000018e-02
1.037882730000000073e-02
1.023748269999999981e-02
1.039347629999999925e-02
1.035978400000000035e-02
1.038448540000000073e-02
1.028118790000000053e-02
1.020851319999999986e-02
1.039504739999999941e-02
1.030004529999999953e-02
1.042626160000000024e-02
1.043318740000000015e-02
1.032668869999999947e-02
1.052277689999999918e-02
1.046429540000000033e-02
1.041346240000000020e-02
1.033724899999999974e-02
1.042594980000000060e-02
1.052268869999999946e-02
1.037167829999999930e-02
1.052450119999999954e-02
1.058300749999999991e-02
1.043203980000000086e-02
1.050966199999999948e-02
1.058609309999999915e-02
1.046017659999999919e-02
1.051937929999999938e-02
1.056874919999999975e-02
1.036647209999999944e-02
1.038447160000000036e-02
1.057878039999999957e-02
1.054541860000000018e-02
1.052648760000000037e-02
1.064945519999999958e-02
1.064167180000000039e-02
1.062421969999999966e-02
1.056561150000000053e-02
1.069362939999999977e-02
1.055141490000000015e-02
1.053886390000000062e-02
1.065744010000000026e-02
1.068469849999999916e-02
1.048287370000000086e-02
1.063294749999999997e-02
1.066276420000000086e-02
1.082771499999999991e-02
1.061664139999999971e-02
1.073940959999999945e-02
1.056812960000000010e-02
1.067511950000000001e-02
1.072983299999999939e-02
1.061130019999999979e-02
1.066582699999999925e-02
1.068998340000000026e-02
1.071862980000000062e-02
1.074672060000000061e-02
1.066600629999999925e-02
1.085377960000000024e-02
1.075657290000000058e-02
1.076130349999999958e-02
1.077867669999999986e-02
1.093563650000000005e-02
1.075016300000000008e-02
1.082144709999999926e-02
1.080733910000000048e-02
1.073039050000000084e-02
1.080466830000000045e-02
1.082537870000000076e-02
1.078405500000000072e-02
1.082343709999999959e-02
1.082617930000000055e-02
1.084994679999999947e-02
1.085901029999999934e-02
1.083770600000000077e-02
1.086881819999999978e-02
1.094256080000000075e-02
1.090475190000000059e-02
1.082564880000000049e-02
1.081893140000000052e-02
1.093861789999999931e-02
1.098601299999999933e-02
1.089187540000000065e-02
1.103824249999999993e-02
1.096002629999999999e-02
1.100453560000000039e-02
1.099349930000000086e-02
1.099226090000000010e-02
1.089511779999999957e-02
1.100781999999999976e-02
1.082571660000000019e-02
1.101045909999999982e-02
1.088634989999999990e-02
1.100716300000000036e-02
1.107411259999999988e-02
1.105976839999999947e-02
1.111295349999999980e-02
1.093171339999999929e-02
1.098641189999999962e-02
1.104748130000000016e-02
1.118510829999999970e-02
1.111339650000000082e-02
1.123380719999999937e-02
1.108527779999999956e-02
1.112577149999999931e-02
1.114895079999999976e-02
1.121114599999999996e-02
1.121129109999999957e-02
1.104911150000000009e-02
1.111950209999999946e-02
1.110640759999999977e-02
1.113718590000000071e-02
1.123427029999999986e-02
1.101458880000000078e-02
1.131175059999999996e-02
1.115696880000000002e-02
1.135152799999999962e-02
1.121846699999999933e-02
1.121722390000000000e-02
1.113858390000000038e-02
1.124829370000000016e-02
1.136541330000000009e-02
1.118412830000000031e-02
1.115346950000000066e-02
1.121381859999999973e-02
1.117494509999999996e-02
1.123574339999999956e-02
1.134487040000000009e-02
1.126323989999999942e-02
1.125653320000000006e-02
1.135625319999999938e-02
1.139839460000000027e-02
1.125896019999999935e-02
1.139893349999999972e-02
1.145774979999999998e-02
1.130083980000000030e-02
1.138903529999999928e-02
1.134795970000000015e-02
1.143452749999999962e-02
1.143189770000000056e-02
1.125797939999999969e-02
1.145771280000000038e-02
1.141912729999999994e-02
1.148571489999999917e-02
1.139745040000000008e-02
1.149638889999999962e-02
1.141001489999999945e-02
1.138547630000000081e-02
1.144694029999999974e-02
1.149682450000000071e-02
1.153374539999999990e-02
1.155425789999999994e-02
1.154543790000000028e-02
1.153884470000000016e-02
1.156947980000000084e-02
1.153800659999999929e-02
1.149172929999999967e-02
1.167356819999999969e-02
1.150053040000000026e-02
1.161002090000000028e-02
1.177947189999999957e-02
1.141360980000000018e-02
1.152108750000000077e-02
1.153689670000000028e-02
1.176110569999999980e-02
1.160807640000000029e-02
1.162650410000000065e-02
1.145923979999999981e-02
1.156484670000000083e-02
1.162885179999999935e-02
1.158982119999999935e-02
1.162886469999999985e-02
1.178644920000000013e-02
1.164351060000000035e-02
1.157781400000000051e-02
1.175358869999999951e-02
1.174556579999999975e-02
1.175048859999999924e-02
1.168120660000000061e-02
1.188615569999999962e-02
1.180433850000000076e-02
1.179079469999999921e-02
1.175833109999999994e-02
1.161185730000000027e-02
1.181199729999999996e-02
1.177110490000000086e-02
1.173242650000000040e-02
1.197510809999999953e-02
1.174604389999999929e-02
1.198360229999999998e-02
1.185067409999999988e-02
1.184724220000000008e-02
1.197849699999999941e-02
1.176862040000000061e-02
1.187278840000000057e-02
1.177876199999999991e-02
1.195466759999999976e-02
1.179950620000000047e-02
1.187111989999999929e-02
1.182632559999999972e-02
1.199748389999999963e-02
1.179194310000000051e-02
1.203766239999999946e-02
1.186451130000000000e-02
1.214101790000000035e-02
1.186528960000000042e-02
1.195971380000000056e-02
1.199894970000000075e-02
1.191327560000000028e-02
1.192989449999999965e-02
1.204896779999999924e-02
1.196523160000000086e-02
1.191270980000000076e-02
1.195368509999999995e-02
1.219192510000000063e-02
1.199242629999999928e-02
1.215423179999999999e-02
1.198280229999999953e-02
1.196997020000000085e-02
1.200171620000000001e-02
1.202103929999999953e-02
1.199414839999999975e-02
1.205645359999999930e-02
1.204846400000000005e-02
1.211060979999999988e-02
1.222166620000000002e-02
1.220872360000000052e-02
1.217268619999999947e-02
1.214012769999999949e-02
1.216401150000000035e-02
1.202657189999999966e-02
1.211497060000000028e-02
1.232620840000000009e-02
1.226307559999999935e-02
1.220280860000000009e-02
1.231361299999999930e-02
1.224601129999999989e-02
1.231650440000000082e-02
1.227334329999999959e-02
1.221394999999999946e-02
1.217511299999999956e-02
1.229703329999999942e-02
1.227769589999999980e-02
1.224152430000000069e-02
1.230393490000000062e-02
1.210120299999999961e-02
1.225829099999999929e-02
1.243360100000000072e-02
1.242232279999999980e-02
1.232058349999999927e-02
1.236351420000000000e-02
1.236270660000000042e-02
1.227034100000000058e-02
1.220951280000000076e-02
1.245451099999999971e-02
1.250424110000000061e-02
1.244193340000000064e-02
1.232857229999999998e-02
1.256348619999999965e-02
1.255995820000000048e-02
1.238666929999999999e-02
1.258314269999999922e-02
1.251313589999999976e-02
1.251767770000000030e-02
1.230441260000000002e-02
1.253411219999999923e-02
1.256823500000000052e-02
1.238887420000000031e-02
1.261132809999999937e-02
1.250131940000000046e-02
1.265928070000000086e-02
1.255030199999999929e-02
1.256450790000000067e-02
1.251989860000000086e-02
1.260057610000000008e-02
1.260287430000000056e-02
1.241880759999999979e-02
1.256284560000000064e-02
1.243303559999999960e-02
1.275953139999999944e-02
1.266957770000000025e-02
1.262774319999999950e-02
1.254034130000000052e-02
1.289004000000000018e-02
1.261706710000000051e-02
1.259287599999999938e-02
1.284896100000000076e-02
1.277138409999999981e-02
1.267586650000000065e-02
1.273395199999999977e-02
1.267611369999999994e-02
1.264338890000000007e-02
1.283156379999999923e-02
1.277515039999999914e-02
1.277981909999999915e-02
1.282967989999999996e-02
1.286714320000000022e-02
1.295051849999999914e-02
1.275057110000000007e-02
1.273598020000000011e-02
1.272661039999999945e-02
1.268499300000000031e-02
1.281942380000000020e-02
1.274818640000000003e-02
1.293242179999999977e-02
1.290391440000000084e-02
1.295153869999999922e-02
1.293909380000000074e-02
1.296285900000000019e-02
1.275192439999999969e-02
1.288153369999999950e-02
1.280623349999999994e-02
1.288477080000000052e-02
1.285766269999999954e-02
1.306221450000000055e-02
1.305066409999999961e-02
1.298962659999999998e-02
1.301495570000000060e-02
1.291313489999999960e-02
1.318975820000000028e-02
1.309246979999999921e-02
1.304278570000000012e-02
1.311232269999999984e-02
1.307064670000000067e-02
1.301909310000000028e-02
1.313225860000000016e-02
1.302458450000000025e-02
1.314170880000000048e-02
1.308823920000000071e-02
1.296361279999999963e-02
1.324297919999999941e-02
1.309506709999999977e-02
1.311709559999999983e-02
1.295500169999999965e-02
1.308798039999999920e-02
1.311211169999999988e-02
1.325660640000000078e-02
1.318583480000000072e-02
1.321430170000000015e-02
1.320269590000000028e-02
1.325838220000000005e-02
1.319315350000000060e-02
1.327645319999999976e-02
1.324806689999999919e-02
1.336168119999999945e-02
1.316472720000000027e-02
1.323993019999999965e-02
1.322321289999999969e-02
1.355032679999999996e-02
1.318240809999999923e-02
1.322942799999999967e-02
1.340567619999999925e-02
1.320934820000000016e-02
1.328646770000000039e-02
1.337630320000000005e-02
1.330093100000000021e-02
1.332458809999999966e-02
1.356108590000000037e-02
1.328958379999999918e-02
1.333162920000000029e-02
1.333909179999999937e-02
1.347692229999999936e-02
1.321022869999999988e-02
1.342021810000000072e-02
1.337954849999999953e-02
1.326538319999999958e-02
1.340952200000000011e-02
1.341269940000000029e-02
1.343942289999999935e-02
1.366905939999999917e-02
1.351722820000000012e-02
1.373697400000000075e-02
1.341582260000000019e-02
1.366393720000000020e-02
1.349166540000000004e-02
1.361299099999999963e-02
1.358129840000000046e-02
1.362764319999999925e-02
1.345801750000000067e-02
1.345736909999999988e-02
1.358619699999999951e-02
1.362991600000000060e-02
1.355548430000000013e-02
1.361060449999999984e-02
1.367200250000000054e-02
1.368321400000000083e-02
1.383857160000000024e-02
1.381660990000000040e-02
1.381971480000000058e-02
1.391314589999999990e-02
1.363340300000000054e-02
1.391745240000000043e-02
1.377055100000000067e-02
1.373924819999999998e-02
1.381699850000000021e-02
1.381530270000000046e-02
1.369859189999999942e-02
1.378413319999999970e-02
1.379654119999999991e-02
1.402066790000000042e-02
1.381649949999999918e-02
1.391090830000000014e-02
1.361649719999999918e-02
1.365965159999999942e-02
1.374588250000000067e-02
1.372827769999999947e-02
1.377668490000000072e-02
1.397948539999999996e-02
1.395970669999999948e-02
1.391569770000000011e-02
1.371437889999999916e-02
1.398598539999999953e-02
1.371227679999999921e-02
1.386772619999999956e-02
1.384509519999999917e-02
1.388154630000000035e-02
1.400830269999999919e-02
1.394511330000000084e-02
1.391793210000000051e-02
1.395632169999999964e-02
1.392229340000000065e-02
1.402232060000000065e-02
1.403428450000000077e-02
1.403469719999999969e-02
1.382686179999999959e-02
1.401525399999999956e-02
1.397444689999999962e-02
1.407696100000000068e-02
1.409701550000000067e-02
1.421846610000000038e-02
1.417844149999999970e-02
1.385742329999999946e-02
1.416066430000000043e-02
1.420989140000000067e-02
1.401263300000000003e-02
1.432284089999999975e-02
1.431073490000000017e-02
1.401874579999999940e-02
1.404522679999999947e-02
1.434970539999999919e-02
1.409719880000000029e-02
1.431838780000000040e-02
1.409764909999999989e-02
1.412838029999999995e-02
1.434574419999999975e-02
1.426257960000000026e-02
1.430997009999999958e-02
1.427269540000000031e-02
1.429333680000000051e-02
1.448218279999999997e-02
1.434486890000000008e-02
1.428956139999999937e-02
1.426171700000000014e-02
1.431318059999999934e-02
1.428961989999999981e-02
1.449212199999999964e-02
1.424461399999999919e-02
1.417844000000000049e-02
1.447330190000000079e-02
1.440922080000000063e-02
1.427259950000000013e-02
1.453597109999999956e-02
1.470020319999999943e-02
1.411884470000000086e-02
1.453865059999999952e-02
1.430627760000000026e-02
1.438486660000000070e-02
1.456646259999999984e-02
1.434258950000000081e-02
1.446798900000000054e-02
1.464033309999999977e-02
1.470938259999999935e-02
1.436706440000000071e-02
1.458021619999999921e-02
1.454416950000000062e-02
1.460456010000000041e-02
1.439416250000000001e-02
1.455952639999999985e-02
1.468495289999999925e-02
1.468885210000000011e-02
1.468465159999999929e-02
1.462423730000000054e-02
1.469740140000000070e-02
1.486669770000000057e-02
1.466296110000000000e-02
1.497011080000000029e-02
1.451884229999999935e-02
1.510498960000000029e-02
1.465707049999999921e-02
1.485402149999999998e-02
1.475551460000000016e-02
1.453903500000000050e-02
1.461958629999999919e-02
1.469583449999999937e-02
1.462957510000000017e-02
1.504837520000000019e-02
1.481967629999999918e-02
1.481014930000000042e-02
1.502443449999999944e-02
1.454305650000000012e-02
1.503411489999999934e-02
1.492088220000000083e-02
1.488059119999999950e-02
1.483836510000000053e-02
1.503640300000000027e-02
1.501016250000000024e-02
1.488858359999999971e-02
1.460027600000000057e-02
1.498352099999999965e-02
1.493437910000000070e-02
1.509619929999999992e-02
1.500137149999999919e-02
1.502027350000000039e-02
1.497654200000000067e-02
1.517756510000000010e-02
1.512810870000000016e-02
1.514760130000000066e-02
1.514472870000000033e-02
1.491263949999999984e-02
1.512593429999999940e-02
1.509760230000000043e-02
1.493890099999999922e-02
1.496689869999999999e-02
1.527612310000000043e-02
1.497110930000000034e-02
1.538710140000000039e-02
1.550583409999999919e-02
1.518213730000000060e-02
1.499457660000000012e-02
1.537861620000000040e-02
1.516754399999999982e-02
1.519888940000000029e-02
1.515417950000000000e-02
1.506446990000000034e-02
1.510530050000000006e-02
1.545387839999999915e-02
1.527755740000000077e-02
1.516643510000000028e-02
1.515464650000000052e-02
1.533362039999999933e-02
1.536963340000000074e-02
1.522111129999999951e-02
1.551454730000000060e-02
1.527171000000000084e-02
1.543410580000000032e-02
1.557511840000000078e-02
1.520792470000000007e-02
1.538271410000000006e-02
1.555395979999999942e-02
1.534515099999999958e-02
1.542984260000000024e-02
1.536200920000000032e-02
1.540763319999999964e-02
1.554754789999999998e-02
1.520080660000000007e-02
1.552946449999999950e-02
1.550335509999999951e-02
1.567266549999999856e-02
1.534172680000000025e-02
1.562395389999999933e-02
1.552511240000000077e-02
1.554288510000000068e-02
1.552216980000000086e-02
1.567428749999999829e-02
1.546072849999999971e-02
1.553082220000000062e-02
1.576538140000000032e-02
1.544743900000000031e-02
1.582726569999999902e-02
1.563657970000000008e-02
1.564036499999999982e-02
1.590149479999999893e-02
1.583045010000000072e-02
1.544504229999999964e-02
1.587472369999999924e-02
1.588263549999999885e-02
1.548442870000000041e-02
1.562768280000000065e-02
1.533306429999999922e-02
1.555000349999999948e-02
1.575010989999999986e-02
1.572936249999999994e-02
1.604442840000000134e-02
1.570277479999999948e-02
1.585086269999999922e-02
1.580995769999999842e-02
1.596049930000000006e-02
1.610235189999999900e-02
1.582657029999999868e-02
1.572481289999999934e-02
1.584718840000000004e-02
1.583583319999999975e-02
1.600699259999999874e-02
1.605549009999999999e-02
1.588464339999999878e-02
1.568391209999999911e-02
1.564074619999999971e-02
1.606434270000000122e-02
1.599250309999999953e-02
1.584436960000000158e-02
1.574505290000000057e-02
1.558443349999999970e-02
1.624280739999999987e-02
1.613201920000000011e-02
1.612369099999999902e-02
1.602994220000000108e-02
1.563167550000000086e-02
1.608061339999999895e-02
1.609896250000000112e-02
1.602498290000000172e-02
1.616034519999999877e-02
1.605758319999999947e-02
1.618606629999999949e-02
1.605292999999999998e-02
1.591441199999999931e-02
1.642079709999999873e-02
1.601715370000000166e-02
1.621924649999999940e-02
1.628278130000000018e-02
1.644766970000000050e-02
1.635545479999999871e-02
1.657174609999999965e-02
1.604494039999999899e-02
1.626543080000000113e-02
1.614854240000000024e-02
1.619336559999999883e-02
1.613544260000000091e-02
1.595432080000000127e-02
1.638526439999999848e-02
1.617216470000000170e-02
1.602830679999999938e-02
1.623485740000000024e-02
1.635118569999999966e-02
1.636166589999999907e-02
1.628222959999999983e-02
1.666463940000000032e-02
1.620621289999999923e-02
1.613855939999999864e-02
1.645579200000000034e-02
1.608996260000000039e-02
1.653684219999999871e-02
1.628705659999999875e-02
1.661536590000000160e-02
1.639287639999999907e-02
1.635149519999999981e-02
1.653161289999999922e-02
1.652093669999999889e-02
1.656261709999999956e-02
1.660706790000000127e-02
1.654937999999999895e-02
1.648561880000000077e-02
1.688063659999999855e-02
1.668255529999999875e-02
1.645516849999999892e-02
1.658581420000000001e-02
1.681770949999999987e-02
1.652597689999999939e-02
1.681362380000000004e-02
1.674955389999999850e-02
1.682831879999999863e-02
1.662608949999999988e-02
1.677993510000000063e-02
1.674819409999999884e-02
1.672383419999999912e-02
1.674405069999999884e-02
1.699669369999999916e-02
1.677112780000000053e-02
1.638702120000000081e-02
1.686609039999999865e-02
1.681270379999999856e-02
1.663862229999999928e-02
1.665538360000000037e-02
1.684165680000000026e-02
1.664793250000000044e-02
1.703163970000000013e-02
1.691471510000000164e-02
1.698761869999999841e-02
1.713500230000000041e-02
1.703514009999999856e-02
1.676744640000000022e-02
1.730334609999999856e-02
1.696608579999999908e-02
1.717313150000000094e-02
1.707181080000000004e-02
1.713132070000000090e-02
1.717173290000000019e-02
1.736003529999999989e-02
1.718378530000000057e-02
1.684124320000000147e-02
1.698151239999999909e-02
1.688170569999999926e-02
1.726471850000000155e-02
1.716679249999999990e-02
1.699513830000000045e-02
1.707860619999999885e-02
1.720327170000000155e-02
1.720083639999999900e-02
1.694548660000000026e-02
1.705913209999999902e-02
1.715980630000000021e-02
1.714272260000000020e-02
1.691836210000000063e-02
1.700636650000000166e-02
1.731748690000000160e-02
1.696972429999999907e-02
1.739393269999999977e-02
1.726470000000000088e-02
1.722517070000000039e-02
1.714212260000000029e-02
1.738823239999999840e-02
1.729186500000000001e-02
1.720996879999999937e-02
1.767892550000000132e-02
1.739425179999999974e-02
1.700995510000000155e-02
1.725337030000000105e-02
1.749645999999999840e-02
1.742992310000000128e-02
1.733008119999999985e-02
1.731597580000000108e-02
1.724953330000000146e-02
1.763425969999999829e-02
1.763731199999999874e-02
1.749424869999999937e-02
1.739605110000000052e-02
1.729149069999999858e-02
1.764676160000000146e-02
1.750365090000000068e-02
1.745335209999999970e-02
1.739924149999999906e-02
1.774713350000000148e-02
1.763351429999999997e-02
1.779502339999999849e-02
1.757938139999999996e-02
1.776187649999999910e-02
1.778386989999999890e-02
1.769971539999999968e-02
1.761602649999999964e-02
1.790601550000000056e-02
1.797921809999999954e-02
1.748324110000000139e-02
1.770724499999999993e-02
1.780488839999999975e-02
1.773430419999999855e-02
1.799466270000000048e-02
1.757077569999999922e-02
1.787391199999999875e-02
1.771194489999999844e-02
1.785478509999999935e-02
1.760932739999999941e-02
1.763092990000000165e-02
1.801614580000000104e-02
1.778781030000000166e-02
1.760369739999999988e-02
1.814796109999999851e-02
1.804481260000000142e-02
1.772542740000000033e-02
1.800696840000000007e-02
1.768904719999999861e-02
1.803628690000000021e-02
1.779031550000000073e-02
1.808679419999999899e-02
1.807065390000000063e-02
1.830624410000000063e-02
1.785096770000000124e-02
1.808804019999999887e-02
1.810803360000000015e-02
1.826185550000000019e-02
1.806751419999999900e-02
1.822005709999999917e-02
1.807223910000000169e-02
1.826344920000000024e-02
1.803433360000000069e-02
1.815486870000000003e-02
1.831996060000000079e-02
1.836693279999999928e-02
1.829655839999999936e-02
1.815734100000000045e-02
1.804860960000000125e-02
1.810988989999999868e-02
1.869258819999999877e-02
1.880351879999999851e-02
1.843921899999999975e-02
1.822508499999999851e-02
1.863177020000000156e-02
1.858730340000000134e-02
1.845169829999999955e-02
1.799893110000000060e-02
1.850885119999999898e-02
1.840366100000000171e-02
1.836107190000000125e-02
1.822795959999999951e-02
1.828194010000000133e-02
1.845393819999999879e-02
1.860430769999999942e-02
1.850040569999999995e-02
1.811767679999999950e-02
1.872512759999999873e-02
1.867842420000000170e-02
1.871459820000000163e-02
1.832237499999999839e-02
1.881246849999999859e-02
1.862505000000000063e-02
1.900217029999999932e-02
1.898669929999999978e-02
1.861660249999999919e-02
1.903034860000000009e-02
1.889056669999999993e-02
1.857490070000000076e-02
1.915985460000000154e-02
1.835675349999999970e-02
1.866949979999999940e-02
1.866425650000000033e-02
1.843864920000000060e-02
1.892017840000000117e-02
1.892653349999999859e-02
1.900958839999999928e-02
1.883938270000000068e-02
1.904395869999999866e-02
1.875522710000000065e-02
1.927178090000000038e-02
1.891894839999999980e-02
1.873350890000000102e-02
1.842498219999999867e-02
1.906621929999999937e-02
1.868780629999999832e-02
1.878376470000000034e-02
1.879111320000000085e-02
1.901882029999999932e-02
1.867501280000000152e-02
1.884861070000000069e-02
1.886899790000000007e-02
1.903640670000000118e-02
1.898772290000000015e-02
1.898701599999999892e-02
1.895822429999999975e-02
1.911396549999999986e-02
1.923633870000000107e-02
1.908374820000000027e-02
1.945126620000000098e-02
1.913623479999999877e-02
1.916576799999999969e-02
1.915158089999999952e-02
1.893909140000000005e-02
1.926163410000000104e-02
1.889774170000000156e-02
1.923483720000000036e-02
1.958081030000000111e-02
1.929475359999999889e-02
1.891860459999999966e-02
1.937086340000000045e-02
1.923368920000000093e-02
1.954634400000000022e-02
1.897191029999999862e-02
1.883678869999999908e-02
1.951496720000000032e-02
1.910193799999999886e-02
1.931378359999999864e-02
1.930346369999999881e-02
1.938992319999999908e-02
1.978324730000000087e-02
1.946344439999999829e-02
1.940668060000000014e-02
1.947293580000000052e-02
1.919013060000000076e-02
1.937096950000000151e-02
1.924935590000000085e-02
1.969661409999999904e-02
1.936913339999999858e-02
1.945191770000000153e-02
1.954330899999999829e-02
1.981169500000000069e-02
1.927486009999999916e-02
1.988769640000000172e-02
1.937233810000000070e-02
1.965493440000000078e-02
1.992766860000000015e-02
1.945191829999999913e-02
1.968082230000000113e-02
1.991519460000000172e-02
1.948304119999999875e-02
1.962215429999999983e-02
1.971227760000000134e-02
1.994368369999999918e-02
1.982021419999999839e-02
1.958004080000000022e-02
1.992687719999999829e-02
1.950862429999999925e-02
1.964027039999999974e-02
1.955811069999999902e-02
2.016641580000000031e-02
1.973676580000000014e-02
2.033552439999999906e-02
1.995241550000000086e-02
1.955358260000000098e-02
1.990258799999999884e-02
2.018064270000000104e-02
2.001895570000000041e-02
1.999380040000000094e-02
1.948029650000000085e-02
1.934787619999999916e-02
1.971271739999999953e-02
1.976317680000000063e-02
2.011241440000000047e-02
1.995957840000000053e-02
2.026629970000000044e-02
2.012237409999999976e-02
2.014050480000000032e-02
1.978398220000000124e-02
2.040022730000000048e-02
2.018489229999999995e-02
1.951385690000000117e-02
2.016935450000000019e-02
2.010645859999999827e-02
2.060151480000000160e-02
2.058479430000000054e-02
2.009250929999999852e-02
2.038631419999999833e-02
2.027572940000000115e-02
2.004212320000000117e-02
2.012721940000000015e-02
2.034626939999999856e-02
2.014742419999999978e-02
2.033430480000000123e-02
2.015938639999999976e-02
2.032503620000000039e-02
2.036148080000000152e-02
2.017360860000000020e-02
2.076492309999999897e-02
2.039134089999999899e-02
2.065730030000000050e-02
2.027328949999999963e-02
2.034568939999999854e-02
2.064609540000000160e-02
2.067901249999999982e-02
2.026956560000000088e-02
2.037148160000000138e-02
2.056785059999999971e-02
2.039845850000000099e-02
2.072567050000000133e-02
2.075566469999999900e-02
2.084617620000000018e-02
2.045143639999999832e-02
2.097140230000000063e-02
2.040967529999999919e-02
2.064278480000000110e-02
2.095022100000000151e-02
2.055437359999999838e-02
2.050943369999999946e-02
2.101797570000000018e-02
2.037181639999999933e-02
2.075944260000000055e-02
2.115093319999999943e-02
2.086393179999999903e-02
2.051469839999999975e-02
2.067663960000000120e-02
2.107132470000000132e-02
2.038773040000000161e-02
2.055712490000000114e-02
2.112327899999999828e-02
2.093940600000000068e-02
2.085325879999999979e-02
2.088178339999999938e-02
2.102664530000000059e-02
2.100550249999999855e-02
2.120930399999999827e-02
2.062583009999999911e-02
2.181318679999999857e-02
2.118094120000000094e-02
2.034024289999999957e-02
2.143161999999999845e-02
2.072939970000000146e-02
2.083776810000000090e-02
2.081390320000000085e-02
2.168867299999999859e-02
2.060926890000000164e-02
2.124596429999999966e-02
2.179387379999999860e-02
2.112198900000000074e-02
2.144823369999999951e-02
2.102974659999999954e-02
2.141386799999999910e-02
2.114159129999999831e-02
2.117717829999999843e-02
2.165097179999999830e-02
2.103153010000000100e-02
2.194340809999999892e-02
2.125246869999999899e-02
2.177069059999999986e-02
2.141545220000000069e-02
2.166469710000000146e-02
2.155666209999999861e-02
2.176055140000000138e-02
2.092471279999999836e-02
2.169970829999999865e-02
2.175705569999999978e-02
2.156535999999999870e-02
2.152742900000000070e-02
2.110709610000000014e-02
2.157000920000000030e-02
2.152906099999999864e-02
2.139189370000000104e-02
2.163339770000000106e-02
2.202525849999999868e-02
2.165514779999999986e-02
2.194228939999999864e-02
2.159598940000000133e-02
2.198145079999999987e-02
2.221498239999999957e-02
2.148638380000000153e-02
2.174980339999999998e-02
2.151294949999999970e-02
2.174491980000000171e-02
2.169502469999999919e-02
2.176191209999999918e-02
2.157070549999999878e-02
2.185227899999999876e-02
2.162841429999999912e-02
2.233566920000000164e-02
2.203522280000000041e-02
2.237730229999999876e-02
2.176629719999999962e-02
2.172243329999999986e-02
2.185824169999999941e-02
2.154482500000000009e-02
2.171734670000000089e-02
2.259243190000000123e-02
2.219436649999999983e-02
2.182538129999999840e-02
2.226988839999999997e-02
2.208522480000000079e-02
2.274638459999999904e-02
2.200504650000000006e-02
2.199605209999999991e-02
2.219508879999999851e-02
2.236413989999999977e-02
2.191787369999999985e-02
2.199198100000000072e-02
2.233594959999999838e-02
2.219760180000000110e-02
2.251454290000000011e-02
2.201673499999999908e-02
2.282202189999999950e-02
2.195056889999999830e-02
2.293632350000000125e-02
2.188566559999999966e-02
2.260286400000000029e-02
2.238803509999999844e-02
2.246898220000000113e-02
2.184772969999999870e-02
2.281624499999999889e-02
2.223595869999999905e-02
2.264706309999999986e-02
2.272518360000000057e-02
2.264717269999999907e-02
2.289265949999999897e-02
2.311204619999999987e-02
2.239308549999999981e-02
2.235946299999999956e-02
2.263092560000000072e-02
2.243128429999999979e-02
2.271403760000000049e-02
2.198455640000000072e-02
2.256750050000000049e-02
2.329519940000000094e-02
2.241297280000000003e-02
2.219160879999999836e-02
2.267763249999999939e-02
2.308226780000000034e-02
2.274372120000000067e-02
2.234455360000000071e-02
2.269998709999999920e-02
2.282605979999999951e-02
2.314174750000000044e-02
2.313721989999999867e-02
2.303672739999999830e-02
2.322577779999999981e-02
2.312729189999999935e-02
2.222748110000000166e-02
2.273838580000000012e-02
2.321271399999999888e-02
2.271741789999999830e-02
2.299698229999999968e-02
2.359277400000000038e-02
2.355032979999999859e-02
2.340630989999999828e-02
2.278513199999999961e-02
2.346492760000000108e-02
2.333428389999999894e-02
2.279635959999999975e-02
2.268879050000000008e-02
2.281234659999999831e-02
2.282754099999999980e-02
2.367038210000000156e-02
2.315706999999999835e-02
2.316528220000000152e-02
2.323466230000000021e-02
2.407525760000000029e-02
2.365577259999999959e-02
2.379733679999999907e-02
2.347261490000000089e-02
2.362809150000000011e-02
2.333886829999999926e-02
2.344935630000000160e-02
2.300128179999999870e-02
2.281651139999999953e-02
2.290674939999999896e-02
2.320632699999999882e-02
2.363357660000000096e-02
2.334070060000000002e-02
2.303098840000000064e-02
2.404522870000000076e-02
2.307806210000000122e-02
2.361559309999999856e-02
2.381246580000000168e-02
2.277253400000000053e-02
2.365557670000000001e-02
2.365843410000000036e-02
2.343387380000000117e-02
2.315367310000000095e-02
2.370273349999999987e-02
2.413771509999999842e-02
2.405892479999999917e-02
2.318353509999999951e-02
2.393848720000000055e-02
2.374651120000000060e-02
2.358153669999999910e-02
2.434458210000000136e-02
2.310032210000000086e-02
2.380529710000000090e-02
2.387258180000000063e-02
2.345014750000000078e-02
2.397069539999999860e-02
2.388694980000000134e-02
2.426616430000000033e-02
2.366017750000000072e-02
2.385157309999999878e-02
2.417518620000000049e-02
2.360711470000000090e-02
2.343850310000000076e-02
2.326583889999999863e-02
2.441924779999999837e-02
2.414510569999999898e-02
2.419292069999999864e-02
2.463313909999999968e-02
2.366123380000000054e-02
2.372119970000000078e-02
2.426121159999999888e-02
2.353290499999999980e-02
2.420771979999999934e-02
2.424773670000000131e-02
2.391642979999999974e-02
2.442925719999999856e-02
2.462171729999999836e-02
2.466623630000000164e-02
2.377240179999999883e-02
2.460493620000000006e-02
2.405703359999999957e-02
2.434678070000000083e-02
2.396123500000000087e-02
2.418626139999999897e-02
2.452930379999999910e-02
2.425482649999999990e-02
2.445236259999999939e-02
2.457366069999999958e-02
2.518936990000000126e-02
2.431238869999999969e-02
2.454595589999999938e-02
2.428131910000000046e-02
2.438923549999999843e-02
2.448277089999999906e-02
2.456340740000000078e-02
2.418900079999999897e-02
2.499449100000000062e-02
2.494536259999999978e-02
2.411630099999999971e-02
2.497731060000000017e-02
2.484959390000000129e-02
2.497500470000000097e-02
2.474227440000000000e-02
2.496235750000000073e-02
2.448490459999999938e-02
2.480506710000000142e-02
2.533970950000000166e-02
2.503108799999999995e-02
2.496769719999999970e-02
2.477972780000000166e-02
2.522696740000000132e-02
2.564899409999999921e-02
2.419440930000000059e-02
2.545050100000000037e-02
2.505248599999999881e-02
2.488955699999999965e-02
2.503146540000000114e-02
2.436260020000000082e-02
2.523519709999999874e-02
2.458922919999999984e-02
2.487542029999999932e-02
2.529874090000000172e-02
2.526142730000000003e-02
2.422661829999999891e-02
2.461461309999999833e-02
2.523453150000000075e-02
2.439068549999999849e-02
2.459757640000000134e-02
2.503982750000000035e-02
2.506365140000000116e-02
2.542638040000000030e-02
2.551239740000000103e-02
2.521880290000000011e-02
2.621378450000000013e-02
2.514125039999999880e-02
2.533189829999999906e-02
2.485836779999999954e-02
2.581534229999999860e-02
2.627755030000000075e-02
2.575264140000000160e-02
2.527989019999999851e-02
2.476874169999999931e-02
2.538545760000000123e-02
2.560938819999999949e-02
2.554208809999999885e-02
2.524888219999999947e-02
2.577495670000000058e-02
2.585558710000000066e-02
2.674971170000000134e-02
2.566822439999999830e-02
2.512282559999999901e-02
2.592580809999999944e-02
2.576446250000000160e-02
2.580579659999999997e-02
2.615363839999999829e-02
2.613858419999999863e-02
2.559527699999999961e-02
2.548922290000000049e-02
2.604662849999999849e-02
2.606590900000000169e-02
2.535243270000000007e-02
2.585763740000000116e-02
2.648983259999999895e-02
2.554381639999999884e-02
2.601057459999999918e-02
2.613052559999999927e-02
2.649263740000000131e-02
2.658932530000000100e-02
2.590497749999999891e-02
2.653666580000000122e-02
2.643598239999999863e-02
2.640302740000000092e-02
2.679901520000000162e-02
2.638942470000000054e-02
2.612056689999999945e-02
2.540421309999999974e-02
2.580700550000000065e-02
2.649549030000000055e-02
2.644224569999999858e-02
2.635209980000000063e-02
2.686321330000000090e-02
2.711632820000000124e-02
2.708463540000000114e-02
2.700669870000000153e-02
2.646102880000000129e-02
2.700104089999999860e-02
2.601604739999999888e-02
2.631741430000000131e-02
2.656905500000000114e-02
2.656370239999999994e-02
2.545815300000000073e-02
2.555311340000000070e-02
2.707535889999999890e-02
2.682828420000000005e-02
2.592374230000000015e-02
2.665177759999999910e-02
2.683071960000000047e-02
2.602692679999999911e-02
2.675902559999999986e-02
2.617820800000000142e-02
2.693541240000000073e-02
2.693003669999999988e-02
2.696587829999999922e-02
2.639715290000000172e-02
2.644360850000000013e-02
2.755992209999999845e-02
2.647433069999999972e-02
2.675028880000000081e-02
2.666462060000000106e-02
2.631969630000000060e-02
2.692404389999999981e-02
2.649584829999999946e-02
2.691263480000000152e-02
2.710141149999999860e-02
2.649042520000000067e-02
2.662066999999999906e-02
2.687448289999999976e-02
2.687739800000000026e-02
2.695065779999999966e-02
2.682706589999999877e-02
2.663294969999999845e-02
2.722773289999999916e-02
2.750894920000000049e-02
2.764331500000000164e-02
2.679354150000000032e-02
2.700669719999999885e-02
2.658932530000000100e-02
2.766377059999999832e-02
2.838035189999999972e-02
2.726520389999999988e-02
2.718242129999999881e-02
2.732614900000000097e-02
2.692905640000000170e-02
2.668263430000000075e-02
2.653387470000000137e-02
2.731606899999999838e-02
2.701316789999999926e-02
2.719324429999999890e-02
2.764890929999999983e-02
2.711062670000000119e-02
2.808684670000000105e-02
2.720587190000000113e-02
2.883707690000000129e-02
2.818056489999999983e-02
2.803914019999999979e-02
2.760983280000000109e-02
2.782228969999999899e-02
2.762252360000000059e-02
2.813704690000000050e-02
2.788537019999999880e-02
2.794109789999999968e-02
2.778126300000000048e-02
2.807126700000000044e-02
2.796216040000000166e-02
2.753365170000000167e-02
2.720168569999999869e-02
2.751584470000000004e-02
2.763438970000000119e-02
2.754216779999999962e-02
2.760413160000000157e-02
2.838234610000000060e-02
2.794109789999999968e-02
2.816855570000000031e-02
2.838932090000000075e-02
2.781390079999999931e-02
2.853968299999999972e-02
2.813108640000000146e-02
2.766581369999999984e-02
2.807694479999999979e-02
2.724102839999999887e-02
2.823734359999999916e-02
2.810642179999999976e-02
2.751929679999999892e-02
2.843381760000000119e-02
2.960130089999999867e-02
2.772849850000000047e-02
2.845789749999999910e-02
2.822327170000000010e-02
2.837690920000000144e-02
2.805650070000000051e-02
2.814668660000000169e-02
2.808151919999999843e-02
2.816837540000000084e-02
2.949397900000000003e-02
2.853725890000000098e-02
2.829569170000000022e-02
2.840898999999999855e-02
2.774755610000000094e-02
2.807338690000000039e-02
2.893481679999999889e-02
2.932004549999999918e-02
2.896021000000000012e-02
2.829938740000000064e-02
2.877729039999999891e-02
2.891895319999999991e-02
2.817879300000000059e-02
2.909920759999999954e-02
2.900192340000000077e-02
2.771494949999999888e-02
2.854496460000000013e-02
2.816425230000000127e-02
2.866088970000000083e-02
3.004344420000000168e-02
2.979451560000000165e-02
2.885349300000000089e-02
2.901012710000000147e-02
2.955985549999999920e-02
2.914661870000000155e-02
2.965293609999999913e-02
2.885669930000000008e-02
2.907988060000000000e-02
2.924881019999999929e-02
3.007488770000000047e-02
2.978847780000000098e-02
2.947114649999999988e-02
2.897938770000000122e-02
2.917709580000000039e-02
2.932194059999999880e-02
2.998346959999999978e-02
2.847291039999999898e-02
2.957025350000000094e-02
2.879900659999999959e-02
2.916500920000000135e-02
2.895545799999999989e-02
2.921462609999999835e-02
2.868462000000000095e-02
2.964731870000000130e-02
2.970333799999999927e-02
2.990895160000000066e-02
2.883619100000000060e-02
2.893484350000000149e-02
2.918364509999999898e-02
2.889426399999999936e-02
2.880497610000000083e-02
3.006700940000000058e-02
3.073762290000000078e-02
2.992224569999999903e-02
2.887285109999999932e-02
3.003413610000000081e-02
2.939873579999999903e-02
2.990277280000000135e-02
2.995286839999999895e-02
2.955626849999999986e-02
2.924167080000000113e-02
3.051457759999999866e-02
2.933055799999999963e-02
3.038761980000000140e-02
3.010555579999999939e-02
2.948982940000000053e-02
2.923770649999999846e-02
3.030953780000000125e-02
3.044488000000000055e-02
3.015757139999999947e-02
3.037475070000000138e-02
3.018656340000000146e-02
3.007488770000000047e-02
3.003545930000000100e-02
2.998926739999999841e-02
2.986841109999999883e-02
2.964127210000000109e-02
3.097958950000000156e-02
3.160395099999999818e-02
2.982520899999999836e-02
3.001042829999999925e-02
2.965433170000000146e-02
3.071793759999999832e-02
2.970400960000000104e-02
3.104630980000000137e-02
2.962697159999999955e-02
3.021949549999999873e-02
3.083560419999999830e-02
2.951755550000000061e-02
3.154636450000000009e-02
2.964849970000000071e-02
3.103138169999999918e-02
2.936058810000000130e-02
3.064450399999999949e-02
3.060940809999999901e-02
3.144969570000000214e-02
2.980012589999999836e-02
3.142194529999999680e-02
3.060869830000000069e-02
3.075803720000000116e-02
3.206846230000000297e-02
3.092563220000000071e-02
3.072247339999999854e-02
3.114466360000000059e-02
3.078935680000000064e-02
3.104159910000000092e-02
3.064955759999999849e-02
3.040246159999999975e-02
3.211739660000000052e-02
3.026870859999999941e-02
3.002862749999999845e-02
3.073544530000000066e-02
3.187260330000000336e-02
3.131417930000000155e-02
3.028494149999999899e-02
3.078935680000000064e-02
3.181114480000000327e-02
3.159250000000000252e-02
3.167202339999999894e-02
3.114585129999999924e-02
3.157303999999999666e-02
3.058952950000000046e-02
3.252599030000000169e-02
3.155259039999999682e-02
3.136772370000000254e-02
3.184197440000000046e-02
3.146876869999999660e-02
3.214732189999999767e-02
3.153799460000000082e-02
3.268014589999999886e-02
3.048509840000000054e-02
3.188929620000000020e-02
3.321678210000000159e-02
3.092398340000000051e-02
3.250680880000000189e-02
3.049485199999999938e-02
3.140658050000000312e-02
3.195339690000000010e-02
3.186155239999999972e-02
3.219580810000000071e-02
3.100334960000000056e-02
3.170295909999999717e-02
3.124015029999999832e-02
3.298157010000000305e-02
3.102589019999999961e-02
3.218944669999999897e-02
3.235632220000000253e-02
3.195549899999999832e-02
3.301178159999999806e-02
3.177742129999999721e-02
3.120977759999999865e-02
3.197290409999999777e-02
3.174546799999999891e-02
3.279915679999999972e-02
3.102576129999999946e-02
3.108571749999999856e-02
3.110476280000000135e-02
3.211681479999999728e-02
3.221302119999999714e-02
3.243421099999999752e-02
3.130426149999999963e-02
3.227549660000000181e-02
3.296753530000000321e-02
3.273708040000000014e-02
3.198661490000000163e-02
3.289030860000000112e-02
3.329713730000000149e-02
3.274898820000000238e-02
3.322386690000000281e-02
3.159826109999999688e-02
3.228277770000000102e-02
3.191842279999999865e-02
3.359730939999999721e-02
3.162330800000000275e-02
3.192146190000000328e-02
3.203424109999999936e-02
3.248232730000000235e-02
3.228978960000000037e-02
3.271342010000000133e-02
3.151779829999999671e-02
3.281227770000000321e-02
3.212806270000000131e-02
3.220790660000000249e-02
3.269934310000000011e-02
3.193543670000000001e-02
3.386337119999999895e-02
3.176786790000000332e-02
3.201842330000000125e-02
3.392435889999999982e-02
3.330753329999999734e-02
3.180508809999999659e-02
3.296222230000000336e-02
3.306500040000000251e-02
3.224469099999999894e-02
3.277065889999999926e-02
3.331318280000000048e-02
3.358464629999999979e-02
3.320955209999999769e-02
3.160203510000000188e-02
3.310795240000000139e-02
3.377466610000000313e-02
3.382759020000000033e-02
3.363883869999999970e-02
3.259970179999999856e-02
3.298984900000000164e-02
3.351858550000000325e-02
3.293515520000000335e-02
3.304504770000000341e-02
3.345255639999999975e-02
3.331538779999999866e-02
3.298901039999999757e-02
3.264728819999999920e-02
3.296446919999999892e-02
3.296516299999999872e-02
3.487360390000000115e-02
3.476475309999999680e-02
3.292951820000000057e-02
3.363808909999999736e-02
3.287665079999999712e-02
3.420295389999999935e-02
3.381791180000000285e-02
3.296815060000000269e-02
3.149380449999999998e-02
3.332977150000000083e-02
3.434437480000000070e-02
3.420391820000000249e-02
3.349885860000000048e-02
3.350740359999999918e-02
3.436899320000000313e-02
3.412557780000000096e-02
3.414671999999999846e-02
3.357570420000000055e-02
3.399288159999999670e-02
3.487396849999999798e-02
3.391667040000000133e-02
3.325176529999999964e-02
3.384251449999999689e-02
3.352927390000000341e-02
3.407750439999999992e-02
3.449912620000000069e-02
3.437007050000000230e-02
3.402880159999999848e-02
3.457443030000000028e-02
3.348773039999999868e-02
3.493181850000000310e-02
3.436996390000000151e-02
3.511499729999999903e-02
3.492567879999999847e-02
3.458446369999999825e-02
3.498727499999999824e-02
3.569267019999999846e-02
3.614350019999999775e-02
3.504811000000000037e-02
3.392545999999999756e-02
3.601904999999999690e-02
3.536608210000000141e-02
3.499619770000000213e-02
3.542184350000000120e-02
3.531754370000000226e-02
3.475674630000000209e-02
3.529560229999999937e-02
3.391046799999999917e-02
3.413412080000000071e-02
3.441578829999999978e-02
3.463978379999999718e-02
3.619299060000000234e-02
3.571152369999999743e-02
3.426092969999999793e-02
3.598844500000000085e-02
3.477835029999999661e-02
3.456955040000000284e-02
3.416099029999999925e-02
3.535254680000000232e-02
3.582262390000000296e-02
3.464389469999999693e-02
3.601904999999999690e-02
3.655354150000000163e-02
3.494559409999999783e-02
3.607145140000000277e-02
3.606098530000000080e-02
3.514686770000000071e-02
3.565354009999999879e-02
3.568961159999999716e-02
3.586430379999999696e-02
3.440179670000000078e-02
3.582852219999999727e-02
3.816079540000000270e-02
3.574665140000000269e-02
3.778462999999999961e-02
3.659686849999999742e-02
3.649466259999999823e-02
3.538784939999999740e-02
3.520560720000000254e-02
3.640568770000000148e-02
3.505516780000000193e-02
3.621101250000000049e-02
3.531285239999999714e-02
3.562742750000000291e-02
3.594872729999999683e-02
3.806024770000000085e-02
3.731014459999999755e-02
3.654287159999999868e-02
3.639973159999999874e-02
3.501176999999999762e-02
3.585324079999999830e-02
3.709629700000000030e-02
3.593020920000000035e-02
3.566318329999999814e-02
3.654287159999999868e-02
3.636116910000000008e-02
3.804778949999999826e-02
3.508873609999999671e-02
3.876901230000000254e-02
3.662884610000000096e-02
3.626117040000000069e-02
3.534231620000000129e-02
3.761186460000000287e-02
3.715754389999999935e-02
3.720952579999999704e-02
3.825858330000000279e-02
3.526760510000000182e-02
3.720481739999999954e-02
3.648875680000000093e-02
3.656125660000000138e-02
3.692780019999999941e-02
3.611118919999999760e-02
3.590701780000000315e-02
3.715522210000000297e-02
3.769600530000000171e-02
3.891587199999999719e-02
3.625188289999999730e-02
3.651286310000000090e-02
3.784669140000000015e-02
3.703915879999999938e-02
3.670024659999999994e-02
3.690864609999999768e-02
3.679652080000000297e-02
3.813633780000000306e-02
3.776815039999999873e-02
3.793675440000000149e-02
3.676501010000000208e-02
3.691758669999999770e-02
3.854205470000000161e-02
3.844892949999999948e-02
3.688304609999999706e-02
3.803675950000000305e-02
3.835627350000000296e-02
3.643038690000000024e-02
3.702810990000000163e-02
3.786689809999999740e-02
3.647852669999999964e-02
3.788108469999999783e-02
3.740993089999999910e-02
3.775690079999999976e-02
3.699574309999999894e-02
3.775863930000000063e-02
3.669629609999999764e-02
3.766110839999999710e-02
3.678951899999999969e-02
3.895485969999999687e-02
3.949031709999999834e-02
3.761492210000000336e-02
3.815421210000000118e-02
3.748029530000000081e-02
3.851528449999999659e-02
3.804922599999999849e-02
3.798513469999999920e-02
3.849593800000000038e-02
3.858803930000000160e-02
3.584593610000000319e-02
3.716765550000000057e-02
3.855400960000000127e-02
3.690928079999999945e-02
3.956510509999999758e-02
3.943177199999999688e-02
3.843562400000000157e-02
3.943852280000000043e-02
4.155856449999999896e-02
3.710783110000000218e-02
3.789520930000000315e-02
3.989302050000000099e-02
3.794642720000000052e-02
3.762978160000000211e-02
3.658586240000000211e-02
3.829766490000000023e-02
3.671995270000000255e-02
3.836443440000000121e-02
3.825299880000000013e-02
3.860847330000000133e-02
3.824742259999999727e-02
3.992451720000000231e-02
3.898693460000000194e-02
3.863462980000000047e-02
3.984656150000000230e-02
3.959223039999999749e-02
3.927262709999999879e-02
3.781444889999999864e-02
3.851408280000000184e-02
3.704351160000000226e-02
3.960070219999999724e-02
3.982195169999999673e-02
4.050039510000000287e-02
3.674579420000000096e-02
3.954046559999999794e-02
3.833322790000000257e-02
3.830287129999999929e-02
4.184570779999999962e-02
3.974441599999999769e-02
4.002947650000000107e-02
3.913242589999999660e-02
4.024000249999999668e-02
3.815288420000000069e-02
3.954026409999999991e-02
4.075279739999999873e-02
3.784735069999999729e-02
3.751376900000000236e-02
3.887686430000000110e-02
4.009870019999999674e-02
3.832967000000000318e-02
4.077751689999999790e-02
4.012573409999999757e-02
3.814665180000000044e-02
4.082236160000000252e-02
4.148801879999999831e-02
4.054334479999999880e-02
4.247500609999999704e-02
4.095969459999999895e-02
3.894580250000000132e-02
3.821416109999999783e-02
4.132459150000000053e-02
4.194857419999999809e-02
4.090331440000000152e-02
4.081933730000000121e-02
3.991797169999999895e-02
3.758263480000000045e-02
3.972256259999999706e-02
3.792531290000000083e-02
4.092470759999999874e-02
4.173329590000000172e-02
3.912938559999999677e-02
4.009212880000000145e-02
4.236812400000000006e-02
4.083192310000000047e-02
4.110001309999999908e-02
4.175067479999999831e-02
4.026996299999999890e-02
4.037489279999999930e-02
4.240043629999999675e-02
4.021946960000000182e-02
4.032153730000000158e-02
4.190353549999999844e-02
4.206717120000000310e-02
4.101096299999999750e-02
4.151773269999999710e-02
4.203502309999999909e-02
4.053059350000000338e-02
4.212194849999999907e-02
4.227752919999999692e-02
3.933592340000000021e-02
4.276519780000000159e-02
4.191570110000000099e-02
4.144464689999999979e-02
4.162635729999999978e-02
4.136999620000000183e-02
4.139093469999999969e-02
4.080235649999999770e-02
4.059283119999999856e-02
4.270259130000000208e-02
4.119015699999999808e-02
4.143596449999999848e-02
4.374568139999999994e-02
4.489634759999999725e-02
4.278064620000000123e-02
4.259662909999999830e-02
4.088872839999999759e-02
3.974490669999999892e-02
4.296287800000000295e-02
4.195336189999999965e-02
4.180665370000000158e-02
4.201045109999999860e-02
4.367671210000000082e-02
4.197917410000000238e-02
4.098291409999999663e-02
4.054534380000000132e-02
4.295407229999999993e-02
4.194156889999999666e-02
4.135184499999999819e-02
3.983704689999999909e-02
4.131821060000000212e-02
4.279159899999999961e-02
4.164953739999999877e-02
4.261848940000000086e-02
4.160383150000000058e-02
4.231237160000000247e-02
4.358344930000000034e-02
4.304295770000000215e-02
4.024899970000000299e-02
4.363162169999999784e-02
4.190133680000000110e-02
4.154664839999999693e-02
4.281146870000000076e-02
4.363479449999999732e-02
4.392088909999999902e-02
4.200463289999999822e-02
4.235158049999999952e-02
4.228275160000000144e-02
4.399483650000000218e-02
4.294319020000000181e-02
4.205171159999999964e-02
4.299100859999999830e-02
4.473738580000000131e-02
4.242037469999999921e-02
4.279390129999999931e-02
4.353621120000000094e-02
4.429493939999999685e-02
4.542557609999999663e-02
4.409535889999999930e-02
4.406027719999999759e-02
4.353659349999999817e-02
4.458960769999999879e-02
4.372807249999999951e-02
4.221219050000000333e-02
4.267779049999999991e-02
4.359404919999999850e-02
4.356513570000000030e-02
4.326560310000000104e-02
4.319687159999999887e-02
4.251843350000000105e-02
4.526352649999999811e-02
4.395764249999999790e-02
4.479358989999999985e-02
4.330604109999999785e-02
4.439473179999999658e-02
4.177413149999999881e-02
4.389709380000000188e-02
4.235394020000000231e-02
4.344127319999999820e-02
4.399842059999999749e-02
4.402759199999999734e-02
4.273065160000000251e-02
4.506197330000000223e-02
4.618396849999999859e-02
4.548797520000000261e-02
4.409781349999999933e-02
4.276458300000000184e-02
4.805734080000000075e-02
4.491598890000000205e-02
4.465462390000000253e-02
4.428924790000000195e-02
4.543568629999999997e-02
4.644320960000000026e-02
4.369772310000000215e-02
4.128389100000000311e-02
4.485274439999999835e-02
4.519321460000000346e-02
4.413095589999999763e-02
4.622935489999999842e-02
4.643948729999999858e-02
4.560475089999999759e-02
4.655118230000000051e-02
4.632637979999999767e-02
4.448992770000000097e-02
4.363028709999999810e-02
4.475915350000000265e-02
4.668443590000000143e-02
4.578411059999999699e-02
4.453606129999999885e-02
4.441300139999999896e-02
4.554045849999999868e-02
4.561631380000000235e-02
4.515842910000000127e-02
4.316311650000000111e-02
4.368735249999999848e-02
4.421811340000000173e-02
4.353060539999999839e-02
4.820854799999999690e-02
4.558562759999999769e-02
4.419334590000000007e-02
4.641231889999999916e-02
4.778696689999999830e-02
4.820974470000000123e-02
4.416864709999999972e-02
4.590197690000000219e-02
4.927261389999999797e-02
4.631466559999999899e-02
4.381062179999999778e-02
4.565411590000000019e-02
5.048310169999999791e-02
4.488149069999999852e-02
4.647566899999999723e-02
4.744224319999999773e-02
4.617183510000000268e-02
4.382196409999999931e-02
4.395284700000000322e-02
4.706369920000000318e-02
4.737311839999999719e-02
4.556312409999999785e-02
4.726037999999999767e-02
4.723214170000000073e-02
4.813508219999999838e-02
4.656645219999999696e-02
4.293419269999999843e-02
4.798514210000000280e-02
4.519022069999999863e-02
4.546736750000000132e-02
4.592575699999999761e-02
4.668195390000000333e-02
4.599977780000000238e-02
4.404439970000000037e-02
4.788379959999999880e-02
4.554326360000000157e-02
4.530947820000000292e-02
4.703763390000000044e-02
4.530438319999999935e-02
4.839422040000000008e-02
4.575952030000000198e-02
4.761994180000000271e-02
4.623231010000000002e-02
4.708851769999999881e-02
4.615983320000000001e-02
4.971199560000000295e-02
5.032519679999999940e-02
4.728521170000000301e-02
4.548853559999999768e-02
4.598133110000000162e-02
4.772069129999999965e-02
5.144223070000000092e-02
4.735170489999999954e-02
4.736052520000000321e-02
4.667845830000000307e-02
5.094675130000000246e-02
5.056560019999999794e-02
4.887166569999999710e-02
4.824334040000000101e-02
4.549527040000000272e-02
4.725090109999999927e-02
4.528044679999999877e-02
4.904125089999999965e-02
4.962654040000000211e-02
5.013072720000000260e-02
4.838725049999999944e-02
5.021488300000000182e-02
4.895695910000000262e-02
5.045420610000000278e-02
4.830063119999999932e-02
5.161570420000000103e-02
5.087906560000000217e-02
4.754728180000000054e-02
4.696720509999999932e-02
5.026436580000000209e-02
4.771284650000000294e-02
5.103162070000000217e-02
4.830938819999999745e-02
4.857203570000000192e-02
4.899191729999999995e-02
4.906475619999999677e-02
4.782645320000000061e-02
4.917059709999999778e-02
4.715619260000000063e-02
4.865036009999999800e-02
4.848370369999999846e-02
5.191673360000000070e-02
5.038133079999999875e-02
4.840360679999999860e-02
4.758981589999999873e-02
4.876618430000000115e-02
5.002776779999999757e-02
5.160437419999999720e-02
4.984938769999999741e-02
4.949775940000000068e-02
4.931926570000000343e-02
4.865802880000000274e-02
5.048750070000000006e-02
4.786460430000000210e-02
4.874196890000000171e-02
5.003072149999999996e-02
5.073868489999999731e-02
4.778860449999999815e-02
4.980731089999999861e-02
4.936411520000000275e-02
5.031620209999999871e-02
5.018312459999999670e-02
5.008232130000000309e-02
5.257399759999999839e-02
5.290195100000000261e-02
4.904238400000000137e-02
5.115359039999999718e-02
5.115205259999999754e-02
4.998109550000000290e-02
4.894574869999999966e-02
4.687505559999999988e-02
5.097457329999999925e-02
4.753968809999999795e-02
4.982047220000000026e-02
5.150837949999999971e-02
5.027994439999999843e-02
