2.256414150000000118e-01
2.390346530000000136e-01
2.484959069999999881e-01
2.296991800000000028e-01
2.399247290000000032e-01
2.182170300000000063e-01
2.202845810000000071e-01
2.155366840000000062e-01
2.454213199999999984e-01
2.079122810000000043e-01
2.225133930000000038e-01
2.186608309999999999e-01
2.255930600000000119e-01
2.190506610000000076e-01
2.180623710000000048e-01
2.166744320000000001e-01
2.298057970000000061e-01
2.251124379999999980e-01
2.158624379999999898e-01
2.364628310000000122e-01
2.197231500000000060e-01
2.089206869999999938e-01
2.066270859999999876e-01
2.194576560000000010e-01
2.164605709999999905e-01
2.357794789999999863e-01
2.144116610000000034e-01
2.214276049999999996e-01
2.286017089999999863e-01
2.025318740000000006e-01
2.059527190000000063e-01
2.253064359999999988e-01
2.114356910000000089e-01
2.138791230000000043e-01
2.163027379999999944e-01
2.151437400000000000e-01
1.885802890000000120e-01
2.110631020000000024e-01
2.099343389999999976e-01
2.106407580000000113e-01
1.995668409999999948e-01
1.912613810000000081e-01
1.945331100000000091e-01
2.082445769999999863e-01
2.088703660000000017e-01
2.089533209999999974e-01
2.123714829999999998e-01
2.036360949999999892e-01
2.056926040000000011e-01
2.066197250000000041e-01
2.100098430000000016e-01
1.902663260000000134e-01
2.042870220000000125e-01
1.912425909999999896e-01
1.886771919999999936e-01
2.130065260000000016e-01
1.968290950000000095e-01
1.848282519999999984e-01
2.203598019999999935e-01
2.080122080000000040e-01
1.993339809999999934e-01
2.009143080000000137e-01
1.807046529999999929e-01
1.895709780000000011e-01
1.663846370000000019e-01
1.835543510000000045e-01
2.013216170000000083e-01
1.757455769999999862e-01
1.983674019999999982e-01
1.751032170000000054e-01
1.744845060000000114e-01
2.001544979999999863e-01
2.039786580000000071e-01
1.740621479999999999e-01
1.799759720000000118e-01
1.759528670000000128e-01
1.951370239999999923e-01
2.015244660000000132e-01
1.969361010000000023e-01
1.913900970000000090e-01
1.850790230000000092e-01
1.818675700000000062e-01
2.117745729999999937e-01
1.771018950000000092e-01
2.017558369999999934e-01
1.705210209999999948e-01
1.939977559999999934e-01
1.927050499999999889e-01
1.883040370000000074e-01
1.740164009999999872e-01
1.656392220000000026e-01
1.852559599999999973e-01
1.692486410000000052e-01
1.947799030000000042e-01
1.923879239999999879e-01
1.895243819999999912e-01
1.763726320000000014e-01
1.669297809999999993e-01
1.792932750000000020e-01
1.691625270000000070e-01
1.969264890000000101e-01
1.625038530000000037e-01
1.840125320000000064e-01
1.758916229999999969e-01
1.746519059999999957e-01
1.802484099999999978e-01
1.784237330000000010e-01
1.769608559999999997e-01
1.646217550000000085e-01
1.703782829999999915e-01
1.792797150000000062e-01
1.629755049999999927e-01
1.825608310000000067e-01
1.791871939999999941e-01
1.765424909999999958e-01
1.789990660000000122e-01
1.808524430000000016e-01
1.701375099999999918e-01
1.751661899999999994e-01
1.827600000000000058e-01
1.977015880000000114e-01
1.692597419999999908e-01
1.771258860000000102e-01
1.538085489999999889e-01
1.641025690000000037e-01
1.696359219999999945e-01
1.611765470000000033e-01
1.742047220000000063e-01
1.717369850000000087e-01
1.774526829999999999e-01
1.617124679999999981e-01
1.724531350000000074e-01
1.654280720000000093e-01
2.061597699999999922e-01
1.839636859999999874e-01
1.726929249999999971e-01
1.594400260000000125e-01
1.545481979999999977e-01
1.709072140000000017e-01
1.786981970000000031e-01
1.686302719999999977e-01
1.714848880000000020e-01
1.763742419999999866e-01
1.635181009999999990e-01
1.731817129999999871e-01
1.542494889999999896e-01
1.685926470000000121e-01
1.801154610000000045e-01
1.593813149999999956e-01
1.506131890000000084e-01
1.641953740000000050e-01
1.608211700000000133e-01
1.424030510000000027e-01
1.509062499999999918e-01
1.569735710000000062e-01
1.801829490000000089e-01
1.559491010000000066e-01
1.617708360000000012e-01
1.559045759999999892e-01
1.621378960000000036e-01
1.644134369999999956e-01
1.770718540000000008e-01
1.700150069999999958e-01
1.598483770000000137e-01
1.436724659999999987e-01
1.654834299999999869e-01
1.497202810000000106e-01
1.633231039999999967e-01
1.459345969999999992e-01
1.731296780000000091e-01
1.651932899999999926e-01
1.724526730000000008e-01
1.502497200000000033e-01
1.432879420000000015e-01
1.689900310000000128e-01
1.800368430000000020e-01
1.534713659999999980e-01
1.577330829999999962e-01
1.594450619999999985e-01
1.567848920000000090e-01
1.642410609999999938e-01
1.529467250000000056e-01
1.511440430000000057e-01
1.694105270000000052e-01
1.240879000000000010e-01
1.484774799999999950e-01
1.659971179999999991e-01
1.464662850000000016e-01
1.615436229999999973e-01
1.609780789999999961e-01
1.604336799999999952e-01
1.646012960000000080e-01
1.447145340000000058e-01
1.493422689999999997e-01
1.574544910000000020e-01
1.538542360000000053e-01
1.663763080000000005e-01
1.474735739999999962e-01
1.615495230000000004e-01
1.591013520000000014e-01
1.447148920000000116e-01
1.497983489999999973e-01
1.448284689999999875e-01
1.692175569999999907e-01
1.588650640000000003e-01
1.476914579999999977e-01
1.486662780000000128e-01
1.644060019999999955e-01
1.366171840000000026e-01
1.652562770000000070e-01
1.371964220000000123e-01
1.531161370000000133e-01
1.537149849999999984e-01
1.598261149999999908e-01
1.702938079999999910e-01
1.378745730000000003e-01
1.488598590000000110e-01
1.486013379999999995e-01
1.668215989999999871e-01
1.380123350000000138e-01
1.482578370000000034e-01
1.418442129999999968e-01
1.566468480000000052e-01
1.414793129999999954e-01
1.442696750000000139e-01
1.210751909999999987e-01
1.566648039999999908e-01
1.441097859999999897e-01
1.413689399999999985e-01
1.622710380000000063e-01
1.410621850000000066e-01
1.721794749999999985e-01
1.486524790000000040e-01
1.543221320000000008e-01
1.525444689999999881e-01
1.421399409999999919e-01
1.499895009999999973e-01
1.519851540000000112e-01
1.442020240000000120e-01
1.678085920000000064e-01
1.583746370000000125e-01
1.573688980000000071e-01
1.627293230000000090e-01
1.432108579999999964e-01
1.416201890000000074e-01
1.632019429999999882e-01
1.523490849999999952e-01
1.555087270000000133e-01
1.515745970000000054e-01
1.547699570000000135e-01
1.555769439999999948e-01
1.418668780000000018e-01
1.552127150000000011e-01
1.347755939999999986e-01
1.207783369999999995e-01
1.427397430000000023e-01
1.346291450000000056e-01
1.320962609999999926e-01
1.535044909999999929e-01
1.485042870000000126e-01
1.371267879999999995e-01
1.448599849999999967e-01
1.320171059999999952e-01
1.504213510000000087e-01
1.471925970000000083e-01
1.386277820000000049e-01
1.469284590000000112e-01
1.447730809999999979e-01
1.608471720000000105e-01
1.580204960000000103e-01
1.345353719999999864e-01
1.413243710000000042e-01
1.325188579999999894e-01
1.606709510000000063e-01
1.384920779999999907e-01
1.514350030000000125e-01
1.504319159999999989e-01
1.288086029999999937e-01
1.262389270000000008e-01
1.485148970000000068e-01
1.476065370000000099e-01
1.435474009999999911e-01
1.490792039999999929e-01
1.358622160000000079e-01
1.371995360000000108e-01
1.352570060000000129e-01
1.406025589999999881e-01
1.360655729999999952e-01
1.546824719999999875e-01
1.395788639999999969e-01
1.344519700000000040e-01
1.431986990000000126e-01
1.473114490000000110e-01
1.402308049999999862e-01
1.417369990000000024e-01
1.431237459999999961e-01
1.504844870000000001e-01
1.633356509999999984e-01
1.143005710000000036e-01
1.268809880000000001e-01
1.425293830000000095e-01
1.508491640000000078e-01
1.444187309999999946e-01
1.307533680000000087e-01
1.411730800000000063e-01
1.424649799999999911e-01
1.356338559999999971e-01
1.230916009999999949e-01
1.492754520000000029e-01
1.380181159999999962e-01
1.363324820000000048e-01
1.161146390000000056e-01
1.520492579999999927e-01
1.685025840000000108e-01
1.483685519999999869e-01
1.538776460000000068e-01
1.679407059999999952e-01
1.435336769999999984e-01
1.539564730000000103e-01
1.322484309999999996e-01
1.459003389999999900e-01
1.574065239999999921e-01
1.400828060000000042e-01
1.438829000000000080e-01
1.254409099999999888e-01
1.284324970000000066e-01
1.466608490000000098e-01
1.527086649999999934e-01
1.320252869999999912e-01
1.058331059999999962e-01
1.195650770000000057e-01
1.317908610000000091e-01
1.594793200000000077e-01
1.484881490000000137e-01
1.039174419999999988e-01
1.323938819999999905e-01
1.140010129999999983e-01
1.433217669999999888e-01
1.179579050000000018e-01
1.399670540000000074e-01
1.345824899999999991e-01
1.017677040000000005e-01
1.501443090000000036e-01
1.287688459999999924e-01
1.311673220000000029e-01
1.375246049999999942e-01
1.520671700000000015e-01
1.282422990000000040e-01
1.408527199999999868e-01
1.313698440000000134e-01
1.242761309999999980e-01
1.318013670000000026e-01
1.323005409999999937e-01
1.264190229999999915e-01
1.441157160000000048e-01
1.550032199999999971e-01
1.287293730000000080e-01
1.210818810000000023e-01
1.312075699999999956e-01
1.179736779999999985e-01
1.404006329999999969e-01
1.252380459999999918e-01
1.175636800000000037e-01
1.327619549999999871e-01
1.376092580000000121e-01
1.326799989999999929e-01
1.173678860000000046e-01
1.330860110000000041e-01
1.576482949999999938e-01
1.406281889999999868e-01
1.463522610000000113e-01
1.259223220000000032e-01
1.306084250000000002e-01
1.355510209999999938e-01
1.246995629999999994e-01
1.437102710000000005e-01
1.331676689999999885e-01
1.379162070000000129e-01
1.408339889999999928e-01
1.342567950000000121e-01
1.443181779999999914e-01
1.272479890000000058e-01
1.414031540000000031e-01
1.177041080000000017e-01
1.289223280000000027e-01
1.266283239999999866e-01
1.005523130000000043e-01
1.194302369999999947e-01
1.479954270000000127e-01
1.267021000000000119e-01
1.355591419999999936e-01
1.289499400000000129e-01
1.298466030000000049e-01
1.040885369999999949e-01
1.298668089999999997e-01
1.376402230000000060e-01
1.410382990000000059e-01
1.184179040000000044e-01
1.212225029999999953e-01
1.159075200000000000e-01
1.232364100000000046e-01
1.082254049999999967e-01
1.130800319999999970e-01
1.659325959999999878e-01
9.846336390000000327e-02
1.428809759999999929e-01
1.252574320000000019e-01
1.191012929999999970e-01
1.240393520000000055e-01
1.064770970000000067e-01
1.349737639999999961e-01
1.152696829999999978e-01
1.194268390000000069e-01
1.503377559999999891e-01
1.245614810000000017e-01
1.165428460000000055e-01
1.330300570000000071e-01
1.439628149999999940e-01
1.205879380000000056e-01
1.286011340000000058e-01
1.351298690000000136e-01
1.246499940000000001e-01
1.086264180000000024e-01
1.322463449999999874e-01
1.454174819999999868e-01
1.245650130000000022e-01
1.325444279999999919e-01
1.010831890000000038e-01
1.109984589999999938e-01
1.222078060000000022e-01
1.227911559999999985e-01
1.125442160000000025e-01
1.374728530000000060e-01
1.533616479999999893e-01
1.213695260000000054e-01
1.166222690000000006e-01
1.180700729999999976e-01
1.341091540000000082e-01
1.469129170000000040e-01
1.218256949999999977e-01
1.201263520000000057e-01
1.105067279999999985e-01
1.370047179999999976e-01
1.173964960000000030e-01
1.112705920000000015e-01
1.204122749999999992e-01
1.402369290000000102e-01
1.302686929999999910e-01
1.227229239999999971e-01
1.270684450000000021e-01
1.224287899999999957e-01
1.375017169999999955e-01
1.153544710000000001e-01
9.848499300000000678e-02
1.295935659999999934e-01
1.098650919999999975e-01
1.262940170000000084e-01
1.059598330000000033e-01
1.221420990000000040e-01
1.473963409999999863e-01
1.242159609999999997e-01
1.076424490000000012e-01
1.347445850000000001e-01
1.144275069999999977e-01
1.438065020000000027e-01
1.351412090000000121e-01
1.240623970000000048e-01
1.352914269999999919e-01
1.299247000000000041e-01
1.314341719999999880e-01
1.555138829999999917e-01
1.205250699999999980e-01
1.255992049999999915e-01
1.375149039999999934e-01
1.565032600000000051e-01
1.163467019999999963e-01
1.504713450000000063e-01
1.263970879999999908e-01
1.328359100000000015e-01
1.379051659999999957e-01
1.115656720000000046e-01
1.421068309999999890e-01
1.137468590000000057e-01
1.276968119999999929e-01
1.376079769999999924e-01
1.196140650000000055e-01
7.936174420000000063e-02
1.246739550000000030e-01
1.141387150000000017e-01
1.356842960000000098e-01
1.381024570000000118e-01
1.195122079999999948e-01
1.107693760000000027e-01
1.069802789999999976e-01
1.415257749999999926e-01
1.273778230000000011e-01
1.286770250000000004e-01
1.179324910000000004e-01
1.209463249999999934e-01
1.404077410000000026e-01
1.297813060000000129e-01
1.098144800000000060e-01
1.150472460000000058e-01
1.071259529999999960e-01
1.180428560000000016e-01
1.096539650000000060e-01
1.355237069999999933e-01
1.110202220000000017e-01
1.140289599999999987e-01
1.349906770000000034e-01
1.138402750000000047e-01
1.053920390000000068e-01
1.065740059999999989e-01
1.128618200000000016e-01
1.196125370000000049e-01
1.029571289999999945e-01
1.061366950000000031e-01
1.156733560000000050e-01
1.334815769999999902e-01
1.075772349999999933e-01
1.061273890000000025e-01
1.381869169999999925e-01
9.787545350000000088e-02
1.295175249999999945e-01
1.060250400000000010e-01
1.106360849999999951e-01
1.279746290000000064e-01
1.186928379999999950e-01
1.382089559999999939e-01
1.208875249999999957e-01
1.018420379999999958e-01
1.243348489999999973e-01
1.331255879999999892e-01
1.288816779999999995e-01
1.178355140000000023e-01
1.452325140000000070e-01
1.116360569999999969e-01
8.834519239999999440e-02
1.088743429999999984e-01
1.287068429999999875e-01
1.130924449999999998e-01
1.202355999999999980e-01
1.285721360000000035e-01
1.076676699999999931e-01
1.348722579999999949e-01
1.315834969999999937e-01
1.193800569999999978e-01
1.070946750000000003e-01
1.243253130000000067e-01
1.304741199999999990e-01
1.056445909999999960e-01
1.130898149999999963e-01
1.124502639999999942e-01
1.342463050000000102e-01
1.362619700000000100e-01
1.100990030000000008e-01
1.200312820000000030e-01
1.207321289999999936e-01
1.080910189999999965e-01
1.334413439999999895e-01
9.925014529999999502e-02
1.226795460000000004e-01
1.068557130000000049e-01
1.186817960000000061e-01
1.451725359999999909e-01
1.133392530000000009e-01
1.142525969999999974e-01
1.319443140000000070e-01
1.259641049999999929e-01
1.559457029999999911e-01
1.185783670000000040e-01
1.106188369999999976e-01
1.097339989999999987e-01
1.047428180000000014e-01
1.006234440000000063e-01
9.075903890000000529e-02
1.195153149999999970e-01
1.063391489999999939e-01
9.618073700000000226e-02
1.091055199999999975e-01
1.268276869999999945e-01
9.646908939999999932e-02
8.180043100000000678e-02
8.539562670000000466e-02
9.722158309999999470e-02
1.248326820000000004e-01
1.377300469999999943e-01
1.282788659999999914e-01
1.373885119999999904e-01
9.799630939999999513e-02
1.183071730000000016e-01
1.162430940000000051e-01
1.254494039999999866e-01
9.395574780000000292e-02
1.178105029999999970e-01
9.708134829999999493e-02
1.179827450000000000e-01
1.096506940000000069e-01
9.230009470000000160e-02
1.492338029999999982e-01
1.231179540000000017e-01
1.113798540000000004e-01
1.224392130000000051e-01
1.244163959999999985e-01
1.462815249999999956e-01
9.958744049999999903e-02
1.457532639999999935e-01
1.104208680000000053e-01
1.412438299999999869e-01
1.251020130000000119e-01
1.041682510000000034e-01
1.066690089999999952e-01
1.057854220000000040e-01
7.759878779999999920e-02
9.928465629999999598e-02
1.296439470000000094e-01
1.423000249999999967e-01
9.696079790000000642e-02
1.266886889999999932e-01
1.105679350000000061e-01
1.233323290000000044e-01
9.464927019999999636e-02
1.189008579999999982e-01
1.415419880000000075e-01
1.149059610000000009e-01
1.089426129999999937e-01
1.308706249999999904e-01
9.948448090000000521e-02
1.227175739999999959e-01
1.095871399999999996e-01
1.309217659999999950e-01
1.110152969999999989e-01
1.051613240000000005e-01
1.039424089999999995e-01
1.482447389999999865e-01
1.069278939999999956e-01
1.304308919999999927e-01
1.236308440000000036e-01
1.143106970000000028e-01
1.278724820000000095e-01
1.217109410000000030e-01
1.089287699999999942e-01
1.200111279999999947e-01
1.177841129999999958e-01
1.151540880000000017e-01
1.035883350000000036e-01
9.676229949999999580e-02
1.006138619999999984e-01
1.269231289999999956e-01
1.202428489999999989e-01
8.164928109999999850e-02
1.369072199999999961e-01
1.196823489999999934e-01
1.178187950000000039e-01
1.360345480000000051e-01
1.327402739999999914e-01
1.291994750000000081e-01
1.215891840000000029e-01
9.465482090000000570e-02
1.031082789999999971e-01
1.050343140000000036e-01
1.272662280000000090e-01
1.246760189999999990e-01
1.070147899999999985e-01
1.403474510000000119e-01
1.066408830000000058e-01
9.689188749999999573e-02
1.127253549999999993e-01
1.226897390000000060e-01
1.052101109999999951e-01
1.048894300000000057e-01
1.146122519999999978e-01
1.059956249999999961e-01
1.113769109999999951e-01
7.918965070000000273e-02
1.252257380000000031e-01
9.109831599999999863e-02
1.098891200000000068e-01
1.031468730000000000e-01
1.001383069999999958e-01
1.201056759999999946e-01
9.972357749999999355e-02
1.429660620000000049e-01
1.008366940000000045e-01
8.760500699999999863e-02
1.377285420000000093e-01
1.253042970000000089e-01
1.358684450000000044e-01
1.442009810000000058e-01
9.797944129999999752e-02
9.270554779999999606e-02
9.744856509999999528e-02
1.485776749999999924e-01
1.131552229999999992e-01
1.554944809999999900e-01
9.820397940000000214e-02
1.310336739999999889e-01
1.060513849999999980e-01
1.249025319999999967e-01
1.312762799999999952e-01
1.214794810000000003e-01
1.433455050000000119e-01
1.060644609999999988e-01
1.061931329999999951e-01
1.385883390000000048e-01
1.201801370000000063e-01
9.790557619999999683e-02
1.342315669999999961e-01
1.303596350000000015e-01
1.045267809999999992e-01
1.020028369999999990e-01
1.198966280000000051e-01
1.163099330000000042e-01
1.044283290000000003e-01
1.180961729999999987e-01
1.135175749999999956e-01
1.282086070000000022e-01
1.205337570000000053e-01
1.048146709999999981e-01
1.010956320000000047e-01
1.205567639999999968e-01
1.235896130000000009e-01
1.549603940000000013e-01
1.151213350000000052e-01
1.208750900000000045e-01
1.293790340000000039e-01
1.096248999999999973e-01
9.762095660000000286e-02
1.028591249999999957e-01
1.515190299999999990e-01
1.239279660000000005e-01
9.932076930000000026e-02
1.357223989999999936e-01
8.553483339999999602e-02
9.494857489999999900e-02
9.490016850000000670e-02
8.756608520000000451e-02
1.226510029999999946e-01
1.216504280000000049e-01
1.316875670000000054e-01
8.080683650000000662e-02
1.135825139999999955e-01
1.143209859999999994e-01
1.153576149999999967e-01
1.070137020000000022e-01
1.055351419999999985e-01
1.112205829999999979e-01
9.621179100000000484e-02
1.278725420000000057e-01
1.277610959999999907e-01
1.064460279999999981e-01
1.120732499999999993e-01
1.349181230000000009e-01
1.192353520000000028e-01
1.252947000000000088e-01
1.157016309999999992e-01
7.308220860000000374e-02
1.228490470000000029e-01
1.394241149999999874e-01
1.083915460000000053e-01
9.784188119999999433e-02
1.257144809999999890e-01
1.018120049999999971e-01
1.328281020000000034e-01
1.433395739999999974e-01
1.303164360000000077e-01
9.415829929999999792e-02
9.932486710000000552e-02
1.218868939999999956e-01
1.043907030000000014e-01
1.056435109999999955e-01
1.030676809999999943e-01
9.662915769999999571e-02
1.084081749999999955e-01
9.514224529999999735e-02
1.004153940000000050e-01
1.061268080000000030e-01
1.010951550000000060e-01
1.196343899999999932e-01
9.714906660000000027e-02
9.129362550000000298e-02
9.729278090000000045e-02
6.934814899999999782e-02
1.085890610000000006e-01
1.423115879999999889e-01
1.213821769999999939e-01
1.072919070000000058e-01
1.357148440000000011e-01
1.022660809999999948e-01
1.244965870000000058e-01
1.028274670000000057e-01
8.767610789999999432e-02
1.182078720000000055e-01
8.055378500000000275e-02
1.326877770000000067e-01
1.062161550000000065e-01
9.903699900000000056e-02
1.133757459999999995e-01
1.230979930000000028e-01
1.391029799999999872e-01
1.151607409999999970e-01
8.216532320000000111e-02
1.199536169999999985e-01
9.763721379999999728e-02
1.328490380000000026e-01
1.337354629999999989e-01
1.497699469999999866e-01
1.075702830000000026e-01
1.385989930000000037e-01
1.143029480000000014e-01
8.948039259999999995e-02
1.118288110000000002e-01
1.070681660000000063e-01
1.155014560000000023e-01
1.298690289999999969e-01
9.110626580000000252e-02
9.299195559999999527e-02
1.173319149999999950e-01
1.138294190000000011e-01
1.137428209999999940e-01
1.034372149999999990e-01
7.181176540000000497e-02
1.138813350000000002e-01
1.122486220000000062e-01
8.932205290000000408e-02
1.136839020000000033e-01
1.109743940000000040e-01
1.127438840000000025e-01
1.336597059999999892e-01
8.721613879999999541e-02
1.039128299999999977e-01
1.222299190000000063e-01
1.293288320000000047e-01
1.090483960000000058e-01
8.155245329999999404e-02
1.209132970000000029e-01
1.199962650000000047e-01
1.148404179999999997e-01
1.333294060000000114e-01
1.093911379999999989e-01
1.138462130000000017e-01
1.162974690000000005e-01
1.319790630000000076e-01
1.297882350000000018e-01
1.212453839999999977e-01
1.024878699999999948e-01
1.206791029999999959e-01
1.059573739999999931e-01
1.002428080000000027e-01
1.299810110000000074e-01
7.177873699999999524e-02
1.269479540000000017e-01
1.329316349999999924e-01
1.242910920000000058e-01
9.402098509999999576e-02
1.181361600000000039e-01
8.366870880000000510e-02
1.268299370000000037e-01
8.955203000000000468e-02
8.741113540000000626e-02
1.285287740000000123e-01
1.176781509999999947e-01
1.099690120000000049e-01
1.335145090000000034e-01
1.347649690000000122e-01
1.078589709999999979e-01
1.182251200000000030e-01
1.539745329999999968e-01
1.395063249999999866e-01
1.062784340000000050e-01
7.305501400000000145e-02
1.045958849999999996e-01
1.372054960000000101e-01
1.113186780000000042e-01
6.738150860000000075e-02
1.190210730000000050e-01
1.009844319999999990e-01
1.375861760000000045e-01
1.147606070000000006e-01
8.764062079999999921e-02
1.092593070000000000e-01
1.044074299999999955e-01
9.550967809999999503e-02
1.222996860000000047e-01
1.188368649999999999e-01
1.184995320000000046e-01
8.585775639999999875e-02
1.122836839999999947e-01
1.368977869999999930e-01
1.118281930000000063e-01
8.516775819999999886e-02
1.343624589999999897e-01
1.206646039999999948e-01
1.347318889999999936e-01
1.177478430000000048e-01
1.436017300000000108e-01
1.079010890000000056e-01
9.871290620000000571e-02
9.251035000000000508e-02
9.880980100000000266e-02
1.017650590000000049e-01
1.270292699999999997e-01
8.199005569999999465e-02
1.041936579999999946e-01
1.049602260000000037e-01
1.024495809999999979e-01
1.315563620000000100e-01
8.864958579999999977e-02
1.288027469999999952e-01
9.843723479999999526e-02
1.203589070000000011e-01
1.423248649999999949e-01
1.080288070000000045e-01
6.154346470000000152e-02
9.506539260000000657e-02
1.146425600000000045e-01
1.261654349999999924e-01
1.030017290000000002e-01
1.134424809999999978e-01
9.375212339999999811e-02
1.161819250000000053e-01
7.795669139999999997e-02
9.677337110000000520e-02
1.309363390000000127e-01
9.510898589999999819e-02
1.053113710000000008e-01
1.020702869999999957e-01
1.372609730000000083e-01
1.249572260000000046e-01
1.417525560000000018e-01
1.095114350000000042e-01
1.314966079999999871e-01
9.361178430000000050e-02
1.227324899999999996e-01
9.202352169999999942e-02
7.854958619999999336e-02
9.825555240000000135e-02
8.783309159999999616e-02
1.312252130000000072e-01
9.323167799999999839e-02
1.149682699999999974e-01
9.641958770000000345e-02
1.443576659999999956e-01
1.146688240000000025e-01
1.163166389999999994e-01
8.560500290000000456e-02
7.545816900000000549e-02
1.091695869999999985e-01
1.237852049999999954e-01
1.210216949999999986e-01
1.149697600000000042e-01
1.011679099999999998e-01
1.301646230000000071e-01
6.652004270000000385e-02
1.003849730000000023e-01
1.046829819999999939e-01
1.079840960000000016e-01
1.030900549999999999e-01
1.332018670000000016e-01
1.032207980000000025e-01
1.277137550000000121e-01
9.983838350000000250e-02
1.274327189999999999e-01
1.191576049999999998e-01
9.514538200000000057e-02
1.061823370000000016e-01
1.162440849999999970e-01
1.020930040000000011e-01
8.293601870000000265e-02
9.465943279999999849e-02
1.120543779999999962e-01
1.282283070000000136e-01
1.250497100000000084e-01
1.017806680000000047e-01
7.393090430000000268e-02
1.120967189999999974e-01
1.250080020000000069e-01
1.224131509999999978e-01
1.112600940000000038e-01
1.096381399999999950e-01
7.583411040000000158e-02
9.807020430000000510e-02
9.751543399999999806e-02
8.580235390000000295e-02
1.331327559999999910e-01
9.709928930000000236e-02
1.286534069999999974e-01
1.315773729999999975e-01
8.442489799999999822e-02
9.889019279999999856e-02
1.043353530000000057e-01
1.034299510000000061e-01
1.488251979999999919e-01
1.179888250000000055e-01
1.151679010000000031e-01
1.226176020000000061e-01
1.081657859999999999e-01
1.113502090000000055e-01
8.397950229999999461e-02
1.139932949999999945e-01
1.506606639999999997e-01
1.037574710000000039e-01
1.195858199999999955e-01
1.285320970000000118e-01
9.638185050000000476e-02
9.358659390000000078e-02
1.020351419999999953e-01
8.444400130000000171e-02
9.353941679999999703e-02
7.781629260000000325e-02
9.362906960000000334e-02
8.485368640000000295e-02
9.275578710000000060e-02
1.090095120000000029e-01
9.611846509999999455e-02
8.382783089999999715e-02
1.252644960000000030e-01
1.103729610000000055e-01
8.178842810000000463e-02
7.767499240000000360e-02
1.262115390000000115e-01
1.439600139999999973e-01
1.277281490000000130e-01
1.246044780000000046e-01
9.075624499999999928e-02
1.089703219999999945e-01
1.169391949999999958e-01
1.078605879999999934e-01
8.025049419999999434e-02
1.283955280000000088e-01
9.055693450000000533e-02
1.733361180000000112e-01
1.109785509999999947e-01
1.083273220000000037e-01
1.126430330000000035e-01
1.261863860000000115e-01
1.083506419999999970e-01
1.039555520000000066e-01
8.902232350000000016e-02
1.167969330000000056e-01
8.337555080000000340e-02
9.085369109999999471e-02
9.001499409999999535e-02
8.755242820000000425e-02
1.010481720000000055e-01
9.227953110000000625e-02
1.106920760000000004e-01
1.162943389999999966e-01
1.159810720000000045e-01
1.478969310000000092e-01
1.066858319999999943e-01
1.215375209999999956e-01
9.159989659999999423e-02
6.892196829999999719e-02
8.489824830000000655e-02
1.066065949999999984e-01
1.074801759999999967e-01
9.585420790000000191e-02
1.270046679999999872e-01
1.037876380000000015e-01
8.623491969999999562e-02
8.719626070000000007e-02
8.902245759999999342e-02
1.485317650000000100e-01
7.854398340000000311e-02
1.083379609999999965e-01
9.533305470000000281e-02
1.306796219999999953e-01
1.300440730000000100e-01
1.302674560000000037e-01
8.579724280000000647e-02
1.151120290000000046e-01
9.023609759999999536e-02
9.741308540000000182e-02
8.427768200000000653e-02
1.268836999999999882e-01
8.600756530000000510e-02
1.367286739999999945e-01
8.349917830000000429e-02
1.397242549999999917e-01
1.368582839999999967e-01
1.159896029999999967e-01
1.268388779999999882e-01
1.065278870000000017e-01
9.985022250000000210e-02
1.421794439999999882e-01
8.738935740000000618e-02
1.420228930000000112e-01
1.327407959999999942e-01
1.154680700000000060e-01
1.236003559999999946e-01
1.246544349999999940e-01
1.315414460000000063e-01
1.285536290000000026e-01
8.113380520000000595e-02
1.246255790000000002e-01
1.160197850000000003e-01
9.957241270000000144e-02
8.227282019999999918e-02
1.024567559999999961e-01
1.180883120000000008e-01
1.076161040000000041e-01
9.915331010000000278e-02
1.213100029999999996e-01
7.011986520000000611e-02
9.971591829999999768e-02
1.231880260000000060e-01
1.096531820000000018e-01
6.823162730000000009e-02
1.243989840000000041e-01
1.290988620000000087e-01
9.318386759999999769e-02
9.690398719999999966e-02
1.008637919999999938e-01
8.674739300000000597e-02
1.039421779999999962e-01
6.710375849999999920e-02
1.293255090000000052e-01
1.282864810000000078e-01
1.266824310000000120e-01
9.521778670000000111e-02
1.450651289999999871e-01
1.433895530000000029e-01
9.547264869999999570e-02
1.119383719999999943e-01
1.181758789999999976e-01
9.797210250000000509e-02
1.247741730000000021e-01
1.150528940000000028e-01
1.692218179999999961e-01
5.788666750000000250e-02
1.484057749999999898e-01
1.161218809999999962e-01
1.343461569999999938e-01
1.355283409999999966e-01
8.177164200000000549e-02
1.101998019999999995e-01
1.334929760000000132e-01
1.101197819999999994e-01
1.097109089999999954e-01
8.737776429999999372e-02
7.634915409999999680e-02
1.306384800000000013e-01
1.224336030000000020e-01
9.554592520000000644e-02
1.167085100000000014e-01
8.918268980000000623e-02
1.252615149999999899e-01
1.477647569999999966e-01
1.097068270000000068e-01
1.088601049999999987e-01
1.355853830000000038e-01
1.143763659999999932e-01
7.842997459999999366e-02
5.800767240000000158e-02
1.044107900000000033e-01
9.024496379999999429e-02
7.946403320000000603e-02
1.105686500000000044e-01
1.000304520000000058e-01
9.078004209999999963e-02
9.945591539999999731e-02
6.907541300000000217e-02
1.178219090000000024e-01
7.580010589999999771e-02
1.329924170000000017e-01
1.156945379999999995e-01
8.721853790000000384e-02
1.031347809999999948e-01
1.330800799999999895e-01
1.036765350000000002e-01
9.909152979999999444e-02
9.350880979999999509e-02
1.182850750000000034e-01
1.012057960000000006e-01
7.922469819999999885e-02
9.044089909999999954e-02
7.998975369999999918e-02
1.017055590000000009e-01
1.192059959999999946e-01
1.333858519999999992e-01
1.046494250000000042e-01
1.137374190000000063e-01
1.237207730000000061e-01
1.230949159999999987e-01
5.133453379999999844e-02
8.125018330000000066e-02
1.562045370000000044e-01
8.849690109999999721e-02
8.470241729999999913e-02
1.321970520000000093e-01
1.068130280000000043e-01
1.286770999999999887e-01
5.878816170000000091e-02
1.267579050000000040e-01
9.135323759999999793e-02
1.519327609999999995e-01
7.817376410000000109e-02
1.226048990000000033e-01
1.032738240000000002e-01
1.216806170000000048e-01
1.064213890000000051e-01
1.171696710000000030e-01
1.235590730000000054e-01
7.813876120000000369e-02
8.390310410000000052e-02
1.292401250000000112e-01
1.394397169999999908e-01
9.285198899999999589e-02
1.165911260000000033e-01
1.004664299999999955e-01
7.004562020000000555e-02
8.414531499999999831e-02
6.736432759999999575e-02
1.073971469999999984e-01
9.988781060000000156e-02
1.114013719999999985e-01
8.971685170000000265e-02
1.396381110000000092e-01
7.219772039999999835e-02
8.633895960000000092e-02
1.494974490000000045e-01
1.159591749999999977e-01
1.029901059999999979e-01
6.686815620000000071e-02
1.433611959999999963e-01
8.048747480000000010e-02
7.891843469999999805e-02
1.197690000000000005e-01
1.191110310000000061e-01
7.383396479999999873e-02
8.824385699999999499e-02
1.152167989999999947e-01
1.209033429999999965e-01
1.181594579999999950e-01
1.182077829999999968e-01
9.564857179999999848e-02
1.271562579999999942e-01
1.072099799999999964e-01
7.165115330000000615e-02
1.138798149999999954e-01
8.382622150000000605e-02
1.368104669999999912e-01
1.417450460000000134e-01
6.182944769999999812e-02
1.093296629999999936e-01
1.229265560000000063e-01
1.137312649999999981e-01
8.854638039999999932e-02
1.337296520000000044e-01
1.108148989999999945e-01
6.332155320000000531e-02
1.041961539999999992e-01
1.303564909999999910e-01
1.269062910000000044e-01
7.565527410000000286e-02
1.060558260000000058e-01
8.888795230000000325e-02
1.149207200000000040e-01
9.874854240000000005e-02
1.160447150000000066e-01
1.070035619999999965e-01
1.064773870000000067e-01
8.960271629999999599e-02
9.451817719999999756e-02
1.162630840000000026e-01
1.254975500000000133e-01
6.872732189999999908e-02
1.173767819999999990e-01
6.378375740000000182e-02
1.284320210000000073e-01
1.152071429999999980e-01
1.533413680000000057e-01
7.214049250000000024e-02
1.148268509999999937e-01
7.662212100000000137e-02
1.129992080000000038e-01
6.172601510000000347e-02
1.054987460000000044e-01
9.411688890000000085e-02
8.972294629999999493e-02
9.323832390000000303e-02
7.607485349999999757e-02
1.538605690000000026e-01
5.793558430000000231e-02
9.611748159999999874e-02
1.248612550000000043e-01
1.080814600000000042e-01
1.267587099999999967e-01
1.314682809999999924e-01
8.223308619999999958e-02
8.458794649999999693e-02
9.979563210000000351e-02
8.667748420000000176e-02
1.275500360000000055e-01
9.058863670000000257e-02
1.088828740000000045e-01
1.305778770000000089e-01
9.538120029999999638e-02
7.457467909999999922e-02
6.911785900000000371e-02
1.168070290000000067e-01
1.083494200000000018e-01
1.284172829999999932e-01
8.944712579999999913e-02
1.200256569999999939e-01
1.440613870000000130e-01
1.355540749999999961e-01
1.028569939999999933e-01
5.527844280000000082e-02
7.236137989999999465e-02
1.064536050000000067e-01
1.053111109999999989e-01
9.040677549999999452e-02
1.125085730000000006e-01
8.929739890000000513e-02
1.308494060000000014e-01
1.173941420000000069e-01
1.036722659999999990e-01
8.472011979999999332e-02
1.416876320000000078e-01
8.377736060000000318e-02
8.250474180000000324e-02
9.856241940000000368e-02
9.457346049999999782e-02
1.517462729999999871e-01
1.367147860000000048e-01
1.125488649999999979e-01
8.766195920000000030e-02
1.177861169999999957e-01
1.128358539999999993e-01
1.205235350000000011e-01
1.067767589999999989e-01
1.204641830000000025e-01
1.434440909999999958e-01
1.311236620000000019e-01
1.124348790000000015e-01
8.788044750000000016e-02
1.213759479999999974e-01
1.190750450000000044e-01
7.313720140000000425e-02
1.192587469999999983e-01
1.118431170000000058e-01
1.589977890000000005e-01
1.342560200000000037e-01
9.606131910000000051e-02
1.078533680000000050e-01
1.080506289999999953e-01
1.621183750000000090e-01
7.776640360000000585e-02
7.111611959999999955e-02
1.379104849999999993e-01
1.078591420000000051e-01
1.053901609999999961e-01
6.058493999999999685e-02
1.070011710000000060e-01
1.240684239999999966e-01
1.006248069999999967e-01
1.171122269999999993e-01
9.032812710000000245e-02
1.125125889999999962e-01
1.286904219999999988e-01
1.266540140000000092e-01
1.169028359999999961e-01
1.036614109999999950e-01
1.263122859999999958e-01
1.399157199999999934e-01
1.495591400000000071e-01
8.460339159999999414e-02
1.185027439999999932e-01
1.224027129999999963e-01
5.744796989999999964e-02
7.822553070000000386e-02
9.657911210000000302e-02
1.469233930000000132e-01
8.283147220000000588e-02
9.369635580000000574e-02
1.286771449999999928e-01
6.572236119999999571e-02
8.166994900000000557e-02
5.599101630000000163e-02
1.397182790000000008e-01
1.237807719999999972e-01
1.308379020000000059e-01
7.704837620000000442e-02
1.178473530000000019e-01
1.258921030000000052e-01
1.559330969999999927e-01
1.276747139999999947e-01
9.250321979999999444e-02
8.663324270000000160e-02
6.909598409999999358e-02
1.010557039999999962e-01
1.000837390000000049e-01
9.694810959999999866e-02
8.454000949999999903e-02
9.643146399999999452e-02
9.597442300000000315e-02
5.629908670000000059e-02
1.112846960000000024e-01
5.618352819999999914e-02
1.136782540000000064e-01
1.500485089999999966e-01
1.430823210000000123e-01
9.642149510000000423e-02
1.234964729999999955e-01
4.446994890000000034e-02
9.292504190000000497e-02
1.149519680000000016e-01
1.128536460000000019e-01
1.023024839999999991e-01
6.704332679999999711e-02
1.076701880000000000e-01
1.130389940000000037e-01
8.747199919999999740e-02
8.406573529999999961e-02
9.066621210000000430e-02
5.032492799999999794e-02
9.449487920000000651e-02
9.710735830000000179e-02
1.183934880000000051e-01
1.198809220000000009e-01
1.037278920000000021e-01
1.357207890000000083e-01
8.374010769999999659e-02
1.464592070000000079e-01
1.273204089999999955e-01
9.589263800000000226e-02
9.559156000000000597e-02
1.240043120000000054e-01
6.323169169999999506e-02
6.685959549999999363e-02
1.457082329999999926e-01
8.448179070000000346e-02
1.046614129999999948e-01
9.015325459999999624e-02
9.656306359999999867e-02
5.527113379999999687e-02
5.923791230000000074e-02
7.982217519999999789e-02
1.177487599999999940e-01
1.138817889999999972e-01
9.350014480000000405e-02
1.192843170000000008e-01
1.131955389999999978e-01
1.440105590000000102e-01
1.222158150000000054e-01
1.463049650000000090e-01
9.671717139999999602e-02
9.679700430000000300e-02
8.282955740000000344e-02
1.165832499999999994e-01
8.129901439999999424e-02
7.354524730000000510e-02
1.135224179999999999e-01
1.292785559999999889e-01
6.892609600000000614e-02
1.056898609999999961e-01
1.074181119999999962e-01
6.104761730000000247e-02
6.326536089999999779e-02
2.804682030000000062e-02
6.325150279999999792e-02
6.400449569999999699e-02
8.262568709999999761e-02
1.356423350000000028e-01
1.218010560000000048e-01
1.160863490000000053e-01
9.175057709999999422e-02
1.272553499999999893e-01
1.316164429999999996e-01
5.373050640000000266e-02
1.303895860000000018e-01
1.249928470000000041e-01
7.277235390000000304e-02
6.656783069999999691e-02
5.899918450000000286e-02
9.688360990000000061e-02
9.062637390000000126e-02
1.250581739999999942e-01
9.324524550000000411e-02
8.484978969999999732e-02
6.253070380000000372e-02
1.075658500000000045e-01
1.509214939999999894e-01
6.965829430000000655e-02
1.111292090000000066e-01
5.986611170000000204e-02
1.142275999999999986e-01
9.590470789999999690e-02
1.166042010000000045e-01
5.867121370000000224e-02
8.382602779999999421e-02
1.480882020000000021e-01
1.317048219999999992e-01
9.992536900000000000e-02
8.631619070000000338e-02
8.160795269999999990e-02
4.624832420000000305e-02
1.757241340000000041e-01
9.773105379999999509e-02
1.167998979999999992e-01
7.186689229999999873e-02
1.255197819999999964e-01
1.638192089999999934e-01
5.599739399999999895e-02
1.466650959999999948e-01
7.811437549999999952e-02
4.547828439999999917e-02
1.332018520000000095e-01
7.860048860000000415e-02
1.151636389999999982e-01
1.125772220000000046e-01
1.065352559999999948e-01
9.198591859999999398e-02
9.407108279999999711e-02
1.115949680000000027e-01
9.794722499999999887e-02
9.328244630000000204e-02
5.091301720000000058e-02
1.383909879999999926e-01
1.484100519999999868e-01
1.774565579999999865e-01
1.057316809999999940e-01
9.661571680000000106e-02
1.583535819999999927e-01
1.283153589999999900e-01
8.344022930000000171e-02
1.132119000000000042e-01
1.019349320000000059e-01
1.177354159999999955e-01
5.364522339999999723e-02
8.716996009999999906e-02
4.712826760000000254e-02
1.248818339999999971e-01
1.118025410000000053e-01
1.299194690000000096e-01
1.449638010000000032e-01
9.207449850000000435e-02
1.045107019999999970e-01
1.499839570000000011e-01
1.429359759999999924e-01
1.335770930000000078e-01
7.643978299999999726e-02
1.193167789999999978e-01
1.371190250000000055e-01
8.327367900000000323e-02
1.167478110000000069e-01
4.710284249999999867e-02
9.539750959999999946e-02
4.303276169999999817e-02
8.886440099999999565e-02
7.377202809999999777e-02
7.478769870000000208e-02
1.598015869999999949e-01
8.778560909999999495e-02
9.958077220000000063e-02
7.786817099999999991e-02
9.277721490000000182e-02
1.216447499999999959e-01
1.323304620000000098e-01
1.086466090000000051e-01
1.034002599999999938e-01
1.260124300000000086e-01
1.283547879999999974e-01
1.092645450000000046e-01
1.091268509999999969e-01
1.173838450000000005e-01
1.322973369999999871e-01
1.035515000000000047e-01
5.540193990000000235e-02
9.688657520000000523e-02
6.636661289999999658e-02
1.125914310000000057e-01
5.199443919999999913e-02
1.149131949999999958e-01
8.992746470000000103e-02
1.587861329999999960e-01
1.118463350000000051e-01
1.053163109999999958e-01
1.066468809999999989e-01
7.207080720000000329e-02
1.207540930000000068e-01
1.317027809999999910e-01
1.366335300000000030e-01
9.623710809999999616e-02
1.048175390000000012e-01
9.997800739999999908e-02
1.074883269999999946e-01
7.469616090000000264e-02
8.417441700000000138e-02
1.454621849999999939e-01
9.392495450000000468e-02
1.135768369999999999e-01
1.492942570000000135e-01
5.109967659999999773e-02
1.318844259999999990e-01
8.987881990000000376e-02
9.291402999999999468e-02
1.634538020000000091e-01
7.133507729999999381e-02
1.088589650000000020e-01
9.492612629999999663e-02
8.477098489999999875e-02
1.284664570000000061e-01
1.196268350000000008e-01
1.005245069999999991e-01
1.502592709999999998e-01
1.066468809999999989e-01
1.029639539999999964e-01
8.648601170000000393e-02
8.259805289999999633e-02
1.080637799999999982e-01
8.949277549999999637e-02
1.154508439999999969e-01
9.723094109999999568e-02
1.066355330000000046e-01
5.608547109999999919e-02
1.921308039999999884e-01
1.730839909999999926e-01
1.124937460000000056e-01
3.185129169999999926e-02
6.705066560000000342e-02
7.617253070000000459e-02
9.323361519999999458e-02
1.127255929999999989e-01
1.246551050000000022e-01
1.101716310000000060e-01
9.353192150000000371e-02
7.305206359999999455e-02
7.510373739999999521e-02
1.055764929999999935e-01
1.550673250000000059e-01
9.531405569999999716e-02
8.535476029999999881e-02
1.135682840000000055e-01
1.487828939999999989e-01
1.018300949999999955e-01
9.743868560000000512e-02
1.042304929999999935e-01
1.465368119999999885e-01
1.026469470000000023e-01
1.316656770000000087e-01
8.155110479999999606e-02
5.705706399999999762e-02
9.940111640000000304e-02
5.818940329999999772e-02
1.187782809999999994e-01
1.346101460000000138e-01
1.440780759999999994e-01
9.218075130000000228e-02
8.575583990000000545e-02
6.426487120000000386e-02
8.710819479999999670e-02
1.092124879999999965e-01
8.875648680000000623e-02
1.342057140000000037e-01
1.343574820000000003e-01
7.676578309999999850e-02
1.035990420000000023e-01
1.299142239999999948e-01
1.030031289999999988e-01
1.011460420000000054e-01
1.040442730000000066e-01
6.185710059999999927e-02
1.245286089999999984e-01
7.802200319999999523e-02
8.785083890000000562e-02
1.000436989999999998e-01
1.073656310000000030e-01
9.007436039999999755e-02
1.301668290000000117e-01
1.114250789999999963e-01
1.595982459999999992e-01
3.933429349999999908e-02
1.142432089999999983e-01
7.092944530000000469e-02
1.185660959999999958e-01
1.253281240000000130e-01
3.963905570000000184e-02
1.123845279999999974e-01
9.173226360000000246e-02
5.476537719999999970e-02
4.378131779999999695e-02
1.187272520000000053e-01
1.195927110000000043e-01
9.272496400000000694e-02
1.116945450000000062e-01
1.116174979999999956e-01
9.843406080000000058e-02
6.316861510000000568e-02
9.221811589999999448e-02
8.748854699999999984e-02
9.020645169999999546e-02
9.351566429999999541e-02
7.750976830000000373e-02
1.102943120000000055e-01
9.561294319999999458e-02
8.674032989999999610e-02
1.128130999999999995e-01
1.177290079999999961e-01
1.065556260000000005e-01
1.442200690000000063e-01
9.678583590000000569e-02
1.156063380000000029e-01
5.737955869999999958e-02
9.070559590000000505e-02
1.346220969999999961e-01
1.356607820000000075e-01
1.240446270000000045e-01
1.267642380000000013e-01
1.058020959999999983e-01
1.663873339999999978e-01
9.196226300000000242e-02
7.744448630000000389e-02
1.330774130000000055e-01
3.927647690000000275e-02
1.047290040000000005e-01
1.126293839999999991e-01
1.016430329999999937e-01
1.701624840000000027e-01
5.305177350000000319e-02
1.311583669999999979e-01
1.821094900000000127e-01
1.242357719999999943e-01
7.848192750000000661e-02
8.617290110000000447e-02
1.008941079999999962e-01
5.393489449999999685e-02
1.118389739999999938e-01
1.065498889999999949e-01
1.448191400000000129e-01
1.142848729999999952e-01
9.013577550000000105e-02
1.454945800000000122e-01
9.264217319999999700e-02
7.229491320000000498e-02
1.301866020000000124e-01
1.272695359999999887e-01
1.649635879999999943e-01
1.093234420000000068e-01
4.063083979999999873e-02
3.355515750000000186e-02
9.125810859999999858e-02
1.205474440000000036e-01
1.018517909999999971e-01
7.502382250000000363e-02
1.205531209999999992e-01
1.491722169999999958e-01
8.281838889999999787e-02
6.011795629999999724e-02
6.394790109999999583e-02
9.229941669999999765e-02
2.592434360000000007e-02
1.168976629999999954e-02
4.540133100000000310e-02
6.942759449999999499e-02
7.205606999999999984e-02
1.651780160000000108e-01
8.372718099999999775e-02
1.097976340000000051e-01
1.439867469999999983e-01
8.663211020000000095e-02
6.252387909999999882e-02
4.290455209999999991e-02
4.888158289999999795e-02
1.587468680000000132e-01
1.498987230000000115e-01
1.226975250000000017e-01
8.347160369999999385e-02
9.665691849999999419e-02
7.191809270000000531e-02
8.546973759999999809e-02
8.946643020000000224e-02
1.250705119999999948e-01
9.921916570000000046e-02
7.142978160000000576e-02
1.699958289999999872e-01
2.061969599999999986e-02
1.097640250000000012e-01
7.804063710000000431e-02
1.127425509999999964e-01
1.078965739999999951e-01
9.882301089999999399e-02
1.365918670000000057e-01
8.088360729999999332e-02
7.061120869999999716e-02
1.355418260000000041e-01
7.093239580000000599e-02
9.254422040000000182e-02
1.138475389999999976e-01
1.104162479999999946e-01
1.016958359999999978e-01
1.342630089999999887e-01
1.198323439999999934e-01
1.174669410000000053e-01
9.462615850000000162e-02
1.056127919999999970e-01
1.362384709999999999e-01
2.149702049999999837e-02
1.345725660000000046e-01
1.201227829999999969e-01
9.290347990000000222e-02
1.201494629999999980e-01
1.291287839999999965e-01
1.201363500000000029e-01
3.495261449999999964e-02
8.057560029999999429e-02
9.024083609999999922e-02
5.240084980000000309e-02
6.213736529999999703e-02
7.284669579999999978e-02
6.623636930000000034e-02
1.278292540000000033e-01
9.347473080000000267e-02
1.011953500000000034e-01
9.824386979999999436e-02
8.088360729999999332e-02
7.890522480000000671e-02
1.279164999999999885e-01
1.388061640000000097e-01
1.661472019999999938e-01
9.235379100000000452e-02
5.397549270000000232e-02
1.451649520000000138e-01
4.281538719999999909e-02
3.187090900000000282e-02
5.811048299999999750e-02
1.190173330000000029e-01
7.913487399999999394e-02
9.469170120000000579e-02
1.082139909999999955e-01
1.655528099999999947e-01
1.139796150000000063e-01
1.180357189999999973e-01
5.143246800000000202e-02
6.651839610000000180e-02
1.107551749999999974e-01
5.297170209999999685e-02
1.036048829999999948e-01
9.115055199999999580e-02
1.206680980000000014e-01
1.216845440000000056e-01
8.927906300000000572e-02
1.279959380000000035e-01
1.086110099999999939e-01
1.336862739999999938e-01
4.320799189999999929e-02
1.079837679999999939e-01
1.323937179999999936e-01
1.286224280000000109e-01
1.628779619999999873e-01
4.990593339999999795e-02
9.263575820000000127e-02
1.361002769999999917e-01
1.378610730000000006e-01
1.751026059999999940e-01
4.606771469999999813e-02
7.830995320000000426e-02
9.386352450000000347e-02
3.298800069999999890e-02
1.129859160000000057e-01
1.696534450000000138e-01
1.182489320000000010e-01
1.204712839999999979e-01
1.337669940000000002e-01
6.936211879999999719e-02
1.136233880000000057e-01
1.311289069999999890e-01
1.054035650000000046e-01
1.111046220000000001e-01
7.475890960000000640e-02
6.339979169999999942e-02
1.054272349999999941e-01
1.443229020000000029e-01
1.074772100000000036e-01
4.244587200000000254e-02
4.990593339999999795e-02
1.045887399999999995e-01
7.049413029999999913e-02
1.337010859999999968e-01
5.386300759999999854e-02
9.823871400000000476e-02
1.179813740000000000e-01
1.150947729999999974e-01
9.422906490000000634e-02
1.190848649999999981e-01
1.170174850000000044e-01
1.055559290000000067e-01
4.788532110000000286e-02
1.444188359999999949e-01
1.237629430000000003e-01
4.271543399999999657e-02
1.117963270000000009e-01
8.999506379999999695e-02
1.078015860000000048e-01
8.176635209999999487e-02
9.888781609999999778e-02
1.610844280000000017e-01
1.100783349999999994e-01
6.140515950000000056e-02
1.016758380000000045e-01
1.287065000000000015e-01
7.948942479999999977e-02
7.080158590000000529e-02
6.572653350000000338e-02
7.080158590000000529e-02
2.798508109999999979e-02
1.319422130000000026e-01
5.545346439999999932e-02
1.154708190000000023e-01
9.631395339999999916e-02
1.223853530000000023e-01
1.248208279999999948e-01
1.055629550000000000e-01
1.839097739999999981e-01
7.759484649999999484e-02
9.951166059999999591e-02
1.223570110000000016e-01
4.657343399999999689e-02
9.055209159999999535e-02
4.582862559999999891e-02
1.069758829999999938e-01
7.488752899999999435e-02
9.939555079999999598e-02
7.284669579999999978e-02
2.861641350000000000e-02
5.634465069999999853e-02
1.220035929999999935e-01
1.459340600000000043e-01
1.683859380000000128e-01
1.080903109999999945e-01
6.366761029999999655e-02
6.635847690000000465e-02
1.075610369999999982e-01
1.295153950000000054e-01
7.339772579999999380e-02
9.055209159999999535e-02
8.932840820000000071e-02
1.038872150000000050e-01
3.153912350000000198e-02
1.224775310000000006e-01
1.322945799999999950e-01
1.399327810000000061e-01
9.565801170000000353e-02
1.247442220000000018e-01
1.386002299999999909e-01
6.138438360000000177e-02
1.163764889999999996e-01
8.924033489999999569e-02
8.956169340000000312e-02
1.591160149999999995e-01
1.492653489999999916e-01
1.060231249999999958e-01
8.401571959999999673e-02
1.193197520000000011e-01
8.168014140000000312e-02
8.163884279999999993e-02
1.516629610000000128e-01
4.478167370000000341e-02
1.500286909999999918e-01
1.095690430000000049e-01
1.756503130000000024e-01
5.876570569999999688e-02
1.006131100000000056e-01
4.888500269999999925e-02
1.546882840000000092e-01
1.678766009999999864e-01
8.124207710000000415e-02
8.198129390000000183e-02
1.817200629999999872e-01
1.105587779999999964e-01
1.570758969999999921e-01
5.130499599999999855e-02
2.388978560000000126e-02
9.968799350000000226e-02
1.267293690000000084e-01
9.250677379999999728e-02
1.266467269999999867e-01
4.097383100000000222e-02
9.836676719999999652e-02
1.425476669999999890e-01
1.453316359999999863e-01
1.425476669999999890e-01
1.006131100000000056e-01
1.030461119999999953e-01
3.096619990000000142e-02
1.326696430000000038e-01
5.532720690000000191e-02
4.990148540000000077e-02
1.225821379999999933e-01
8.528064940000000538e-02
4.427904640000000086e-02
1.723641750000000084e-01
1.019854470000000068e-01
1.114728450000000010e-01
1.037140490000000026e-01
5.483162400000000242e-02
9.361223879999999720e-02
1.128342449999999997e-01
8.238410200000000072e-02
7.194384189999999957e-02
1.772072610000000048e-01
7.685258979999999573e-02
4.476085309999999762e-02
-4.683657550000000329e-03
9.440970419999999974e-02
9.019078310000000487e-02
1.365732100000000004e-01
9.817209089999999472e-02
8.943051840000000585e-02
1.496192070000000041e-01
1.687285299999999877e-01
1.093940360000000001e-01
1.106651649999999959e-01
8.912393450000000161e-02
4.669404769999999788e-02
1.140881779999999984e-01
1.135041640000000046e-01
1.578521430000000003e-01
3.768832240000000167e-02
5.450068410000000196e-02
1.106254910000000063e-01
5.511693279999999723e-02
1.394839880000000032e-01
1.634180399999999866e-01
9.197480230000000534e-02
9.433696419999999805e-02
1.379236130000000005e-01
1.193209140000000001e-01
1.398550869999999891e-01
1.592128130000000086e-01
1.035630329999999988e-01
1.267701980000000006e-01
1.147362809999999955e-01
1.170222979999999968e-01
9.581856430000000591e-02
1.157383990000000057e-01
1.195836960000000032e-01
1.076444609999999968e-01
4.010508580000000239e-02
7.513678819999999869e-02
9.026532619999999563e-02
1.385567779999999916e-01
7.392411679999999485e-02
6.580305840000000295e-02
4.863055050000000129e-02
9.789005670000000547e-02
1.091745789999999938e-01
1.356231270000000100e-01
3.584821889999999928e-02
8.149537440000000077e-02
7.658322900000000266e-02
6.414568419999999715e-02
1.673829109999999953e-01
1.224458959999999985e-01
1.216273979999999977e-01
9.129506349999999548e-02
1.131493779999999914e-02
1.004983629999999933e-01
1.138662619999999959e-01
1.434605569999999886e-01
6.682995710000000367e-02
1.123564469999999982e-01
1.746700999999999948e-01
6.618867809999999519e-02
6.443408130000000122e-02
1.659277379999999913e-01
1.062277330000000047e-01
1.398425249999999953e-01
8.785115929999999518e-02
7.255447660000000076e-02
1.128875089999999970e-01
1.136452629999999964e-01
2.503069679999999839e-02
1.509644930000000017e-02
1.303364630000000135e-01
8.462712170000000200e-02
1.250399050000000067e-01
4.894991409999999675e-03
1.240160020000000002e-01
1.409033690000000005e-01
1.059254929999999956e-01
7.822518800000000105e-02
3.185479719999999987e-02
1.387187390000000076e-01
1.320849209999999940e-01
1.350610409999999928e-01
1.442209479999999877e-01
5.980764329999999768e-02
1.498344090000000017e-01
3.566908089999999698e-02
5.668488139999999786e-02
6.520490349999999435e-02
1.402027899999999938e-01
-3.676087780000000110e-02
1.062740830000000053e-01
8.735392240000000585e-02
1.403799500000000033e-01
1.863762740000000084e-01
1.877881590000000100e-01
1.197949979999999963e-02
4.522847010000000112e-02
-3.011205230000000080e-02
3.932379560000000274e-02
1.118231560000000069e-01
6.162269790000000219e-02
5.330333489999999896e-02
1.120198439999999934e-01
4.080646859999999959e-02
1.589645450000000126e-01
6.946976480000000009e-02
1.094824300000000056e-01
1.607107179999999955e-02
1.310426440000000137e-01
1.268823590000000001e-01
1.300983280000000131e-01
1.383172719999999911e-01
9.547436239999999852e-02
9.778142720000000676e-02
1.142191510000000049e-01
1.424823400000000129e-01
8.331628139999999738e-02
1.403531729999999977e-01
9.359407420000000200e-02
6.157670169999999998e-02
2.019168140000000000e-01
1.539382039999999952e-01
7.553812120000000241e-02
1.087103410000000020e-01
1.397911159999999930e-01
5.521754920000000039e-02
6.340009720000000515e-02
1.330875460000000010e-01
1.464842259999999952e-01
1.020202489999999934e-01
1.667371089999999945e-01
1.334044930000000129e-01
1.073210309999999973e-01
9.605334699999999726e-02
6.152588870000000321e-02
6.726952640000000150e-02
1.028277870000000038e-01
7.342874259999999931e-02
5.741932990000000320e-02
4.494032820000000428e-03
6.832250210000000157e-02
1.336195470000000052e-01
1.147193829999999942e-01
8.487902579999999364e-02
1.398819390000000107e-01
7.989415530000000543e-02
1.449998469999999873e-01
1.091774850000000047e-01
1.313562839999999898e-01
4.175884650000000198e-02
1.954729859999999875e-01
1.047678739999999969e-01
1.105232829999999999e-01
9.587340799999999330e-02
1.667700109999999958e-01
9.697806089999999601e-02
5.079295860000000024e-02
8.998235320000000370e-02
7.412746550000000323e-02
8.720529820000000321e-02
6.604190170000000248e-02
8.667708929999999590e-02
9.975615140000000658e-02
1.406767519999999883e-01
8.386445789999999456e-02
8.895131950000000065e-02
4.296183590000000191e-02
5.675625060000000222e-02
1.035724509999999959e-01
1.246417390000000014e-01
1.801803710000000058e-01
1.020947170000000015e-01
1.343135089999999976e-01
1.753944610000000015e-01
1.269817649999999964e-01
8.842607589999999795e-02
1.353898940000000106e-01
7.739604260000000624e-02
7.086141410000000584e-02
4.152283820000000208e-02
7.222583890000000562e-02
8.121570200000000073e-02
7.240562139999999480e-02
1.577247380000000032e-01
6.864354759999999334e-02
1.053031309999999943e-01
8.337423210000000084e-02
1.476826220000000134e-01
1.505677549999999976e-01
1.484453679999999942e-01
3.032928890000000099e-02
3.750801460000000032e-02
1.201406720000000039e-01
1.192766579999999937e-01
7.963206620000000402e-02
1.556502429999999937e-01
4.281179610000000052e-02
1.191766110000000017e-01
1.738423849999999882e-01
1.279139220000000132e-01
9.112484010000000689e-02
1.150780770000000008e-01
8.651328830000000469e-02
6.477884200000000314e-02
1.665314440000000007e-01
7.780151070000000668e-02
8.979614819999999498e-02
1.046188769999999990e-01
1.262389270000000008e-01
9.749342499999999467e-02
1.106038240000000034e-01
9.839930389999999860e-02
1.310568749999999894e-01
9.825428579999999357e-02
6.285041569999999522e-02
7.044379409999999841e-02
6.785277739999999794e-03
1.402918400000000010e-01
1.037297620000000031e-01
1.975250430000000113e-02
1.916956750000000098e-01
1.244385169999999985e-01
1.327459069999999963e-01
1.020947170000000015e-01
1.222943590000000053e-01
8.116208020000000023e-02
8.220351489999999650e-02
4.422508549999999705e-02
1.256412570000000062e-01
1.516356020000000082e-01
1.326416729999999877e-01
5.474589769999999717e-02
1.723242249999999975e-01
1.672437790000000091e-01
7.852967080000000655e-02
7.470005009999999834e-02
1.470366419999999952e-01
5.178370329999999744e-02
1.992442269999999960e-02
8.393473919999999699e-02
7.202853260000000035e-02
1.136158699999999938e-01
1.335275320000000043e-01
1.103725579999999956e-01
9.996595980000000381e-02
1.073479209999999989e-01
1.917835330000000060e-01
1.940849269999999904e-01
1.940849269999999904e-01
6.465245040000000554e-02
1.861375419999999892e-01
5.353045459999999922e-02
1.557334360000000029e-01
8.603335169999999643e-02
4.341467839999999662e-02
3.316972029999999683e-02
6.625271589999999489e-02
1.444760260000000074e-01
7.967194169999999853e-02
1.332695339999999951e-01
1.077758000000000049e-01
4.668096079999999731e-02
1.657245609999999925e-01
1.496834900000000024e-01
1.514689770000000046e-01
9.982893619999999579e-02
4.504268239999999895e-02
8.278466760000000035e-02
1.879424600000000056e-01
1.962021740000000070e-01
1.469737889999999936e-01
7.743911450000000307e-02
1.055521070000000061e-01
5.915360530000000200e-02
1.369716079999999947e-01
9.565516559999999446e-02
1.759961840000000000e-01
1.609384570000000070e-01
7.978707549999999871e-02
1.755709199999999914e-01
4.341467839999999662e-02
8.278466760000000035e-02
1.740839479999999884e-01
1.330140979999999973e-01
1.032079760000000068e-01
1.687370089999999934e-01
1.194741059999999966e-01
8.964075890000000602e-02
5.762128529999999832e-02
1.078992639999999947e-01
9.466822449999999500e-02
5.965767799999999871e-02
4.800994320000000204e-02
1.101143059999999951e-01
5.267369000000000218e-02
8.951523150000000040e-02
7.250846179999999308e-02
7.809294760000000390e-02
1.241202129999999931e-01
1.119186949999999986e-01
3.032518920000000159e-02
1.193248560000000069e-01
1.038634699999999994e-01
4.956914860000000145e-02
7.838589139999999414e-03
1.104684030000000067e-01
9.996595980000000381e-02
5.728510769999999724e-02
5.495414879999999808e-02
7.948203380000000429e-02
8.550654350000000403e-02
3.361597659999999987e-02
1.089413020000000037e-01
2.006221860000000079e-01
5.409938839999999666e-02
1.171665489999999948e-01
9.466822449999999500e-02
2.243100110000000036e-02
6.125529479999999860e-02
8.278218660000000173e-02
1.522349269999999921e-01
2.215472759999999874e-01
7.887245710000000132e-02
4.622459780000000296e-02
7.961106299999999580e-02
9.321188930000000317e-02
1.049682049999999950e-01
5.418130010000000302e-02
1.311032920000000102e-01
1.444760260000000074e-01
1.342884000000000022e-01
5.351972580000000090e-02
4.457272219999999785e-02
1.220486390000000004e-01
1.249285940000000039e-01
-3.621594610000000020e-02
1.055896209999999946e-01
5.918544900000000109e-02
3.259447220000000200e-02
5.200866979999999723e-02
-1.119058210000000060e-02
1.212007249999999953e-01
1.839597520000000042e-01
7.123602179999999340e-02
1.074306960000000061e-01
7.799479369999999523e-02
1.144789680000000004e-01
9.302276369999999683e-02
7.073930650000000153e-02
9.299859400000000387e-02
1.678533409999999892e-01
8.353143929999999606e-02
1.528774800000000100e-01
1.647243800000000036e-01
9.780033679999999841e-02
4.398898779999999703e-02
1.809493010000000068e-01
8.957038069999999352e-02
1.664460899999999910e-01
1.343812349999999878e-01
1.090571580000000013e-01
1.644097860000000022e-01
1.298389879999999885e-01
1.229128319999999996e-01
3.886834900000000342e-02
1.378029289999999907e-01
1.703941380000000005e-01
3.518699849999999685e-02
1.255851980000000090e-01
9.442362930000000598e-02
7.199715819999999433e-02
7.778578999999999355e-02
2.917182819999999954e-02
2.592374009999999854e-02
4.189603780000000083e-02
1.161238629999999938e-01
1.080380080000000048e-01
1.574031260000000043e-01
2.066348640000000014e-01
1.156540219999999952e-01
8.347389099999999451e-02
1.094256339999999939e-01
6.880098580000000574e-02
7.834013550000000492e-02
5.242323499999999858e-02
6.837856770000000362e-02
-2.929727169999999867e-02
9.281271700000000291e-02
1.381532550000000026e-01
1.410055909999999996e-02
1.012265680000000029e-01
5.317987500000000145e-02
6.707145270000000603e-02
9.837152059999999809e-02
8.588152379999999808e-02
2.107956260000000137e-01
9.430002419999999885e-02
3.031557799999999928e-02
1.906805340000000126e-01
1.349233089999999913e-01
1.152048860000000063e-01
1.329404859999999966e-01
6.676109880000000163e-02
1.410055909999999996e-02
1.129044589999999987e-01
9.017135199999999629e-02
7.965614649999999686e-02
1.069211590000000017e-01
2.129375789999999879e-01
1.282805800000000052e-01
8.654120560000000406e-02
1.341440680000000052e-01
5.488447469999999800e-02
9.837152059999999809e-02
8.922412250000000267e-02
7.986638699999999702e-02
1.550451220000000074e-01
1.744277479999999936e-01
1.437614859999999939e-01
9.971276669999999676e-02
5.589200560000000262e-02
9.349361809999999495e-02
-1.212720289999999999e-02
9.001125399999999888e-02
2.904587239999999876e-02
7.321773469999999506e-02
8.833228799999999492e-02
3.947579860000000052e-02
5.164139720000000128e-02
1.157933550000000006e-01
1.658619199999999960e-01
9.470713879999999307e-02
1.325310470000000129e-01
-4.166369140000000110e-02
1.447102429999999884e-01
9.837152059999999809e-02
1.136069299999999949e-01
2.198949080000000070e-02
7.506354149999999725e-02
9.258546680000000195e-02
4.794584589999999896e-02
1.985991149999999927e-01
1.658031339999999909e-01
1.046362150000000046e-01
8.631390520000000594e-03
7.386548819999999571e-02
1.913954760000000088e-01
8.691143240000000214e-02
8.275749529999999743e-02
1.892846260000000114e-02
2.897739409999999793e-01
7.050193849999999984e-02
7.316867259999999817e-02
4.218743649999999630e-03
1.227132830000000063e-01
7.341703770000000684e-02
6.763332340000000054e-02
8.523593100000000089e-02
2.649275029999999947e-02
1.159293579999999962e-01
1.845665429999999996e-01
1.496615259999999892e-01
6.779805569999999837e-02
1.302098479999999892e-01
1.262025259999999954e-02
1.273256690000000024e-01
1.384541990000000000e-01
4.933998359999999805e-02
1.452811360000000052e-01
1.298206000000000082e-01
1.553823049999999983e-01
1.240957810000000057e-02
1.428910340000000001e-01
8.358208840000000417e-02
1.539291439999999900e-01
4.338113219999999853e-02
1.872839179999999937e-01
1.310219619999999918e-01
1.111799110000000063e-01
2.276938109999999960e-01
1.009280609999999995e-01
7.525805850000000068e-03
7.179245350000000581e-02
4.903500529999999663e-02
1.624571230000000088e-01
1.137575279999999966e-01
1.351068470000000021e-01
1.734740099999999841e-02
9.635783729999999880e-02
1.613231450000000011e-01
3.973376380000000208e-02
1.302394119999999988e-01
-3.109965010000000085e-03
1.655571309999999963e-01
6.621461359999999963e-02
4.184605549999999979e-02
4.444338009999999894e-02
1.551232190000000066e-01
1.839820889999999876e-01
1.888901590000000019e-01
2.303972390000000037e-01
5.574020560000000207e-03
1.769082700000000064e-01
2.298244239999999994e-01
6.196992469999999809e-02
7.541336120000000087e-02
1.850786060000000066e-01
3.774625439999999832e-02
9.282453359999999487e-02
9.874618799999999863e-02
3.884101660000000011e-02
1.651520280000000063e-01
1.552964900000000092e-01
1.161205170000000064e-01
-2.360804749999999980e-02
8.194947989999999682e-02
2.031101179999999877e-04
7.179245350000000581e-02
1.930596680000000107e-02
6.809243560000000084e-02
1.810043749999999951e-01
9.520985190000000320e-02
1.262155620000000034e-01
2.202123109999999939e-01
1.593015040000000104e-01
1.520722359999999995e-02
2.061868759999999912e-01
1.187200919999999993e-01
2.688013320000000039e-01
1.330066320000000135e-01
1.162426250000000022e-01
5.747925489999999860e-02
1.722372919999999863e-01
-3.154745330000000014e-02
1.597099449999999921e-01
1.998331100000000082e-01
1.018391030000000003e-01
-4.279131810000000313e-02
1.621443479999999937e-01
2.233365029999999918e-01
9.834721679999999799e-02
1.817562580000000039e-01
2.064924089999999879e-01
1.909682529999999837e-02
1.289079340000000018e-01
9.461253140000000506e-02
1.522056760000000120e-01
1.159870620000000019e-01
-6.387234320000000120e-04
1.076405420000000057e-01
4.165038470000000104e-02
1.430384809999999951e-01
1.960426869999999933e-01
4.410058630000000118e-02
1.775949900000000081e-01
5.066639929999999792e-02
5.934581530000000021e-02
9.596920759999999495e-02
9.052408489999999586e-02
1.462197600000000042e-01
1.538050029999999957e-01
1.774841849999999888e-01
1.629382970000000097e-01
2.192548849999999966e-02
-7.335053380000000622e-02
-5.316145250000000287e-03
8.274670689999999440e-02
9.475851059999999826e-02
4.940753059999999919e-02
1.496298020000000062e-01
1.946808839999999985e-01
1.178853289999999970e-01
6.945750859999999527e-02
1.383906159999999941e-01
5.796967449999999855e-02
-1.171398329999999910e-03
1.646149010000000079e-01
5.010457339999999787e-02
1.625572140000000054e-01
6.309773030000000171e-02
2.395374769999999987e-01
1.447462890000000002e-01
4.544994609999999935e-02
1.749014999999999875e-01
1.921727059999999987e-01
8.823122830000000583e-02
3.691419960000000278e-02
3.471982670000000118e-03
6.637895850000000153e-02
1.195921000000000067e-01
1.398521510000000079e-01
5.153360960000000213e-02
5.953282120000000233e-03
-1.966148989999999888e-02
4.918529089999999770e-02
3.030973299999999843e-02
1.669474539999999951e-01
1.207729500000000039e-01
4.343166200000000282e-02
9.317076950000000024e-02
2.875323219999999930e-02
5.393843730000000281e-02
2.716148830000000153e-02
1.632629039999999865e-01
1.036575059999999965e-01
1.178853289999999970e-01
7.281713930000000001e-02
5.219203230000000332e-02
1.887255720000000081e-02
9.101725369999999482e-02
8.793053779999999986e-02
1.325784720000000062e-02
4.986150560000000148e-02
1.697541770000000061e-01
6.016239899999999835e-02
1.722320619999999913e-01
1.602326779999999895e-01
6.247271969999999841e-02
1.129724980000000045e-01
2.544002229999999809e-01
2.041038420000000075e-01
5.620548870000000030e-02
1.555766909999999892e-01
1.298047300000000071e-01
6.188908960000000237e-02
5.944296720000000200e-02
1.513323490000000049e-01
3.532031919999999853e-02
1.434143479999999971e-01
1.525828710000000019e-02
5.042692649999999666e-02
1.292808799999999869e-01
7.649818059999999309e-02
8.182335640000000521e-02
1.773780580000000051e-01
1.201015930000000065e-01
1.805097009999999946e-01
2.059475519999999938e-03
1.483819040000000089e-01
1.545516550000000100e-01
9.669850770000000539e-02
2.690062860000000042e-02
1.840159739999999988e-01
1.084426569999999979e-01
8.929846439999999941e-02
1.569885910000000107e-01
1.891829519999999876e-01
1.099372950000000043e-01
8.274030690000000465e-02
1.667606530000000087e-01
2.050267899999999865e-01
9.287626300000000057e-02
1.044927979999999978e-01
1.076985000000000026e-01
1.458905789999999925e-01
8.827055990000000352e-02
8.613657950000000452e-02
8.274030690000000465e-02
-7.543696560000000273e-03
1.075701270000000015e-01
2.572360929999999990e-01
-1.017169189999999994e-02
9.667815270000000571e-02
9.287626300000000057e-02
8.951889720000000272e-02
1.821641029999999939e-01
6.040301170000000192e-02
1.036575059999999965e-01
1.658670160000000060e-01
1.047017499999999962e-01
1.722208560000000055e-01
9.615547210000000011e-02
9.758590910000000673e-02
1.342037170000000001e-01
6.850153949999999992e-02
1.119943629999999996e-01
7.294254000000000016e-02
1.350731249999999883e-01
8.510695399999999855e-02
1.952071039999999924e-01
4.969677329999999671e-02
1.626597049999999878e-01
-5.286864559999999991e-02
3.916272889999999895e-02
8.721692120000000548e-02
2.006518840000000026e-01
5.725144969999999833e-02
1.279726330000000023e-01
1.130628659999999980e-01
3.627105800000000185e-02
1.394988299999999903e-01
1.750428079999999942e-01
9.798256310000000302e-02
1.803307979999999866e-01
1.786126349999999918e-01
8.519125730000000341e-02
1.351772250000000120e-01
8.753435310000000358e-02
-1.908404379999999873e-02
3.575419259999999821e-02
-5.543041600000000318e-02
1.756755859999999947e-01
4.292769359999999701e-02
1.688124689999999928e-01
2.491008680000000169e-02
4.080404339999999658e-02
1.060154140000000023e-01
7.791841780000000051e-02
1.880448610000000076e-01
1.722051800000000132e-01
1.722084730000000008e-01
8.272475749999999572e-02
1.464628129999999973e-01
5.197794359999999975e-02
1.352649479999999960e-01
5.605216319999999780e-02
-1.860704269999999966e-02
1.567918809999999941e-01
9.401717780000000413e-02
8.157287539999999448e-02
4.455090689999999937e-02
1.346967370000000108e-01
1.302993889999999877e-01
1.650973709999999928e-01
2.223732920000000002e-01
1.557281610000000038e-01
2.301196899999999879e-01
6.778798249999999637e-02
7.751424330000000230e-03
6.113529949999999685e-02
1.009321959999999983e-02
1.608084740000000068e-01
-7.228481019999999369e-02
1.420150050000000032e-02
2.017895729999999999e-01
1.514970959999999978e-01
1.162746770000000068e-01
6.833352889999999569e-02
1.314155909999999983e-01
-9.932464920000000017e-03
7.791841780000000051e-02
1.060154140000000023e-01
-7.680426540000000191e-02
8.054907619999999990e-02
1.597620549999999862e-01
1.146079819999999971e-01
6.530295310000000519e-02
4.097073529999999825e-02
1.199903410000000004e-01
7.773279399999999395e-02
1.010928529999999964e-01
-1.500512239999999978e-03
2.368626450000000105e-01
2.632425730000000075e-02
2.088954299999999931e-01
5.507927759999999701e-02
-3.459956869999999962e-02
1.828777789999999903e-01
1.371165659999999953e-01
-6.175315750000000270e-02
1.036575059999999965e-01
1.078092009999999934e-01
1.116478000000000054e-01
1.086602579999999957e-01
1.901205780000000123e-01
1.486274300000000048e-01
1.789559269999999869e-01
1.576754750000000094e-01
1.326442359999999987e-01
1.527902630000000095e-01
1.557281610000000038e-01
2.641811410000000082e-02
2.069419769999999992e-01
-8.112873879999999566e-03
-2.698168899999999967e-02
-2.995180899999999938e-02
1.382986160000000131e-01
1.105472819999999967e-01
2.375096829999999992e-01
2.226951869999999889e-01
1.491808739999999911e-01
1.076985000000000026e-01
-4.064184800000000125e-02
9.057515859999999697e-02
2.632425730000000075e-02
2.144156720000000085e-03
5.724024030000000179e-02
1.835290340000000076e-01
2.957207860000000132e-01
-6.423463670000000014e-02
7.663407179999999486e-02
2.075004129999999947e-01
-2.575200050000000032e-02
9.666520359999999923e-02
6.612089279999999736e-02
1.554978340000000014e-01
1.125499310000000058e-01
6.417959930000000091e-02
5.663278330000000305e-02
1.825800690000000115e-01
1.365981850000000108e-01
1.297419519999999937e-01
4.841491579999999961e-02
3.029384649999999901e-02
9.123953429999999420e-02
1.994629350000000079e-01
7.084506560000000328e-03
-2.847524359999999838e-02
1.841581459999999948e-01
9.845912460000000310e-02
-1.367550719999999914e-02
1.848886909999999939e-01
1.681528389999999984e-01
1.086602579999999957e-01
-7.243353410000000214e-03
1.901205780000000123e-01
4.640547190000000183e-02
2.410031110000000060e-02
-6.950799380000000083e-02
2.052687410000000046e-01
9.211722760000000398e-02
1.872519400000000056e-01
1.248871540000000002e-01
2.455704149999999794e-03
8.538027850000000363e-02
9.772286560000000011e-02
2.341177129999999842e-02
4.686203600000000274e-02
3.711371679999999869e-04
1.460632229999999920e-01
1.214907320000000041e-01
1.698960550000000111e-02
1.088466049999999991e-01
1.761547920000000045e-01
1.284590210000000066e-01
-2.679471489999999886e-02
1.232905829999999953e-01
-3.311936179999999674e-02
1.026647019999999966e-01
1.154535109999999948e-01
1.161061530000000036e-01
1.390965770000000042e-03
1.721794309999999939e-01
2.859161700000000059e-03
2.200009970000000037e-01
3.707505760000000261e-02
1.964456440000000026e-01
1.662406140000000088e-02
2.106633189999999878e-01
-1.246819920000000019e-02
2.312999370000000110e-01
5.901695789999999997e-02
-1.074497399999999915e-02
-8.799681809999999882e-02
1.273315999999999892e-01
3.028903900000000024e-02
1.189570800000000067e-01
6.417959930000000091e-02
-2.370614370000000137e-02
1.260311159999999986e-01
1.237342800000000020e-01
4.517566790000000082e-02
8.130326870000000039e-02
7.985807960000000649e-02
9.916531289999999665e-02
1.503159249999999891e-01
1.796588299999999916e-01
1.310398580000000091e-01
2.027352450000000084e-01
3.046213649999999877e-03
1.026647019999999966e-01
-6.146593950000000216e-03
1.268195510000000026e-01
1.122125010000000062e-01
1.046839729999999996e-01
1.679293809999999887e-01
9.298229959999999850e-02
-5.929310620000000087e-02
1.559488920000000056e-01
1.326442359999999987e-01
1.310398580000000091e-01
1.493728159999999951e-02
6.948991860000000576e-02
1.721478700000000084e-01
2.396392079999999924e-01
2.353926749999999957e-01
2.638223769999999968e-01
3.028724719999999898e-02
1.837047639999999926e-01
8.269773419999999764e-02
7.265374060000000245e-02
1.458164299999999969e-01
6.852008399999999499e-02
7.972396169999999838e-02
6.532343479999999647e-02
1.079633089999999934e-01
2.800908129999999871e-02
1.721264120000000064e-01
2.794309890000000116e-02
3.028724719999999898e-02
5.796986820000000346e-02
9.161650389999999311e-02
1.460632229999999920e-01
4.686203600000000274e-02
2.149534969999999934e-01
-8.910396140000000423e-03
-5.479023980000000127e-02
1.312712729999999939e-01
1.992478779999999963e-02
2.169419829999999841e-02
-1.121271870000000066e-02
9.060642870000000515e-02
4.415757580000000126e-02
2.010700290000000043e-02
2.376602439999999927e-01
1.187873710000000027e-01
1.041637509999999989e-01
8.088926230000000051e-02
2.090841380000000027e-01
-1.246819920000000019e-02
1.056057209999999996e-01
3.028724719999999898e-02
1.493728159999999951e-02
-3.923631090000000154e-02
-6.345760079999999970e-02
4.123156149999999964e-02
3.028903900000000024e-02
5.796986820000000346e-02
1.045329569999999958e-01
7.404354959999999430e-02
3.544905410000000201e-02
1.960569620000000013e-01
2.794309890000000116e-02
3.299656509999999987e-02
2.263758329999999985e-01
1.674048300000000045e-01
1.206841389999999958e-01
1.381536419999999932e-01
1.046839729999999996e-01
2.763724890000000128e-02
3.237436120000000139e-01
6.347637620000000369e-02
-5.323709919999999873e-02
1.589336399999999871e-01
-3.061610459999999923e-02
1.170896290000000006e-01
9.142781049999999798e-02
1.471862049999999866e-01
5.276234820000000325e-02
5.906132609999999866e-02
1.721320450000000113e-01
4.785776139999999707e-02
7.511090489999999731e-02
8.981130269999999804e-02
6.829854100000000428e-02
5.979847910000000294e-02
6.047354640000000142e-02
6.948991860000000576e-02
1.530317220000000089e-01
-8.578441289999999553e-02
9.822588409999999381e-02
5.979847910000000294e-02
1.582949419999999871e-02
3.009822670000000255e-01
2.113058120000000095e-01
2.455226480000000100e-01
1.453262270000000023e-01
9.805396939999999617e-02
1.068192500000000045e-01
1.910017730000000136e-01
7.590202240000000489e-02
2.470817980000000053e-02
1.675005260000000107e-01
2.676999869999999726e-01
-1.203724070000000007e-01
8.812898399999999355e-02
2.779931019999999989e-02
1.170896290000000006e-01
2.225470840000000061e-01
3.865357490000000118e-02
9.888185559999999874e-02
6.461493670000000022e-02
1.822248250000000069e-01
6.713625039999999815e-03
8.843685689999999933e-02
4.123156149999999964e-02
5.557306859999999737e-02
1.106136290000000050e-01
5.427344890000000005e-02
9.353730829999999663e-02
3.958230470000000112e-02
1.581567530000000110e-01
1.772696820000000117e-01
1.504377869999999895e-01
1.444875640000000024e-02
9.298229959999999850e-02
2.948877220000000188e-01
-2.308221159999999939e-02
-5.442219229999999824e-02
1.279410870000000089e-01
2.577983739999999968e-01
6.616780910000000238e-02
1.978409479999999887e-02
1.068192500000000045e-01
1.330774429999999897e-01
2.799007889999999832e-01
1.185856309999999969e-01
1.720808000000000060e-01
1.460433899999999952e-01
1.613778469999999909e-01
6.829854100000000428e-02
9.944679589999999569e-02
3.028333189999999828e-02
1.413791779999999942e-01
1.442276389999999908e-01
2.424918560000000056e-01
1.406432240000000111e-01
1.444875640000000024e-02
1.812982559999999910e-01
1.351743340000000071e-01
-4.107884690000000033e-02
1.721374989999999994e-01
2.040344329999999873e-01
9.745494279999999954e-02
8.843685689999999933e-02
9.730738399999999677e-02
-3.631756080000000247e-02
1.015458349999999975e-02
-1.783339490000000055e-02
-3.231903170000000047e-02
2.164452370000000125e-01
7.569887679999999638e-04
2.489080650000000117e-02
1.855793450000000067e-01
2.451291309999999862e-02
1.493027149999999990e-02
-1.458772830000000000e-02
-1.633011919999999978e-02
-1.964685320000000152e-02
3.318130970000000152e-02
2.419182209999999889e-01
1.939328459999999921e-01
-6.535077840000000360e-02
-6.298851220000000264e-03
1.288231159999999875e-01
7.821079340000000255e-03
7.797576489999999416e-02
1.116073580000000037e-01
2.415574940000000115e-01
1.575872899999999910e-01
-1.109714960000000028e-01
2.522274479999999861e-02
2.059227969999999908e-01
2.454770059999999976e-01
2.604754570000000213e-01
1.240250170000000013e-01
1.667429059999999963e-01
3.686340149999999677e-02
1.013185080000000016e-01
6.347637620000000369e-02
1.325765849999999968e-01
8.077834550000000113e-02
6.714417039999999448e-02
3.958230470000000112e-02
1.138893369999999933e-01
1.171169060000000067e-01
8.065412939999999642e-02
1.778505740000000113e-01
2.407881250000000126e-02
2.686149629999999913e-02
1.093840900000000033e-01
-1.615399870000000168e-02
5.768137429999999760e-02
-8.838665490000000013e-02
2.175456840000000031e-02
1.939328459999999921e-01
-1.278731670000000098e-01
3.377987069999999897e-02
1.071453370000000072e-02
1.130850909999999987e-01
6.444613640000000643e-02
2.604754570000000213e-01
1.932992339999999865e-01
2.153220620000000085e-01
2.694857419999999726e-01
-1.501496759999999949e-03
8.263160290000000352e-02
-1.130769589999999943e-02
-1.589912729999999955e-02
5.058609690000000214e-02
-9.891317040000000005e-02
7.172528649999999895e-02
1.667429059999999963e-01
1.180413889999999966e-01
2.687137130000000207e-01
2.283655850000000098e-01
-6.402308489999999908e-02
1.569705750000000011e-01
6.616780910000000238e-02
1.351743340000000071e-01
7.094155250000000468e-02
1.295897510000000030e-01
2.129429879999999997e-01
5.344137549999999903e-02
-6.259035320000000402e-02
4.761031639999999815e-02
1.766391690000000125e-01
1.778505740000000113e-01
1.471294609999999892e-01
2.114088980000000118e-01
1.720105409999999890e-01
2.297789749999999964e-01
-6.056898089999999957e-02
-2.118014359999999957e-02
3.052992820000000052e-01
2.060064379999999862e-01
3.427813569999999671e-02
1.719886959999999965e-01
7.760939000000000032e-02
-2.339394389999999851e-02
-5.451269820000000099e-02
2.088224290000000039e-01
1.992332189999999892e-01
8.656608870000000525e-03
2.372490319999999986e-01
1.513761130000000066e-01
8.465380969999999894e-02
2.430364490000000086e-02
1.130850909999999987e-01
1.833683999999999870e-01
-1.982477310000000104e-01
5.541534349999999859e-02
1.465978320000000112e-01
-4.456391929999999751e-02
1.266312749999999876e-01
1.029585150000000004e-01
1.622072979999999998e-02
3.311718810000000186e-03
3.229613299999999909e-01
