2.291680987745309817e-01
2.286731632126090263e-01
2.281801539840911386e-01
2.276890804638235233e-01
2.271999539081606123e-01
2.267127852737087779e-01
2.262275832471961623e-01
2.257443527709633857e-01
2.252630942116162771e-01
2.247838032049541135e-01
2.243064711002429878e-01
2.238310858456291907e-01
2.233576331150226857e-01
2.228860974763754166e-01
2.224164634346904312e-01
2.219487162376397316e-01
2.214828423929754431e-01
2.210188299023568281e-01
2.205566682571768744e-01
2.200963482647592950e-01
2.196378617786740595e-01
2.191812013987937402e-01
2.187263601904808064e-01
2.182733314532745161e-01
2.178221085518554367e-01
2.173726848084807650e-01
2.169250534474670422e-01
2.164792075783601444e-01
2.160351402041072733e-01
2.155928442425104341e-01
2.151523125522501467e-01
2.147135380139356953e-01
2.142765133267100497e-01
2.138412313612840510e-01
2.134076849463428238e-01
2.129758669321428211e-01
2.125457701948709754e-01
2.121173876389766955e-01
2.116907121982293527e-01
2.112657368360459920e-01
2.108424545454460897e-01
2.104208583488479944e-01
2.100009412978214862e-01
2.095826964728491615e-01
2.091661169831159350e-01
2.087511959663266026e-01
2.083379265885478282e-01
2.079263020440663690e-01
2.075163155552589844e-01
2.071079603724689522e-01
2.067012297738870519e-01
2.062961170654346865e-01
2.058926155806489189e-01
2.054907186805679797e-01
2.050904197536177198e-01
2.046917122154986723e-01
2.042945895090734765e-01
2.038990451042547447e-01
2.035050724978936798e-01
2.031126652136686084e-01
2.027218168019746525e-01
2.023325208398133457e-01
2.019447709306828598e-01
2.015585607044687588e-01
2.011738838173350030e-01
2.007907339516158129e-01
2.004091048157074506e-01
2.000289901439606943e-01
1.996503836965740075e-01
1.992732792594867075e-01
1.988976706442727449e-01
1.985235516880351492e-01
1.981509162533004464e-01
1.977797582279140209e-01
1.974100715249355320e-01
1.970418500825348584e-01
1.966750878638887090e-01
1.963097788570771496e-01
1.959459170749811296e-01
1.955834965551800919e-01
1.952225113598499984e-01
1.948629555756619114e-01
1.945048233136810745e-01
1.941481087092659652e-01
1.937928059219684307e-01
1.934389091354335455e-01
1.930864125573005796e-01
1.927353104191035782e-01
1.923855969761732732e-01
1.920372665075384122e-01
1.916903133158284478e-01
1.913447317271757819e-01
1.910005160911190936e-01
1.906576607805067214e-01
1.903161601914003243e-01
1.899760087429792632e-01
1.896372008774453721e-01
1.892997310599275618e-01
1.889635937783877562e-01
1.886287835435262461e-01
1.882952948886881250e-01
1.879631223697698084e-01
1.876322605651260800e-01
1.873027040754772221e-01
1.869744475238171166e-01
1.866474855553208190e-01
1.863218128372536586e-01
1.859974240588795902e-01
1.856743139313708491e-01
1.853524771877172739e-01
1.850319085826364340e-01
1.847126028924839236e-01
1.843945549151642105e-01
1.840777594700416242e-01
1.837622113978519267e-01
1.834479055606139386e-01
1.831348368415420536e-01
1.828230001449585584e-01
1.825123903962065641e-01
1.822030025415634080e-01
1.818948315481542510e-01
1.815878724038660352e-01
1.812821201172617191e-01
1.809775697174953180e-01
1.806742162542265551e-01
1.803720547975366240e-01
1.800710804378436170e-01
1.797712882858187866e-01
1.794726734723031958e-01
1.791752311482240345e-01
1.788789564845122138e-01
1.785838446720195427e-01
1.782898909214366556e-01
1.779970904632112438e-01
1.777054385474663711e-01
1.774149304439194552e-01
1.771255614418014157e-01
1.768373268497760720e-01
1.765502219958600683e-01
1.762642422273429377e-01
1.759793829107078322e-01
1.756956394315520031e-01
1.754130071945080860e-01
1.751314816231658300e-01
1.748510581599934111e-01
1.745717322662598825e-01
1.742934994219576539e-01
1.740163551257248864e-01
1.737402948947689985e-01
1.734653142647897550e-01
1.731914087899032451e-01
1.729185740425654982e-01
1.726468056134973506e-01
1.723760991116086716e-01
1.721064501639234801e-01
1.718378544155052534e-01
1.715703075293825153e-01
1.713038051864745337e-01
1.710383430855177689e-01
1.707739169429922932e-01
1.705105224930483221e-01
1.702481554874338276e-01
1.699868116954215136e-01
1.697264869037366508e-01
1.694671769164851904e-01
1.692088775550818769e-01
1.689515846581788605e-01
1.686952940815948376e-01
1.684400016982439130e-01
1.681857033980652671e-01
1.679323950879527405e-01
1.676800726916851392e-01
1.674287321498564018e-01
1.671783694198062387e-01
1.669289804755511863e-01
1.666805613077154968e-01
1.664331079234630806e-01
1.661866163464288115e-01
1.659410826166509145e-01
1.656965027905030752e-01
1.654528729406272713e-01
1.652101891558664104e-01
1.649684475411976603e-01
1.647276442176657807e-01
1.644877753223170369e-01
1.642488370081328641e-01
1.640108254439644753e-01
1.637737368144671357e-01
1.635375673200349933e-01
1.633023131767364078e-01
1.630679706162489195e-01
1.628345358857950509e-01
1.626020052480782185e-01
1.623703749812187291e-01
1.621396413786903024e-01
1.619098007492566216e-01
1.616808494169083288e-01
1.614527837208002692e-01
1.612256000151887358e-01
1.609992946693694083e-01
1.607738640676150410e-01
1.605493046091139298e-01
1.603256127079082383e-01
1.601027847928327696e-01
1.598808173074538763e-01
1.596597067100088141e-01
1.594394494733450129e-01
1.592200420848600972e-01
1.590014810464415174e-01
1.587837628744070695e-01
1.585668840994451656e-01
1.583508412665556586e-01
1.581356309349908063e-01
1.579212496781962627e-01
1.577076940837529306e-01
1.574949607533182583e-01
1.572830463025683412e-01
1.570719473611400796e-01
1.568616605725736135e-01
1.566521825942548962e-01
1.564435100973585457e-01
1.562356397667911401e-01
1.560285683011343461e-01
1.558222924125885755e-01
1.556168088269169469e-01
1.554121142833891356e-01
1.552082055347257517e-01
1.550050793470427735e-01
1.548027324997964804e-01
1.546011617857281639e-01
1.544003640108094488e-01
1.542003359941877261e-01
1.540010745681318072e-01
1.538025765779776344e-01
1.536048388820746846e-01
1.534078583517319017e-01
1.532116318711645442e-01
1.530161563374407563e-01
1.528214286604287209e-01
1.526274457627436187e-01
1.524342045796952261e-01
1.522417020592354009e-01
1.520499351619062078e-01
1.518589008607875157e-01
1.516685961414457884e-01
1.514790180018821264e-01
1.512901634524813355e-01
1.511020295159605509e-01
1.509146132273185004e-01
1.507279116337848501e-01
1.505419217947696620e-01
1.503566407818132389e-01
1.501720656785360264e-01
1.499881935805887911e-01
1.498050215956029663e-01
1.496225468431412742e-01
1.494407664546484049e-01
1.492596775734022219e-01
1.490792773544646344e-01
1.488995629646333030e-01
1.487205315823928176e-01
1.485421803978670130e-01
1.483645066127704804e-01
1.481875074403609938e-01
1.480111801053918819e-01
1.478355218440644547e-01
1.476605299039810137e-01
1.474862015440975282e-01
1.473125340346770062e-01
1.471395246572429760e-01
1.469671707045324682e-01
1.467954694804504689e-01
1.466244183000234014e-01
1.464540144893532458e-01
1.462842553855721872e-01
1.461151383367967072e-01
1.459466607020824258e-01
1.457788198513791378e-01
1.456116131654855705e-01
1.454450380360049200e-01
1.452790918652999974e-01
1.451137720664490982e-01
1.449490760632016206e-01
1.447850012899340733e-01
1.446215451916063321e-01
1.444587052237178981e-01
1.442964788522643205e-01
1.441348635536941758e-01
1.439738568148655473e-01
1.438134561330035865e-01
1.436536590156571869e-01
1.434944629806569338e-01
1.433358655560721395e-01
1.431778642801691259e-01
1.430204567013687866e-01
1.428636403782048980e-01
1.427074128792822916e-01
1.425517717832353592e-01
1.423967146786866977e-01
1.422422391642057804e-01
1.420883428482680455e-01
1.419350233492140401e-01
1.417822782952086469e-01
1.416301053242005614e-01
1.414785020838819907e-01
1.413274662316484076e-01
1.411769954345584444e-01
1.410270873692942573e-01
1.408777397221216143e-01
1.407289501888504268e-01
1.405807164747953364e-01
1.404330362947366073e-01
1.402859073728809913e-01
1.401393274428228697e-01
1.399932942475055342e-01
1.398478055391824959e-01
1.397028590793792657e-01
1.395584526388550795e-01
1.394145839975645951e-01
1.392712508988390996e-01
1.391284512326434186e-01
1.389861827603398325e-01
1.388444432982875731e-01
1.387032306718533059e-01
1.385625427153740485e-01
1.384223772721200341e-01
1.382827321942579624e-01
1.381436053428142241e-01
1.380049945876384576e-01
1.378668978073670504e-01
1.377293128893868623e-01
1.375922377297992827e-01
1.374556702333841196e-01
1.373196083135639067e-01
1.371840498923681539e-01
1.370489929003978757e-01
1.369144352767902861e-01
1.367803749691834936e-01
1.366468099336816122e-01
1.365137381348194845e-01
1.363811575455282366e-01
1.362490661471005005e-01
1.361174619291559973e-01
1.359863428896070370e-01
1.358557070346244067e-01
1.357255523786033424e-01
1.355958769441295286e-01
1.354666787619452639e-01
1.353379558709159602e-01
1.352097063179965308e-01
1.350819281581980280e-01
1.349546194545543365e-01
1.348277782780893108e-01
1.347014027077834686e-01
1.345754908305415165e-01
1.344500407411593768e-01
1.343250505422918795e-01
1.342005183444200667e-01
1.340764422658191624e-01
1.339528204325262095e-01
1.338296509783082899e-01
1.337069320446303555e-01
1.335846617806236425e-01
1.334628383430540577e-01
1.333414598962906206e-01
1.332205246122740439e-01
1.331000306704857028e-01
1.329799762579161604e-01
1.328603595690346917e-01
1.327411788057580311e-01
1.326224321774196746e-01
1.325041179007394876e-01
1.323862341997931735e-01
1.322687793059817429e-01
1.321517514580015651e-01
1.320351489018140589e-01
1.319189698906158281e-01
1.318032126848087404e-01
1.316878755519703403e-01
1.315729567668240674e-01
1.314584546112098906e-01
1.313443673740549433e-01
1.312306933513442131e-01
1.311174308460915927e-01
1.310045781683105426e-01
1.308921336349856968e-01
1.307800955700436918e-01
1.306684623043246896e-01
1.305572321755539278e-01
1.304464035283130763e-01
1.303359747140123426e-01
1.302259440908618560e-01
1.301163100238439674e-01
1.300070708846850775e-01
1.298982250518279924e-01
1.297897709104040842e-01
1.296817068522057304e-01
1.295740312756588908e-01
1.294667425857957133e-01
1.293598391942272219e-01
1.292533195191162276e-01
1.291471819851502945e-01
1.290414250235148996e-01
1.289360470718664275e-01
1.288310465743056632e-01
1.287264219813511468e-01
1.286221717499126393e-01
1.285182943432648106e-01
1.284147882310211208e-01
1.283116518891073143e-01
1.282088837997356900e-01
1.281064824513790945e-01
1.280044463387450537e-01
1.279027739627500437e-01
1.278014638304938722e-01
1.277005144552342819e-01
1.275999243563613328e-01
1.274996920593723937e-01
1.273998160958466352e-01
1.273002950034202718e-01
1.272011273257611097e-01
1.271023116125442332e-01
1.270038464194267469e-01
1.269057303080234067e-01
1.268079618458818336e-01
1.267105396064582001e-01
1.266134621690926387e-01
1.265167281189853166e-01
1.264203360471718995e-01
1.263242845504996825e-01
1.262285722316035530e-01
1.261331976988821213e-01
1.260381595664739618e-01
1.259434564542339374e-01
1.258490869877095519e-01
1.257550497981174964e-01
1.256613435223203901e-01
1.255679668028032159e-01
1.254749182876504221e-01
1.253821966305226354e-01
1.252898004906336793e-01
1.251977285327276757e-01
1.251059794270563685e-01
1.250145518493560870e-01
1.249234444808255268e-01
1.248326560081028519e-01
1.247421851232434209e-01
1.246520305236974574e-01
1.245621909122877763e-01
1.244726649971875931e-01
1.243834514918983614e-01
1.242945491152280396e-01
1.242059565912689290e-01
1.241176726493760651e-01
1.240296960241454721e-01
1.239420254553923600e-01
1.238546596881298506e-01
1.237675974725474526e-01
1.236808375639895374e-01
1.235943787229343699e-01
1.235082197149726668e-01
1.234223593107866418e-01
1.233367962861289940e-01
1.232515294218018836e-01
1.231665575036362814e-01
1.230818793224710828e-01
1.229974936741324576e-01
1.229133993594133528e-01
1.228295951840529254e-01
1.227460799587161977e-01
1.226628524989736985e-01
1.225799116252812015e-01
1.224972561629596030e-01
1.224148849421749646e-01
1.223327967979182251e-01
1.222509905699856597e-01
1.221694651029587575e-01
1.220882192461846677e-01
1.220072518537564793e-01
1.219265617844935562e-01
1.218461479019222055e-01
1.217660090742561096e-01
1.216861441743771616e-01
1.216065520798159522e-01
1.215272316727328550e-01
1.214481818398987778e-01
1.213694014726760667e-01
1.212908894669998822e-01
1.212126447233589366e-01
1.211346661467769953e-01
1.210569526467940443e-01
1.209795031374476526e-01
1.209023165372545283e-01
1.208253917691918533e-01
1.207487277606790615e-01
1.206723234435594927e-01
1.205961777540819069e-01
1.205202896328826934e-01
1.204446580249674686e-01
1.203692818796931324e-01
1.202941601507499930e-01
1.202192917961438512e-01
1.201446757781780839e-01
1.200703110634361304e-01
1.199961966227635901e-01
1.199223314312508337e-01
1.198487144682154892e-01
1.197753447171848035e-01
1.197022211658785168e-01
1.196293428061913772e-01
1.195567086341760427e-01
1.194843176500259008e-01
1.194121688580579571e-01
1.193402612666957657e-01
1.192685938884526925e-01
1.191971657399147760e-01
1.191259758417241577e-01
1.190550232185621921e-01
1.189843068991328912e-01
1.189138259161462013e-01
1.188435793063016693e-01
1.187735661102717472e-01
1.187037853726856107e-01
1.186342361421127145e-01
1.185649174710465825e-01
1.184958284158885988e-01
1.184269680369319094e-01
1.183583353983453795e-01
1.182899295681575230e-01
1.182217496182406818e-01
1.181537946242950943e-01
1.180860636658331575e-01
1.180185558261636347e-01
1.179512701923760981e-01
1.178842058553252331e-01
1.178173619096153230e-01
1.177507374535848167e-01
1.176843315892909109e-01
1.176181434224942007e-01
1.175521720626434563e-01
1.174864166228601486e-01
1.174208762199237810e-01
1.173555499742563735e-01
1.172904370099075860e-01
1.172255364545397999e-01
1.171608474394130878e-01
1.170963690993705453e-01
1.170321005728233305e-01
1.169680410017360783e-01
1.169041895316122043e-01
1.168405453114791936e-01
1.167771074938742798e-01
1.167138752348297892e-01
1.166508476938587502e-01
1.165880240339406543e-01
1.165254034215069401e-01
1.164629850264269906e-01
1.164007680219937418e-01
1.163387515849097775e-01
1.162769348952729931e-01
1.162153171365628290e-01
1.161538974956261988e-01
1.160926751626636388e-01
1.160316493312154446e-01
1.159708191981478620e-01
1.159101839636395154e-01
1.158497428311675570e-01
1.157894950074942059e-01
1.157294397026530086e-01
1.156695761299356140e-01
1.156099035058780755e-01
1.155504210502476814e-01
1.154911279860293960e-01
1.154320235394127730e-01
1.153731069397786746e-01
1.153143774196860871e-01
1.152558342148589932e-01
1.151974765641734649e-01
1.151393037096443833e-01
1.150813148964127536e-01
1.150235093727326602e-01
1.149658863899584299e-01
1.149084452025320030e-01
1.148511850679699436e-01
1.147941052468509499e-01
1.147372050028031276e-01
1.146804836024914731e-01
1.146239403156052161e-01
1.145675744148455799e-01
1.145113851759130830e-01
1.144553718774953543e-01
1.143995338012547686e-01
1.143438702318161221e-01
1.142883804567544487e-01
1.142330637665828763e-01
1.141779194547404286e-01
1.141229468175800205e-01
1.140681451543564401e-01
1.140135137672143584e-01
1.139590519611763525e-01
1.139047590441311375e-01
1.138506343268216731e-01
1.137966771228334228e-01
1.137428867485825584e-01
1.136892625233043991e-01
1.136358037690416850e-01
1.135825098106330172e-01
1.135293799757013666e-01
1.134764135946425001e-01
1.134236100006136838e-01
1.133709685295221092e-01
1.133184885200136799e-01
1.132661693134617287e-01
1.132140102539555826e-01
1.131620106882896548e-01
1.131101699659519816e-01
1.130584874391132866e-01
1.130069624626159619e-01
1.129555943939627993e-01
1.129043825933063183e-01
1.128533264234376082e-01
1.128024252497755175e-01
1.127516784403559263e-01
1.127010853658207412e-01
1.126506453994072648e-01
1.126003579169375102e-01
1.125502222968075006e-01
1.125002379199765840e-01
1.124504041699570106e-01
1.124007204328032333e-01
1.123511860971016102e-01
1.123018005539597464e-01
1.122525631969962245e-01
1.122034734223302799e-01
1.121545306285713361e-01
1.121057342168088750e-01
1.120570835906021384e-01
1.120085781559699567e-01
1.119602173213805757e-01
1.119120004977415955e-01
1.118639270983898815e-01
1.118159965390815302e-01
1.117682082379819197e-01
1.117205616156557446e-01
1.116730560950571355e-01
1.116256911015198056e-01
1.115784660627471697e-01
1.115313804088027133e-01
1.114844335721000695e-01
1.114376249873935132e-01
1.113909540917680935e-01
1.113444203246302666e-01
1.112980231276980841e-01
1.112517619449918116e-01
1.112056362228243805e-01
1.111596454097919101e-01
1.111137889567642978e-01
1.110680663168758936e-01
1.110224769455160909e-01
1.109770203003200145e-01
1.109316958411593335e-01
1.108865030301330046e-01
1.108414413315579744e-01
1.107965102119602419e-01
1.107517091400655324e-01
1.107070375867903883e-01
1.106624950252330097e-01
1.106180809306643448e-01
1.105737947805190552e-01
1.105296360543865930e-01
1.104856042340024158e-01
1.104416988032389940e-01
1.103979192480971233e-01
1.103542650566969874e-01
1.103107357192695814e-01
1.102673307281479137e-01
1.102240495777583179e-01
1.101808917646118907e-01
1.101378567872958181e-01
1.100949441464648404e-01
1.100521533448327732e-01
1.100094838871638891e-01
1.099669352802645911e-01
1.099245070329749330e-01
1.098821986561601544e-01
1.098400096627025202e-01
1.097979395674927305e-01
1.097559878874219547e-01
1.097141541413732546e-01
1.096724378502136055e-01
1.096308385367855964e-01
1.095893557258993262e-01
1.095479889443242150e-01
1.095067377207810805e-01
1.094656015859338943e-01
1.094245800723818857e-01
1.093836727146515475e-01
1.093428790491886016e-01
1.093021986143502267e-01
1.092616309503970512e-01
1.092211755994853262e-01
1.091808321056591258e-01
1.091406000148425898e-01
1.091004788748320964e-01
1.090604682352885740e-01
1.090205676477298408e-01
1.089807766655228327e-01
1.089410948438761656e-01
1.089015217398323493e-01
1.088620569122603216e-01
1.088226999218478708e-01
1.087834503310942114e-01
1.087443077043023926e-01
1.087052716075719294e-01
1.086663416087913919e-01
1.086275172776310083e-01
1.085887981855353235e-01
1.085501839057158580e-01
1.085116740131438495e-01
1.084732680845429675e-01
1.084349656983821242e-01
1.083967664348681886e-01
1.083586698759389511e-01
1.083206756052558228e-01
1.082827832081968839e-01
1.082449922718496660e-01
1.082073023850041726e-01
1.081697131381458704e-01
1.081322241234486392e-01
1.080948349347678611e-01
1.080575451676334398e-01
1.080203544192429171e-01
1.079832622884545484e-01
1.079462683757805436e-01
1.079093722833801700e-01
1.078725736150529801e-01
1.078358719762320117e-01
1.077992669739771397e-01
1.077627582169682491e-01
1.077263453154986145e-01
1.076900278814682810e-01
1.076538055283773471e-01
1.076176778713194143e-01
1.075816445269750232e-01
1.075457051136051029e-01
1.075098592510443929e-01
1.074741065606950458e-01
1.074384466655200626e-01
1.074028791900369789e-01
1.073674037603112863e-01
1.073320200039502154e-01
1.072967275500962825e-01
1.072615260294208783e-01
1.072264150741181754e-01
1.071913943178986889e-01
1.071564633959830176e-01
1.071216219450956963e-01
1.070868696034588952e-01
1.070522060107863827e-01
1.070176308082771699e-01
1.069831436386096124e-01
1.069487441459350957e-01
1.069144319758721096e-01
1.068802067755001278e-01
1.068460681933535716e-01
1.068120158794159114e-01
1.067780494851135187e-01
1.067441686633097964e-01
1.067103730682993634e-01
1.066766623558019211e-01
1.066430361829565909e-01
1.066094942083158914e-01
1.065760360918400346e-01
1.065426614948910278e-01
1.065093700802269699e-01
1.064761615119962229e-01
1.064430354557317077e-01
1.064099915783451727e-01
1.063770295481215461e-01
1.063441490347132312e-01
1.063113497091344867e-01
1.062786312437558472e-01
1.062459933122983785e-01
1.062134355898282784e-01
1.061809577527512843e-01
1.061485594788070808e-01
1.061162404470638310e-01
1.060840003379127511e-01
1.060518388330625450e-01
1.060197556155340615e-01
1.059877503696548678e-01
1.059558227810537961e-01
1.059239725366556695e-01
1.058921993246758619e-01
1.058605028346150251e-01
1.058288827572538282e-01
1.057973387846475322e-01
1.057658706101209239e-01
1.057344779282629321e-01
1.057031604349214643e-01
1.056719178271982307e-01
1.056407498034435538e-01
1.056096560632511505e-01
1.055786363074531775e-01
1.055476902381149440e-01
1.055168175585299295e-01
1.054860179732146075e-01
1.054552911879035465e-01
1.054246369095443447e-01
1.053940548462924676e-01
1.053635447075065151e-01
1.053331062037430738e-01
1.053027390467518448e-01
1.052724429494707042e-01
1.052422176260208175e-01
1.052120627917018103e-01
1.051819781629867445e-01
1.051519634575173862e-01
1.051220183940995007e-01
1.050921426926978014e-01
1.050623360744313284e-01
1.050325982615687020e-01
1.050029289775232660e-01
1.049733279468484382e-01
1.049437948952330613e-01
1.049143295494966155e-01
1.048849316375845830e-01
1.048556008885638269e-01
1.048263370326179417e-01
1.047971398010427296e-01
1.047680089262414266e-01
1.047389441417203859e-01
1.047099451820842492e-01
1.046810117830316578e-01
1.046521436813505762e-01
1.046233406149139344e-01
1.045946023226750204e-01
1.045659285446630532e-01
1.045373190219788806e-01
1.045087734967903442e-01
1.044802917123280467e-01
1.044518734128808551e-01
1.044235183437916270e-01
1.043952262514528384e-01
1.043669968833021849e-01
1.043388299878183073e-01
1.043107253145166002e-01
1.042826826139447299e-01
1.042547016376785957e-01
1.042267821383179444e-01
1.041989238694821518e-01
1.041711265858060731e-01
1.041433900429358794e-01
1.041157139975247697e-01
1.040880982072288907e-01
1.040605424307032706e-01
1.040330464275975586e-01
1.040056099585519589e-01
1.039782327851931920e-01
1.039509146701304426e-01
1.039236553769512378e-01
1.038964546702174502e-01
1.038693123154612180e-01
1.038422280791810592e-01
1.038152017288377915e-01
1.037882330328505909e-01
1.037613217605930227e-01
1.037344676823891421e-01
1.037076705695095524e-01
1.036809301941674644e-01
1.036542463295148514e-01
1.036276187496386059e-01
1.036010472295565837e-01
1.035745315452138715e-01
1.035480714734788726e-01
1.035216667921395883e-01
1.034953172798996901e-01
1.034690227163749254e-01
1.034427828820892042e-01
1.034165975584708796e-01
1.033904665278490981e-01
1.033643895734499968e-01
1.033383664793930262e-01
1.033123970306872863e-01
1.032864810132278488e-01
1.032606182137920658e-01
1.032348084200359895e-01
1.032090514204906939e-01
1.031833470045587092e-01
1.031576949625103989e-01
1.031320950854803797e-01
1.031065471654639826e-01
1.030810509953136583e-01
1.030556063687354668e-01
1.030302130802856070e-01
1.030048709253667955e-01
1.029795797002248797e-01
1.029543392019452303e-01
1.029291492284495069e-01
1.029040095784919812e-01
1.028789200516561642e-01
1.028538804483514479e-01
1.028288905698096778e-01
1.028039502180816828e-01
1.027790591960340144e-01
1.027542173073454634e-01
1.027294243565038262e-01
1.027046801488024630e-01
1.026799844903370645e-01
1.026553371880022242e-01
1.026307380494883292e-01
1.026061868832780360e-01
1.025816834986432030e-01
1.025572277056416015e-01
1.025328193151135436e-01
1.025084581386788013e-01
1.024841439887333172e-01
1.024598766784460269e-01
1.024356560217556805e-01
1.024114818333675958e-01
1.023873539287506323e-01
1.023632721241338750e-01
1.023392362365036085e-01
1.023152460836002225e-01
1.022913014839149787e-01
1.022674022566869984e-01
1.022435482219001684e-01
1.022197392002800742e-01
1.021959750132908629e-01
1.021722554831323432e-01
1.021485804327368074e-01
1.021249496857660893e-01
1.021013630666085525e-01
1.020778204003760375e-01
1.020543215129009196e-01
1.020308662307331665e-01
1.020074543811373274e-01
1.019840857920895349e-01
1.019607602922747713e-01
1.019374777110836627e-01
1.019142378786098563e-01
1.018910406256468421e-01
1.018678857836853024e-01
1.018447731849100729e-01
1.018217026621973664e-01
1.017986740491119146e-01
1.017756871799040536e-01
1.017527418895070312e-01
1.017298380135339964e-01
1.017069753882754446e-01
1.016841538506961795e-01
1.016613732384326618e-01
1.016386333897902478e-01
1.016159341437403718e-01
1.015932753399178129e-01
1.015706568186180159e-01
1.015480784207942605e-01
1.015255399880550247e-01
1.015030413626613059e-01
1.014805823875238183e-01
1.014581629062004109e-01
1.014357827628934033e-01
1.014134418024468520e-01
1.013911398703439409e-01
1.013688768127043449e-01
1.013466524762816623e-01
1.013244667084606532e-01
1.013023193572547831e-01
1.012802102713035723e-01
1.012581392998700008e-01
1.012361062928379685e-01
1.012141111007096445e-01
1.011921535746030665e-01
1.011702335662494762e-01
1.011483509279908904e-01
1.011265055127774648e-01
1.011046971741650369e-01
1.010829257663126979e-01
1.010611911439801697e-01
1.010394931625254455e-01
1.010178316779022506e-01
1.009962065466576825e-01
1.009746176259295469e-01
1.009530647734442205e-01
1.009315478475139582e-01
1.009100667070346180e-01
1.008886212114832315e-01
1.008672112209155897e-01
1.008458365959638697e-01
1.008244971978342203e-01
1.008031928883044437e-01
1.007819235297215954e-01
1.007606889849997078e-01
1.007394891176173340e-01
1.007183237916153135e-01
1.006971928715944681e-01
1.006760962227131601e-01
1.006550337106851267e-01
1.006340052017771908e-01
1.006130105628068039e-01
1.005920496611400622e-01
1.005711223646891250e-01
1.005502285419102304e-01
1.005293680618013219e-01
1.005085407938997727e-01
1.004877466082802900e-01
1.004669853755525977e-01
1.004462569668592709e-01
1.004255612538734743e-01
1.004048981087969084e-01
1.003842674043574912e-01
1.003636690138072912e-01
1.003431028109202372e-01
1.003225686699901337e-01
1.003020664658283573e-01
1.002815960737618445e-01
1.002611573696308711e-01
1.002407502297870123e-01
1.002203745310909916e-01
1.002000301509105434e-01
1.001797169671184151e-01
1.001594348580902016e-01
1.001391837027023196e-01
1.001189633803299256e-01
1.000987737708448483e-01
1.000786147546135485e-01
1.000584862124950930e-01
1.000383880258390590e-01
1.000183200764836328e-01
9.999828224675348654e-02
9.997827441945777993e-02
9.995829647788823102e-02
9.993834830581707629e-02
9.991842978749505833e-02
9.989854080764952460e-02
9.987868125148241516e-02
9.985885100466831976e-02
9.983904995335249333e-02
9.981927798414898245e-02
9.979953498413864088e-02
9.977982084086720049e-02
9.976013544234341168e-02
9.974047867703700332e-02
9.972085043387697578e-02
9.970125060224953317e-02
9.968167907199627920e-02
9.966213573341231591e-02
9.964262047724441185e-02
9.962313319468904527e-02
9.960367377739066941e-02
9.958424211743979737e-02
9.956483810737111473e-02
9.954546164016177257e-02
9.952611260922947234e-02
9.950679090843064789e-02
9.948749643205868909e-02
9.946822907484212384e-02
9.944898873194282785e-02
9.942977529895424826e-02
9.941058867189958570e-02
9.939142874723007337e-02
9.937229542182315911e-02
9.935318859298075678e-02
9.933410815842760866e-02
9.931505401630927321e-02
9.929602606519073726e-02
9.927702420405436212e-02
9.925804833229842639e-02
9.923909834973519695e-02
9.922017415658938855e-02
9.920127565349631804e-02
9.918240274150032232e-02
9.916355532205305134e-02
9.914473329701173343e-02
9.912593656863755154e-02
9.910716503959393631e-02
9.908841861294497011e-02
9.906969719215363845e-02
9.905100068108031730e-02
9.903232898398101058e-02
9.901368200550578202e-02
9.899505965069710367e-02
9.897646182498823220e-02
9.895788843420162684e-02
9.893933938454738120e-02
9.892081458262148852e-02
9.890231393540435678e-02
9.888383735025921273e-02
9.886538473493051982e-02
9.884695599754238227e-02
9.882855104659696299e-02
9.881016979097304032e-02
9.879181213992424548e-02
9.877347800307771652e-02
9.875516729043246067e-02
9.873687991235784167e-02
9.871861577959205325e-02
9.870037480324056478e-02
9.868215689477469188e-02
9.866396196602997271e-02
9.864578992920471079e-02
9.862764069685857338e-02
9.860951418191093998e-02
9.859141029763952846e-02
9.857332895767889624e-02
9.855527007601892764e-02
9.853723356700340441e-02
9.851921934532854863e-02
9.850122732604157938e-02
9.848325742453917231e-02
9.846530955656618289e-02
9.844738363821407823e-02
9.842947958591950763e-02
9.841159731646298425e-02
9.839373674696735850e-02
9.837589779489641639e-02
9.835808037805361670e-02
9.834028441458048109e-02
9.832250982295528963e-02
9.830475652199174852e-02
9.828702443083754681e-02
9.826931346897295472e-02
9.825162355620954691e-02
9.823395461268868978e-02
9.821630655888033412e-02
9.819867931558154406e-02
9.818107280391526193e-02
9.816348694532878172e-02
9.814592166159266662e-02
9.812837687479913917e-02
9.811085250736098495e-02
9.809334848201008150e-02
9.807586472179619097e-02
9.805840115008551683e-02
9.804095769055953813e-02
9.802353426721360785e-02
9.800613080435573166e-02
9.798874722660522174e-02
9.797138345889140620e-02
9.795403942645244943e-02
9.793671505483395046e-02
9.791941026988773555e-02
9.790212499777059540e-02
9.788485916494303607e-02
9.786761269816800224e-02
9.785038552450962823e-02
9.783317757133201675e-02
9.781598876629801764e-02
9.779881903736790949e-02
9.778166831279827553e-02
9.776453652114076853e-02
9.774742359124076463e-02
9.773032945223633638e-02
9.771325403355693440e-02
9.769619726492223544e-02
9.767915907634089345e-02
9.766213939810933220e-02
9.764513816081066278e-02
9.762815529531346237e-02
9.761119073277048364e-02
9.759424440461765549e-02
9.757731624257276470e-02
9.756040617863442899e-02
9.754351414508079243e-02
9.752664007446854022e-02
9.750978389963156634e-02
9.749294555367998827e-02
9.747612496999892573e-02
9.745932208224734883e-02
9.744253682435703723e-02
9.742576913053135890e-02
9.740901893524421540e-02
9.739228617323887616e-02
9.737557077952695150e-02
9.735887268938712980e-02
9.734219183836424760e-02
9.732552816226811010e-02
9.730888159717235308e-02
9.729225207941349929e-02
9.727563954558968162e-02
9.725904393255971336e-02
9.724246517744197793e-02
9.722590321761330479e-02
9.720935799070798411e-02
9.719282943461662883e-02
9.717631748748514764e-02
9.715982208771371809e-02
9.714334317395571794e-02
9.712688068511667050e-02
9.711043456035317600e-02
9.709400473907199569e-02
9.707759116092884444e-02
9.706119376582748870e-02
9.704481249391874731e-02
9.702844728559931187e-02
9.701209808151092795e-02
9.699576482253922938e-02
9.697944744981282228e-02
9.696314590470227202e-02
9.694686012881903459e-02
9.693059006401458233e-02
9.691433565237929371e-02
9.689809683624156511e-02
9.688187355816677004e-02
9.686566576095628767e-02
9.684947338764655911e-02
9.683329638150807439e-02
9.681713468604445649e-02
9.680098824499144827e-02
9.678485700231599653e-02
9.676874090221530833e-02
9.675263988911582402e-02
9.673655390767237072e-02
9.672048290276713534e-02
9.670442681950879027e-02
9.668838560323152198e-02
9.667235919949411505e-02
9.665634755407899459e-02
9.664035061299140750e-02
9.662436832245835383e-02
9.660840062892776803e-02
9.659244747906760298e-02
9.657650881976487245e-02
9.656058459812480455e-02
9.654467476146995353e-02
9.652877925733915898e-02
9.651289803348686580e-02
9.649703103788206948e-02
9.648117821870756672e-02
9.646533952435888681e-02
9.644951490344362555e-02
9.643370430478043209e-02
9.641790767739819024e-02
9.640212497053507468e-02
9.638635613363787102e-02
9.637060111636089332e-02
9.635485986856527629e-02
9.633913234031807327e-02
9.632341848189139577e-02
9.630771824376162249e-02
9.629203157660844170e-02
9.627635843131415738e-02
9.626069875896277328e-02
9.624505251083914636e-02
9.622941963842818192e-02
9.621380009341401474e-02
9.619819382767920424e-02
9.618260079330386014e-02
9.616702094256490696e-02
9.615145422793516805e-02
9.613590060208268562e-02
9.612036001786976314e-02
9.610483242835232698e-02
9.608931778677896884e-02
9.607381604659032126e-02
9.605832716141811389e-02
9.604285108508445190e-02
9.602738777160101102e-02
9.601193717516831594e-02
9.599649925017489371e-02
9.598107395119645502e-02
9.596566123299529738e-02
9.595026105051933374e-02
9.593487335890148182e-02
9.591949811345880372e-02
9.590413526969177038e-02
9.588878478328352606e-02
9.587344661009911118e-02
9.585812070618476843e-02
9.584280702776706851e-02
9.582750553125236881e-02
9.581221617322578654e-02
9.579693891045078236e-02
9.578167369986820279e-02
9.576642049859558636e-02
9.575117926392649748e-02
9.573594995332976310e-02
9.572073252444875113e-02
9.570552693510066267e-02
9.569033314327576867e-02
9.567515110713674387e-02
9.565998078501800062e-02
9.564482213542480071e-02
9.562967511703281132e-02
9.561453968868716125e-02
9.559941580940191364e-02
9.558430343835923326e-02
9.556920253490881756e-02
9.555411305856711945e-02
9.553903496901669512e-02
9.552396822610552396e-02
9.550891278984625921e-02
9.549386862041568669e-02
9.547883567815391992e-02
9.546381392356374784e-02
9.544880331731003809e-02
9.543380382021898756e-02
9.541881539327747019e-02
9.540383799763244022e-02
9.538887159459021048e-02
9.537391614561577247e-02
9.535897161233217179e-02
9.534403795651992530e-02
9.532911514011625786e-02
9.531420312521449167e-02
9.529930187406349118e-02
9.528441134906685817e-02
9.526953151278244603e-02
9.525466232792159649e-02
9.523980375734865389e-02
9.522495576408014639e-02
9.521011831128438352e-02
9.519529136228059574e-02
9.518047488053847649e-02
9.516566882967751606e-02
9.515087317346637708e-02
9.513608787582224224e-02
9.512131290081030088e-02
9.510654821264298564e-02
9.509179377567955616e-02
9.507704955442534966e-02
9.506231551353119813e-02
9.504759161779288701e-02
9.503287783215050299e-02
9.501817412168783727e-02
9.500348045163192756e-02
9.498879678735219767e-02
9.497412309436009670e-02
9.495945933830847452e-02
9.494480548499090178e-02
9.493016150034122580e-02
9.491552735043284894e-02
9.490090300147828450e-02
9.488628841982846285e-02
9.487168357197230117e-02
9.485708842453598189e-02
9.484250294428246686e-02
9.482792709811095622e-02
9.481336085305630546e-02
9.479880417628837319e-02
9.478425703511168809e-02
9.476971939696463010e-02
9.475519122941900019e-02
9.474067250017956243e-02
9.472616317708332234e-02
9.471166322809911053e-02
9.469717262132695823e-02
9.468269132499758378e-02
9.466821930747192082e-02
9.465375653724045213e-02
9.463930298292276555e-02
9.462485861326697112e-02
9.461042339714929861e-02
9.459599730357332037e-02
9.458158030166968766e-02
9.456717236069542287e-02
9.455277345003354483e-02
9.453838353919240267e-02
9.452400259780524561e-02
9.450963059562973723e-02
9.449526750254730323e-02
9.448091328856282611e-02
9.446656792380395129e-02
9.445223137852064299e-02
9.443790362308476793e-02
9.442358462798942920e-02
9.440927436384860538e-02
9.439497280139656776e-02
9.438067991148743618e-02
9.436639566509466559e-02
9.435212003331056030e-02
9.433785298734570501e-02
9.432359449852863176e-02
9.430934453830520925e-02
9.429510307823821269e-02
9.428087009000683805e-02
9.426664554540616081e-02
9.425242941634674743e-02
9.423822167485418344e-02
9.422402229306844901e-02
9.420983124324364133e-02
9.419564849774740567e-02
9.418147402906040799e-02
9.416730780977605741e-02
9.415314981259981231e-02
9.413900001034886111e-02
9.412485837595169214e-02
9.411072488244748291e-02
9.409659950298579489e-02
9.408248221082600449e-02
9.406837297933694220e-02
9.405427178199639304e-02
9.404017859239061083e-02
9.402609338421398510e-02
9.401201613126847212e-02
9.399794680746320630e-02
9.398388538681409776e-02
9.396983184344330498e-02
9.395578615157884617e-02
9.394174828555419687e-02
9.392771821980774871e-02
9.391369592888251794e-02
9.389968138742556258e-02
9.388567457018769102e-02
9.387167545202297625e-02
9.385768400788825627e-02
9.384370021284285657e-02
9.382972404204807659e-02
9.381575547076673183e-02
9.380179447436287621e-02
9.378784102830120539e-02
9.377389510814680695e-02
9.375995668956463303e-02
9.374602574831911173e-02
9.373210226027380021e-02
9.371818620139091283e-02
9.370427754773087703e-02
9.369037627545206970e-02
9.367648236081028978e-02
9.366259578015832810e-02
9.364871650994571750e-02
9.363484452671819169e-02
9.362097980711739376e-02
9.360712232788037657e-02
9.359327206583929748e-02
9.357942899792098812e-02
9.356559310114655192e-02
9.355176435263097556e-02
9.353794272958282363e-02
9.352412820930373905e-02
9.351032076918809610e-02
9.349652038672263965e-02
9.348272703948611040e-02
9.346894070514881470e-02
9.345516136147231923e-02
9.344138898630902079e-02
9.342762355760178550e-02
9.341386505338354629e-02
9.340011345177701152e-02
9.338636873099422087e-02
9.337263086933621226e-02
9.335889984519257778e-02
9.334517563704128329e-02
9.333145822344811326e-02
9.331774758306636552e-02
9.330404369463653202e-02
9.329034653698595192e-02
9.327665608902831196e-02
9.326297232976347995e-02
9.324929523827704680e-02
9.323562479373996570e-02
9.322196097540821902e-02
9.320830376262249917e-02
9.319465313480780611e-02
9.318100907147314205e-02
9.316737155221112288e-02
9.315374055669771447e-02
9.314011606469176086e-02
9.312649805603473441e-02
9.311288651065040278e-02
9.309928140854446810e-02
9.308568272980416447e-02
9.307209045459802210e-02
9.305850456317549257e-02
9.304492503586660190e-02
9.303135185308160360e-02
9.301778499531074273e-02
9.300422444312379799e-02
9.299067017716980410e-02
9.297712217817676039e-02
9.296358042695128387e-02
9.295004490437824840e-02
9.293651559142053487e-02
9.292299246911862876e-02
9.290947551859032871e-02
9.289596472103051061e-02
9.288246005771062797e-02
9.286896150997861477e-02
9.285546905925834427e-02
9.284198268704955959e-02
9.282850237492731860e-02
9.281502810454186903e-02
9.280155985761824600e-02
9.278809761595595285e-02
9.277464136142876683e-02
9.276119107598422564e-02
9.274774674164359967e-02
9.273430834050130911e-02
9.272087585472481297e-02
9.270744926655422047e-02
9.269402855830206900e-02
9.268061371235289392e-02
9.266720471116306201e-02
9.265380153726041068e-02
9.264040417324399812e-02
9.262701260178370088e-02
9.261362680562007510e-02
9.260024676756394013e-02
9.258687247049615654e-02
9.257350389736734853e-02
9.256014103119751535e-02
9.254678385507589256e-02
9.253343235216052176e-02
9.252008650567808412e-02
9.250674629892355338e-02
9.249341171525989058e-02
9.248008273811787749e-02
9.246675935099571420e-02
9.245344153745876925e-02
9.244012928113938543e-02
9.242682256573646338e-02
9.241352137501535058e-02
9.240022569280736953e-02
9.238693550300977608e-02
9.237365078958527376e-02
9.236037153656188881e-02
9.234709772803265104e-02
9.233382934815528853e-02
9.232056638115201941e-02
9.230730881130930210e-02
9.229405662297744672e-02
9.228080980057050409e-02
9.226756832856593260e-02
9.225433219150429298e-02
9.224110137398910947e-02
9.222787586068646737e-02
9.221465563632480489e-02
9.220144068569481599e-02
9.218823099364886753e-02
9.217502654510108251e-02
9.216182732502682662e-02
9.214863331846261107e-02
9.213544451050580120e-02
9.212226088631431109e-02
9.210908243110646487e-02
9.209590913016060809e-02
9.208274096881498283e-02
9.206957793246740851e-02
9.205642000657507373e-02
9.204326717665428648e-02
9.203011942828015490e-02
9.201697674708650410e-02
9.200383911876548748e-02
9.199070652906737866e-02
9.197757896380040488e-02
9.196445640883041395e-02
9.195133885008074937e-02
9.193822627353182009e-02
9.192511866522108666e-02
9.191201601124268650e-02
9.189891829774728127e-02
9.188582551094169604e-02
9.187273763708887764e-02
9.185965466250747835e-02
9.184657657357175875e-02
9.183350335671128239e-02
9.182043499841072154e-02
9.180737148520964896e-02
9.179431280370220492e-02
9.178125894053701384e-02
9.176820988241692068e-02
9.175516561609868560e-02
9.174212612839285907e-02
9.172909140616343493e-02
9.171606143632787811e-02
9.170303620585659732e-02
9.169001570177293114e-02
9.167699991115287050e-02
9.166398882112482271e-02
9.165098241886940333e-02
9.163798069161929738e-02
9.162498362665891238e-02
9.161199121132423961e-02
9.159900343300268755e-02
9.158602027913269328e-02
9.157304173720379192e-02
9.156006779475611701e-02
9.154709843938040048e-02
9.153413365871768126e-02
9.152117344045905545e-02
9.150821777234556531e-02
9.149526664216789396e-02
9.148232003776629595e-02
9.146937794703022262e-02
9.145644035789826654e-02
9.144350725835785620e-02
9.143057863644514505e-02
9.141765448024469221e-02
9.140473477788937928e-02
9.139181951756020217e-02
9.137890868748596573e-02
9.136600227594317281e-02
9.135310027125585763e-02
9.134020266179525283e-02
9.132730943597980322e-02
9.131442058227476344e-02
9.130153608919210073e-02
9.128865594529035621e-02
9.127578013917433952e-02
9.126290865949500397e-02
9.125004149494923833e-02
9.123717863427974195e-02
9.122432006627467782e-02
9.121146577976764480e-02
9.119861576363741396e-02
9.118577000680778977e-02
9.117292849824736034e-02
9.116009122696931699e-02
9.114725818203137098e-02
9.113442935253546207e-02
9.112160472762759200e-02
9.110878429649769961e-02
9.109596804837939710e-02
9.108315597254988683e-02
9.107034805832969759e-02
9.105754429508254588e-02
9.104474467221515543e-02
9.103194917917710460e-02
9.101915780546052104e-02
9.100637054060012332e-02
9.099358737417286014e-02
9.098080829579782702e-02
9.096803329513608594e-02
9.095526236189040159e-02
9.094249548580522757e-02
9.092973265666640104e-02
9.091697386430107330e-02
9.090421909857741845e-02
9.089146834940456388e-02
9.087872160673242383e-02
9.086597886055144957e-02
9.085324010089254609e-02
9.084050531782685012e-02
9.082777450146554965e-02
9.081504764195987012e-02
9.080232472950065803e-02
9.078960575431843649e-02
9.077689070668312765e-02
9.076417957690390004e-02
9.075147235532911305e-02
9.073876903234595614e-02
9.072606959838047658e-02
9.071337404389731573e-02
9.070068235939961199e-02
9.068799453542873701e-02
9.067531056256429578e-02
9.066263043142382128e-02
9.064995413266270508e-02
9.063728165697401695e-02
9.062461299508837997e-02
9.061194813777369295e-02
9.059928707583515817e-02
9.058662980011501775e-02
9.057397630149240098e-02
9.056132657088318549e-02
9.054868059923987245e-02
9.053603837755144768e-02
9.052339989684310417e-02
9.051076514817631147e-02
9.049813412264844092e-02
9.048550681139276575e-02
9.047288320557825281e-02
9.046026329640946551e-02
9.044764707512631396e-02
9.043503453300404116e-02
9.042242566135298698e-02
9.040982045151843560e-02
9.039721889488057383e-02
9.038462098285424129e-02
9.037202670688877781e-02
9.035943605846805116e-02
9.034684902911005455e-02
9.033426561036698998e-02
9.032168579382499063e-02
9.030910957110410697e-02
9.029653693385800151e-02
9.028396787377392096e-02
9.027140238257258531e-02
9.025884045200795180e-02
9.024628207386714562e-02
9.023372723997030720e-02
9.022117594217042569e-02
9.020862817235329734e-02
9.019608392243723405e-02
9.018354318437307726e-02
9.017100595014401754e-02
9.015847221176541415e-02
9.014594196128469794e-02
9.013341519078126030e-02
9.012089189236630049e-02
9.010837205818267304e-02
9.009585568040479053e-02
9.008334275123852652e-02
9.007083326292092407e-02
9.005832720772032063e-02
9.004582457793598727e-02
9.003332536589812862e-02
9.002082956396775804e-02
9.000833716453646161e-02
8.999584816002641208e-02
8.998336254289013292e-02
8.997088030561047056e-02
8.995840144070037236e-02
8.994592594070276170e-02
8.993345379819060736e-02
8.992098500576647946e-02
8.990851955606271595e-02
8.989605744174114510e-02
8.988359865549300221e-02
8.987114319003880469e-02
8.985869103812825498e-02
8.984624219254007393e-02
8.983379664608191761e-02
8.982135439159023849e-02
8.980891542193024379e-02
8.979647972999559025e-02
8.978404730870850892e-02
8.977161815101948605e-02
8.975919224990722145e-02
8.974676959837857293e-02
8.973435018946834818e-02
8.972193401623920761e-02
8.970952107178162271e-02
8.969711134921364015e-02
8.968470484168089563e-02
8.967230154235637796e-02
8.965990144444042909e-02
8.964750454116054978e-02
8.963511082577131639e-02
8.962272029155429753e-02
8.961033293181784598e-02
8.959794873989716801e-02
8.958556770915399037e-02
8.957318983297662962e-02
8.956081510477979790e-02
8.954844351800451963e-02
8.953607506611799272e-02
8.952370974261351921e-02
8.951134754101039426e-02
8.949898845485375343e-02
8.948663247771451723e-02
8.947427960318928009e-02
8.946192982490017154e-02
8.944958313649478687e-02
8.943723953164604834e-02
8.942489900405213576e-02
8.941256154743634776e-02
8.940022715554703236e-02
8.938789582215744822e-02
8.937556754106572299e-02
8.936324230609463126e-02
8.935092011109165011e-02
8.933860094992875089e-02
8.932628481650228824e-02
8.931397170473298619e-02
8.930166160856578550e-02
8.928935452196967715e-02
8.927705043893781334e-02
8.926474935348709117e-02
8.925245125965837467e-02
8.924015615151616176e-02
8.922786402314863974e-02
8.921557486866747710e-02
8.920328868220780971e-02
8.919100545792807422e-02
8.917872519000999421e-02
8.916644787265839978e-02
8.915417350010118591e-02
8.914190206658914595e-02
8.912963356639605483e-02
8.911736799381833607e-02
8.910510534317511722e-02
8.909284560880814663e-02
8.908058878508158529e-02
8.906833486638207620e-02
8.905608384711848069e-02
8.904383572172187844e-02
8.903159048464551195e-02
8.901934813036460614e-02
8.900710865337635447e-02
8.899487204819976627e-02
8.898263830937561125e-02
8.897040743146630848e-02
8.895817940905588472e-02
8.894595423674986345e-02
8.893373190917511217e-02
8.892151242097984243e-02
8.890929576683348490e-02
8.889708194142659226e-02
8.888487093947079754e-02
8.887266275569863372e-02
8.886045738486358925e-02
8.884825482173984434e-02
8.883605506112236816e-02
8.882385809782672448e-02
8.881166392668896070e-02
8.879947254256563560e-02
8.878728394033363891e-02
8.877509811489013580e-02
8.876291506115249752e-02
8.875073477405820421e-02
8.873855724856481719e-02
8.872638247964974301e-02
8.871421046231031671e-02
8.870204119156366307e-02
8.868987466244658557e-02
8.867771087001553865e-02
8.866554980934644725e-02
8.865339147553480403e-02
8.864123586369537788e-02
8.862908296896228333e-02
8.861693278648888339e-02
8.860478531144762304e-02
8.859264053903001535e-02
8.858049846444661368e-02
8.856835908292683135e-02
8.855622238971891380e-02
8.854408838008988314e-02
8.853195704932537158e-02
8.851982839272967696e-02
8.850770240562555458e-02
8.849557908335427270e-02
8.848345842127543215e-02
8.847134041476685529e-02
8.845922505922471091e-02
8.844711235006322281e-02
8.843500228271469754e-02
8.842289485262944115e-02
8.841079005527564816e-02
8.839868788613944317e-02
8.838658834072458947e-02
8.837449141455265555e-02
8.836239710316277918e-02
8.835030540211168126e-02
8.833821630697355487e-02
8.832612981333996804e-02
8.831404591681986382e-02
8.830196461303940758e-02
8.828988589764200090e-02
8.827780976628818443e-02
8.826573621465545749e-02
8.825366523843840294e-02
8.824159683334846516e-02
8.822953099511392228e-02
8.821746771947983068e-02
8.820540700220802499e-02
8.819334883907682665e-02
8.818129322588125207e-02
8.816924015843276285e-02
8.815718963255926577e-02
8.814514164410498787e-02
8.813309618893053199e-02
8.812105326291262697e-02
8.810901286194428028e-02
8.809697498193444498e-02
8.808493961880828338e-02
8.807290676850676459e-02
8.806087642698681717e-02
8.804884859022120425e-02
8.803682325419848187e-02
8.802480041492280471e-02
8.801278006841409263e-02
8.800076221070773919e-02
8.798874683785469497e-02
8.797673394592134266e-02
8.796472353098945540e-02
8.795271558915607191e-02
8.794071011653355197e-02
8.792870710924940991e-02
8.791670656344631463e-02
8.790470847528197851e-02
8.789271284092911585e-02
8.788071965657538731e-02
8.786872891842335831e-02
8.785674062269034634e-02
8.784475476560853202e-02
8.783277134342468151e-02
8.782079035240028531e-02
8.780881178881137783e-02
8.779683564894849579e-02
8.778486192911667818e-02
8.777289062563525812e-02
8.776092173483805714e-02
8.774895525307306599e-02
8.773699117670251402e-02
8.772502950210282757e-02
8.771307022566450506e-02
8.770111334379211698e-02
8.768915885290418100e-02
8.767720674943318970e-02
8.766525702982547186e-02
8.765330969054120624e-02
8.764136472805428291e-02
8.762942213885234477e-02
8.761748191943664887e-02
8.760554406632205249e-02
8.759360857603699924e-02
8.758167544512325542e-02
8.756974467013615981e-02
8.755781624764437387e-02
8.754589017422986785e-02
8.753396644648787916e-02
8.752204506102680137e-02
8.751012601446823969e-02
8.749820930344684444e-02
8.748629492461035273e-02
8.747438287461944961e-02
8.746247315014775425e-02
8.745056574788177828e-02
8.743866066452088415e-02
8.742675789677716025e-02
8.741485744137544867e-02
8.740295929505326189e-02
8.739106345456068570e-02
8.737916991666044852e-02
8.736727867812771331e-02
8.735538973575016075e-02
8.734350308632786442e-02
8.733161872667320746e-02
8.731973665361099368e-02
8.730785686397816991e-02
8.729597935462395097e-02
8.728410412240973637e-02
8.727223116420890214e-02
8.726036047690706454e-02
8.724849205740173308e-02
8.723662590260236605e-02
8.722476200943037050e-02
8.721290037481904678e-02
8.720104099571342193e-02
8.718918386907034690e-02
8.717732899185835771e-02
8.716547636105768937e-02
8.715362597366012321e-02
8.714177782666913952e-02
8.712993191709958452e-02
8.711808824197790624e-02
8.710624679834191864e-02
8.709440758324082932e-02
8.708257059373515629e-02
8.707073582689678348e-02
8.705890327980869703e-02
8.704707294956524899e-02
8.703524483327181038e-02
8.702341892804486834e-02
8.701159523101205384e-02
8.699977373931189195e-02
8.698795445009399607e-02
8.697613736051876265e-02
8.696432246775762098e-02
8.695250976899270012e-02
8.694069926141695381e-02
8.692889094223411883e-02
8.691708480865859010e-02
8.690528085791542068e-02
8.689347908724029401e-02
8.688167949387945455e-02
8.686988207508963833e-02
8.685808682813808690e-02
8.684629375030249177e-02
8.683450283887091115e-02
8.682271409114178384e-02
8.681092750442381822e-02
8.679914307603603385e-02
8.678736080330760883e-02
8.677558068357799081e-02
8.676380271419670276e-02
8.675202689252338450e-02
8.674025321592770954e-02
8.672848168178942663e-02
8.671671228749819327e-02
8.670494503045365897e-02
8.669317990806529872e-02
8.668141691775248237e-02
8.666965605694439134e-02
8.665789732307997706e-02
8.664614071360789149e-02
8.663438622598651495e-02
8.662263385768383117e-02
8.661088360617751059e-02
8.659913546895472991e-02
8.658738944351218603e-02
8.657564552735615149e-02
8.656390371800226635e-02
8.655216401297562145e-02
8.654042640981067513e-02
8.652869090605125324e-02
8.651695749925045198e-02
8.650522618697062405e-02
8.649349696678333699e-02
8.648176983626938708e-02
8.647004479301868829e-02
8.645832183463023068e-02
8.644660095871214978e-02
8.643488216288156001e-02
8.642316544476461027e-02
8.641145080199634509e-02
8.639973823222082960e-02
8.638802773309091354e-02
8.637631930226838395e-02
8.636461293742378476e-02
8.635290863623647228e-02
8.634120639639450423e-02
8.632950621559468130e-02
8.631780809154247780e-02
8.630611202195195841e-02
8.629441800454580591e-02
8.628272603705530730e-02
8.627103611722022891e-02
8.625934824278885804e-02
8.624766241151789192e-02
8.623597862117252100e-02
8.622429686952626238e-02
8.621261715436104311e-02
8.620093947346704755e-02
8.618926382464281444e-02
8.617759020569508432e-02
8.616591861443878564e-02
8.615424904869717349e-02
8.614258150630144106e-02
8.613091598509109437e-02
8.611925248291360524e-02
8.610759099762453628e-02
8.609593152708744368e-02
8.608427406917391889e-02
8.607261862176344980e-02
8.606096518274344853e-02
8.604931375000923754e-02
8.603766432146400800e-02
8.602601689501869486e-02
8.601437146859212957e-02
8.600272804011081795e-02
8.599108660750900968e-02
8.597944716872864268e-02
8.596780972171935709e-02
8.595617426443841191e-02
8.594454079485062958e-02
8.593290931092839591e-02
8.592127981065166009e-02
8.590965229200790698e-02
8.589802675299203216e-02
8.588640319160643910e-02
8.587478160586088649e-02
8.586316199377252989e-02
8.585154435336589396e-02
8.583992868267281695e-02
8.582831497973247847e-02
8.581670324259120519e-02
8.580509346930265124e-02
8.579348565792765946e-02
8.578187980653420586e-02
8.577027591319746902e-02
8.575867397599969133e-02
8.574707399303022060e-02
8.573547596238546842e-02
8.572387988216884080e-02
8.571228575049076592e-02
8.570069356546868022e-02
8.568910332522688966e-02
8.567751502789661133e-02
8.566592867161602898e-02
8.565434425453011258e-02
8.564276177479065999e-02
8.563118123055631081e-02
8.561960261999242150e-02
8.560802594127114862e-02
8.559645119257131007e-02
8.558487837207846838e-02
8.557330747798479187e-02
8.556173850848909634e-02
8.555017146179683118e-02
8.553860633612000997e-02
8.552704312967721045e-02
8.551548184069344971e-02
8.550392246740040614e-02
8.549236500803608640e-02
8.548080946084496423e-02
8.546925582407802202e-02
8.545770409599252881e-02
8.544615427485216519e-02
8.543460635892698163e-02
8.542306034649325974e-02
8.541151623583363717e-02
8.539997402523702430e-02
8.538843371299849327e-02
8.537689529741937511e-02
8.536535877680720419e-02
8.535382414947566276e-02
8.534229141374448380e-02
8.533076056793964526e-02
8.531923161039313419e-02
8.530770453944300225e-02
8.529617935343333790e-02
8.528465605071423872e-02
8.527313462964176971e-02
8.526161508857800497e-02
8.525009742589093054e-02
8.523858163995440274e-02
8.522706772914821760e-02
8.521555569185801371e-02
8.520404552647528607e-02
8.519253723139728895e-02
8.518103080502714697e-02
8.516952624577367459e-02
8.515802355205150109e-02
8.514652272228093177e-02
8.513502375488794793e-02
8.512352664830427629e-02
8.511203140096720854e-02
8.510053801131972628e-02
8.508904647781041775e-02
8.507755679889336675e-02
8.506606897302830539e-02
8.505458299868046135e-02
8.504309887432058568e-02
8.503161659842491116e-02
8.502013616947515229e-02
8.500865758595843591e-02
8.499718084636734283e-02
8.498570594919982457e-02
8.497423289295925886e-02
8.496276167615431085e-02
8.495129229729901643e-02
8.493982475491274053e-02
8.492835904752010778e-02
8.491689517365103024e-02
8.490543313184062413e-02
8.489397292062929312e-02
8.488251453856261730e-02
8.487105798419133929e-02
8.485960325607139199e-02
8.484815035276382922e-02
8.483669927283482570e-02
8.482525001485564931e-02
8.481380257740267492e-02
8.480235695905727344e-02
8.479091315840592280e-02
8.477947117404008304e-02
8.476803100455616857e-02
8.475659264855563146e-02
8.474515610464483650e-02
8.473372137143508898e-02
8.472228844754262078e-02
8.471085733158853492e-02
8.469942802219883327e-02
8.468800051800430551e-02
8.467657481764069571e-02
8.466515091974843865e-02
8.465372882297281243e-02
8.464230852596385524e-02
8.463089002737639310e-02
8.461947332586995663e-02
8.460805842010878097e-02
8.459664530876180588e-02
8.458523399050266178e-02
8.457382446400961429e-02
8.456241672796559194e-02
8.455101078105814461e-02
8.453960662197933240e-02
8.452820424942592004e-02
8.451680366209921025e-02
8.450540485870494667e-02
8.449400783795353587e-02
8.448261259855979755e-02
8.447121913924306169e-02
8.445982745872714081e-02
8.444843755574030220e-02
8.443704942901519850e-02
8.442566307728897879e-02
8.441427849930309424e-02
8.440289569380347856e-02
8.439151465954031206e-02
8.438013539526820206e-02
8.436875789974604412e-02
8.435738217173706366e-02
8.434600821000873272e-02
8.433463601333285320e-02
8.432326558048543197e-02
8.431189691024675026e-02
8.430053000140125263e-02
8.428916485273764414e-02
8.427780146304882092e-02
8.426643983113178693e-02
8.425507995578772336e-02
8.424372183582196083e-02
8.423236547004396557e-02
8.422101085726722836e-02
8.420965799630938942e-02
8.419830688599214130e-02
8.418695752514118724e-02
8.417560991258632441e-02
8.416426404716133292e-02
8.415291992770401741e-02
8.414157755305608222e-02
8.413023692206333948e-02
8.411889803357540385e-02
8.410756088644594231e-02
8.409622547953250760e-02
8.408489181169648274e-02
8.407355988180323370e-02
8.406222968872195667e-02
8.405090123132570590e-02
8.403957450849136590e-02
8.402824951909965145e-02
8.401692626203512149e-02
8.400560473618605417e-02
8.399428494044453020e-02
8.398296687370644664e-02
8.397165053487137820e-02
8.396033592284264657e-02
8.394902303652729270e-02
8.393771187483607676e-02
8.392640243668343658e-02
8.391509472098745981e-02
8.390378872666987009e-02
8.389248445265609644e-02
8.388118189787514833e-02
8.386988106125964348e-02
8.385858194174580782e-02
8.384728453827341998e-02
8.383598884978589461e-02
8.382469487523012963e-02
8.381340261355653409e-02
8.380211206371915300e-02
8.379082322467544530e-02
8.377953609538638102e-02
8.376825067481642739e-02
8.375696696193345170e-02
8.374568495570890170e-02
8.373440465511755582e-02
8.372312605913764805e-02
8.371184916675079857e-02
8.370057397694206924e-02
8.368930048869982485e-02
8.367802870101591350e-02
8.366675861288538907e-02
8.365549022330678874e-02
8.364422353128188325e-02
8.363295853581576011e-02
8.362169523591687914e-02
8.361043363059687816e-02
8.359917371887073956e-02
8.358791549975669311e-02
8.357665897227620211e-02
8.356540413545394952e-02
8.355415098831787957e-02
8.354289952989907286e-02
8.353164975923184354e-02
8.352040167535371151e-02
8.350915527730533305e-02
8.349791056413047308e-02
8.348666753487613001e-02
8.347542618859234154e-02
8.346418652433232332e-02
8.345294854115235805e-02
8.344171223811182314e-02
8.343047761427317688e-02
8.341924466870194455e-02
8.340801340046670453e-02
8.339678380863903284e-02
8.338555589229358633e-02
8.337432965050801947e-02
8.336310508236298433e-02
8.335188218694210283e-02
8.334066096333199447e-02
8.332944141062227639e-02
8.331822352790545227e-02
8.330700731427699568e-02
8.329579276883530836e-02
8.328457989068172029e-02
8.327336867892048966e-02
8.326215913265865021e-02
8.325095125100628879e-02
8.323974503307622619e-02
8.322854047798419752e-02
8.321733758484876897e-02
8.320613635279136555e-02
8.319493678093620170e-02
8.318373886841028131e-02
8.317254261434352258e-02
8.316134801786846664e-02
8.315015507812059670e-02
8.313896379423801886e-02
8.312777416536167030e-02
8.311658619063526376e-02
8.310539986920513489e-02
8.309421520022040875e-02
8.308303218283295821e-02
8.307185081619729294e-02
8.306067109947058713e-02
8.304949303181276277e-02
8.303831661238635087e-02
8.302714184035658862e-02
8.301596871489129448e-02
8.300479723516100694e-02
8.299362740033877639e-02
8.298245920960035937e-02
8.297129266212406595e-02
8.296012775709077358e-02
8.294896449368401037e-02
8.293780287108983018e-02
8.292664288849682652e-02
8.291548454509617416e-02
8.290432784008157363e-02
8.289317277264927897e-02
8.288201934199798671e-02
8.287086754732900240e-02
8.285971738784603247e-02
8.284856886275532295e-02
8.283742197126557627e-02
8.282627671258799285e-02
8.281513308593618783e-02
8.280399109052627438e-02
8.279285072557671099e-02
8.278171199030848193e-02
8.277057488394491680e-02
8.275943940571177382e-02
8.274830555483726757e-02
8.273717333055188861e-02
8.272604273208856995e-02
8.271491375868260387e-02
8.270378640957162797e-02
8.269266068399566683e-02
8.268153658119702099e-02
8.267041410042037797e-02
8.265929324091270125e-02
8.264817400192328578e-02
8.263705638270373022e-02
8.262594038250790918e-02
8.261482600059197323e-02
8.260371323621441830e-02
8.259260208863586361e-02
8.258149255711931536e-02
8.257038464092994468e-02
8.255927833933518478e-02
8.254817365160474485e-02
8.253707057701042960e-02
8.252596911482637521e-02
8.251486926432884117e-02
8.250377102479632130e-02
8.249267439550943271e-02
8.248157937575106846e-02
8.247048596480614779e-02
8.245939416196186589e-02
8.244830396650751347e-02
8.243721537773450458e-02
8.242612839493641819e-02
8.241504301740890104e-02
8.240395924444977871e-02
8.239287707535890293e-02
8.238179650943831811e-02
8.237071754599205320e-02
8.235964018432623268e-02
8.234856442374915986e-02
8.233749026357102541e-02
8.232641770310421270e-02
8.231534674166308962e-02
8.230427737856402248e-02
8.229320961312548699e-02
8.228214344466794339e-02
8.227107887251383644e-02
8.226001589598762320e-02
8.224895451441577299e-02
8.223789472712673965e-02
8.222683653345094767e-02
8.221577993272077833e-02
8.220472492427058353e-02
8.219367150743669970e-02
8.218261968155733677e-02
8.217156944597274471e-02
8.216052080002499147e-02
8.214947374305815730e-02
8.213842827441818206e-02
8.212738439345292074e-02
8.211634209951217123e-02
8.210530139194756327e-02
8.209426227011264177e-02
8.208322473336283898e-02
8.207218878105539128e-02
8.206115441254949183e-02
8.205012162720609625e-02
8.203909042438807531e-02
8.202806080346008999e-02
8.201703276378864704e-02
8.200600630474207120e-02
8.199498142569053294e-02
8.198395812600599297e-02
8.197293640506216061e-02
8.196191626223463256e-02
8.195089769690069859e-02
8.193988070843952198e-02
8.192886529623195913e-02
8.191785145966067050e-02
8.190683919811003744e-02
8.189582851096625926e-02
8.188481939761722839e-02
8.187381185745254419e-02
8.186280588986361018e-02
8.185180149424348128e-02
8.184079866998698882e-02
8.182979741649062944e-02
8.181879773315262061e-02
8.180779961937285905e-02
8.179680307455293453e-02
8.178580809809612995e-02
8.177481468940739351e-02
8.176382284789329713e-02
8.175283257296216133e-02
8.174184386402388869e-02
8.173085672049006101e-02
8.171987114177386990e-02
8.170888712729017234e-02
8.169790467645544896e-02
8.168692378868779025e-02
8.167594446340686876e-02
8.166496670003402236e-02
8.165399049799217102e-02
8.164301585670578898e-02
8.163204277560097422e-02
8.162107125410542063e-02
8.161010129164834870e-02
8.159913288766058870e-02
8.158816604157452523e-02
8.157720075282406946e-02
8.156623702084471461e-02
8.155527484507346658e-02
8.154431422494891335e-02
8.153335515991112781e-02
8.152239764940172329e-02
8.151144169286383967e-02
8.150048728974208789e-02
8.148953443948268871e-02
8.147858314153322290e-02
8.146763339534283943e-02
8.145668520036218607e-02
8.144573855604336776e-02
8.143479346183998824e-02
8.142384991720706677e-02
8.141290792160113532e-02
8.140196747448018300e-02
8.139102857530358670e-02
8.138009122353230540e-02
8.136915541862858869e-02
8.135822116005618498e-02
8.134728844728027208e-02
8.133635727976747110e-02
8.132542765698577703e-02
8.131449957840460041e-02
8.130357304349479508e-02
8.129264805172856101e-02
8.128172460257955534e-02
8.127080269552275360e-02
8.125988233003454686e-02
8.124896350559275560e-02
8.123804622167646317e-02
8.122713047776619621e-02
8.121621627334382754e-02
8.120530360789256219e-02
8.119439248089699301e-02
8.118348289184300348e-02
8.117257484021786484e-02
8.116166832551018062e-02
8.115076334720981721e-02
8.113985990480805655e-02
8.112895799779742956e-02
8.111805762567179945e-02
8.110715878792630618e-02
8.109626148405746360e-02
8.108536571356300682e-02
8.107447147594204484e-02
8.106357877069485240e-02
8.105268759732309203e-02
8.104179795532963360e-02
8.103090984421865151e-02
8.102002326349561079e-02
8.100913821266714221e-02
8.099825469124120880e-02
8.098737269872702260e-02
8.097649223463500301e-02
8.096561329847683230e-02
8.095473588976544177e-02
8.094386000801492842e-02
8.093298565274069378e-02
8.092211282345927736e-02
8.091124151968850930e-02
8.090037174094739936e-02
8.088950348675616464e-02
8.087863675663617413e-02
8.086777155011004581e-02
8.085690786670160501e-02
8.084604570593582895e-02
8.083518506733886055e-02
8.082432595043802237e-02
8.081346835476185819e-02
8.080261227984002204e-02
8.079175772520333365e-02
8.078090469038382015e-02
8.077005317491460501e-02
8.075920317832996354e-02
8.074835470016539229e-02
8.073750773995738705e-02
8.072666229724367870e-02
8.071581837156313610e-02
8.070497596245569671e-02
8.069413506946240822e-02
8.068329569212551178e-02
8.067245782998831716e-02
8.066162148259518883e-02
8.065078664949167087e-02
8.063995333022437595e-02
8.062912152434102697e-02
8.061829123139037379e-02
8.060746245092231810e-02
8.059663518248784408e-02
8.058580942563893512e-02
8.057498517992871256e-02
8.056416244491139411e-02
8.055334122014215503e-02
8.054252150517732245e-02
8.053170329957422269e-02
8.052088660289125066e-02
8.051007141468788375e-02
8.049925773452458466e-02
8.048844556196285693e-02
8.047763489656530045e-02
8.046682573789545878e-02
8.045601808551794409e-02
8.044521193899842326e-02
8.043440729790349297e-02
8.042360416180084626e-02
8.041280253025911984e-02
8.040200240284803290e-02
8.039120377913819282e-02
8.038040665870131718e-02
8.036961104111005338e-02
8.035881692593802028e-02
8.034802431275990531e-02
8.033723320115127020e-02
8.032644359068874529e-02
8.031565548094984908e-02
8.030486887151314090e-02
8.029408376195815156e-02
8.028330015186524449e-02
8.027251804081589337e-02
8.026173742839247394e-02
8.025095831417826397e-02
8.024018069775756823e-02
8.022940457871555187e-02
8.021862995663836537e-02
8.020785683111307518e-02
8.019708520172770527e-02
8.018631506807119558e-02
8.017554642973336032e-02
8.016477928630499905e-02
8.015401363737781337e-02
8.014324948254439307e-02
8.013248682139824386e-02
8.012172565353374576e-02
8.011096597854626411e-02
8.010020779603199692e-02
8.008945110558805813e-02
8.007869590681242211e-02
8.006794219930399303e-02
8.005718998266252162e-02
8.004643925648866065e-02
8.003569002038392333e-02
8.002494227395071102e-02
8.001419601679227167e-02
8.000345124851275525e-02
7.999270796871714440e-02
7.998196617701129607e-02
7.997122587300187213e-02
7.996048705629649200e-02
7.994974972650351064e-02
7.993901388323219892e-02
7.992827952609261877e-02
7.991754665469573415e-02
7.990681526865327233e-02
7.989608536757786261e-02
7.988535695108292534e-02
7.987463001878267188e-02
7.986390457029221568e-02
7.985318060522740569e-02
7.984245812320497904e-02
7.983173712384242227e-02
7.982101760675806845e-02
7.981029957157104171e-02
7.979958301790125719e-02
7.978886794536949045e-02
7.977815435359721097e-02
7.976744224220674861e-02
7.975673161082123819e-02
7.974602245906453613e-02
7.973531478656133153e-02
7.972460859293707680e-02
7.971390387781800146e-02
7.970320064083109834e-02
7.969249888160416517e-02
7.968179859976574908e-02
7.967109979494511884e-02
7.966040246677238978e-02
7.964970661487837111e-02
7.963901223889459369e-02
7.962831933845346266e-02
7.961762791318804933e-02
7.960693796273214662e-02
7.959624948672035238e-02
7.958556248478798612e-02
7.957487695657110283e-02
7.956419290170643754e-02
7.955351031983155796e-02
7.954282921058469791e-02
7.953214957360482673e-02
7.952147140853163543e-02
7.951079471500552276e-02
7.950011949266763689e-02
7.948944574115983375e-02
7.947877346012466315e-02
7.946810264920536881e-02
7.945743330804592996e-02
7.944676543629100585e-02
7.943609903358603286e-02
7.942543409957701639e-02
7.941477063391073898e-02
7.940410863623467708e-02
7.939344810619694548e-02
7.938278904344639453e-02
7.937213144763255457e-02
7.936147531840558045e-02
7.935082065541639029e-02
7.934016745831649897e-02
7.932951572675817076e-02
7.931886546039425279e-02
7.930821665887835548e-02
7.929756932186465823e-02
7.928692344900807598e-02
7.927627903996414815e-02
7.926563609438906644e-02
7.925499461193970252e-02
7.924435459227358036e-02
7.923371603504882066e-02
7.922307893992427963e-02
7.921244330655935473e-02
7.920180913461417893e-02
7.919117642374945421e-02
7.918054517362654865e-02
7.916991538390746874e-02
7.915928705425487322e-02
7.914866018433197592e-02
7.913803477380268458e-02
7.912741082233151757e-02
7.911678832958358998e-02
7.910616729522466917e-02
7.909554771892109148e-02
7.908492960033987329e-02
7.907431293914859993e-02
7.906369773501545350e-02
7.905308398760925448e-02
7.904247169659942007e-02
7.903186086165596425e-02
7.902125148244949771e-02
7.901064355865122790e-02
7.900003708993293128e-02
7.898943207596707816e-02
7.897882851642659685e-02
7.896822641098509565e-02
7.895762575931673799e-02
7.894702656109624239e-02
7.893642881599896577e-02
7.892583252370079239e-02
7.891523768387818938e-02
7.890464429620826226e-02
7.889405236036856062e-02
7.888346187603735571e-02
7.887287284289337674e-02
7.886228526061594968e-02
7.885169912888498334e-02
7.884111444738092778e-02
7.883053121578477429e-02
7.881994943377808316e-02
7.880936910104298365e-02
7.879879021726220178e-02
7.878821278211887991e-02
7.877763679529684038e-02
7.876706225648033577e-02
7.875648916535428479e-02
7.874591752160409186e-02
7.873534732491564714e-02
7.872477857497542364e-02
7.871421127147049113e-02
7.870364541408830794e-02
7.869308100251702631e-02
7.868251803644518705e-02
7.867195651556195546e-02
7.866139643955695482e-02
7.865083780812034964e-02
7.864028062094287341e-02
7.862972487771570373e-02
7.861917057813057330e-02
7.860861772187972829e-02
7.859806630865591448e-02
7.858751633815241888e-02
7.857696781006298647e-02
7.856642072408188959e-02
7.855587507990390017e-02
7.854533087722435913e-02
7.853478811573898211e-02
7.852424679514406758e-02
7.851370691513641364e-02
7.850316847541327636e-02
7.849263147567241139e-02
7.848209591561208787e-02
7.847156179493104677e-02
7.846102911332848706e-02
7.845049787050416279e-02
7.843996806615824435e-02
7.842943969999140175e-02
7.841891277170483232e-02
7.840838728100010813e-02
7.839786322757935633e-02
7.838734061114516205e-02
7.837681943140061003e-02
7.836629968804917357e-02
7.835578138079485333e-02
7.834526450934213571e-02
7.833474907339589566e-02
7.832423507266153551e-02
7.831372250684490166e-02
7.830321137565227074e-02
7.829270167879043285e-02
7.828219341596658054e-02
7.827168658688837821e-02
7.826118119126394823e-02
7.825067722880188481e-02
7.824017469921114298e-02
7.822967360220124677e-02
7.821917393748206715e-02
7.820867570476393305e-02
7.819817890375770075e-02
7.818768353417454575e-02
7.817718959572614312e-02
7.816669708812459816e-02
7.815620601108246024e-02
7.814571636431269508e-02
7.813522814752869861e-02
7.812474136044431083e-02
7.811425600277377423e-02
7.810377207423177537e-02
7.809328957453343101e-02
7.808280850339427426e-02
7.807232886053024068e-02
7.806185064565770992e-02
7.805137385849346410e-02
7.804089849875471552e-02
7.803042456615910671e-02
7.801995206042461328e-02
7.800948098126972430e-02
7.799901132841324802e-02
7.798854310157450620e-02
7.797807630047311200e-02
7.796761092482917821e-02
7.795714697436315066e-02
7.794668444879591929e-02
7.793622334784874872e-02
7.792576367124333381e-02
7.791530541870171633e-02
7.790484858994640993e-02
7.789439318470024742e-02
7.788393920268647797e-02
7.787348664362876705e-02
7.786303550725115485e-02
7.785258579327804240e-02
7.784213750143424704e-02
7.783169063144496080e-02
7.782124518303577820e-02
7.781080115593264068e-02
7.780035854986190602e-02
7.778991736455029282e-02
7.777947759972489439e-02
7.776903925511317872e-02
7.775860233044297465e-02
7.774816682544254121e-02
7.773773273984045662e-02
7.772730007336571545e-02
7.771686882574758981e-02
7.770643899671582366e-02
7.769601058600048016e-02
7.768558359333196939e-02
7.767515801844109002e-02
7.766473386105904320e-02
7.765431112091727983e-02
7.764388979774770883e-02
7.763346989128257214e-02
7.762305140125444480e-02
7.761263432739627655e-02
7.760221866944137792e-02
7.759180442712339254e-02
7.758139160017629710e-02
7.757098018833448461e-02
7.756057019133262564e-02
7.755016160890576549e-02
7.753975444078933799e-02
7.752934868671904067e-02
7.751894434643095966e-02
7.750854141966150024e-02
7.749813990614747017e-02
7.748773980562592700e-02
7.747734111783431687e-02
7.746694384251043286e-02
7.745654797939238723e-02
7.744615352821859755e-02
7.743576048872785611e-02
7.742536886065926049e-02
7.741497864375224136e-02
7.740458983774660406e-02
7.739420244238240376e-02
7.738381645740007031e-02
7.737343188254035276e-02
7.736304871754431933e-02
7.735266696215335747e-02
7.734228661610915989e-02
7.733190767915382180e-02
7.732153015102961879e-02
7.731115403147927057e-02
7.730077932024573273e-02
7.729040601707234948e-02
7.728003412170268704e-02
7.726966363388068637e-02
7.725929455335060758e-02
7.724892687985697448e-02
7.723856061314465782e-02
7.722819575295883365e-02
7.721783229904495560e-02
7.720747025114882423e-02
7.719710960901648988e-02
7.718675037239437764e-02
7.717639254102917623e-02
7.716603611466785195e-02
7.715568109305770417e-02
7.714532747594633755e-02
7.713497526308160657e-02
7.712462445421174040e-02
7.711427504908519026e-02
7.710392704745074044e-02
7.709358044905743890e-02
7.708323525365466666e-02
7.707289146099208232e-02
7.706254907081958039e-02
7.705220808288745782e-02
7.704186849694619199e-02
7.703153031274656559e-02
7.702119353003972213e-02
7.701085814857697165e-02
7.700052416811004052e-02
7.699019158839080779e-02
7.697986040917154105e-02
7.696953063020471608e-02
7.695920225124310010e-02
7.694887527203977950e-02
7.693854969234807661e-02
7.692822551192159131e-02
7.691790273051424265e-02
7.690758134788015787e-02
7.689726136377382504e-02
7.688694277794985710e-02
7.687662559016331110e-02
7.686630980016936898e-02
7.685599540772360128e-02
7.684568241258177279e-02
7.683537081449992590e-02
7.682506061323436664e-02
7.681475180854169249e-02
7.680444440017875074e-02
7.679413838790263847e-02
7.678383377147070254e-02
7.677353055064060905e-02
7.676322872517023221e-02
7.675292829481769608e-02
7.674262925934145774e-02
7.673233161850014084e-02
7.672203537205268820e-02
7.671174051975826469e-02
7.670144706137627111e-02
7.669115499666642743e-02
7.668086432538866182e-02
7.667057504730312445e-02
7.666028716217032635e-02
7.665000066975086179e-02
7.663971556980571365e-02
7.662943186209605906e-02
7.661914954638331110e-02
7.660886862242917428e-02
7.659858908999551963e-02
7.658831094884456514e-02
7.657803419873865369e-02
7.656775883944047512e-02
7.655748487071289965e-02
7.654721229231907509e-02
7.653694110402234352e-02
7.652667130558632458e-02
7.651640289677484608e-02
7.650613587735202725e-02
7.649587024708214000e-02
7.648560600572978929e-02
7.647534315305969110e-02
7.646508168883690837e-02
7.645482161282669831e-02
7.644456292479452630e-02
7.643430562450610755e-02
7.642404971172736539e-02
7.641379518622451461e-02
7.640354204776392266e-02
7.639329029611223454e-02
7.638303993103631728e-02
7.637279095230320447e-02
7.636254335968022111e-02
7.635229715293494202e-02
7.634205233183505301e-02
7.633180889614854525e-02
7.632156684564364579e-02
7.631132618008870661e-02
7.630108689925244048e-02
7.629084900290365734e-02
7.628061249081143080e-02
7.627037736274505653e-02
7.626014361847405221e-02
7.624991125776811596e-02
7.623968028039722344e-02
7.622945068613151687e-02
7.621922247474130496e-02
7.620899564599724341e-02
7.619877019967008502e-02
7.618854613553084631e-02
7.617832345335072419e-02
7.616810215290115149e-02
7.615788223395374146e-02
7.614766369628034326e-02
7.613744653965300035e-02
7.612723076384397825e-02
7.611701636862573672e-02
7.610680335377090211e-02
7.609659171905239217e-02
7.608638146424323567e-02
7.607617258911671121e-02
7.606596509344633328e-02
7.605575897700574128e-02
7.604555423956881055e-02
7.603535088090966620e-02
7.602514890080251664e-02
7.601494829902188943e-02
7.600474907534245095e-02
7.599455122953903408e-02
7.598435476138673539e-02
7.597415967066081799e-02
7.596396595713675315e-02
7.595377362059013704e-02
7.594358266079688502e-02
7.593339307753299572e-02
7.592320487057467593e-02
7.591301803969838224e-02
7.590283258468071004e-02
7.589264850529847672e-02
7.588246580132863850e-02
7.587228447254841524e-02
7.586210451873516558e-02
7.585192593966640084e-02
7.584174873511993764e-02
7.583157290487362034e-02
7.582139844870562639e-02
7.581122536639421650e-02
7.580105365771790116e-02
7.579088332245528803e-02
7.578071436038527620e-02
7.577054677128690352e-02
7.576038055493931889e-02
7.575021571112196261e-02
7.574005223961438604e-02
7.572989014019633480e-02
7.571972941264777657e-02
7.570957005674876228e-02
7.569941207227959268e-02
7.568925545902074892e-02
7.567910021675285093e-02
7.566894634525671293e-02
7.565879384431332955e-02
7.564864271370383420e-02
7.563849295320961008e-02
7.562834456261210980e-02
7.561819754169307739e-02
7.560805189023429851e-02
7.559790760801786413e-02
7.558776469482592075e-02
7.557762315044083690e-02
7.556748297464514763e-02
7.555734416722156843e-02
7.554720672795296743e-02
7.553707065662240705e-02
7.552693595301301910e-02
7.551680261690824070e-02
7.550667064809159224e-02
7.549654004634677451e-02
7.548641081145764098e-02
7.547628294320825326e-02
7.546615644138277013e-02
7.545603130576555850e-02
7.544590753614119349e-02
7.543578513229427795e-02
7.542566409400969230e-02
7.541554442107242795e-02
7.540542611326765676e-02
7.539530917038071711e-02
7.538519359219707228e-02
7.537507937850235207e-02
7.536496652908239446e-02
7.535485504372310683e-02
7.534474492221064634e-02
7.533463616433123955e-02
7.532452876987133505e-02
7.531442273861752024e-02
7.530431807035647962e-02
7.529421476487516141e-02
7.528411282196059706e-02
7.527401224139995684e-02
7.526391302298057751e-02
7.525381516649000402e-02
7.524371867171585071e-02
7.523362353844592620e-02
7.522352976646816403e-02
7.521343735557070587e-02
7.520334630554176281e-02
7.519325661616975409e-02
7.518316828724322387e-02
7.517308131855085507e-02
7.516299570988149714e-02
7.515291146102413833e-02
7.514282857176791952e-02
7.513274704190210651e-02
7.512266687121611775e-02
7.511258805949956596e-02
7.510251060654211941e-02
7.509243451213365450e-02
7.508235977606418643e-02
7.507228639812381366e-02
7.506221437810288444e-02
7.505214371579176091e-02
7.504207441098106890e-02
7.503200646346146196e-02
7.502193987302385736e-02
7.501187463945917233e-02
7.500181076255858781e-02
7.499174824211332635e-02
7.498168707791483256e-02
7.497162726975464819e-02
7.496156881742442601e-02
7.495151172071599921e-02
7.494145597942133974e-02
7.493140159333248895e-02
7.492134856224172412e-02
7.491129688594139191e-02
7.490124656422396388e-02
7.489119759688209199e-02
7.488114998370852538e-02
7.487110372449616580e-02
7.486105881903805381e-02
7.485101526712732711e-02
7.484097306855728993e-02
7.483093222312137138e-02
7.482089273061312551e-02
7.481085459082623124e-02
7.480081780355452015e-02
7.479078236859192097e-02
7.478074828573251509e-02
7.477071555477049492e-02
7.476068417550023326e-02
7.475065414771613070e-02
7.474062547121278210e-02
7.473059814578496274e-02
7.472057217122746176e-02
7.471054754733524872e-02
7.470052427390344585e-02
7.469050235072720312e-02
7.468048177760194806e-02
7.467046255432310820e-02
7.466044468068627760e-02
7.465042815648713359e-02
7.464041298152160331e-02
7.463039915558558612e-02
7.462038667847514795e-02
7.461037554998654897e-02
7.460036576991606327e-02
7.459035733806018698e-02
7.458035025421548558e-02
7.457034451817860787e-02
7.456034012974641079e-02
7.455033708871576514e-02
7.454033539488377769e-02
7.453033504804759679e-02
7.452033604800449573e-02
7.451033839455191432e-02
7.450034208748730624e-02
7.449034712660837498e-02
7.448035351171285179e-02
7.447036124259859280e-02
7.446037031906362069e-02
7.445038074090601365e-02
7.444039250792400253e-02
7.443040561991591531e-02
7.442042007668019099e-02
7.441043587801542125e-02
7.440045302372023939e-02
7.439047151359350074e-02
7.438049134743406066e-02
7.437051252504092713e-02
7.436053504621326082e-02
7.435055891075026402e-02
7.434058411845131942e-02
7.433061066911589299e-02
7.432063856254354783e-02
7.431066779853395809e-02
7.430069837688693668e-02
7.429073029740235201e-02
7.428076355988026680e-02
7.427079816412078539e-02
7.426083410992410927e-02
7.425087139709063422e-02
7.424091002542076989e-02
7.423094999471507860e-02
7.422099130477423368e-02
7.421103395539900560e-02
7.420107794639022036e-02
7.419112327754892600e-02
7.418116994867619829e-02
7.417121795957319630e-02
7.416126731004128725e-02
7.415131799988179673e-02
7.414137002889628625e-02
7.413142339688635896e-02
7.412147810365372902e-02
7.411153414900019387e-02
7.410159153272770360e-02
7.409165025463827770e-02
7.408171031453407440e-02
7.407177171221729362e-02
7.406183444749026012e-02
7.405189852015545138e-02
