8.768457259999999295e-03
8.795793160000000763e-03
8.727122469999999341e-03
8.708395770000000244e-03
8.759123270000000391e-03
8.762081890000000470e-03
8.862116189999999852e-03
8.872342999999999549e-03
8.827171550000000380e-03
8.816888570000000480e-03
8.798558810000000827e-03
8.810449570000000036e-03
8.766304410000000033e-03
8.904832490000000322e-03
8.861706520000000101e-03
8.851945119999999473e-03
8.837895479999999943e-03
8.936540609999999926e-03
8.963000460000000377e-03
8.956402270000000249e-03
8.966580659999999134e-03
8.952894269999999224e-03
9.020050360000000239e-03
9.005564380000000840e-03
8.961020590000000341e-03
9.076204189999999283e-03
9.050881079999999884e-03
8.956162559999999648e-03
9.028062559999999390e-03
8.968063680000000829e-03
9.064326819999999479e-03
9.054045619999999406e-03
8.976948009999999312e-03
9.083451850000000272e-03
9.108442830000000601e-03
9.014773480000000047e-03
9.066491850000000380e-03
9.049153120000000272e-03
9.006936239999999150e-03
9.167359959999999558e-03
9.155621149999999472e-03
9.129955539999999939e-03
9.216168780000000629e-03
9.146113710000000618e-03
9.196274549999999479e-03
8.989787410000000048e-03
9.193623099999999326e-03
9.089615339999999183e-03
9.154721430000000229e-03
9.151994440000000078e-03
9.307005829999999424e-03
9.201145120000000371e-03
9.268830069999999324e-03
9.240802819999999543e-03
9.305305879999999780e-03
9.279592370000000826e-03
9.230221950000000800e-03
9.281779279999999299e-03
9.256786799999999760e-03
9.318841200000000519e-03
9.343111770000000690e-03
9.319065419999999697e-03
9.422580539999999422e-03
9.397170629999999913e-03
9.370202069999999939e-03
9.347884270000000537e-03
9.329164009999999993e-03
9.412604260000000458e-03
9.394434470000000842e-03
9.352900129999999410e-03
9.293434329999999272e-03
9.367256060000000648e-03
9.337496009999999777e-03
9.326167269999999579e-03
9.473401819999999543e-03
9.372584809999999142e-03
9.361104760000000732e-03
9.485383030000000756e-03
9.371022720000000278e-03
9.383169570000000556e-03
9.432113160000000010e-03
9.498573150000000007e-03
9.507913539999999358e-03
9.468847489999999631e-03
9.455282590000000861e-03
9.493992780000000062e-03
9.465189849999999794e-03
9.573361299999999519e-03
9.580923990000000251e-03
9.563973369999999308e-03
9.573166279999999889e-03
9.555685470000000251e-03
9.583113350000000211e-03
9.559169069999999893e-03
9.515797479999999267e-03
9.554306610000000421e-03
9.590591860000000773e-03
9.598218800000000647e-03
9.713228810000000199e-03
9.599556829999999694e-03
9.491405119999999154e-03
9.592313329999999430e-03
9.652804529999999689e-03
9.771702849999999371e-03
9.633597569999999277e-03
9.620223299999999464e-03
9.626509360000000404e-03
9.696747270000000141e-03
9.794529249999999604e-03
9.721464790000000286e-03
9.801326860000000862e-03
9.715508980000000724e-03
9.639615829999999969e-03
9.807158689999999693e-03
9.793757340000000533e-03
9.787532189999999938e-03
9.715550059999999641e-03
9.737426029999999427e-03
9.770718890000000198e-03
9.766655290000000531e-03
9.843988530000000181e-03
9.763786769999999518e-03
9.780773850000000491e-03
9.884672420000000653e-03
9.739498799999999484e-03
9.719764960000000162e-03
9.873553050000000858e-03
9.829730919999999858e-03
9.887891929999999968e-03
9.930011639999999917e-03
9.782586620000000358e-03
9.910135000000000471e-03
9.901334600000000555e-03
9.937210389999999449e-03
9.814488249999999553e-03
9.952047110000000751e-03
9.784340049999999678e-03
9.984662990000000432e-03
1.003004560000000066e-02
1.008587040000000039e-02
9.955949889999999441e-03
9.992812939999999935e-03
9.854160509999999526e-03
9.972115570000000470e-03
1.008437149999999970e-02
9.948428330000000028e-03
1.000286780000000063e-02
9.976640449999999230e-03
1.001756420000000057e-02
9.983140260000000418e-03
9.942975059999999490e-03
1.007674750000000022e-02
1.006368189999999954e-02
1.006978130000000041e-02
1.005574600000000082e-02
1.008565099999999930e-02
1.014108000000000023e-02
1.018978629999999982e-02
1.003698109999999998e-02
1.021145459999999935e-02
1.015631539999999923e-02
1.013683989999999979e-02
1.009346030000000081e-02
1.009029240000000084e-02
1.024156889999999938e-02
1.009186590000000008e-02
1.020300929999999953e-02
1.009405430000000041e-02
1.016105129999999961e-02
1.011898959999999945e-02
1.024031360000000022e-02
1.020720450000000071e-02
1.032180119999999944e-02
1.024134760000000068e-02
1.009180980000000047e-02
1.012106710000000055e-02
1.038244959999999953e-02
1.023764530000000061e-02
1.010896879999999970e-02
1.023482530000000001e-02
1.035238580000000068e-02
1.029751710000000042e-02
1.033870299999999944e-02
1.043890180000000070e-02
1.032838690000000004e-02
1.035238100000000078e-02
1.038050280000000006e-02
1.031260690000000008e-02
1.036014279999999954e-02
1.033038059999999946e-02
1.045920279999999931e-02
1.033436180000000051e-02
1.041823340000000084e-02
1.049434880000000084e-02
1.050691940000000012e-02
1.044184260000000086e-02
1.052663380000000079e-02
1.055360529999999943e-02
1.052464179999999978e-02
1.051128680000000017e-02
1.051696270000000016e-02
1.048687750000000009e-02
1.037038680000000081e-02
1.045246189999999957e-02
1.046813689999999929e-02
1.041475709999999978e-02
1.046960069999999972e-02
1.059025360000000020e-02
1.062789859999999954e-02
1.041118559999999922e-02
1.065008869999999920e-02
1.056574589999999952e-02
1.064397060000000020e-02
1.039917700000000077e-02
1.052439070000000046e-02
1.056050050000000018e-02
1.052161209999999923e-02
1.067729889999999987e-02
1.062108489999999926e-02
1.068843520000000054e-02
1.070488529999999959e-02
1.053379909999999954e-02
1.059837559999999949e-02
1.072946529999999933e-02
1.071835909999999982e-02
1.071319920000000057e-02
1.071539149999999919e-02
1.060847709999999944e-02
1.070193300000000028e-02
1.075125920000000006e-02
1.081788820000000040e-02
1.061082319999999933e-02
1.082949400000000027e-02
1.083658439999999994e-02
1.080603959999999926e-02
1.081108870000000062e-02
1.068627379999999988e-02
1.089855990000000024e-02
1.073542069999999966e-02
1.081914749999999918e-02
1.075997149999999986e-02
1.086605830000000016e-02
1.089930499999999976e-02
1.067468989999999923e-02
1.093299409999999930e-02
1.086451840000000023e-02
1.077487170000000077e-02
1.086824919999999917e-02
1.088800699999999989e-02
1.082192099999999997e-02
1.076005399999999980e-02
1.088932159999999975e-02
1.082290609999999979e-02
1.088696980000000009e-02
1.089110039999999918e-02
1.104399229999999954e-02
1.095422780000000068e-02
1.096780829999999957e-02
1.090183680000000009e-02
1.090996940000000040e-02
1.093917800000000079e-02
1.111077260000000073e-02
1.090822710000000084e-02
1.094043790000000065e-02
1.091960510000000023e-02
1.105457569999999945e-02
1.109524199999999995e-02
1.094939309999999957e-02
1.108316640000000033e-02
1.106746850000000018e-02
1.109427789999999948e-02
1.109655940000000077e-02
1.108081340000000026e-02
1.103730049999999963e-02
1.114124969999999958e-02
1.115778819999999928e-02
1.104626159999999926e-02
1.124225149999999972e-02
1.114863169999999980e-02
1.111788569999999990e-02
1.119403289999999947e-02
1.119267229999999953e-02
1.117164000000000004e-02
1.113066560000000073e-02
1.111606230000000001e-02
1.113166110000000063e-02
1.125805260000000037e-02
1.133236150000000060e-02
1.121777749999999969e-02
1.131209189999999969e-02
1.131595370000000080e-02
1.113736700000000045e-02
1.143858000000000028e-02
1.122783159999999995e-02
1.130163510000000045e-02
1.126447229999999987e-02
1.124927059999999979e-02
1.123867939999999982e-02
1.133301800000000026e-02
1.131854470000000050e-02
1.131819530000000018e-02
1.133562800000000037e-02
1.132245580000000064e-02
1.138507059999999994e-02
1.128575230000000013e-02
1.151015210000000052e-02
1.149814459999999941e-02
1.130276610000000015e-02
1.153841560000000085e-02
1.141464900000000067e-02
1.147277979999999920e-02
1.135086329999999977e-02
1.132665629999999972e-02
1.136049199999999981e-02
1.140851449999999954e-02
1.125924770000000068e-02
1.149226140000000028e-02
1.137729959999999978e-02
1.154846449999999934e-02
1.143518030000000019e-02
1.146641020000000073e-02
1.152107959999999938e-02
1.150706630000000036e-02
1.156340099999999919e-02
1.161564709999999938e-02
1.157970330000000075e-02
1.146997049999999921e-02
1.151692860000000027e-02
1.158805159999999959e-02
1.143622419999999924e-02
1.160103130000000003e-02
1.154176779999999992e-02
1.162511029999999980e-02
1.163986529999999978e-02
1.171166960000000028e-02
1.166692889999999989e-02
1.153473040000000012e-02
1.164484409999999928e-02
1.170802110000000035e-02
1.152436230000000034e-02
1.171702980000000061e-02
1.159855790000000053e-02
1.160881690000000084e-02
1.160897860000000004e-02
1.159912670000000021e-02
1.174125399999999958e-02
1.161496270000000018e-02
1.173487640000000012e-02
1.173334900000000056e-02
1.180134409999999967e-02
1.165768709999999951e-02
1.179891150000000020e-02
1.178307060000000073e-02
1.167468160000000033e-02
1.186729069999999976e-02
1.180654419999999961e-02
1.189258210000000010e-02
1.166906499999999930e-02
1.185926699999999973e-02
1.180636040000000025e-02
1.185838839999999936e-02
1.193378900000000020e-02
1.195902520000000080e-02
1.175255419999999933e-02
1.187838180000000063e-02
1.198944790000000017e-02
1.195681370000000084e-02
1.195524979999999966e-02
1.181103430000000030e-02
1.195336850000000041e-02
1.174892389999999953e-02
1.202697290000000023e-02
1.210696380000000037e-02
1.192226210000000078e-02
1.182166290000000002e-02
1.191942680000000060e-02
1.202102640000000076e-02
1.204742280000000061e-02
1.199019020000000046e-02
1.198828650000000051e-02
1.202067010000000026e-02
1.196234730000000045e-02
1.200139610000000058e-02
1.189899619999999943e-02
1.195555449999999992e-02
1.212404939999999973e-02
1.212979529999999931e-02
1.212060929999999974e-02
1.199679199999999918e-02
1.220139070000000013e-02
1.218801570000000063e-02
1.220331979999999920e-02
1.221422469999999989e-02
1.209169409999999965e-02
1.215110749999999927e-02
1.199443419999999920e-02
1.207403290000000004e-02
1.222349550000000062e-02
1.216500530000000010e-02
1.207430900000000008e-02
1.221320990000000078e-02
1.216194750000000081e-02
1.202608039999999989e-02
1.219785909999999973e-02
1.230505139999999928e-02
1.240364579999999987e-02
1.209704890000000074e-02
1.227624570000000054e-02
1.214922950000000071e-02
1.238097290000000038e-02
1.214921880000000010e-02
1.223454430000000051e-02
1.231475960000000085e-02
1.235409860000000019e-02
1.239504389999999956e-02
1.213062990000000028e-02
1.239624330000000003e-02
1.228590929999999991e-02
1.235473789999999919e-02
1.250634339999999976e-02
1.243660970000000018e-02
1.235644309999999954e-02
1.238249909999999954e-02
1.238109819999999930e-02
1.247416240000000058e-02
1.239472850000000043e-02
1.243237399999999951e-02
1.232498039999999941e-02
1.244028779999999980e-02
1.249760720000000006e-02
1.238884579999999930e-02
1.252840969999999970e-02
1.255957909999999914e-02
1.241475809999999930e-02
1.259816950000000081e-02
1.259519710000000028e-02
1.242970430000000029e-02
1.263636469999999956e-02
1.264292000000000020e-02
1.243370300000000081e-02
1.239366620000000030e-02
1.251621600000000015e-02
1.261564580000000026e-02
1.255678030000000056e-02
1.244942459999999994e-02
1.260625460000000010e-02
1.268295260000000015e-02
1.261224759999999938e-02
1.242073689999999980e-02
1.257982730000000056e-02
1.257561459999999992e-02
1.287303369999999968e-02
1.264029979999999921e-02
1.252642669999999916e-02
1.247284560000000084e-02
1.289225610000000084e-02
1.272662840000000038e-02
1.277455320000000019e-02
1.273887829999999916e-02
1.260636480000000038e-02
1.276512620000000084e-02
1.267895219999999948e-02
1.273349070000000076e-02
1.262661290000000047e-02
1.283320599999999978e-02
1.293923519999999952e-02
1.294347409999999955e-02
1.305566510000000062e-02
1.265193239999999955e-02
1.289131510000000001e-02
1.274722940000000068e-02
1.281196270000000033e-02
1.284995620000000012e-02
1.282247700000000053e-02
1.289940009999999970e-02
1.306750970000000039e-02
1.282019059999999974e-02
1.299160819999999918e-02
1.272414260000000012e-02
1.274530549999999991e-02
1.305995050000000046e-02
1.295153339999999959e-02
1.289545779999999933e-02
1.296417899999999929e-02
1.307919930000000022e-02
1.306652319999999923e-02
1.298162729999999959e-02
1.310794789999999987e-02
1.280548710000000041e-02
1.290950039999999924e-02
1.293958069999999981e-02
1.283976700000000019e-02
1.305713200000000081e-02
1.321714750000000001e-02
1.329967770000000001e-02
1.311915389999999959e-02
1.302441550000000073e-02
1.324043249999999963e-02
1.318022230000000065e-02
1.297195230000000067e-02
1.311966229999999949e-02
1.313113100000000075e-02
1.290636740000000032e-02
1.282614410000000073e-02
1.317543720000000085e-02
1.314025549999999973e-02
1.312788730000000008e-02
1.310159229999999925e-02
1.325236299999999964e-02
1.328247410000000031e-02
1.324535720000000021e-02
1.324016710000000020e-02
1.317708790000000039e-02
1.346794140000000077e-02
1.323990050000000036e-02
1.326168840000000078e-02
1.317884539999999993e-02
1.333137300000000053e-02
1.329120580000000065e-02
1.325307029999999928e-02
1.327602850000000022e-02
1.335767050000000004e-02
1.346772060000000007e-02
1.343084010000000078e-02
1.327186330000000060e-02
1.334015080000000054e-02
1.350772150000000005e-02
1.344352130000000048e-02
1.354531129999999965e-02
1.350363000000000084e-02
1.321368910000000028e-02
1.348813169999999936e-02
1.374911950000000035e-02
1.336895310000000073e-02
1.351711690000000077e-02
1.329129780000000080e-02
1.371462220000000017e-02
1.353311890000000010e-02
1.343135309999999964e-02
1.331157789999999966e-02
1.346725730000000038e-02
1.340433549999999960e-02
1.357973690000000011e-02
1.343746659999999968e-02
1.345436910000000034e-02
1.360669419999999998e-02
1.378438549999999943e-02
1.356375309999999917e-02
1.364314999999999972e-02
1.357085719999999961e-02
1.364499939999999981e-02
1.362522170000000053e-02
1.369480910000000010e-02
1.377505539999999973e-02
1.364949550000000081e-02
1.376400199999999914e-02
1.381002830000000077e-02
1.371604270000000014e-02
1.372328320000000025e-02
1.362665759999999969e-02
1.382224200000000021e-02
1.358368400000000038e-02
1.378511420000000029e-02
1.381580959999999941e-02
1.376049810000000082e-02
1.374594359999999939e-02
1.365740059999999943e-02
1.384019149999999969e-02
1.382445719999999927e-02
1.384994030000000036e-02
1.397574400000000001e-02
1.385922160000000077e-02
1.378780500000000020e-02
1.390973009999999996e-02
1.380790009999999929e-02
1.390023070000000020e-02
1.371433820000000046e-02
1.392283040000000076e-02
1.397589620000000074e-02
1.386989509999999974e-02
1.376929520000000004e-02
1.401044740000000066e-02
1.388270519999999959e-02
1.373709820000000061e-02
1.399597340000000023e-02
1.390676260000000067e-02
1.380009580000000034e-02
1.420375150000000031e-02
1.393668479999999980e-02
1.404659649999999947e-02
1.414639340000000030e-02
1.428634829999999960e-02
1.388794819999999985e-02
1.424697710000000055e-02
1.419344829999999967e-02
1.395815559999999921e-02
1.443165970000000013e-02
1.415076799999999933e-02
1.407182350000000040e-02
1.407056150000000026e-02
1.421639209999999917e-02
1.410910400000000078e-02
1.405346489999999976e-02
1.442511919999999934e-02
1.424023339999999985e-02
1.429233390000000069e-02
1.423230690000000000e-02
1.438025790000000033e-02
1.439290359999999963e-02
1.402921789999999995e-02
1.430363439999999924e-02
1.422324059999999918e-02
1.427557640000000003e-02
1.438645369999999937e-02
1.431994039999999989e-02
1.435529470000000002e-02
1.433990069999999985e-02
1.431780260000000034e-02
1.426490690000000068e-02
1.426007760000000055e-02
1.452123139999999916e-02
1.411633030000000039e-02
1.432362279999999967e-02
1.448278700000000044e-02
1.428092939999999963e-02
1.446155009999999970e-02
1.431975410000000011e-02
1.434044389999999947e-02
1.432952019999999931e-02
1.435516929999999976e-02
1.463200159999999972e-02
1.460361599999999982e-02
1.442854669999999936e-02
1.448018379999999918e-02
1.433741910000000015e-02
1.459988079999999938e-02
1.453460820000000014e-02
1.439230480000000013e-02
1.480769170000000023e-02
1.460858540000000046e-02
1.455758149999999973e-02
1.456328479999999953e-02
1.439240989999999998e-02
1.474422989999999919e-02
1.424705520000000072e-02
1.451916380000000013e-02
1.449766729999999934e-02
1.464141690000000072e-02
1.440675829999999921e-02
1.458636710000000072e-02
1.476152919999999986e-02
1.474591299999999938e-02
1.475531870000000058e-02
1.446726389999999918e-02
1.480392250000000035e-02
1.485121699999999989e-02
1.488076169999999997e-02
1.481363089999999938e-02
1.476963899999999934e-02
1.459315700000000070e-02
1.459682059999999927e-02
1.482504809999999999e-02
1.502691570000000074e-02
1.477326540000000084e-02
1.502661029999999981e-02
1.478884850000000001e-02
1.482970209999999976e-02
1.462027660000000083e-02
1.473393869999999918e-02
1.473261799999999941e-02
1.476119300000000058e-02
1.465077589999999944e-02
1.494687970000000039e-02
1.484750599999999990e-02
1.487010660000000033e-02
1.508361450000000013e-02
1.492046330000000066e-02
1.493800879999999942e-02
1.484312789999999924e-02
1.524232109999999925e-02
1.485169520000000076e-02
1.508273610000000070e-02
1.467567200000000072e-02
1.480859569999999972e-02
1.505910639999999932e-02
1.529870520000000018e-02
1.467254089999999941e-02
1.517920149999999954e-02
1.519920789999999917e-02
1.501340039999999980e-02
1.504448740000000062e-02
1.523103640000000002e-02
1.499879819999999989e-02
1.492315689999999979e-02
1.535120690000000079e-02
1.541456289999999958e-02
1.511325489999999945e-02
1.512412559999999975e-02
1.503697669999999945e-02
1.525677349999999925e-02
1.522703499999999988e-02
1.489636540000000009e-02
1.516427289999999935e-02
1.535386600000000074e-02
1.525675389999999951e-02
1.500840900000000033e-02
1.539345110000000030e-02
1.517007339999999933e-02
1.511055889999999950e-02
1.502415240000000082e-02
1.515708829999999965e-02
1.531785469999999948e-02
1.517802099999999987e-02
1.535744669999999923e-02
1.554683909999999940e-02
1.535910210000000081e-02
1.537415859999999995e-02
1.529318139999999958e-02
1.566947900000000005e-02
1.561432979999999998e-02
1.536103989999999982e-02
1.542836449999999970e-02
1.510292620000000009e-02
1.528583690000000044e-02
1.552912769999999915e-02
1.527484399999999923e-02
1.574740250000000036e-02
1.538495860000000000e-02
1.549283230000000032e-02
1.562243819999999984e-02
1.542164879999999988e-02
1.534839409999999918e-02
1.539884820000000064e-02
1.546795360000000064e-02
1.566221610000000097e-02
1.571606190000000153e-02
1.552873580000000038e-02
1.572917299999999907e-02
1.563244449999999855e-02
1.575115870000000015e-02
1.541916599999999977e-02
1.559582250000000024e-02
1.551259829999999951e-02
1.542781990000000047e-02
1.570255729999999947e-02
1.552589300000000068e-02
1.557842939999999968e-02
1.594666939999999852e-02
1.576812060000000112e-02
1.587268650000000017e-02
1.582226620000000070e-02
1.588252500000000150e-02
1.590963600000000130e-02
1.572816770000000017e-02
1.574386209999999869e-02
1.593198280000000105e-02
1.564082840000000085e-02
1.560294280000000013e-02
1.570510430000000152e-02
1.566827089999999964e-02
1.572427560000000044e-02
1.594635000000000150e-02
1.578311680000000009e-02
1.579284950000000090e-02
1.599997059999999985e-02
1.617737519999999998e-02
1.582341950000000150e-02
1.566117189999999965e-02
1.622873309999999999e-02
1.583525620000000161e-02
1.627286160000000065e-02
1.609885590000000033e-02
1.582132149999999904e-02
1.617569469999999981e-02
1.617885809999999869e-02
1.601118359999999935e-02
1.589761259999999954e-02
1.613870569999999866e-02
1.607015040000000020e-02
1.607357749999999835e-02
1.615423800000000132e-02
1.609209509999999857e-02
1.610799129999999912e-02
1.617286199999999965e-02
1.626019019999999995e-02
1.580530780000000135e-02
1.621436039999999898e-02
1.636573100000000142e-02
1.635407389999999836e-02
1.636474820000000108e-02
1.647383089999999994e-02
1.612276559999999831e-02
1.603279629999999900e-02
1.621452439999999939e-02
1.636317580000000091e-02
1.637260360000000053e-02
1.620419639999999897e-02
1.624562040000000068e-02
1.626558540000000094e-02
1.615611319999999893e-02
1.633444980000000116e-02
1.637643009999999871e-02
1.620867999999999962e-02
1.620449280000000117e-02
1.612632030000000008e-02
1.648728890000000086e-02
1.589003829999999923e-02
1.630175990000000061e-02
1.647803839999999881e-02
1.643268910000000166e-02
1.673081859999999907e-02
1.637177059999999837e-02
1.643493700000000016e-02
1.649783999999999973e-02
1.651286750000000025e-02
1.616872509999999971e-02
1.678312120000000074e-02
1.679651750000000013e-02
1.671245479999999839e-02
1.677257249999999922e-02
1.664763379999999876e-02
1.669470840000000095e-02
1.646462829999999905e-02
1.621960440000000045e-02
1.663836910000000141e-02
1.666879560000000121e-02
1.657529409999999870e-02
1.674975750000000027e-02
1.662921100000000138e-02
1.658850569999999885e-02
1.635658629999999988e-02
1.686136820000000078e-02
1.682195829999999850e-02
1.662786839999999891e-02
1.668024519999999900e-02
1.666909470000000129e-02
1.658472139999999859e-02
1.674125500000000002e-02
1.704174119999999834e-02
1.689942109999999914e-02
1.688632790000000120e-02
1.701515899999999845e-02
1.690319729999999881e-02
1.674149379999999993e-02
1.686338799999999999e-02
1.702014890000000044e-02
1.700643420000000003e-02
1.691626239999999975e-02
1.696142830000000115e-02
1.705017119999999858e-02
1.706247119999999839e-02
1.670744060000000156e-02
1.691439230000000085e-02
1.697485480000000130e-02
1.721163129999999861e-02
1.674988980000000072e-02
1.718968319999999994e-02
1.715648939999999886e-02
1.731999669999999963e-02
1.702872570000000044e-02
1.681369510000000136e-02
1.686398139999999851e-02
1.683005159999999972e-02
1.702418519999999991e-02
1.751861780000000049e-02
1.687767670000000012e-02
1.706053999999999904e-02
1.720374950000000056e-02
1.714367530000000112e-02
1.729653830000000073e-02
1.722394899999999882e-02
1.725229320000000108e-02
1.736118840000000149e-02
1.718241790000000005e-02
1.685713369999999878e-02
1.733224490000000173e-02
1.724194680000000132e-02
1.719741119999999845e-02
1.712842259999999839e-02
1.738255450000000119e-02
1.727171330000000157e-02
1.712072079999999927e-02
1.750941049999999929e-02
1.738646159999999996e-02
1.741509379999999982e-02
1.731178749999999836e-02
1.757404159999999965e-02
1.733411500000000063e-02
1.743678129999999896e-02
1.738291440000000118e-02
1.699199670000000120e-02
1.718146510000000127e-02
1.779938220000000168e-02
1.742178609999999947e-02
1.760598429999999867e-02
1.765919770000000041e-02
1.774653719999999893e-02
1.774560440000000003e-02
1.782146700000000056e-02
1.776677759999999856e-02
1.767800790000000066e-02
1.779514550000000153e-02
1.748430180000000098e-02
1.790272290000000099e-02
1.798433179999999951e-02
1.752775380000000036e-02
1.748662000000000133e-02
1.786082989999999981e-02
1.769247900000000054e-02
1.771592309999999934e-02
1.775612970000000138e-02
1.783105410000000030e-02
1.757188930000000079e-02
1.766446190000000097e-02
1.757098459999999890e-02
1.766195220000000080e-02
1.811026090000000116e-02
1.752300960000000019e-02
1.736635339999999944e-02
1.797349590000000066e-02
1.793449969999999852e-02
1.755531889999999845e-02
1.801917290000000157e-02
1.773766410000000154e-02
1.778892829999999953e-02
1.766247760000000042e-02
1.770673739999999857e-02
1.782254809999999842e-02
1.769404200000000010e-02
1.818675809999999865e-02
1.785253310000000163e-02
1.790871720000000028e-02
1.808191899999999838e-02
1.827114430000000012e-02
1.770316989999999938e-02
1.793537950000000103e-02
1.800630459999999836e-02
1.827358410000000030e-02
1.800543809999999995e-02
1.849928990000000023e-02
1.809097789999999928e-02
1.795599750000000105e-02
1.822595119999999985e-02
1.797125709999999876e-02
1.778627840000000099e-02
1.802477250000000114e-02
1.862299740000000065e-02
1.799719970000000085e-02
1.824922420000000059e-02
1.829177090000000047e-02
1.825943609999999828e-02
1.818085369999999923e-02
1.813960070000000119e-02
1.837212770000000092e-02
1.795154380000000063e-02
1.835683119999999974e-02
1.833180489999999829e-02
1.877643110000000101e-02
1.795648970000000150e-02
1.797602400000000017e-02
1.827443629999999861e-02
1.847625099999999909e-02
1.800924419999999984e-02
1.786756349999999924e-02
1.858582329999999838e-02
1.822484250000000125e-02
1.820219669999999929e-02
1.864383799999999938e-02
1.819990169999999990e-02
1.807388080000000077e-02
1.845111450000000083e-02
1.813490250000000109e-02
1.832187190000000160e-02
1.852892689999999926e-02
1.821368870000000112e-02
1.863901449999999863e-02
1.878256730000000055e-02
1.874898139999999977e-02
1.837228260000000127e-02
1.837632629999999892e-02
1.833472300000000069e-02
1.835144169999999852e-02
1.901275939999999900e-02
1.891678990000000143e-02
1.841280390000000003e-02
1.842034390000000035e-02
1.870978239999999959e-02
1.854198120000000172e-02
1.900720679999999899e-02
1.880072149999999914e-02
1.890483420000000150e-02
1.866923779999999852e-02
1.869168059999999978e-02
1.832630290000000078e-02
1.878859880000000038e-02
1.865145990000000031e-02
1.862543070000000078e-02
1.872403649999999919e-02
1.881420500000000051e-02
1.897388679999999911e-02
1.887358540000000015e-02
1.859341789999999911e-02
1.887050830000000165e-02
1.880481219999999981e-02
1.918629310000000143e-02
1.917346879999999934e-02
1.906106590000000017e-02
1.936075270000000084e-02
1.912664799999999957e-02
1.911304919999999921e-02
1.941888339999999977e-02
1.922628129999999838e-02
1.903405180000000002e-02
1.930508499999999961e-02
1.939227079999999992e-02
1.953236129999999862e-02
1.870385919999999896e-02
1.903205939999999888e-02
1.953699509999999931e-02
1.941616989999999862e-02
1.931455849999999877e-02
1.968640829999999953e-02
1.937892899999999960e-02
1.905057060000000038e-02
1.901179839999999829e-02
1.929772869999999904e-02
1.915803459999999847e-02
1.913805630000000105e-02
1.905074229999999952e-02
1.913111129999999979e-02
1.922825569999999859e-02
1.902818040000000058e-02
1.910747440000000116e-02
1.989602359999999986e-02
1.932608870000000062e-02
1.939008329999999947e-02
1.898348470000000079e-02
1.945963690000000051e-02
1.908040479999999900e-02
1.910476230000000136e-02
1.922784220000000113e-02
1.934492919999999949e-02
1.949761029999999909e-02
1.935221800000000089e-02
1.945634920000000045e-02
1.956985090000000135e-02
1.996978389999999950e-02
1.971085560000000042e-02
1.940612649999999897e-02
1.938945279999999827e-02
1.953814660000000036e-02
1.935361509999999896e-02
1.989602359999999986e-02
1.950715819999999934e-02
1.951230920000000119e-02
1.932387279999999916e-02
1.987548199999999987e-02
1.915577850000000151e-02
1.955598710000000170e-02
1.975660179999999891e-02
1.951272319999999838e-02
1.964677410000000013e-02
1.990860880000000152e-02
1.956945660000000003e-02
1.973879779999999917e-02
1.972618640000000159e-02
1.987701970000000165e-02
1.961545129999999956e-02
1.999752379999999996e-02
1.995789590000000141e-02
1.970016609999999946e-02
2.006939179999999920e-02
1.970868989999999960e-02
1.950437650000000009e-02
1.994020020000000087e-02
1.986983640000000023e-02
1.983454239999999855e-02
2.056145189999999956e-02
1.977537009999999831e-02
2.003986090000000123e-02
1.947869039999999830e-02
2.056871030000000100e-02
1.977906299999999951e-02
1.992233590000000096e-02
1.984397129999999898e-02
1.965889070000000072e-02
2.004995680000000099e-02
1.991910120000000076e-02
2.019778709999999963e-02
2.014031789999999947e-02
2.000674820000000048e-02
2.005215939999999836e-02
2.040079100000000145e-02
2.018391950000000129e-02
2.044402429999999868e-02
2.044538229999999859e-02
2.028650460000000141e-02
2.046025560000000118e-02
2.040965440000000117e-02
2.060120480000000170e-02
2.000161060000000060e-02
2.071875479999999922e-02
2.050674950000000094e-02
2.020858990000000063e-02
2.033400629999999876e-02
2.062379989999999982e-02
2.027903049999999971e-02
2.051829100000000100e-02
2.005061060000000103e-02
2.018611320000000126e-02
2.059039979999999909e-02
2.067575090000000129e-02
2.067358550000000100e-02
2.043004650000000005e-02
2.041551299999999972e-02
1.995332610000000173e-02
2.112651639999999983e-02
1.989872120000000036e-02
2.083304899999999932e-02
2.086643200000000073e-02
2.073712689999999970e-02
2.024254769999999856e-02
2.045900869999999969e-02
2.074101819999999916e-02
2.053281410000000126e-02
2.069121169999999996e-02
2.046058209999999933e-02
2.115067359999999938e-02
2.074255310000000171e-02
2.059428569999999931e-02
2.061626390000000086e-02
2.096756110000000048e-02
2.077179139999999966e-02
2.067246780000000020e-02
2.120412710000000103e-02
2.080058580000000018e-02
2.085066279999999925e-02
2.076320159999999956e-02
2.083315729999999852e-02
2.090287559999999892e-02
2.072260130000000075e-02
2.126037500000000149e-02
2.081159139999999921e-02
2.103172550000000085e-02
2.082779519999999884e-02
2.092131490000000149e-02
2.141305649999999949e-02
2.087413139999999903e-02
2.090720520000000082e-02
2.105743200000000093e-02
2.094350920000000171e-02
2.125314110000000103e-02
2.153813070000000149e-02
2.101086510000000143e-02
2.149980480000000110e-02
2.116805260000000077e-02
2.150667090000000017e-02
2.150342679999999937e-02
2.150992419999999891e-02
2.111007609999999979e-02
2.108669209999999850e-02
2.102896849999999832e-02
2.155575269999999988e-02
2.133965349999999983e-02
2.114119399999999857e-02
2.122410649999999926e-02
2.102156700000000142e-02
2.128204709999999972e-02
2.100360189999999835e-02
2.137604809999999952e-02
2.146672709999999928e-02
2.131160849999999898e-02
2.147193429999999861e-02
2.169847249999999964e-02
2.128056550000000102e-02
2.122785229999999898e-02
2.156347759999999864e-02
2.157904240000000154e-02
2.170479050000000132e-02
2.127137180000000100e-02
2.155583969999999919e-02
2.190953099999999945e-02
2.187826639999999878e-02
2.159263189999999916e-02
2.152538089999999835e-02
2.142814869999999997e-02
2.163253559999999895e-02
2.076566599999999860e-02
2.212944039999999862e-02
2.182174300000000108e-02
2.205534680000000025e-02
2.145020560000000104e-02
2.176730119999999852e-02
2.190772250000000074e-02
2.142631390000000052e-02
2.161601339999999830e-02
2.224058779999999944e-02
2.155245890000000164e-02
2.171560759999999896e-02
2.223953379999999910e-02
2.173189420000000080e-02
2.206974800000000014e-02
2.208079690000000136e-02
2.215650590000000156e-02
2.183493029999999946e-02
2.163470929999999903e-02
2.201771019999999857e-02
2.187022380000000141e-02
2.203365269999999973e-02
2.160100430000000057e-02
2.153113599999999933e-02
2.178948749999999948e-02
2.230488820000000108e-02
2.237231389999999945e-02
2.212028220000000073e-02
2.200493920000000034e-02
2.222925339999999930e-02
2.183817199999999945e-02
2.218994809999999887e-02
2.197776859999999929e-02
2.279747780000000029e-02
2.223315890000000100e-02
2.207287239999999873e-02
2.238731379999999924e-02
2.224774020000000116e-02
2.244315829999999831e-02
2.267203209999999955e-02
2.269498090000000162e-02
2.214954159999999936e-02
2.284911610000000051e-02
2.214558780000000157e-02
2.241676210000000113e-02
2.232495179999999940e-02
2.245152759999999997e-02
2.230703909999999859e-02
2.268614269999999836e-02
2.275790499999999841e-02
2.249188729999999914e-02
2.245357279999999831e-02
2.269342410000000157e-02
2.212511359999999941e-02
2.278227219999999845e-02
2.228971810000000137e-02
2.264111099999999849e-02
2.260340690000000111e-02
2.301571529999999963e-02
2.259596120000000041e-02
2.242390290000000064e-02
2.225033939999999932e-02
2.251531409999999941e-02
2.263494929999999850e-02
2.250708530000000013e-02
2.275734180000000065e-02
2.273662549999999963e-02
2.272725789999999885e-02
2.267870959999999936e-02
2.219636830000000158e-02
2.314453340000000026e-02
2.285684870000000146e-02
2.300936909999999960e-02
2.287870109999999915e-02
2.265983709999999998e-02
2.271263670000000026e-02
2.272219409999999898e-02
2.300570999999999866e-02
2.281532730000000037e-02
2.304185140000000048e-02
2.296008949999999924e-02
2.277085410000000143e-02
2.258195500000000078e-02
2.281669869999999878e-02
2.322423220000000010e-02
2.337389100000000081e-02
2.256561669999999908e-02
2.295498779999999989e-02
2.309370000000000173e-02
2.290851790000000138e-02
2.358149030000000063e-02
2.361714050000000148e-02
2.383512689999999976e-02
2.302014659999999935e-02
2.372587859999999993e-02
2.294902320000000162e-02
2.341898029999999950e-02
2.334875869999999964e-02
2.349099959999999959e-02
2.373417809999999947e-02
2.332686590000000032e-02
2.375470890000000099e-02
2.338221669999999974e-02
2.353902550000000135e-02
2.252300689999999980e-02
2.345769760000000065e-02
2.382448880000000158e-02
2.329548990000000069e-02
2.343275530000000009e-02
2.334115770000000020e-02
2.376702409999999904e-02
2.319967980000000110e-02
2.318260009999999899e-02
2.347837909999999847e-02
2.367613639999999881e-02
2.354135400000000045e-02
2.318615090000000073e-02
2.369111280000000055e-02
2.406623819999999941e-02
2.295049999999999868e-02
2.412862749999999945e-02
2.374075239999999878e-02
2.386874300000000129e-02
2.398677369999999837e-02
2.290775219999999918e-02
2.294648310000000149e-02
2.333682850000000017e-02
2.387808259999999946e-02
2.434112760000000167e-02
2.409686219999999934e-02
2.400021570000000076e-02
2.439946720000000027e-02
2.416198649999999962e-02
2.341997690000000021e-02
2.394149129999999931e-02
2.383694260000000092e-02
2.428157289999999940e-02
2.363935370000000077e-02
2.442069579999999948e-02
2.357071560000000010e-02
2.374047079999999990e-02
2.345341210000000121e-02
2.339188970000000145e-02
2.412207330000000136e-02
2.408912129999999860e-02
2.371058029999999900e-02
2.449086749999999923e-02
2.371676439999999969e-02
2.415092129999999934e-02
2.417822370000000110e-02
2.349104000000000123e-02
2.432218660000000018e-02
2.380013270000000056e-02
2.480239100000000002e-02
2.459007920000000000e-02
2.477440109999999932e-02
2.414167669999999974e-02
2.445504449999999844e-02
2.482488360000000005e-02
2.413380260000000041e-02
2.434030750000000173e-02
2.447316680000000133e-02
2.455715799999999907e-02
2.441877510000000154e-02
2.485088889999999967e-02
2.408798360000000138e-02
2.398728899999999845e-02
2.437408530000000073e-02
2.470119169999999975e-02
2.523212060000000131e-02
2.513032249999999981e-02
2.463310070000000046e-02
2.436224379999999898e-02
2.528886959999999962e-02
2.447616349999999844e-02
2.439162859999999960e-02
2.390112120000000007e-02
2.489926510000000162e-02
2.503133949999999941e-02
2.478924349999999874e-02
2.515013710000000083e-02
2.434060609999999861e-02
2.448301970000000063e-02
2.509283420000000056e-02
2.505546239999999897e-02
2.434147919999999840e-02
2.535173099999999888e-02
2.447054889999999983e-02
2.438290710000000014e-02
2.422657979999999836e-02
2.500883890000000012e-02
2.485037039999999850e-02
2.517707669999999856e-02
2.486610579999999973e-02
2.507376840000000162e-02
2.533227190000000156e-02
2.449798300000000095e-02
2.430758040000000064e-02
2.507504870000000149e-02
2.488986710000000088e-02
2.488308499999999923e-02
2.525355179999999936e-02
2.541375629999999969e-02
2.505494750000000076e-02
2.470143810000000051e-02
2.505640069999999844e-02
2.463404740000000107e-02
2.465221769999999951e-02
2.471642539999999860e-02
2.523425140000000108e-02
2.531882090000000043e-02
2.587290899999999949e-02
2.527944210000000053e-02
2.549458790000000072e-02
2.446484549999999869e-02
2.555055499999999910e-02
2.496778830000000171e-02
2.575736849999999897e-02
2.525561609999999943e-02
2.498599799999999885e-02
2.551494890000000071e-02
2.517240910000000109e-02
2.613462860000000110e-02
2.534210489999999885e-02
2.592075329999999830e-02
2.530093149999999846e-02
2.528823560000000026e-02
2.596929939999999964e-02
2.563439110000000076e-02
2.519969650000000033e-02
2.560372539999999919e-02
2.582375710000000060e-02
2.546263450000000109e-02
2.614938299999999827e-02
2.554198690000000077e-02
2.534156070000000149e-02
2.579392579999999907e-02
2.519250530000000099e-02
2.596460839999999853e-02
2.582711539999999958e-02
2.562104150000000038e-02
2.550541569999999897e-02
2.629542279999999912e-02
2.567839499999999969e-02
2.566301780000000005e-02
2.710822300000000074e-02
2.533686989999999958e-02
2.591794320000000151e-02
2.618530360000000112e-02
2.622422859999999981e-02
2.606385160000000006e-02
2.612715869999999996e-02
2.598105399999999995e-02
2.540947730000000029e-02
2.705927199999999880e-02
2.586126160000000104e-02
2.567410909999999838e-02
2.635731009999999971e-02
2.663065510000000094e-02
2.593147029999999867e-02
2.649425890000000131e-02
2.523447900000000063e-02
2.581730860000000169e-02
2.647149329999999925e-02
2.574119130000000061e-02
2.653927400000000159e-02
2.636937829999999941e-02
2.608313459999999848e-02
2.576033390000000145e-02
2.671759679999999998e-02
2.685545129999999947e-02
2.649960029999999869e-02
2.634383490000000161e-02
2.673569149999999867e-02
2.665810420000000111e-02
2.597497810000000060e-02
2.581974529999999865e-02
2.643620270000000133e-02
2.646879950000000092e-02
2.537087160000000077e-02
2.644647119999999837e-02
2.633415630000000146e-02
2.680259709999999879e-02
2.676277310000000145e-02
2.605306920000000082e-02
2.662226100000000123e-02
2.655949479999999974e-02
2.679004730000000140e-02
2.703096560000000162e-02
2.755292050000000131e-02
2.711276049999999938e-02
2.705243350000000047e-02
2.718106509999999865e-02
2.595168029999999834e-02
2.631255910000000059e-02
2.655110579999999873e-02
2.668050129999999937e-02
2.680173970000000044e-02
2.707521939999999946e-02
2.695696339999999885e-02
2.755137070000000105e-02
2.658024120000000018e-02
2.769889890000000118e-02
2.699518360000000006e-02
2.675868689999999842e-02
2.709801449999999987e-02
2.749387829999999991e-02
2.789437869999999986e-02
2.746416440000000111e-02
2.724961580000000161e-02
2.693131060000000104e-02
2.774370090000000122e-02
2.719270650000000025e-02
2.745248289999999841e-02
2.754923089999999908e-02
2.678076719999999966e-02
2.779937570000000011e-02
2.722873249999999828e-02
2.726577139999999955e-02
2.665252389999999902e-02
2.767496220000000007e-02
2.750222949999999930e-02
2.754587790000000147e-02
2.684628030000000068e-02
2.713352369999999861e-02
2.701243399999999836e-02
2.703513269999999885e-02
2.698357419999999895e-02
2.749676049999999830e-02
2.818338789999999885e-02
2.727083599999999969e-02
2.765893820000000017e-02
2.698991330000000133e-02
2.795866140000000111e-02
2.711674320000000138e-02
2.767597100000000060e-02
2.712738149999999876e-02
2.789855169999999954e-02
2.727374860000000151e-02
2.778001810000000141e-02
2.794208030000000162e-02
2.818401519999999896e-02
2.789476889999999848e-02
2.856602130000000100e-02
2.750441329999999893e-02
2.736300850000000090e-02
2.787060300000000074e-02
2.803281170000000017e-02
2.740467040000000090e-02
2.810617760000000062e-02
2.909232289999999846e-02
2.817510859999999839e-02
2.787726169999999934e-02
2.801972390000000146e-02
2.826115720000000123e-02
2.822149330000000081e-02
2.821043759999999900e-02
2.791134190000000084e-02
2.823171179999999988e-02
2.813173409999999985e-02
2.808166440000000111e-02
2.839469119999999888e-02
2.832002609999999948e-02
2.727045289999999872e-02
2.801817189999999957e-02
2.803628920000000163e-02
2.880521429999999966e-02
2.886447149999999892e-02
2.935447840000000169e-02
2.821043759999999900e-02
2.942570959999999888e-02
2.806862289999999954e-02
2.869400550000000133e-02
2.824166980000000077e-02
2.871405640000000009e-02
2.856049119999999955e-02
2.863438839999999860e-02
2.948351759999999835e-02
2.843629409999999871e-02
2.819823910000000128e-02
2.862488800000000111e-02
2.828773360000000001e-02
2.800657050000000120e-02
2.805045059999999868e-02
2.855274509999999877e-02
2.850500350000000072e-02
2.899740079999999984e-02
2.907627869999999948e-02
2.870934480000000150e-02
2.887212130000000113e-02
2.849812830000000158e-02
2.860944769999999859e-02
2.911275769999999846e-02
2.835036039999999993e-02
2.933775859999999958e-02
2.796871139999999867e-02
2.911682100000000106e-02
2.908016689999999918e-02
2.828221250000000075e-02
2.858014949999999887e-02
2.906064920000000010e-02
2.870328600000000147e-02
2.878948590000000168e-02
2.942873639999999888e-02
2.864249530000000099e-02
2.950042339999999971e-02
2.932615770000000094e-02
2.873704820000000035e-02
2.913465759999999891e-02
2.885495449999999837e-02
2.895723080000000074e-02
2.878948590000000168e-02
2.958015630000000035e-02
3.056825729999999852e-02
2.957902369999999836e-02
2.913221159999999921e-02
2.889979789999999951e-02
2.927416509999999916e-02
2.924971449999999931e-02
2.855287609999999920e-02
2.890526200000000101e-02
2.931148080000000114e-02
2.938536029999999979e-02
2.992763650000000025e-02
2.905976379999999915e-02
2.983217410000000083e-02
2.993233810000000064e-02
3.043111990000000114e-02
3.095614819999999850e-02
2.982821529999999874e-02
2.857682829999999910e-02
2.989288609999999832e-02
2.901389009999999838e-02
2.949407269999999859e-02
2.909843999999999972e-02
3.082076759999999999e-02
3.027039869999999938e-02
2.954897960000000059e-02
3.017145640000000115e-02
2.917976710000000015e-02
2.991961240000000008e-02
2.897329879999999830e-02
3.097348520000000119e-02
2.929249110000000170e-02
3.037373770000000028e-02
2.988077219999999909e-02
2.974595970000000131e-02
2.962923029999999999e-02
3.002295669999999889e-02
2.947062610000000110e-02
2.864067489999999952e-02
3.024537970000000173e-02
3.019898799999999953e-02
2.953799000000000008e-02
2.984160799999999863e-02
3.015076820000000060e-02
2.953853080000000061e-02
2.966509089999999974e-02
3.085624249999999874e-02
3.054179510000000139e-02
2.993776319999999838e-02
3.093236649999999907e-02
3.185800560000000281e-02
3.027964970000000117e-02
3.001568069999999838e-02
3.070772059999999845e-02
3.025067639999999905e-02
3.108329539999999877e-02
3.127392729999999704e-02
3.057923059999999998e-02
3.171388079999999665e-02
2.988884010000000119e-02
3.097155379999999916e-02
3.160821929999999697e-02
3.117929289999999895e-02
3.169601899999999889e-02
2.969780849999999889e-02
3.085670639999999951e-02
3.016018620000000122e-02
3.124153199999999894e-02
3.054983169999999845e-02
3.084013689999999877e-02
3.053139610000000018e-02
3.098479820000000010e-02
3.118119050000000073e-02
3.129591610000000135e-02
3.072987790000000080e-02
3.137726949999999904e-02
3.072776539999999904e-02
3.122343199999999888e-02
3.111508340000000011e-02
3.044728210000000046e-02
3.176872520000000033e-02
3.161039410000000133e-02
3.071320929999999880e-02
3.112912069999999864e-02
3.028435429999999998e-02
3.086755199999999949e-02
3.060587119999999897e-02
3.146827370000000040e-02
3.189143989999999873e-02
3.102349390000000082e-02
3.118508440000000020e-02
3.239118190000000314e-02
3.103468610000000016e-02
3.087626859999999945e-02
3.058455139999999989e-02
3.074238890000000057e-02
3.108761269999999952e-02
3.115061129999999873e-02
3.127490980000000032e-02
3.058317210000000008e-02
3.203681299999999732e-02
3.177750299999999861e-02
3.159706510000000190e-02
3.204937380000000280e-02
3.156797149999999996e-02
3.162851910000000211e-02
3.206982270000000024e-02
3.157548639999999823e-02
3.167910959999999804e-02
3.195354190000000011e-02
3.060813969999999842e-02
3.235605169999999919e-02
3.206211920000000271e-02
3.176863170000000097e-02
3.101410610000000095e-02
3.196157980000000065e-02
3.156563629999999815e-02
3.139101820000000237e-02
3.196496699999999691e-02
3.237001350000000277e-02
3.182508440000000188e-02
3.148576189999999914e-02
3.264331200000000072e-02
3.235925600000000291e-02
3.232838240000000113e-02
3.252730250000000073e-02
3.256826680000000224e-02
3.170328959999999668e-02
3.235952560000000117e-02
3.177408539999999892e-02
3.139882220000000251e-02
3.149737009999999809e-02
3.224840579999999762e-02
3.295908859999999857e-02
3.211834890000000303e-02
3.270458059999999806e-02
3.238219519999999824e-02
3.297644689999999768e-02
3.241530480000000269e-02
3.287515230000000177e-02
3.186634130000000342e-02
3.209100539999999724e-02
3.255276079999999683e-02
3.331893729999999693e-02
3.318598309999999663e-02
3.196848449999999814e-02
3.270579789999999987e-02
3.275690889999999938e-02
3.202234610000000148e-02
3.238740989999999709e-02
3.207883730000000294e-02
3.356752390000000003e-02
3.358045600000000158e-02
3.296615249999999830e-02
3.257632769999999761e-02
3.277607020000000010e-02
3.254708480000000070e-02
3.302136370000000043e-02
3.241774869999999864e-02
3.272622029999999738e-02
3.322686240000000124e-02
3.284852690000000103e-02
3.466772829999999889e-02
3.323582840000000038e-02
3.224279909999999694e-02
3.235006330000000235e-02
3.386540739999999855e-02
3.425330330000000284e-02
3.295908859999999857e-02
3.277053939999999971e-02
3.319731289999999779e-02
3.417393120000000034e-02
3.252348540000000315e-02
3.355384959999999778e-02
3.401124030000000215e-02
3.254801239999999957e-02
3.278387399999999757e-02
3.405372980000000160e-02
3.397861089999999751e-02
3.249924030000000269e-02
3.346376169999999706e-02
3.456054640000000289e-02
3.378005600000000275e-02
3.337690790000000240e-02
3.420739960000000052e-02
3.276330770000000087e-02
3.444805930000000016e-02
3.415697169999999672e-02
3.407711850000000320e-02
3.395178260000000087e-02
3.246451739999999669e-02
3.358955820000000120e-02
3.363622950000000333e-02
3.405355940000000248e-02
3.380956880000000192e-02
3.413660179999999933e-02
3.298772180000000137e-02
3.492682019999999998e-02
3.417325019999999797e-02
3.356991179999999769e-02
3.461292280000000110e-02
3.478646550000000226e-02
3.366980149999999894e-02
3.301565060000000162e-02
3.446778670000000266e-02
3.442425820000000192e-02
3.423456460000000312e-02
3.371594730000000012e-02
3.447333000000000341e-02
3.450126769999999760e-02
3.304834749999999849e-02
3.425840029999999842e-02
3.441199930000000268e-02
3.544073529999999805e-02
3.521647459999999868e-02
3.343547489999999789e-02
3.316189979999999843e-02
3.616326730000000295e-02
3.415697169999999672e-02
3.363810269999999852e-02
3.406181190000000247e-02
3.415047780000000227e-02
3.392721060000000038e-02
3.418829250000000181e-02
3.451653130000000014e-02
3.480222699999999808e-02
3.413119440000000199e-02
3.504988800000000126e-02
3.417325019999999797e-02
3.404770249999999887e-02
3.384869499999999809e-02
3.550340119999999960e-02
3.520862300000000139e-02
3.507865059999999702e-02
3.501082020000000072e-02
3.520472659999999976e-02
3.440772520000000279e-02
3.479093409999999692e-02
3.409752679999999980e-02
3.519120850000000134e-02
3.566668700000000247e-02
3.485288269999999716e-02
3.455334849999999736e-02
3.397826670000000243e-02
3.529536660000000270e-02
3.443235170000000234e-02
3.430825710000000306e-02
3.551958150000000120e-02
3.612099579999999976e-02
3.432144560000000011e-02
3.477651600000000037e-02
3.392985729999999783e-02
3.454050200000000070e-02
3.522421690000000077e-02
3.658678139999999718e-02
3.480894699999999981e-02
3.606039970000000233e-02
3.425392959999999654e-02
3.568606409999999785e-02
3.421509860000000042e-02
3.663810590000000228e-02
3.491287099999999810e-02
3.474667170000000221e-02
3.506925539999999897e-02
3.708531250000000196e-02
3.599751300000000181e-02
3.606307579999999680e-02
3.648926119999999773e-02
3.527614429999999940e-02
3.659504770000000101e-02
3.490158639999999673e-02
3.631597059999999710e-02
3.706741260000000204e-02
3.540889690000000034e-02
3.630004569999999847e-02
3.492238500000000023e-02
3.546347829999999673e-02
3.664151599999999898e-02
3.592746150000000055e-02
3.435279840000000223e-02
3.477974360000000292e-02
3.770319529999999891e-02
3.530378549999999699e-02
3.680844300000000319e-02
3.639109630000000178e-02
3.732644739999999711e-02
3.661507890000000043e-02
3.495655870000000109e-02
3.645019540000000308e-02
3.534240730000000330e-02
3.556372370000000088e-02
3.747830199999999806e-02
3.876797970000000343e-02
3.609174209999999744e-02
3.635829930000000071e-02
3.625197100000000089e-02
3.553287559999999956e-02
3.655307039999999841e-02
3.844314010000000198e-02
3.784451290000000190e-02
3.678815650000000215e-02
3.637629490000000160e-02
3.654977060000000333e-02
3.685734909999999892e-02
3.750620219999999810e-02
3.658688420000000274e-02
3.843113139999999872e-02
3.589234599999999858e-02
3.708691249999999939e-02
3.654443360000000224e-02
3.647319050000000229e-02
3.754196619999999873e-02
3.735211659999999878e-02
3.829135279999999752e-02
3.647814409999999841e-02
3.605688199999999843e-02
3.684623360000000014e-02
3.732323459999999787e-02
3.810637229999999653e-02
3.827252999999999905e-02
3.638080219999999948e-02
3.718725190000000264e-02
3.825808070000000227e-02
3.542861130000000275e-02
3.676181850000000140e-02
3.789003059999999923e-02
3.748776870000000011e-02
3.719081660000000261e-02
3.841856020000000010e-02
3.617718279999999897e-02
3.857718520000000262e-02
3.740466989999999964e-02
3.705169889999999910e-02
3.614663750000000203e-02
3.649484570000000039e-02
3.816377700000000289e-02
3.771199869999999899e-02
3.566042479999999987e-02
3.745051979999999836e-02
3.710236260000000091e-02
3.697024089999999957e-02
3.656478280000000081e-02
3.629418260000000229e-02
3.748012220000000033e-02
3.858517300000000039e-02
3.876176709999999692e-02
3.750621999999999984e-02
3.866244209999999959e-02
3.768608069999999921e-02
3.776089459999999731e-02
3.792182739999999663e-02
3.754471219999999665e-02
3.746958279999999808e-02
3.717324610000000140e-02
3.693036310000000211e-02
3.841988510000000218e-02
3.699234030000000256e-02
3.869029229999999819e-02
3.657393929999999682e-02
3.912072429999999962e-02
3.836844439999999995e-02
3.853510859999999955e-02
3.796358739999999843e-02
3.856941299999999684e-02
3.701108530000000313e-02
3.893974170000000234e-02
3.864552319999999680e-02
3.674812909999999877e-02
3.693081370000000224e-02
3.896848759999999717e-02
3.896307050000000216e-02
3.876657020000000287e-02
3.832545510000000266e-02
3.911888349999999986e-02
3.959858780000000134e-02
3.934045719999999802e-02
3.857595199999999669e-02
3.855044779999999838e-02
3.961080499999999893e-02
3.897076180000000334e-02
3.978078320000000279e-02
3.815718120000000102e-02
3.879575240000000119e-02
3.838886200000000276e-02
3.842697190000000235e-02
4.030926609999999771e-02
3.899668519999999888e-02
3.881387619999999983e-02
3.969965470000000329e-02
3.890059879999999831e-02
3.888049109999999753e-02
3.959530519999999998e-02
4.004464159999999995e-02
3.888580350000000324e-02
4.033037729999999765e-02
4.058703439999999940e-02
3.930992650000000171e-02
4.180686189999999886e-02
3.874293320000000290e-02
3.944850280000000015e-02
3.913143019999999750e-02
3.998874990000000212e-02
3.875959670000000273e-02
3.899539059999999890e-02
3.857883899999999672e-02
3.898882289999999751e-02
4.126518729999999885e-02
3.881387619999999983e-02
4.024998240000000199e-02
4.081641660000000227e-02
3.928869840000000224e-02
4.106722620000000101e-02
4.070114119999999891e-02
3.986833979999999944e-02
3.999974080000000265e-02
4.237456600000000240e-02
3.912344970000000005e-02
3.902919610000000344e-02
4.021277919999999978e-02
4.057895310000000227e-02
3.951818900000000218e-02
3.933671639999999914e-02
3.968624030000000164e-02
4.210092909999999661e-02
4.069029700000000027e-02
4.176667650000000231e-02
3.886593599999999676e-02
3.880627689999999880e-02
3.950386029999999882e-02
4.058422539999999995e-02
4.077789529999999857e-02
4.026604810000000007e-02
3.995472099999999860e-02
4.105469350000000295e-02
4.001584279999999966e-02
3.940628799999999765e-02
4.139289289999999871e-02
4.084047169999999866e-02
4.030117639999999946e-02
4.137413360000000151e-02
4.302205519999999922e-02
4.159311090000000072e-02
4.148388050000000049e-02
3.985687579999999675e-02
4.044081120000000279e-02
4.175939709999999805e-02
4.085813919999999738e-02
4.267661040000000211e-02
4.292151770000000172e-02
4.088983699999999832e-02
4.069610659999999686e-02
3.974515819999999838e-02
4.117408239999999914e-02
3.980514489999999878e-02
4.163478219999999785e-02
4.094823759999999951e-02
4.084528920000000257e-02
4.197617809999999727e-02
4.008349860000000320e-02
4.019947050000000077e-02
4.171849579999999807e-02
4.037874899999999850e-02
4.237456600000000240e-02
4.312955019999999834e-02
4.197135519999999759e-02
4.240591629999999890e-02
4.122559039999999786e-02
4.068046869999999982e-02
4.240464050000000013e-02
4.231208339999999873e-02
4.158318359999999686e-02
4.002794209999999825e-02
4.245459630000000123e-02
4.229383049999999727e-02
3.989785810000000266e-02
4.240176870000000181e-02
4.095861950000000140e-02
4.279550020000000288e-02
4.327656829999999843e-02
4.304559480000000327e-02
4.249327700000000291e-02
4.172156590000000026e-02
4.121305630000000192e-02
4.214162839999999882e-02
4.306941749999999847e-02
4.236465479999999839e-02
4.363714219999999949e-02
3.948448749999999841e-02
4.260507100000000130e-02
4.195766399999999868e-02
4.013373309999999916e-02
4.001801089999999783e-02
4.216645410000000038e-02
4.184661110000000017e-02
4.235271000000000174e-02
4.273006690000000218e-02
4.241789879999999929e-02
4.293927499999999897e-02
4.260708669999999781e-02
4.203084929999999914e-02
4.606830779999999959e-02
4.349768810000000097e-02
4.286424600000000168e-02
4.168235709999999761e-02
4.399001610000000118e-02
4.197299730000000201e-02
4.193076020000000015e-02
4.250417349999999900e-02
4.308500469999999860e-02
4.142670250000000248e-02
4.508672920000000167e-02
4.248182259999999655e-02
4.298816500000000179e-02
4.255441649999999743e-02
4.182296320000000039e-02
4.354641029999999774e-02
4.110816910000000129e-02
4.359768840000000090e-02
4.348323330000000014e-02
4.302556729999999774e-02
4.157567410000000130e-02
4.414266530000000160e-02
4.208118770000000147e-02
4.210919879999999726e-02
4.243560620000000339e-02
4.330753180000000008e-02
4.209348350000000072e-02
4.273006690000000218e-02
4.284174269999999757e-02
4.353298790000000029e-02
4.318304769999999765e-02
4.243141599999999958e-02
4.339779750000000158e-02
4.451259159999999826e-02
4.350519509999999784e-02
4.216336069999999936e-02
4.480653760000000152e-02
4.425568760000000296e-02
4.354725589999999813e-02
4.451965070000000330e-02
4.329683740000000308e-02
4.243799899999999709e-02
4.235029939999999937e-02
4.436755240000000294e-02
4.199482179999999842e-02
4.427970860000000203e-02
4.391189709999999968e-02
4.510766439999999711e-02
4.390230999999999995e-02
4.384616179999999835e-02
4.269077179999999916e-02
4.380071120000000179e-02
4.487699869999999674e-02
4.327285019999999732e-02
4.338821789999999790e-02
4.495953710000000214e-02
4.549236890000000338e-02
4.388966460000000291e-02
4.414266530000000160e-02
4.707572549999999856e-02
4.396666839999999882e-02
4.378176489999999893e-02
4.280025729999999834e-02
4.577042810000000322e-02
4.497718829999999834e-02
4.424256669999999947e-02
4.422716930000000074e-02
4.682885999999999993e-02
4.271880919999999915e-02
4.467635510000000226e-02
4.654907719999999693e-02
4.390319210000000194e-02
4.536881820000000093e-02
4.254647329999999839e-02
4.821111229999999748e-02
4.425337359999999970e-02
4.530171919999999991e-02
4.405119779999999707e-02
4.642149500000000012e-02
4.479164220000000224e-02
4.502156379999999736e-02
4.509297830000000284e-02
4.492327819999999972e-02
4.360941890000000210e-02
4.328320360000000033e-02
4.666740169999999965e-02
4.650155100000000208e-02
4.636748160000000313e-02
4.588166290000000175e-02
4.534558780000000344e-02
4.603694180000000163e-02
4.557242439999999867e-02
4.379301780000000033e-02
4.889979240000000282e-02
4.462634409999999968e-02
4.664201190000000219e-02
4.693878540000000210e-02
4.805494600000000116e-02
4.625631790000000326e-02
4.525849490000000142e-02
4.487538010000000077e-02
4.700791199999999892e-02
4.949771010000000165e-02
4.269507849999999716e-02
4.797280959999999927e-02
4.536830759999999768e-02
4.624299280000000040e-02
4.577100230000000214e-02
4.495027459999999947e-02
4.788551060000000026e-02
4.482579069999999971e-02
4.569435990000000197e-02
4.653651510000000185e-02
4.687108400000000036e-02
4.639863069999999867e-02
4.503922860000000167e-02
4.536671669999999684e-02
4.424905579999999922e-02
4.590450050000000060e-02
4.529454499999999856e-02
4.702651990000000087e-02
4.533896639999999978e-02
4.595265529999999904e-02
4.681115129999999930e-02
4.458012590000000330e-02
4.790160400000000041e-02
4.531642560000000153e-02
4.618195679999999997e-02
4.569423140000000022e-02
4.692298620000000253e-02
4.636544050000000056e-02
4.647389889999999774e-02
4.599555159999999671e-02
4.262432280000000295e-02
4.759103540000000215e-02
4.596540479999999818e-02
4.532206180000000056e-02
4.759229009999999677e-02
4.690108219999999939e-02
4.651295729999999767e-02
4.654907719999999693e-02
4.593110059999999661e-02
4.849989949999999883e-02
5.023267330000000253e-02
4.791854090000000066e-02
4.820142470000000207e-02
4.872367429999999860e-02
4.769381550000000025e-02
4.433894559999999874e-02
4.848017959999999932e-02
4.928804550000000229e-02
4.792111849999999840e-02
5.147824389999999806e-02
4.863893589999999933e-02
4.618392119999999851e-02
4.800923180000000318e-02
4.606704920000000147e-02
4.978982120000000067e-02
5.022292259999999731e-02
4.690196490000000246e-02
5.029892689999999889e-02
4.758398040000000329e-02
4.812964680000000189e-02
4.848300209999999860e-02
4.721516519999999911e-02
5.103624870000000174e-02
5.038677589999999984e-02
4.813419630000000116e-02
4.691111320000000001e-02
4.738474570000000136e-02
4.964959010000000172e-02
4.773439510000000024e-02
4.873228129999999936e-02
4.615091780000000338e-02
4.708553070000000285e-02
5.162399170000000342e-02
4.730347170000000212e-02
4.985099119999999995e-02
4.755763059999999764e-02
4.778317210000000009e-02
4.831487369999999670e-02
5.006428079999999947e-02
5.118356079999999975e-02
4.827904479999999693e-02
5.044129819999999820e-02
4.910881770000000146e-02
4.723985239999999725e-02
4.977912889999999702e-02
4.679213069999999669e-02
4.984254429999999958e-02
4.775479380000000051e-02
4.910874979999999695e-02
5.193648590000000259e-02
4.999116530000000114e-02
4.820142470000000207e-02
4.814903140000000026e-02
4.806061150000000282e-02
5.174290449999999902e-02
4.961334929999999810e-02
5.103539160000000047e-02
4.830789280000000185e-02
5.054905030000000216e-02
4.859775260000000208e-02
5.133246179999999964e-02
4.826722769999999829e-02
4.815763990000000022e-02
4.971069310000000158e-02
4.740023659999999944e-02
5.198296420000000223e-02
5.041110439999999665e-02
5.269824559999999880e-02
5.253180910000000009e-02
4.813603539999999903e-02
4.981927330000000126e-02
4.831487369999999670e-02
4.992093260000000227e-02
5.214100399999999774e-02
5.098395280000000279e-02
5.163504890000000097e-02
4.871161770000000113e-02
5.169384300000000321e-02
5.347373810000000116e-02
4.861911249999999879e-02
5.041110439999999665e-02
5.312380850000000126e-02
5.257985839999999855e-02
5.248444790000000165e-02
5.246420870000000070e-02
5.262359120000000001e-02
5.216494969999999759e-02
4.918200269999999791e-02
5.114665919999999977e-02
5.172795649999999829e-02
4.931263250000000181e-02
4.893420269999999850e-02
5.393714119999999668e-02
5.034138280000000076e-02
5.336289129999999964e-02
5.071093680000000187e-02
5.235105000000000314e-02
5.173517250000000262e-02
4.854801899999999781e-02
5.062168840000000336e-02
5.088686519999999908e-02
4.768893350000000253e-02
5.252993110000000326e-02
5.086626689999999840e-02
5.185100849999999678e-02
5.347373810000000116e-02
5.514291059999999745e-02
5.379942079999999738e-02
5.273403990000000152e-02
5.178864510000000254e-02
5.206184779999999818e-02
4.789097149999999720e-02
5.105060179999999781e-02
5.033127710000000199e-02
5.203842880000000143e-02
5.031034129999999854e-02
5.023197559999999923e-02
5.513961700000000188e-02
5.106661290000000242e-02
5.022969659999999836e-02
5.286202119999999782e-02
5.193010110000000068e-02
5.249392900000000167e-02
5.230910999999999894e-02
5.376285599999999776e-02
5.382701310000000128e-02
5.313894279999999831e-02
5.058478539999999857e-02
5.251705279999999837e-02
5.442162749999999993e-02
5.215085960000000187e-02
5.418116819999999750e-02
5.437739409999999690e-02
5.335659160000000290e-02
5.268570709999999963e-02
5.010536150000000077e-02
5.044030439999999671e-02
5.700354960000000165e-02
5.347391459999999846e-02
5.472987929999999918e-02
5.148671199999999698e-02
5.322260830000000165e-02
5.128867119999999669e-02
5.457428300000000121e-02
5.165294539999999712e-02
5.194411940000000227e-02
5.468581990000000170e-02
5.381776860000000301e-02
5.227402569999999721e-02
5.660192470000000031e-02
5.217653690000000066e-02
5.124951450000000269e-02
5.054832010000000209e-02
5.347988060000000154e-02
5.242482269999999833e-02
5.156454430000000089e-02
5.146217580000000263e-02
5.435419710000000126e-02
5.410976409999999903e-02
5.038509909999999703e-02
5.420584540000000090e-02
5.207893310000000220e-02
5.230524959999999918e-02
5.350924469999999988e-02
5.394152370000000057e-02
5.480848440000000293e-02
5.616815210000000030e-02
5.318273839999999864e-02
5.289844020000000063e-02
5.484286969999999789e-02
5.340279440000000183e-02
5.080173999999999801e-02
5.202504689999999654e-02
5.544483459999999947e-02
5.050489009999999807e-02
5.518833000000000072e-02
5.362056850000000013e-02
5.389695359999999852e-02
5.697739319999999691e-02
5.321303730000000176e-02
5.672877829999999760e-02
5.288869200000000104e-02
5.499188449999999756e-02
5.777878399999999970e-02
5.861660519999999791e-02
5.663630990000000087e-02
5.783140710000000267e-02
5.356729600000000036e-02
5.567302059999999775e-02
5.245387740000000132e-02
5.538327970000000294e-02
5.454227870000000200e-02
5.833021509999999910e-02
5.643181299999999734e-02
5.380581300000000095e-02
5.568738599999999844e-02
5.607274250000000154e-02
5.609744070000000082e-02
5.659995159999999664e-02
5.222732699999999700e-02
5.257147610000000026e-02
5.901856379999999985e-02
5.613938739999999733e-02
5.680993730000000186e-02
5.724797460000000116e-02
5.773483189999999848e-02
5.720086459999999817e-02
5.778368610000000211e-02
5.882339400000000107e-02
6.075871709999999815e-02
5.743114280000000127e-02
5.581175979999999925e-02
5.440360770000000207e-02
5.540241060000000023e-02
6.133978660000000138e-02
5.986598900000000140e-02
5.613456829999999981e-02
5.472653859999999926e-02
6.148204399999999958e-02
6.074279689999999982e-02
5.630132289999999901e-02
5.600102450000000315e-02
5.442508029999999775e-02
5.679448430000000325e-02
5.415831959999999751e-02
5.487494009999999839e-02
6.169526019999999750e-02
5.362690920000000305e-02
5.823508730000000189e-02
5.693286150000000101e-02
5.875816489999999975e-02
5.189548530000000215e-02
5.526978149999999673e-02
5.344291410000000242e-02
5.850363769999999963e-02
5.649673289999999903e-02
5.361436590000000224e-02
5.523037869999999905e-02
5.766446969999999839e-02
5.735143999999999659e-02
5.578723750000000314e-02
5.907992329999999653e-02
5.215174029999999905e-02
5.703247250000000046e-02
6.243398370000000086e-02
6.037992980000000259e-02
5.506733729999999799e-02
5.681326020000000004e-02
5.623449190000000264e-02
5.920068059999999965e-02
5.259549489999999772e-02
6.142257980000000173e-02
5.781011330000000031e-02
6.037893999999999900e-02
5.509379899999999886e-02
6.076805839999999820e-02
5.977616589999999730e-02
5.861111039999999939e-02
5.889921520000000049e-02
5.563084160000000139e-02
5.976673390000000058e-02
6.097097039999999774e-02
5.645746530000000235e-02
5.631625640000000044e-02
5.643195649999999813e-02
5.756526819999999850e-02
5.995843199999999901e-02
5.755785809999999780e-02
5.809286269999999752e-02
6.058611140000000339e-02
5.549884189999999828e-02
5.927298730000000321e-02
5.835602959999999784e-02
5.969439960000000323e-02
5.662297089999999977e-02
5.974065860000000311e-02
6.151492780000000077e-02
5.604067249999999945e-02
6.011594890000000052e-02
5.684094469999999982e-02
6.467491209999999546e-02
5.806768229999999947e-02
5.764287330000000126e-02
5.926980839999999862e-02
5.602086760000000304e-02
5.660688719999999730e-02
5.791895100000000324e-02
5.853505640000000038e-02
5.909655469999999799e-02
6.204905539999999720e-02
6.120078439999999953e-02
5.958572239999999909e-02
6.195179569999999941e-02
5.566231740000000122e-02
5.633813440000000339e-02
5.749940650000000264e-02
5.661630410000000058e-02
6.140671000000000324e-02
6.198939789999999977e-02
5.962262900000000337e-02
5.958648419999999779e-02
5.932586069999999656e-02
6.417476169999999924e-02
5.899918540000000100e-02
5.481291950000000135e-02
5.723964759999999874e-02
6.259673390000000670e-02
5.395319950000000003e-02
6.111702900000000327e-02
6.430840890000000254e-02
6.129115630000000342e-02
6.033304529999999888e-02
5.876388040000000285e-02
6.104791589999999935e-02
6.307974589999999770e-02
6.227667189999999686e-02
6.250175410000000098e-02
6.145348490000000080e-02
5.900983440000000246e-02
6.234253960000000344e-02
5.772934319999999814e-02
6.095422939999999706e-02
6.629938320000000607e-02
6.064427270000000147e-02
6.578734999999999444e-02
6.080067709999999875e-02
6.145348490000000080e-02
5.992155569999999681e-02
5.979087870000000110e-02
6.483319170000000076e-02
6.226779989999999682e-02
5.825387810000000333e-02
6.088888659999999731e-02
6.656866359999999427e-02
5.900076719999999830e-02
5.831816279999999658e-02
6.130934899999999910e-02
5.764731940000000082e-02
6.070672199999999769e-02
6.010142930000000189e-02
6.199559319999999735e-02
6.053972629999999910e-02
6.626994560000000478e-02
6.095405739999999739e-02
6.642018280000000496e-02
6.101203639999999706e-02
6.122645549999999881e-02
5.997473810000000100e-02
6.387439000000000311e-02
6.283831859999999825e-02
6.074390300000000187e-02
6.019383620000000323e-02
6.465840059999999889e-02
6.790409699999999660e-02
6.208924360000000336e-02
6.477589189999999331e-02
6.375266479999999736e-02
5.906256540000000277e-02
6.191916620000000038e-02
6.522781860000000098e-02
6.434284839999999950e-02
6.542920700000000311e-02
6.277967280000000538e-02
6.195179569999999941e-02
6.663593169999999788e-02
5.914389450000000215e-02
6.510883489999999552e-02
6.265166440000000114e-02
6.035526780000000091e-02
6.392472259999999740e-02
6.698405000000000331e-02
6.334525339999999560e-02
6.160432820000000254e-02
6.278953650000000664e-02
6.143001120000000231e-02
6.680893910000000602e-02
6.489287559999999677e-02
6.539367290000000499e-02
6.493725979999999398e-02
6.577967299999999684e-02
6.777732820000000047e-02
6.476651170000000124e-02
6.388994659999999715e-02
6.446976079999999776e-02
6.602662039999999954e-02
6.297321529999999612e-02
6.585996769999999390e-02
6.752784739999999342e-02
6.755619969999999974e-02
6.587578669999999414e-02
6.862106919999999555e-02
6.919741179999999714e-02
6.469380299999999417e-02
6.858622000000000329e-02
6.328989879999999402e-02
6.506730339999999835e-02
6.578828170000000641e-02
6.351827259999999475e-02
6.290769459999999424e-02
6.840494900000000655e-02
6.575392850000000289e-02
6.555863670000000587e-02
6.426008430000000604e-02
6.458122260000000170e-02
6.582405789999999646e-02
7.108965370000000505e-02
6.609074349999999320e-02
6.640070369999999389e-02
6.488674769999999703e-02
7.224778299999999598e-02
6.497448159999999473e-02
6.695457990000000525e-02
6.216156030000000166e-02
6.762095270000000047e-02
6.697773780000000621e-02
6.272651310000000591e-02
6.508637350000000266e-02
6.544116120000000036e-02
6.844254439999999939e-02
6.537200449999999718e-02
6.296995230000000665e-02
6.133465209999999779e-02
6.463961479999999482e-02
6.728962330000000380e-02
6.638187759999999993e-02
6.683939360000000496e-02
7.191040229999999533e-02
6.477995109999999668e-02
6.469607239999999870e-02
6.550259880000000590e-02
6.781509609999999966e-02
6.814378479999999572e-02
6.652372970000000607e-02
6.239315809999999851e-02
7.416643409999999770e-02
6.617588779999999948e-02
6.857607740000000451e-02
6.858068009999999937e-02
6.713701090000000204e-02
7.142797859999999721e-02
7.617034220000000466e-02
6.385031929999999967e-02
6.814397649999999473e-02
6.510883489999999552e-02
6.770582849999999542e-02
6.492486560000000628e-02
7.280625920000000084e-02
6.230583900000000175e-02
7.002442439999999324e-02
6.914599820000000285e-02
6.819329559999999513e-02
6.980195209999999484e-02
6.314346190000000303e-02
6.623809899999999473e-02
7.107789679999999832e-02
6.766452559999999727e-02
6.404561370000000364e-02
6.394008930000000257e-02
6.484013519999999586e-02
6.106329320000000033e-02
6.723289979999999555e-02
6.819225090000000100e-02
6.696599729999999639e-02
6.584310020000000430e-02
6.414219969999999937e-02
6.585614330000000294e-02
6.757985910000000040e-02
6.909347379999999927e-02
6.747280329999999493e-02
7.255345330000000093e-02
6.850259300000000051e-02
7.499997129999999568e-02
6.963256900000000527e-02
7.403372240000000160e-02
6.484630630000000340e-02
7.227813710000000058e-02
6.742924209999999474e-02
7.165461639999999577e-02
6.494362979999999952e-02
6.797586790000000045e-02
7.134780910000000642e-02
6.571223780000000347e-02
7.367886590000000124e-02
7.516674580000000383e-02
6.516987840000000587e-02
7.346234570000000075e-02
6.825834969999999835e-02
6.758027070000000025e-02
8.041470689999999366e-02
6.819225090000000100e-02
7.341506720000000319e-02
7.280625920000000084e-02
6.608021429999999530e-02
7.135587229999999781e-02
7.151213859999999700e-02
7.810314819999999991e-02
7.398471080000000588e-02
6.952268690000000528e-02
7.034147420000000372e-02
6.688247220000000104e-02
7.535851100000000302e-02
7.459523789999999988e-02
7.197670520000000460e-02
6.718067410000000406e-02
7.511830099999999844e-02
6.643811010000000294e-02
7.342908300000000610e-02
7.142138500000000390e-02
6.548535549999999483e-02
7.618802919999999312e-02
7.045088889999999437e-02
7.763475870000000056e-02
7.654326300000000027e-02
7.470081439999999573e-02
7.871440479999999851e-02
7.453660339999999829e-02
7.263178759999999734e-02
7.023296490000000003e-02
7.465236799999999673e-02
7.159435799999999683e-02
7.405829540000000155e-02
6.882571980000000422e-02
6.988828330000000644e-02
6.632866660000000247e-02
7.214863859999999518e-02
7.546148240000000174e-02
8.014083850000000564e-02
8.645193710000000087e-02
7.396642470000000524e-02
7.301401230000000020e-02
7.166408050000000474e-02
7.285952129999999360e-02
7.020438419999999735e-02
7.524530390000000457e-02
7.478141509999999825e-02
7.697021310000000394e-02
8.025774239999999837e-02
7.815739839999999439e-02
7.126929009999999343e-02
7.752621540000000089e-02
7.425957750000000690e-02
6.933214649999999701e-02
7.489624749999999886e-02
7.291305939999999375e-02
7.076379630000000087e-02
7.273785250000000535e-02
8.080525180000000529e-02
7.132289980000000584e-02
7.908957519999999797e-02
7.098805399999999488e-02
7.794182210000000222e-02
7.283618980000000631e-02
7.435694939999999697e-02
7.424528010000000511e-02
7.146195290000000033e-02
7.571304380000000445e-02
6.895881530000000370e-02
6.803703799999999413e-02
7.687935840000000021e-02
7.586766970000000110e-02
7.586699959999999854e-02
7.225895390000000584e-02
8.121895029999999516e-02
7.787022949999999888e-02
7.848583500000000379e-02
7.310231959999999307e-02
7.626361410000000174e-02
7.356322419999999918e-02
7.537811340000000193e-02
6.957549700000000004e-02
7.706358189999999719e-02
7.266738279999999939e-02
7.064368199999999931e-02
6.988828330000000644e-02
7.526877569999999851e-02
7.375282889999999758e-02
8.150412699999999566e-02
7.128634620000000310e-02
7.618715239999999944e-02
8.182852690000000373e-02
6.753677389999999947e-02
7.715465159999999878e-02
7.821406390000000541e-02
7.481009560000000114e-02
7.053179369999999782e-02
8.032130989999999859e-02
7.386873739999999522e-02
8.002039049999999654e-02
7.004152959999999928e-02
7.886815580000000603e-02
7.701126390000000155e-02
8.403382189999999974e-02
7.826516560000000566e-02
8.566809459999999432e-02
7.901133100000000409e-02
7.851920480000000591e-02
8.095081610000000316e-02
7.933651299999999740e-02
7.488944520000000160e-02
7.168147449999999476e-02
8.745761220000000669e-02
7.428482459999999343e-02
7.972203469999999959e-02
7.214746510000000224e-02
8.083129299999999851e-02
7.547994880000000184e-02
7.376653810000000089e-02
7.729764359999999335e-02
7.290366439999999837e-02
7.670620609999999340e-02
7.477906410000000059e-02
7.709399170000000301e-02
8.081637299999999691e-02
8.496779020000000404e-02
7.756664809999999632e-02
7.460743820000000082e-02
8.352847859999999736e-02
7.853234300000000445e-02
7.401609509999999836e-02
8.255492550000000096e-02
8.368476900000000607e-02
8.187221699999999713e-02
7.969881580000000298e-02
7.425560559999999644e-02
7.617076309999999684e-02
9.112640989999999663e-02
8.129450339999999553e-02
8.100843689999999431e-02
9.583526509999999721e-02
8.195100019999999874e-02
8.242351909999999504e-02
7.524167140000000142e-02
7.914106760000000351e-02
7.603284790000000570e-02
7.835845410000000233e-02
8.092837249999999816e-02
7.209146769999999482e-02
8.255013519999999938e-02
7.767824909999999916e-02
8.180338619999999450e-02
7.268298589999999670e-02
7.881886320000000556e-02
8.047496429999999312e-02
8.086753550000000401e-02
7.757955380000000623e-02
8.148238620000000654e-02
8.537550659999999791e-02
7.419393309999999797e-02
8.661699509999999658e-02
7.949175220000000153e-02
7.575532000000000099e-02
7.682975039999999367e-02
8.141177600000000514e-02
9.307523619999999442e-02
8.037488349999999393e-02
7.863803299999999608e-02
8.356186840000000282e-02
8.336297249999999326e-02
7.738495619999999353e-02
8.962767470000000680e-02
9.323345049999999523e-02
7.253334699999999802e-02
7.754955550000000586e-02
7.970363099999999701e-02
8.552295610000000547e-02
8.001500509999999455e-02
8.483563339999999897e-02
8.534536489999999809e-02
8.609777120000000616e-02
8.519783640000000435e-02
8.176199150000000582e-02
7.643898030000000066e-02
8.668537149999999691e-02
9.167784269999999791e-02
7.816139460000000316e-02
8.645917559999999336e-02
8.703556249999999661e-02
8.324680110000000355e-02
7.173042910000000660e-02
8.905643600000000271e-02
8.192428399999999999e-02
8.238977819999999952e-02
8.572970139999999684e-02
8.570801679999999478e-02
8.209553729999999327e-02
7.767409760000000551e-02
8.287236929999999835e-02
8.064970759999999517e-02
9.181587030000000482e-02
8.571575700000000353e-02
8.827541560000000398e-02
8.251325149999999553e-02
8.176673789999999720e-02
8.673230789999999968e-02
8.488505479999999825e-02
8.256178029999999834e-02
8.429508330000000382e-02
8.514414739999999482e-02
8.330893009999999765e-02
8.214575579999999766e-02
8.819213850000000299e-02
8.636057079999999442e-02
8.358288630000000607e-02
8.247699719999999901e-02
8.447062519999999630e-02
7.870465020000000367e-02
9.972190570000000198e-02
8.159250549999999547e-02
8.690556659999999767e-02
8.522228589999999993e-02
8.797227400000000308e-02
8.187358499999999872e-02
8.724219649999999382e-02
8.374562580000000089e-02
8.594210680000000102e-02
8.101435340000000263e-02
8.790811329999999313e-02
8.371182829999999908e-02
8.891390479999999874e-02
8.673382229999999915e-02
9.217034220000000500e-02
9.094072100000000214e-02
8.552840800000000021e-02
7.832140799999999514e-02
7.758880170000000132e-02
8.300853230000000693e-02
8.225060609999999828e-02
1.013495870000000049e-01
8.838768869999999445e-02
8.420599189999999901e-02
9.214947490000000019e-02
8.352081629999999479e-02
8.372680150000000321e-02
7.786357260000000002e-02
8.298683910000000108e-02
8.262859779999999488e-02
7.998538630000000260e-02
9.125100349999999694e-02
9.052655419999999786e-02
8.245011150000000621e-02
8.420955650000000459e-02
9.754493599999999875e-02
8.895469940000000353e-02
8.287989279999999348e-02
9.599854750000000325e-02
9.614717109999999789e-02
8.522571989999999653e-02
8.924236789999999420e-02
9.223629910000000209e-02
8.502316190000000495e-02
8.471657520000000496e-02
9.032220430000000022e-02
8.699250209999999373e-02
8.967550489999999430e-02
8.708478710000000511e-02
9.250851779999999525e-02
8.817509789999999903e-02
8.817314549999999418e-02
8.342861220000000189e-02
9.432765249999999768e-02
9.053906230000000055e-02
8.677650400000000430e-02
9.789329889999999479e-02
8.960870490000000244e-02
8.992686440000000059e-02
9.684248080000000536e-02
7.623854489999999651e-02
9.854269749999999828e-02
9.083379900000000673e-02
9.980417660000000246e-02
9.284933119999999596e-02
9.753455910000000117e-02
9.465277310000000388e-02
9.303030789999999772e-02
9.671191379999999338e-02
1.044402589999999936e-01
9.812821789999999489e-02
9.898599519999999596e-02
9.360156349999999847e-02
8.437233080000000607e-02
9.027743600000000257e-02
8.696609040000000124e-02
9.708436739999999621e-02
9.123563120000000026e-02
9.474327979999999649e-02
1.025234460000000042e-01
1.079283500000000062e-01
9.043071330000000685e-02
8.698144859999999701e-02
9.444277349999999349e-02
8.884805229999999387e-02
8.738746799999999593e-02
1.004675639999999953e-01
9.368393410000000476e-02
9.209994000000000514e-02
9.107753959999999316e-02
9.523378709999999470e-02
8.557780460000000144e-02
9.834233629999999948e-02
1.007177060000000041e-01
9.646476230000000651e-02
9.276335049999999416e-02
9.140113069999999951e-02
8.979804030000000659e-02
9.793623369999999995e-02
9.605157329999999827e-02
9.282149450000000412e-02
9.638541809999999488e-02
8.792497130000000161e-02
9.555583769999999311e-02
9.430820939999999541e-02
1.040182230000000069e-01
9.918963449999999848e-02
1.056730510000000040e-01
8.981078500000000409e-02
8.925581670000000412e-02
1.082408599999999943e-01
8.279670120000000300e-02
1.001758370000000037e-01
9.880038570000000686e-02
9.583607239999999972e-02
9.502109799999999828e-02
9.073523320000000114e-02
1.062468619999999975e-01
9.758919639999999451e-02
9.028023229999999899e-02
9.850429099999999383e-02
9.723966509999999730e-02
9.592280659999999348e-02
9.752047360000000442e-02
1.092792840000000043e-01
9.562486480000000066e-02
1.022753089999999948e-01
9.205508769999999619e-02
1.024674349999999956e-01
1.037756930000000022e-01
9.843611700000000353e-02
9.115099100000000065e-02
1.096712059999999933e-01
1.172427659999999983e-01
8.718174039999999902e-02
1.115531830000000002e-01
9.365202920000000042e-02
9.693559300000000045e-02
9.524519280000000310e-02
9.042946039999999464e-02
1.119931759999999998e-01
9.367917010000000044e-02
9.406809200000000593e-02
9.139237020000000322e-02
9.555402999999999814e-02
1.024207139999999960e-01
1.038336650000000055e-01
9.446677300000000388e-02
1.052289670000000066e-01
1.062394309999999953e-01
9.948915760000000275e-02
9.831937559999999465e-02
9.500823619999999858e-02
9.501186100000000301e-02
1.015162240000000021e-01
1.060158900000000015e-01
9.721340350000000352e-02
1.011510530000000047e-01
9.254129789999999967e-02
1.002584890000000062e-01
9.316042019999999646e-02
1.065467249999999949e-01
9.475981719999999886e-02
9.053745589999999399e-02
1.251370930000000048e-01
9.824580400000000602e-02
9.952777990000000186e-02
1.094488180000000033e-01
9.427646359999999892e-02
1.036916120000000024e-01
1.079584980000000000e-01
1.038640910000000056e-01
1.032192009999999965e-01
9.274886229999999843e-02
9.481421140000000081e-02
9.704450779999999888e-02
1.164259289999999974e-01
1.058068090000000017e-01
1.159914850000000053e-01
9.984934659999999962e-02
8.667789409999999972e-02
1.002581540000000021e-01
9.707689440000000225e-02
1.064604329999999932e-01
9.849419280000000498e-02
1.000709359999999992e-01
9.361662660000000247e-02
9.820537099999999964e-02
1.114789469999999949e-01
9.777701049999999727e-02
9.830238489999999774e-02
8.954796700000000609e-02
1.110949890000000051e-01
1.057809130000000042e-01
9.853350339999999985e-02
1.063033830000000013e-01
1.008072849999999965e-01
