2.252386060000000079e-01
2.429759800000000081e-01
2.250731890000000068e-01
2.187926619999999989e-01
2.288414539999999997e-01
2.096859219999999968e-01
2.137174609999999975e-01
2.019502069999999927e-01
2.107895170000000096e-01
2.083650830000000065e-01
1.829218860000000058e-01
1.844889819999999958e-01
1.846341039999999933e-01
1.735758930000000089e-01
1.764727680000000021e-01
1.855378599999999989e-01
1.628249290000000071e-01
1.628201009999999949e-01
1.657450799999999891e-01
1.654114720000000038e-01
1.586257070000000047e-01
1.630830620000000009e-01
1.631940900000000139e-01
1.655451360000000094e-01
1.505111749999999970e-01
1.466729940000000010e-01
1.423306759999999893e-01
1.472425460000000019e-01
1.463575360000000103e-01
1.532885730000000113e-01
1.393327709999999942e-01
1.377864030000000017e-01
1.376212089999999943e-01
1.371144499999999988e-01
1.413788199999999884e-01
1.398887930000000113e-01
1.397185029999999939e-01
1.391421850000000016e-01
1.379025429999999885e-01
1.405840369999999950e-01
1.359098850000000080e-01
1.469053919999999958e-01
1.364568320000000001e-01
1.323298810000000103e-01
1.351757939999999880e-01
1.370465899999999959e-01
1.355025320000000089e-01
1.398644149999999919e-01
1.379596439999999924e-01
1.428696359999999943e-01
1.453468350000000076e-01
1.390317080000000038e-01
1.416027549999999968e-01
1.409795580000000048e-01
1.375526189999999871e-01
1.428926739999999973e-01
1.213478449999999959e-01
1.374944300000000008e-01
1.490775639999999957e-01
1.417191620000000096e-01
1.234207600000000044e-01
1.319885849999999916e-01
1.431494500000000114e-01
1.361917699999999898e-01
1.398825350000000023e-01
1.477599139999999922e-01
1.272624280000000108e-01
1.319937860000000018e-01
1.375521269999999963e-01
1.463936269999999984e-01
1.313413979999999981e-01
1.293290410000000057e-01
1.397566050000000060e-01
1.252122519999999961e-01
1.423387230000000003e-01
1.314627379999999957e-01
1.314613819999999877e-01
1.371806560000000119e-01
1.470450759999999968e-01
1.348896920000000055e-01
1.262646470000000076e-01
1.309629079999999890e-01
1.226047950000000025e-01
1.283947679999999925e-01
1.378249530000000000e-01
1.390812839999999995e-01
1.235512420000000056e-01
1.298082319999999956e-01
1.389990749999999997e-01
1.369719209999999965e-01
1.287166919999999937e-01
1.288139670000000014e-01
1.307057140000000006e-01
1.121967289999999950e-01
1.443134839999999919e-01
1.305907669999999965e-01
1.220641509999999957e-01
1.279447669999999870e-01
1.316293480000000071e-01
1.283875260000000018e-01
1.366952060000000135e-01
1.274352069999999948e-01
1.261618879999999998e-01
1.216551069999999984e-01
1.107923160000000018e-01
1.206598509999999985e-01
1.368779539999999961e-01
1.269910190000000105e-01
1.330775319999999984e-01
1.149235809999999969e-01
1.286293420000000076e-01
1.291816679999999995e-01
1.303941309999999965e-01
1.209125300000000042e-01
1.205074710000000049e-01
1.316885949999999916e-01
1.389258949999999937e-01
1.403325500000000003e-01
1.258392180000000027e-01
1.322315340000000117e-01
1.243234649999999941e-01
1.214606540000000012e-01
1.232584790000000041e-01
1.284386959999999911e-01
1.276812109999999889e-01
1.363157929999999907e-01
1.252885009999999966e-01
1.260520669999999899e-01
1.254806220000000139e-01
1.285810769999999881e-01
1.268639709999999921e-01
1.169992090000000068e-01
1.173009049999999970e-01
1.223524879999999954e-01
1.410860869999999989e-01
1.195060760000000027e-01
1.196927059999999959e-01
1.182563009999999942e-01
1.362331360000000047e-01
1.339692919999999898e-01
1.169174310000000022e-01
1.364765470000000036e-01
1.417687679999999895e-01
1.154192089999999948e-01
1.198567080000000062e-01
1.263215540000000026e-01
1.282269809999999899e-01
1.329717189999999882e-01
1.182535890000000062e-01
1.318259089999999911e-01
1.408850399999999892e-01
1.384558979999999939e-01
1.048614900000000016e-01
1.219907779999999942e-01
1.362078790000000039e-01
1.183060179999999989e-01
1.312524230000000069e-01
1.402758960000000110e-01
1.272487190000000101e-01
1.324222090000000129e-01
1.213893520000000059e-01
1.226221100000000064e-01
1.189480869999999940e-01
1.259282830000000020e-01
1.162571980000000060e-01
1.267647450000000120e-01
1.326196789999999903e-01
1.315092439999999974e-01
1.249724849999999943e-01
1.177705599999999964e-01
1.261945220000000034e-01
1.135051620000000067e-01
1.290523560000000070e-01
1.191719700000000021e-01
1.338834610000000092e-01
1.245471979999999979e-01
1.158558650000000023e-01
1.362227199999999916e-01
1.271703389999999934e-01
1.147060990000000058e-01
1.172940809999999945e-01
1.325103189999999875e-01
1.142351399999999989e-01
1.245769189999999943e-01
1.205686700000000028e-01
1.165582089999999960e-01
1.211609619999999971e-01
1.334990110000000008e-01
1.161068680000000020e-01
1.194346170000000068e-01
1.285195050000000061e-01
1.033413110000000051e-01
1.261499670000000017e-01
1.072260740000000045e-01
1.269672809999999874e-01
1.210560430000000021e-01
1.235319529999999999e-01
1.246836479999999941e-01
1.257774080000000072e-01
1.259561479999999900e-01
9.559214859999999592e-02
1.137097329999999934e-01
1.173145030000000005e-01
1.121346129999999941e-01
1.214752270000000051e-01
1.308396609999999960e-01
1.265694649999999921e-01
1.285143049999999953e-01
1.203261760000000069e-01
1.375267649999999953e-01
1.246714069999999980e-01
1.212264079999999938e-01
1.156564280000000056e-01
1.313733460000000020e-01
1.138611880000000021e-01
1.181014779999999958e-01
1.015274449999999939e-01
1.189823599999999953e-01
1.273376200000000125e-01
1.205609370000000069e-01
1.332972500000000060e-01
1.197533459999999966e-01
1.218115169999999942e-01
1.223878340000000009e-01
1.011394929999999970e-01
1.276910599999999951e-01
1.245045740000000067e-01
1.331832559999999999e-01
1.098555920000000019e-01
1.170905230000000019e-01
1.405086819999999959e-01
1.051048490000000002e-01
1.195264240000000061e-01
1.255521179999999903e-01
1.231561530000000043e-01
1.100509610000000027e-01
1.239328910000000034e-01
1.216567459999999962e-01
1.170097660000000012e-01
1.141535860000000013e-01
1.183958650000000029e-01
1.372398589999999918e-01
1.243699939999999976e-01
1.272724269999999935e-01
1.205462139999999988e-01
1.292065380000000097e-01
1.207247000000000042e-01
1.135740580000000055e-01
1.147954909999999995e-01
1.271405969999999941e-01
1.237999570000000021e-01
1.209295019999999943e-01
1.049273460000000047e-01
1.167985500000000010e-01
1.181118119999999966e-01
1.205073370000000060e-01
1.245642379999999938e-01
1.136246399999999990e-01
1.156578209999999940e-01
1.122598870000000026e-01
1.149242969999999947e-01
1.100559380000000059e-01
1.306493129999999891e-01
1.212665809999999983e-01
1.070947720000000047e-01
1.130689079999999958e-01
1.260077059999999971e-01
1.149471549999999953e-01
1.204652340000000044e-01
1.238015890000000035e-01
1.185090770000000043e-01
1.131765920000000064e-01
1.161954099999999990e-01
1.165090280000000006e-01
1.270611289999999949e-01
1.204695330000000036e-01
1.063429419999999959e-01
1.130668819999999936e-01
1.135116439999999949e-01
1.149696709999999955e-01
1.184810099999999977e-01
1.249572780000000050e-01
1.235352680000000036e-01
1.160239279999999984e-01
1.293563540000000067e-01
1.052498439999999952e-01
1.224633160000000026e-01
1.144808900000000018e-01
1.069923640000000065e-01
1.093314660000000021e-01
1.228795200000000060e-01
1.107983810000000013e-01
1.169463840000000004e-01
1.242671979999999954e-01
1.153227309999999978e-01
1.107624990000000004e-01
1.222548340000000067e-01
1.045849249999999953e-01
1.181124749999999946e-01
1.106681229999999933e-01
1.183197200000000032e-01
1.222366839999999982e-01
9.826800230000000413e-02
1.153029200000000032e-01
1.093963980000000058e-01
1.211001129999999953e-01
1.215588519999999950e-01
1.148426760000000046e-01
1.121952759999999966e-01
1.205328930000000021e-01
1.170647219999999961e-01
1.003940329999999936e-01
1.131171660000000051e-01
1.238228229999999985e-01
1.103288459999999943e-01
1.168324200000000063e-01
1.229719150000000011e-01
1.103679459999999946e-01
1.160902159999999961e-01
1.185226890000000005e-01
1.155965629999999994e-01
1.218225809999999992e-01
1.099264550000000062e-01
1.277082559999999922e-01
1.181851849999999982e-01
1.043752879999999966e-01
1.177720800000000012e-01
9.437981249999999322e-02
1.104396809999999979e-01
1.097413379999999938e-01
1.178243530000000067e-01
1.241432199999999986e-01
1.130532320000000035e-01
1.043138210000000010e-01
1.258618679999999879e-01
1.241613399999999950e-01
1.071169149999999931e-01
1.085722300000000057e-01
1.162135529999999972e-01
1.213933299999999937e-01
1.188154740000000043e-01
1.130534930000000049e-01
1.130722460000000013e-01
1.118822619999999962e-01
1.121069340000000053e-01
1.261942540000000057e-01
1.136906969999999933e-01
1.229347590000000046e-01
1.132655070000000014e-01
1.106320400000000009e-01
1.179894729999999975e-01
1.244443949999999993e-01
1.027687490000000065e-01
1.089286430000000055e-01
1.103288830000000026e-01
1.139974519999999991e-01
1.247027670000000060e-01
1.034948160000000034e-01
1.171605359999999957e-01
1.100302340000000045e-01
1.148781999999999998e-01
1.028371680000000066e-01
1.129114999999999980e-01
1.157587989999999956e-01
1.090483889999999956e-01
1.095535900000000062e-01
9.573446959999999673e-02
1.318076099999999917e-01
1.131841320000000067e-01
1.150785980000000042e-01
1.237936840000000011e-01
1.113289150000000005e-01
1.002261039999999964e-01
1.115158950000000038e-01
1.221144799999999975e-01
1.178821770000000047e-01
1.203598079999999987e-01
1.185947360000000061e-01
1.042093490000000067e-01
1.195708889999999996e-01
1.101621089999999942e-01
1.148208829999999986e-01
1.012433769999999955e-01
1.061732620000000044e-01
1.330280299999999916e-01
1.186393129999999962e-01
1.292105470000000089e-01
1.044949220000000040e-01
1.160358269999999942e-01
1.066520960000000018e-01
1.313709469999999879e-01
1.209304709999999977e-01
1.038492399999999954e-01
1.195435970000000014e-01
1.067597200000000024e-01
1.109929830000000034e-01
1.028602500000000003e-01
1.125680800000000009e-01
1.196808369999999982e-01
1.110144180000000036e-01
1.227483750000000068e-01
9.901093689999999892e-02
1.196474730000000042e-01
1.185479160000000032e-01
1.115846110000000002e-01
1.257929799999999987e-01
1.293647739999999879e-01
9.500674159999999979e-02
1.074864789999999959e-01
1.268204749999999881e-01
1.161867830000000018e-01
1.008103040000000034e-01
1.084849090000000044e-01
1.116152180000000022e-01
1.165772149999999979e-01
1.029163599999999984e-01
1.104298680000000005e-01
1.101280149999999958e-01
1.155942830000000060e-01
9.482144559999999833e-02
1.176589880000000060e-01
1.244109500000000063e-01
1.047867759999999981e-01
1.039432140000000060e-01
1.026835219999999993e-01
1.107198749999999954e-01
1.164088320000000037e-01
1.301139739999999934e-01
1.032135490000000017e-01
1.278391180000000016e-01
1.246496510000000002e-01
1.174734679999999976e-01
1.099003399999999991e-01
1.113450379999999934e-01
1.106777939999999960e-01
1.203393039999999942e-01
1.062905559999999944e-01
8.397963640000000174e-02
1.067389100000000063e-01
1.125364900000000029e-01
1.196172910000000006e-01
1.051099149999999982e-01
1.133384409999999981e-01
1.212685180000000057e-01
9.722439200000000670e-02
1.188672560000000045e-01
1.210348079999999937e-01
9.775821860000000196e-02
1.158700730000000040e-01
1.265226449999999891e-01
1.211286040000000008e-01
1.337416919999999954e-01
1.094592139999999991e-01
1.184214499999999975e-01
1.020482260000000058e-01
1.120110079999999952e-01
1.020121950000000000e-01
1.181029080000000064e-01
1.004658120000000016e-01
1.190607320000000025e-01
9.699021280000000300e-02
8.851815759999999422e-02
1.064459090000000052e-01
1.195446549999999997e-01
1.103795020000000043e-01
1.205133800000000033e-01
9.670669590000000038e-02
1.275200400000000012e-01
1.183006469999999949e-01
9.975484010000000568e-02
1.117198910000000017e-01
1.242795659999999941e-01
9.137425570000000385e-02
1.182631999999999989e-01
9.207231550000000153e-02
1.087527499999999953e-01
1.293259109999999878e-01
1.062114910000000051e-01
1.165871920000000062e-01
1.050315349999999953e-01
1.159483719999999940e-01
1.254318949999999877e-01
1.032971220000000051e-01
1.049996319999999955e-01
9.225356580000000639e-02
1.137975829999999938e-01
1.053805569999999997e-01
1.034980120000000003e-01
1.069296079999999954e-01
9.797743709999999495e-02
1.153762559999999965e-01
9.716519710000000309e-02
1.240358500000000030e-01
1.230630649999999993e-01
1.032554130000000042e-01
9.985815730000000001e-02
1.204800609999999994e-01
1.124748660000000067e-01
1.242536530000000056e-01
1.018702610000000036e-01
1.117943299999999973e-01
9.794899819999999813e-02
1.071614550000000027e-01
1.225690990000000008e-01
9.075920279999999396e-02
1.213020239999999944e-01
1.002704350000000050e-01
1.148325729999999933e-01
1.195113059999999977e-01
1.152568459999999961e-01
1.136905180000000043e-01
1.006322429999999962e-01
9.118559210000000415e-02
1.152409689999999987e-01
1.109011169999999935e-01
9.485688809999999471e-02
1.125254180000000021e-01
1.087894959999999994e-01
1.088414490000000068e-01
1.113582699999999953e-01
1.096982960000000007e-01
1.142610829999999994e-01
1.154431330000000033e-01
1.175038219999999939e-01
1.049995120000000032e-01
1.019469130000000001e-01
8.909266439999999343e-02
1.104755250000000050e-01
8.558489380000000590e-02
1.082251149999999967e-01
1.108511310000000055e-01
9.716324510000000358e-02
1.133584980000000020e-01
1.162262260000000019e-01
1.246342359999999955e-01
9.548533709999999786e-02
1.038769040000000060e-01
1.088077050000000046e-01
1.063389329999999966e-01
1.150688309999999964e-01
1.078688500000000022e-01
1.265341490000000124e-01
9.994484480000000171e-02
1.085428150000000008e-01
1.040387079999999936e-01
1.192298460000000004e-01
9.193126860000000455e-02
1.196165079999999964e-01
1.376530079999999934e-01
9.525598590000000643e-02
9.965313230000000244e-02
1.103805380000000003e-01
1.092157069999999952e-01
8.484284579999999687e-02
1.199574250000000064e-01
1.057123620000000042e-01
1.002671720000000016e-01
1.022544729999999985e-01
1.033180429999999983e-01
1.116300449999999972e-01
9.126222879999999760e-02
1.266001310000000046e-01
1.010337989999999936e-01
1.001227050000000063e-01
1.048165489999999950e-01
9.529636060000000464e-02
9.912502770000000685e-02
1.312524079999999871e-01
1.114600000000000035e-01
1.120973529999999968e-01
1.331521569999999932e-01
1.259413809999999911e-01
1.224074359999999945e-01
1.125045640000000013e-01
1.020203529999999942e-01
9.813115749999999637e-02
1.102015900000000020e-01
1.169890539999999951e-01
1.078304050000000042e-01
1.216709019999999974e-01
9.359935669999999708e-02
1.068540139999999972e-01
1.186029019999999962e-01
1.072549220000000025e-01
1.104874309999999971e-01
1.180088519999999974e-01
1.134143700000000005e-01
9.450513870000000483e-02
9.649825839999999488e-02
1.141918229999999979e-01
9.227721390000000190e-02
9.771018480000000228e-02
9.843049939999999609e-02
1.089866460000000065e-01
9.601825479999999413e-02
1.093456819999999996e-01
1.112992909999999946e-01
9.710271659999999971e-02
9.721928089999999634e-02
1.084730919999999932e-01
1.016831099999999932e-01
1.179129780000000016e-01
1.069341600000000003e-01
1.030734779999999962e-01
1.162833270000000058e-01
1.068057939999999956e-01
1.029679250000000018e-01
1.101076379999999938e-01
9.782718869999999789e-02
9.436646099999999870e-02
1.212121169999999942e-01
1.109950390000000037e-01
1.098714989999999975e-01
1.283518080000000117e-01
1.087657060000000037e-01
1.035094859999999978e-01
9.933520849999999403e-02
1.048011330000000046e-01
1.146520449999999941e-01
1.054163719999999943e-01
1.043139029999999995e-01
8.596887440000000602e-02
1.106185169999999995e-01
9.064982829999999880e-02
1.220088150000000066e-01
1.041950960000000009e-01
9.150420130000000429e-02
1.060373629999999956e-01
1.072504670000000021e-01
9.471159429999999324e-02
8.963470160000000519e-02
1.033973400000000042e-01
1.058323609999999998e-01
1.035360470000000060e-01
1.110047180000000022e-01
1.118346449999999964e-01
1.296471800000000008e-01
9.670040010000000019e-02
9.618182479999999590e-02
1.160999759999999936e-01
8.798631279999999388e-02
1.102994379999999996e-01
9.813865269999999530e-02
1.017460379999999970e-01
1.120985369999999981e-01
9.483022989999999319e-02
1.197347190000000033e-01
1.070378049999999998e-01
1.107688919999999938e-01
1.038580610000000015e-01
9.344954789999999900e-02
1.249604230000000010e-01
9.857118870000000643e-02
1.213340910000000050e-01
1.052424389999999932e-01
9.326589849999999959e-02
1.012356499999999965e-01
1.055861639999999962e-01
1.118617209999999973e-01
1.193048949999999941e-01
9.833349289999999965e-02
8.822127429999999937e-02
1.043136489999999944e-01
1.062231440000000054e-01
9.543539580000000300e-02
1.184387360000000028e-01
1.144357619999999964e-01
1.029996279999999959e-01
1.142014410000000008e-01
9.682825949999999959e-02
1.228896599999999978e-01
9.590327740000000045e-02
1.035150509999999968e-01
1.039984600000000009e-01
1.009057829999999989e-01
1.067446400000000017e-01
1.046691240000000023e-01
1.088604410000000022e-01
1.240498129999999949e-01
1.074062880000000025e-01
1.308666619999999947e-01
1.072008390000000061e-01
9.732650219999999797e-02
1.177741959999999977e-01
9.766869250000000113e-02
1.221028720000000012e-01
1.082302180000000030e-01
1.075556049999999986e-01
8.224288370000000514e-02
1.148012280000000052e-01
1.113194450000000030e-01
1.136906369999999972e-01
1.296650320000000134e-01
1.151231300000000041e-01
9.758931399999999645e-02
1.125765960000000010e-01
1.151787189999999989e-01
9.901628640000000037e-02
9.358988699999999661e-02
1.101748790000000033e-01
1.020854860000000031e-01
1.124127209999999932e-01
9.760365640000000231e-02
9.090041370000000176e-02
9.940291199999999605e-02
1.071862729999999986e-01
1.011907529999999944e-01
9.270863980000000615e-02
8.091329040000000417e-02
1.092754749999999969e-01
1.061538459999999962e-01
9.617736189999999408e-02
8.121782539999999884e-02
1.006222370000000033e-01
1.181311379999999966e-01
1.193696260000000064e-01
1.192985700000000066e-01
1.037912289999999987e-01
1.084989529999999952e-01
1.040951090000000051e-01
1.004260929999999941e-01
1.136659089999999955e-01
9.013902399999999815e-02
1.025668899999999939e-01
9.930576380000000203e-02
1.053467990000000049e-01
9.372150149999999846e-02
8.558959509999999882e-02
1.027120499999999992e-01
1.035258099999999959e-01
1.167447870000000026e-01
7.494071870000000579e-02
1.217973160000000027e-01
8.098621670000000217e-02
8.593096579999999485e-02
1.028928979999999965e-01
1.024718510000000027e-01
1.179447400000000062e-01
9.588295219999999619e-02
8.468502009999999414e-02
1.020929440000000049e-01
1.182124759999999969e-01
8.211930100000000565e-02
1.127653120000000064e-01
9.783481060000000229e-02
1.000893340000000020e-01
9.787402300000000444e-02
1.032452360000000041e-01
9.045272320000000144e-02
8.841884140000000336e-02
1.150567309999999954e-01
1.017012369999999999e-01
1.278437229999999925e-01
9.999826550000000258e-02
1.022695379999999932e-01
1.014987749999999994e-01
1.160274000000000028e-01
8.330536630000000275e-02
1.045099720000000065e-01
8.437325060000000487e-02
1.054035430000000023e-01
9.109873320000000385e-02
1.060336159999999972e-01
9.299793089999999762e-02
8.661603930000000284e-02
1.145105730000000044e-01
1.082216430000000063e-01
1.190362199999999981e-01
1.191361920000000019e-01
1.241403150000000011e-01
1.005993780000000032e-01
8.875644950000000089e-02
1.109115930000000028e-01
7.317318770000000305e-02
8.569984140000000417e-02
1.143655479999999974e-01
9.651696680000000639e-02
1.115335449999999978e-01
1.033173129999999940e-01
1.016529280000000035e-01
1.187495439999999985e-01
8.083386720000000636e-02
1.113208460000000011e-01
1.213563460000000038e-01
1.194196270000000004e-01
8.925399180000000154e-02
9.873694180000000542e-02
1.010170950000000012e-01
8.659599719999999667e-02
1.048210559999999958e-01
8.936040100000000597e-02
1.190289630000000015e-01
1.066901009999999955e-01
9.766469899999999371e-02
9.042036529999999961e-02
9.951173509999999833e-02
8.493850379999999534e-02
1.065498069999999964e-01
1.264986840000000001e-01
1.261276159999999980e-01
1.031327469999999968e-01
1.011997830000000015e-01
8.503609900000000388e-02
9.354893860000000616e-02
9.662592409999999632e-02
1.126565340000000026e-01
1.014166920000000027e-01
8.788147570000000297e-02
1.151880549999999975e-01
9.080716219999999950e-02
1.017143499999999950e-01
9.965857120000000402e-02
8.460789170000000692e-02
1.042808590000000035e-01
9.912540020000000507e-02
9.769024699999999395e-02
1.208227280000000042e-01
9.492772820000000555e-02
9.681369360000000035e-02
9.207581730000000131e-02
9.122601149999999548e-02
1.065623309999999963e-01
1.166275590000000056e-01
1.063618360000000013e-01
9.172757709999999898e-02
9.282842280000000446e-02
9.437977520000000176e-02
1.122887810000000042e-01
1.015321539999999995e-01
1.089896560000000042e-01
8.826046440000000215e-02
9.271372109999999334e-02
1.069008560000000024e-01
9.134327620000000370e-02
1.140030100000000018e-01
9.470393509999999737e-02
1.172452419999999995e-01
9.846592690000000037e-02
1.009804609999999936e-01
7.967271659999999867e-02
8.507145200000000573e-02
8.152103419999999490e-02
1.095367000000000007e-01
1.137320849999999967e-01
9.005348380000000041e-02
8.051890879999999695e-02
8.952993150000000677e-02
1.055553179999999952e-01
1.172276059999999981e-01
9.128803010000000051e-02
1.159460320000000044e-01
8.863746370000000208e-02
1.151263490000000028e-01
1.254063990000000017e-01
9.194158759999999930e-02
1.081298740000000008e-01
1.233576089999999931e-01
1.022274719999999998e-01
8.967129140000000553e-02
1.229749470000000011e-01
9.171012789999999359e-02
9.352443370000000644e-02
1.018933580000000033e-01
1.002188029999999952e-01
9.744334220000000490e-02
1.017855329999999975e-01
9.819941969999999853e-02
8.996765319999999733e-02
9.201753880000000663e-02
1.019032519999999997e-01
9.571024029999999905e-02
7.898195090000000029e-02
8.259881289999999876e-02
1.108800020000000053e-01
9.076382959999999833e-02
8.347266170000000596e-02
1.047417149999999991e-01
1.095762180000000030e-01
8.225736020000000426e-02
1.043216059999999973e-01
8.963344989999999513e-02
8.817887309999999923e-02
8.355385070000000136e-02
1.023388360000000025e-01
1.111966600000000027e-01
1.026040690000000061e-01
8.669970180000000082e-02
9.833238269999999837e-02
1.206139769999999972e-01
7.398189600000000532e-02
1.137799919999999965e-01
1.190829949999999970e-01
8.403752000000000444e-02
9.864845129999999518e-02
9.939146040000000626e-02
1.077883989999999931e-01
9.926144779999999945e-02
8.908018469999999522e-02
9.973576659999999761e-02
9.149803219999999571e-02
1.116313790000000028e-01
9.797385329999999670e-02
9.755732860000000672e-02
7.834281769999999756e-02
7.686056199999999339e-02
9.573926030000000365e-02
1.139521599999999968e-01
1.177780030000000061e-01
1.039437579999999972e-01
1.174436729999999984e-01
1.100231190000000026e-01
1.182625520000000069e-01
9.649986030000000381e-02
8.998315780000000486e-02
1.074062290000000058e-01
9.439434859999999705e-02
8.762862529999999872e-02
1.075849009999999967e-01
8.915785699999999314e-02
7.695969190000000182e-02
9.129985420000000240e-02
9.153568739999999593e-02
1.051162179999999974e-01
1.219329160000000023e-01
8.881645650000000169e-02
9.494085609999999842e-02
9.098216889999999335e-02
9.276010839999999924e-02
1.101674809999999977e-01
9.760549659999999406e-02
9.239065650000000129e-02
9.242808819999999426e-02
8.512350170000000660e-02
1.052416040000000025e-01
8.537038419999999628e-02
8.846004309999999649e-02
1.060108990000000057e-01
8.720194550000000266e-02
8.858283610000000641e-02
7.926576579999999872e-02
7.879992569999999530e-02
1.039267930000000034e-01
1.018996540000000062e-01
8.479859680000000066e-02
9.121271970000000007e-02
1.095803830000000034e-01
1.041274219999999973e-01
8.116631950000000040e-02
1.035310329999999945e-01
9.128338839999999843e-02
1.068747639999999971e-01
1.071806480000000034e-01
7.030008729999999428e-02
9.329854699999999557e-02
8.648043129999999357e-02
8.311932530000000485e-02
9.291724860000000197e-02
8.410894130000000357e-02
1.044710799999999939e-01
1.117064279999999965e-01
1.171301599999999971e-01
9.836386140000000222e-02
7.878046480000000518e-02
8.797366919999999313e-02
8.386319879999999671e-02
9.967283159999999753e-02
7.958522440000000142e-02
8.899066599999999605e-02
1.294817629999999997e-01
7.353630660000000374e-02
1.184971110000000022e-01
1.086987930000000019e-01
1.143361110000000042e-01
1.147859989999999997e-01
8.127992600000000234e-02
8.374452590000000529e-02
9.924229230000000679e-02
1.306392700000000018e-01
8.924885840000000570e-02
1.019249779999999994e-01
8.989579979999999526e-02
9.607303139999999464e-02
1.161057800000000056e-01
9.296434369999999336e-02
8.734875170000000466e-02
1.025482709999999964e-01
9.310367699999999580e-02
8.784813430000000534e-02
1.117624569999999956e-01
7.386395340000000143e-02
1.094679390000000002e-01
6.576114889999999658e-02
9.699545060000000496e-02
1.087990330000000033e-01
8.967117219999999611e-02
9.988538180000000599e-02
9.292564540000000650e-02
9.072694929999999824e-02
7.444451000000000540e-02
8.927743879999999743e-02
1.016786169999999989e-01
9.859870369999999828e-02
8.726719769999999321e-02
8.796167370000000651e-02
1.060548129999999978e-01
8.994167299999999976e-02
7.718089220000000361e-02
1.104426230000000037e-01
8.682288970000000272e-02
7.196415959999999390e-02
9.053435919999999748e-02
1.015814839999999997e-01
9.887232629999999356e-02
7.856058330000000034e-02
9.612690660000000609e-02
1.216140089999999951e-01
8.988539130000000599e-02
8.868633959999999705e-02
8.687900010000000617e-02
9.676994379999999396e-02
1.166093420000000047e-01
1.073940250000000041e-01
8.314549179999999873e-02
9.121258560000000681e-02
9.933632609999999696e-02
1.061663179999999956e-01
8.128581940000000061e-02
8.959314969999999934e-02
9.774043409999999543e-02
1.216780390000000017e-01
1.081136020000000031e-01
8.589880169999999926e-02
9.385759379999999985e-02
9.121026840000000246e-02
6.195238229999999735e-02
1.022897880000000065e-01
8.567391339999999578e-02
1.070851980000000064e-01
8.864755180000000179e-02
9.217269720000000055e-02
1.037427630000000017e-01
8.689397570000000071e-02
9.654329720000000281e-02
9.140377489999999827e-02
7.527488470000000265e-02
8.931898330000000163e-02
8.174882830000000655e-02
8.894838389999999706e-02
9.815752510000000375e-02
7.382931560000000060e-02
8.545522390000000190e-02
9.076889600000000169e-02
1.355337799999999926e-01
1.083780300000000002e-01
9.741716089999999384e-02
9.303588420000000192e-02
8.354078230000000493e-02
1.092140449999999957e-01
7.735169679999999437e-02
1.070099030000000034e-01
1.124677139999999964e-01
9.320775420000000644e-02
9.498302640000000352e-02
8.414030819999999966e-02
7.374434920000000337e-02
8.538018910000000350e-02
7.296957079999999429e-02
8.460681139999999545e-02
9.127385909999999325e-02
8.878217639999999578e-02
9.772790970000000410e-02
6.358083339999999473e-02
8.562550689999999520e-02
1.095614139999999959e-01
9.006474170000000612e-02
8.498266340000000529e-02
9.224772450000000290e-02
1.119708269999999950e-01
1.011759420000000048e-01
8.999023590000000683e-02
9.314610809999999963e-02
9.175187349999999742e-02
8.873080460000000447e-02
1.015528889999999934e-01
9.493321929999999631e-02
7.821504029999999663e-02
1.013022739999999977e-01
9.953873600000000266e-02
9.396988900000000089e-02
1.164866239999999969e-01
7.963594050000000202e-02
1.083575860000000057e-01
9.203457830000000284e-02
1.080185030000000018e-01
7.332088050000000468e-02
8.686406909999999648e-02
8.926565949999999694e-02
1.040446980000000049e-01
1.256271300000000035e-01
9.972650560000000108e-02
8.505386859999999882e-02
8.272922779999999920e-02
8.163388820000000434e-02
8.860597010000000051e-02
8.996340630000000671e-02
9.310781210000000641e-02
1.180429239999999935e-01
8.548135310000000431e-02
9.227068720000000668e-02
9.068332610000000293e-02
1.047426090000000004e-01
9.448868779999999856e-02
8.823249489999999973e-02
9.811925890000000594e-02
1.075284330000000066e-01
9.718516470000000684e-02
1.099313269999999954e-01
1.087901150000000067e-01
1.098228920000000053e-01
8.947404470000000498e-02
9.562764320000000096e-02
1.134254709999999999e-01
1.128987149999999967e-01
8.627478780000000236e-02
7.006084919999999716e-02
1.249028300000000063e-01
1.270953119999999881e-01
9.873719509999999422e-02
1.028826159999999962e-01
8.008124680000000550e-02
1.103733999999999965e-01
8.514249320000000232e-02
9.609475729999999993e-02
8.446253089999999908e-02
8.815161139999999618e-02
7.903063300000000291e-02
9.693592789999999626e-02
6.486660989999999682e-02
8.598267290000000118e-02
7.017338280000000317e-02
1.002859549999999961e-01
9.186850489999999481e-02
9.683520349999999444e-02
1.168770640000000027e-01
8.106755470000000241e-02
9.297830610000000495e-02
1.218718810000000013e-01
1.210820749999999973e-01
1.095583219999999997e-01
1.144653709999999963e-01
8.499246840000000691e-02
1.056929080000000021e-01
1.002587830000000041e-01
9.920601549999999436e-02
9.279456730000000542e-02
1.131754590000000060e-01
8.688535540000000279e-02
1.101597990000000027e-01
8.928982169999999385e-02
9.734373540000000602e-02
9.795995059999999810e-02
9.768133610000000189e-02
5.986327679999999679e-02
7.391567529999999719e-02
9.239227319999999966e-02
6.065993380000000296e-02
8.629179750000000315e-02
9.951804579999999623e-02
1.119907650000000060e-01
8.564466980000000340e-02
9.587484599999999968e-02
8.403658120000000176e-02
8.822172879999999606e-02
1.098365560000000019e-01
8.657050130000000510e-02
1.063594519999999932e-01
7.254905999999999855e-02
9.999030080000000098e-02
8.441947399999999435e-02
9.477378429999999687e-02
1.100340560000000051e-01
1.169515029999999983e-01
9.767502549999999839e-02
9.440878029999999477e-02
8.343269679999999744e-02
7.695516199999999363e-02
7.530041040000000352e-02
1.032869069999999972e-01
7.557111980000000284e-02
6.231205539999999654e-02
9.545089299999999499e-02
8.447749910000000584e-02
8.303690699999999314e-02
6.922914830000000130e-02
9.164980799999999928e-02
5.886295810000000128e-02
1.019470620000000050e-01
6.361790750000000105e-02
1.021595150000000063e-01
9.992656110000000536e-02
1.119484310000000010e-01
9.427034110000000189e-02
1.159917270000000028e-01
1.176625639999999973e-01
7.837968319999999434e-02
1.075849610000000067e-01
9.889056529999999678e-02
1.026640530000000051e-01
7.061969490000000182e-02
9.552633019999999531e-02
1.034233499999999972e-01
7.789257169999999619e-02
1.095851959999999958e-01
8.458365499999999371e-02
7.214673609999999737e-02
8.858788759999999818e-02
7.267133889999999319e-02
1.023169899999999966e-01
7.085002210000000689e-02
1.359823500000000018e-01
9.391964969999999635e-02
1.232203469999999940e-01
8.339231460000000318e-02
6.337050349999999443e-02
9.141228349999999669e-02
6.997647880000000542e-02
6.405287240000000215e-02
9.843814369999999425e-02
1.066645380000000032e-01
7.082211230000000357e-02
8.580186219999999531e-02
8.456204089999999618e-02
8.758495750000000468e-02
9.668933600000000073e-02
1.353043170000000073e-01
9.571558980000000050e-02
7.451281699999999508e-02
8.550106729999999711e-02
9.072170409999999463e-02
5.646829309999999713e-02
1.010853200000000063e-01
7.808154080000000163e-02
1.030931169999999980e-01
1.056156159999999955e-01
9.309455010000000641e-02
9.999103099999999411e-02
8.207167690000000126e-02
9.895534070000000515e-02
7.660080489999999964e-02
7.830832149999999992e-02
9.873733669999999740e-02
8.470251410000000092e-02
1.013132560000000043e-01
8.554612100000000274e-02
5.014724660000000056e-02
1.028405059999999982e-01
1.200579330000000056e-01
9.565345199999999992e-02
8.803793790000000175e-02
1.054932479999999978e-01
1.310777959999999964e-01
1.005231439999999948e-01
1.121421979999999985e-01
1.075264219999999965e-01
6.992945820000000257e-02
1.001975690000000002e-01
7.768564669999999950e-02
9.215810889999999367e-02
1.110735159999999971e-01
1.071589139999999940e-01
9.148238599999999887e-02
8.982062339999999367e-02
8.605507760000000173e-02
1.071629520000000058e-01
8.508712050000000193e-02
8.842290190000000327e-02
7.824265960000000020e-02
6.237375359999999813e-02
9.360032529999999518e-02
9.405483309999999875e-02
8.622505519999999757e-02
7.635017480000000356e-02
6.521872430000000276e-02
8.143606779999999767e-02
9.333813189999999593e-02
1.122502830000000063e-01
7.348521800000000492e-02
8.932053299999999363e-02
5.801914629999999767e-02
1.190616859999999999e-01
7.584314790000000472e-02
1.016748769999999968e-01
1.188760400000000023e-01
9.584425389999999545e-02
7.631742950000000580e-02
6.268844010000000633e-02
8.754471689999999973e-02
9.559670089999999787e-02
9.801144150000000443e-02
6.571502240000000328e-02
7.352505619999999409e-02
9.400065990000000538e-02
1.039836700000000003e-01
6.901703030000000405e-02
1.036101880000000058e-01
5.582223830000000026e-02
8.105046300000000314e-02
9.838052090000000416e-02
1.203594729999999946e-01
1.066616179999999997e-01
7.827261089999999755e-02
7.763795549999999435e-02
1.298480029999999896e-01
1.135908810000000047e-01
8.830273900000000509e-02
1.147526950000000018e-01
1.083161829999999964e-01
9.810833630000000138e-02
1.067179290000000030e-01
7.244651019999999442e-02
1.202574369999999948e-01
8.909269420000000272e-02
8.545515689999999553e-02
1.064993219999999935e-01
9.305251389999999456e-02
1.012943089999999990e-01
7.787492129999999679e-02
7.780534029999999768e-02
8.276161549999999645e-02
7.350078229999999768e-02
7.029448450000000403e-02
1.028050040000000054e-01
8.743946249999999532e-02
9.600327910000000520e-02
8.737627420000000644e-02
5.460516359999999930e-02
9.050498899999999403e-02
6.507915259999999535e-02
8.100164679999999340e-02
8.431448040000000255e-02
8.130104840000000610e-02
9.626979380000000308e-02
6.775259969999999909e-02
1.025203169999999997e-01
1.282650379999999979e-01
8.184307070000000628e-02
8.711945270000000241e-02
7.718108590000000158e-02
7.350488010000000294e-02
8.715496960000000681e-02
1.041289789999999965e-01
1.127967089999999950e-01
1.043285060000000014e-01
8.492195610000000117e-02
9.000444409999999729e-02
1.189984379999999980e-01
1.012374679999999971e-01
8.754801010000000383e-02
6.105436010000000330e-02
1.044170039999999938e-01
9.488592299999999702e-02
8.822590859999999979e-02
7.924093309999999390e-02
1.074271200000000009e-01
1.049541680000000005e-01
6.721325960000000543e-02
8.267384020000000111e-02
9.321165080000000380e-02
9.566809980000000324e-02
9.064677359999999406e-02
9.962388869999999619e-02
9.895256160000000245e-02
9.882976109999999648e-02
8.981076629999999728e-02
1.043533380000000038e-01
7.232706249999999726e-02
5.915984140000000308e-02
9.913343939999999521e-02
1.459297390000000028e-01
8.411888030000000405e-02
1.098756490000000058e-01
6.972768899999999548e-02
7.663454860000000479e-02
1.051243919999999971e-01
8.620692789999999384e-02
7.946881649999999742e-02
1.170240419999999948e-01
7.571460309999999971e-02
8.814672379999999308e-02
1.143292639999999999e-01
1.163052019999999964e-01
8.118264379999999558e-02
1.045218779999999986e-01
1.071271969999999935e-01
1.131100129999999954e-01
5.419492719999999958e-02
1.068082600000000021e-01
1.065137540000000022e-01
6.050970029999999666e-02
1.254174560000000105e-01
7.847186920000000232e-02
1.021842510000000037e-01
9.411289539999999343e-02
6.681650879999999348e-02
1.168071999999999999e-01
1.256287540000000091e-01
1.054797839999999931e-01
1.215954870000000021e-01
1.162010799999999983e-01
1.331726010000000016e-01
9.263402219999999909e-02
1.230959070000000044e-01
9.777428950000000007e-02
9.773531559999999729e-02
9.311497209999999858e-02
6.456795329999999444e-02
8.002686500000000258e-02
8.238677680000000558e-02
1.029478979999999960e-01
6.851604579999999445e-02
8.570396900000000484e-02
7.569620759999999560e-02
5.017574500000000076e-02
1.021462900000000007e-01
1.003688350000000035e-01
7.802623509999999374e-02
1.145145890000000000e-01
8.387445659999999414e-02
6.016702949999999661e-02
8.077225829999999662e-02
1.168669019999999947e-01
1.241003130000000038e-01
8.051598070000000329e-02
1.138118949999999963e-01
9.504766019999999482e-02
1.038753760000000054e-01
9.448438139999999763e-02
7.047604770000000241e-02
9.963973610000000092e-02
8.659698809999999414e-02
1.012029279999999976e-01
8.459373559999999737e-02
7.673865559999999697e-02
8.577559140000000359e-02
1.138550420000000035e-01
9.214570369999999788e-02
9.507082399999999822e-02
8.888132129999999631e-02
5.145449190000000311e-02
9.579338880000000389e-02
1.184045299999999939e-01
7.771983740000000529e-02
1.207811980000000063e-01
7.504229989999999795e-02
4.939986770000000249e-02
8.352043480000000131e-02
7.318525019999999603e-02
8.575069899999999967e-02
7.783649119999999644e-02
1.034960669999999971e-01
9.089548140000000553e-02
6.924486909999999495e-02
9.632933139999999561e-02
7.246029380000000575e-02
5.379274860000000241e-02
3.794284159999999906e-02
1.037263499999999949e-01
9.010596569999999861e-02
7.659519459999999946e-02
1.030572210000000044e-01
9.510494020000000159e-02
7.085201889999999392e-02
1.007933020000000013e-01
8.932166549999999428e-02
1.022888500000000006e-01
1.060761060000000033e-01
7.523249090000000416e-02
9.784558420000000201e-02
7.393898070000000378e-02
1.006690040000000064e-01
6.933380660000000584e-02
8.780068159999999955e-02
6.358081100000000097e-02
1.009586680000000014e-01
9.361870590000000159e-02
7.985909280000000332e-02
1.043236929999999951e-01
9.487219900000000428e-02
7.481940089999999932e-02
9.877242890000000053e-02
1.314459000000000044e-01
1.065598060000000069e-01
1.004328730000000058e-01
8.917246010000000334e-02
8.392965789999999593e-02
7.785068450000000306e-02
7.863584160000000600e-02
8.137334879999999493e-02
9.334828700000000201e-02
7.286963609999999592e-02
9.147993479999999566e-02
7.912944260000000229e-02
1.015368769999999976e-01
9.627842159999999705e-02
9.831605849999999758e-02
6.712342050000000282e-02
9.172710779999999897e-02
9.603144969999999336e-02
6.859114769999999361e-02
7.014622539999999795e-02
7.126729190000000158e-02
7.658854129999999316e-02
1.007590139999999940e-01
8.471447229999999606e-02
7.547477630000000437e-02
1.086921389999999932e-01
7.515755300000000194e-02
8.747162669999999918e-02
1.035283800000000032e-01
5.237914989999999799e-02
9.497552369999999466e-02
8.806647360000000035e-02
7.986317569999999699e-02
8.658749609999999430e-02
9.749908749999999791e-02
7.375598699999999508e-02
4.457743470000000152e-02
1.247246860000000013e-01
7.629764079999999671e-02
1.158163990000000004e-01
1.134491410000000033e-01
1.061720180000000069e-01
5.672062929999999864e-02
1.016542839999999975e-01
8.571189640000000109e-02
1.067671919999999969e-01
1.254136710000000043e-01
9.548921139999999586e-02
6.898730990000000174e-02
6.698806579999999622e-02
7.694525269999999417e-02
7.198634739999999754e-02
9.725859759999999632e-02
6.897761669999999401e-02
1.108175889999999941e-01
7.690559330000000526e-02
1.022677790000000031e-01
9.848571570000000386e-02
7.350812110000000399e-02
8.185243609999999503e-02
1.368369309999999950e-01
9.115793560000000351e-02
1.037225350000000046e-01
1.178396419999999944e-01
1.021390860000000039e-01
7.388176770000000337e-02
6.692083179999999687e-02
8.645185830000000349e-02
7.018233840000000223e-02
1.072395589999999982e-01
7.942721249999999678e-02
1.028351490000000007e-01
6.351239979999999397e-02
1.148029859999999958e-01
8.338911089999999360e-02
7.884752750000000032e-02
1.040019840000000056e-01
7.034790520000000491e-02
8.295147869999999757e-02
8.650015290000000190e-02
5.916377529999999885e-02
6.514245270000000587e-02
1.178026499999999949e-01
1.151665969999999956e-01
8.969020099999999718e-02
9.134243429999999719e-02
6.917468459999999431e-02
1.250680829999999966e-01
5.630426480000000344e-02
7.372755559999999431e-02
9.724079820000000596e-02
1.073831469999999982e-01
6.713223459999999310e-02
9.339796009999999649e-02
6.325019149999999701e-02
9.328296040000000344e-02
9.303452819999999401e-02
1.264947650000000090e-01
7.983574270000000361e-02
9.035650639999999456e-02
1.062294389999999950e-01
8.295252919999999974e-02
5.936837200000000259e-02
1.013809670000000024e-01
1.031085999999999947e-01
1.381164789999999865e-01
1.505761589999999872e-01
8.805043249999999766e-02
7.616640630000000300e-02
8.248402180000000139e-02
6.509555129999999856e-02
1.489969790000000016e-01
8.720295879999999389e-02
7.359506189999999448e-02
6.739705799999999580e-02
1.164074610000000037e-01
9.914360199999999734e-02
7.012832909999999753e-02
1.037905509999999948e-01
1.254477499999999968e-01
8.787083630000000478e-02
1.098345290000000002e-01
1.190187189999999950e-01
8.648547530000000316e-02
1.101624820000000060e-01
9.453585000000000460e-02
7.116911559999999914e-02
9.830551590000000117e-02
5.669507010000000152e-02
8.954720939999999407e-02
1.124145170000000055e-01
6.335345659999999657e-02
7.143758980000000647e-02
9.010890130000000220e-02
9.312786909999999641e-02
5.180425570000000285e-02
1.046281679999999936e-01
8.027727900000000694e-02
7.142662260000000318e-02
6.696904450000000508e-02
8.140840380000000098e-02
9.231705219999999934e-02
9.674771129999999719e-02
9.969415519999999531e-02
6.370273229999999509e-02
4.433709760000000000e-02
9.181570259999999317e-02
1.035016099999999939e-01
1.112306039999999968e-01
1.274180259999999898e-01
4.555658619999999881e-02
6.831523779999999768e-02
4.709063100000000085e-02
9.192622450000000056e-02
5.170836670000000107e-02
1.082014220000000054e-01
7.059289520000000540e-02
8.321643619999999353e-02
4.492249710000000007e-02
1.057141199999999948e-01
6.452516469999999837e-02
1.215269939999999993e-01
3.986729680000000026e-02
9.652749450000000508e-02
8.713747560000000003e-02
7.847041640000000651e-02
9.642257540000000182e-02
8.423151080000000623e-02
8.122265339999999723e-02
1.382712269999999966e-01
7.308085259999999583e-02
9.583889689999999795e-02
8.006962389999999763e-02
8.581280709999999923e-02
9.637071939999999892e-02
3.906047719999999890e-02
7.407683130000000671e-02
8.374696219999999691e-02
1.047579720000000048e-01
1.148860980000000059e-01
7.534101610000000504e-02
6.895712760000000108e-02
5.450103800000000165e-02
7.508026060000000390e-02
8.398131279999999921e-02
8.086431769999999353e-02
7.390287519999999555e-02
1.001900059999999981e-01
2.431666849999999935e-02
4.928138480000000127e-02
1.041826009999999997e-01
8.296846600000000460e-02
6.208087129999999981e-02
7.467030730000000227e-02
5.654513840000000013e-02
9.312956779999999324e-02
4.823874680000000276e-02
7.995980229999999356e-02
1.169556679999999987e-01
6.907954809999999890e-02
6.910350170000000014e-02
1.083632340000000027e-01
1.077772010000000030e-01
7.884079219999999555e-02
8.944003279999999945e-02
9.218494589999999544e-02
7.757830620000000232e-02
8.619520810000000366e-02
9.750951080000000437e-02
5.105249960000000226e-02
9.136731920000000506e-02
8.594843000000000621e-02
6.908483799999999564e-02
1.143106519999999987e-01
8.615987749999999556e-02
1.127735079999999945e-01
9.248916799999999661e-02
9.944617749999999645e-02
7.349987330000000429e-02
8.655148740000000174e-02
8.402649310000000205e-02
2.602176549999999852e-02
8.311270179999999397e-02
9.111222619999999328e-02
1.090625749999999949e-01
9.845862539999999941e-02
7.178641110000000269e-02
7.818936560000000480e-02
9.787254780000000098e-02
9.626402709999999641e-02
1.088567530000000005e-01
9.703245759999999664e-02
9.340518709999999503e-02
1.317453829999999937e-01
7.515085489999999424e-02
1.087354940000000020e-01
6.211778519999999748e-02
1.536181269999999932e-01
7.036782799999999338e-02
9.770912680000000405e-02
5.963676799999999972e-02
6.212370100000000339e-02
1.086166580000000048e-01
7.148855919999999586e-02
1.116797779999999934e-01
9.573055060000000560e-02
1.114075179999999970e-01
7.057442519999999886e-02
5.096272009999999741e-02
1.180106179999999977e-01
1.021466550000000029e-01
6.811054049999999693e-02
6.212370100000000339e-02
1.201189460000000042e-01
1.568345730000000049e-01
7.625044139999999360e-02
6.511095910000000431e-02
6.697466970000000297e-02
6.035782020000000220e-02
1.146645990000000059e-01
6.476908920000000458e-02
1.021702220000000050e-01
9.070539469999999715e-02
1.134887640000000059e-01
1.329932960000000108e-01
7.502539460000000326e-02
8.313535149999999596e-02
4.882224649999999944e-02
1.012058259999999987e-01
6.727834050000000565e-02
1.343805790000000000e-01
6.282189489999999432e-02
1.209592220000000051e-01
8.298156410000000205e-02
9.928753969999999651e-02
5.707365650000000012e-02
1.185540260000000068e-01
8.024054769999999781e-02
5.088518560000000052e-02
1.083802950000000015e-01
8.767192070000000281e-02
7.905986160000000318e-02
1.007665320000000059e-01
1.059711349999999941e-01
1.016826329999999945e-01
9.269678589999999496e-02
8.402252940000000392e-02
7.585407049999999540e-02
9.955079109999999398e-02
5.950732899999999770e-02
8.124708379999999452e-02
6.463988129999999332e-02
8.007112149999999484e-02
8.710768069999999530e-02
1.219877379999999983e-01
1.002002210000000060e-01
7.882473619999999515e-02
7.417865839999999988e-02
6.437891719999999651e-02
1.324685070000000131e-01
9.293068200000000056e-02
9.631735830000000276e-02
7.603477690000000344e-02
1.003228429999999949e-01
1.143957230000000047e-01
8.146177229999999880e-02
8.839087190000000094e-02
9.381359070000000466e-02
8.386225249999999798e-02
7.548618320000000104e-02
9.081818160000000584e-02
5.336860940000000275e-02
1.179136340000000033e-01
6.044061850000000125e-02
7.241824269999999619e-02
3.313372660000000330e-02
8.314471689999999859e-02
6.335042420000000507e-02
8.878982069999999394e-02
8.944384750000000661e-02
3.500793499999999697e-02
8.250406379999999928e-02
8.965859560000000172e-02
8.105964960000000552e-02
3.569420799999999810e-02
1.053727190000000036e-01
9.928069259999999785e-02
2.188555340000000043e-02
9.727570409999999890e-02
5.654542149999999823e-02
1.263698339999999865e-01
7.614066449999999653e-02
9.576788540000000238e-02
6.362468000000000290e-02
8.283487709999999560e-02
7.922171059999999487e-02
9.186876569999999353e-02
7.635938379999999970e-02
6.579962370000000393e-02
7.050691550000000307e-02
7.890336959999999511e-02
5.150563639999999888e-02
1.265264000000000111e-01
7.517635079999999970e-02
1.210566009999999998e-01
7.359447330000000453e-02
5.612690750000000339e-02
1.074710190000000010e-01
1.297273339999999997e-01
6.327179820000000676e-02
1.099863570000000068e-01
7.702022050000000009e-02
1.145397799999999938e-01
8.672764149999999395e-02
9.051494300000000048e-02
7.110353560000000350e-02
7.948733119999999708e-02
1.191600190000000059e-01
6.294402479999999800e-02
9.736691420000000152e-02
9.068056939999999400e-02
1.414952280000000007e-01
9.082122889999999504e-02
9.763258700000000678e-02
6.355582179999999526e-02
1.090050790000000047e-01
1.073469890000000038e-01
8.714168519999999918e-02
1.103740109999999941e-01
5.142504350000000335e-02
7.812580469999999555e-02
1.221288819999999942e-01
1.209648769999999984e-01
5.424267049999999951e-02
8.603910359999999979e-02
6.068789210000000156e-02
9.504910560000000286e-02
6.630472839999999868e-02
5.916355549999999935e-02
8.132855590000000190e-02
1.231157479999999971e-01
9.023950249999999895e-02
5.048799140000000130e-02
8.929186309999999349e-02
8.372747899999999355e-02
8.300559970000000176e-02
1.403246669999999863e-01
1.181348259999999983e-01
4.892576490000000167e-02
6.287930160000000657e-02
8.208308370000000354e-02
9.056182209999999455e-02
8.724832529999999864e-02
7.480760660000000672e-02
1.067229209999999984e-01
1.038329149999999979e-01
1.665769699999999909e-02
7.972235980000000333e-02
6.486821919999999353e-02
7.491160930000000107e-02
5.720655620000000136e-02
7.058669630000000139e-02
6.198913600000000024e-02
4.528259490000000054e-02
1.301410650000000002e-01
7.938060909999999915e-02
6.361604479999999340e-02
5.071384460000000205e-02
5.121697859999999741e-02
6.441907580000000300e-02
9.904379400000000444e-02
3.806867450000000347e-02
6.401015070000000418e-02
9.671592710000000148e-02
7.310710099999999378e-02
9.099397060000000148e-02
9.928346429999999889e-02
9.061629329999999760e-02
8.095692840000000279e-02
4.213089870000000237e-02
9.027556330000000018e-02
9.140148759999999761e-02
1.029367149999999981e-01
6.440212580000000131e-02
7.088276740000000464e-02
9.694049509999999592e-02
1.230022979999999960e-01
8.977305139999999795e-02
9.236185249999999403e-02
9.171219919999999692e-02
7.307866220000000523e-02
3.586074339999999888e-02
1.077870650000000013e-01
3.498818730000000099e-02
1.096412459999999978e-01
8.567890520000000232e-02
6.764500589999999924e-02
8.263918759999999697e-02
8.779302980000000534e-02
8.752255890000000538e-02
4.031998290000000235e-02
8.779302980000000534e-02
9.614405040000000013e-02
7.239408049999999928e-02
1.106131080000000017e-01
1.321687850000000108e-01
9.014885129999999913e-02
7.346177850000000509e-02
6.412909179999999598e-02
1.084581460000000053e-01
6.007090959999999980e-02
8.451052759999999608e-02
1.014382239999999935e-01
6.266934420000000450e-02
8.074109259999999455e-02
5.217302590000000295e-02
9.189992399999999395e-02
3.159736839999999908e-02
9.212695810000000318e-02
1.093252519999999978e-01
9.424823520000000232e-02
9.913220999999999838e-02
6.382449719999999660e-02
7.943817229999999840e-02
8.003760129999999695e-02
7.880082730000000091e-02
5.408905449999999726e-02
5.904967340000000231e-02
9.184747930000000671e-02
7.142455879999999591e-02
6.046223640000000094e-02
7.003512979999999832e-02
6.838205460000000568e-02
6.013450399999999835e-02
8.517320450000000209e-02
1.062362639999999969e-01
8.556766059999999785e-02
3.549085929999999667e-02
1.083121600000000045e-01
9.799418599999999702e-02
5.086626860000000028e-02
7.984504100000000548e-02
1.244443880000000030e-01
8.852992210000000528e-02
3.798655790000000226e-02
7.100050149999999338e-02
5.492050200000000298e-02
1.106535939999999940e-01
1.017235219999999968e-01
1.285201760000000137e-01
1.274103669999999966e-01
7.886262239999999868e-02
7.911410180000000292e-02
7.526125760000000608e-02
5.570536110000000318e-02
5.766128000000000225e-02
6.124312059999999919e-02
6.773874159999999922e-02
2.438026110000000163e-02
8.481466769999999877e-02
4.706491160000000201e-02
1.109698860000000037e-01
8.880319450000000170e-02
8.685334029999999816e-02
9.564878790000000408e-02
3.956941890000000017e-02
1.149400470000000035e-01
1.020814329999999992e-01
6.452897189999999561e-02
7.437498870000000539e-02
8.678045869999999329e-02
1.115409359999999933e-01
9.493332359999999415e-02
6.432142849999999967e-02
2.040511180000000035e-02
6.677555289999999311e-02
8.568483590000000594e-02
1.163846479999999933e-01
1.055733410000000011e-01
1.392592790000000136e-01
1.294708250000000116e-01
1.108888390000000029e-01
6.075036150000000246e-02
1.069699969999999972e-01
8.675023910000000116e-02
9.194902330000000179e-02
7.933376729999999655e-02
8.975173529999999622e-02
8.391805739999999569e-02
1.054782419999999998e-01
1.417367160000000126e-01
5.330784990000000251e-02
9.245549140000000610e-02
4.601751639999999977e-02
7.774852960000000479e-02
7.843971249999999451e-02
1.113169569999999942e-01
8.453667160000000180e-02
3.660064560000000217e-02
5.888376380000000243e-02
1.128986780000000023e-01
1.077352089999999984e-01
1.250229330000000028e-01
1.080913540000000006e-01
1.277093440000000024e-01
1.597706969999999893e-02
7.615569229999999412e-02
1.354876610000000092e-01
4.625774550000000263e-02
1.033451179999999997e-01
7.852570709999999454e-02
6.411526350000000540e-02
8.930809050000000637e-02
5.603855099999999895e-02
8.395439389999999336e-02
3.183859210000000023e-02
8.369132880000000607e-02
5.801790209999999753e-02
2.932024559999999933e-02
1.186201870000000019e-01
3.949779640000000008e-02
7.496226579999999695e-02
9.649098659999999494e-02
6.726508589999999344e-02
4.330234229999999768e-02
9.931116550000000653e-02
9.735414389999999529e-02
7.105285669999999998e-02
8.000600339999999755e-02
-7.421589460000000034e-03
1.033104880000000059e-01
9.202450510000000083e-02
9.257185460000000310e-02
1.490352299999999908e-01
6.309416149999999557e-02
3.223209829999999776e-02
7.008998099999999565e-02
1.283214990000000055e-01
1.286987069999999955e-01
7.897242899999999677e-02
2.549115009999999848e-02
5.349617079999999941e-02
1.033451179999999997e-01
1.894770559999999979e-02
1.416737439999999904e-01
1.246388699999999988e-01
7.405042650000000226e-02
8.033720399999999540e-02
1.071345810000000065e-01
8.660779150000000315e-02
6.358949839999999964e-02
7.292532179999999808e-02
9.327142689999999570e-02
3.407317029999999691e-02
5.912830310000000145e-02
1.814473980000000028e-02
8.801726999999999468e-02
2.039760159999999892e-02
7.353182880000000421e-02
1.265890600000000032e-01
8.786609019999999659e-02
1.653742789999999852e-02
7.061335439999999464e-02
7.632043210000000188e-02
4.578778149999999936e-02
1.048645680000000052e-01
7.294610890000000070e-02
3.190543500000000282e-02
1.099421899999999952e-01
1.057435649999999977e-01
1.165214029999999956e-01
1.159095089999999939e-01
1.221992149999999999e-01
9.859174490000000013e-02
1.198684279999999991e-01
8.237355200000000266e-02
1.376483890000000099e-01
9.737205509999999342e-02
7.806869600000000686e-02
9.859174490000000013e-02
9.677769989999999989e-02
1.076611950000000012e-01
1.240807470000000051e-01
7.791643589999999731e-02
9.477872399999999475e-02
7.443059979999999687e-02
1.239211560000000045e-01
9.898343680000000477e-02
4.117218410000000189e-02
1.146482530000000055e-01
8.455874770000000595e-02
1.020410880000000020e-01
4.208822179999999885e-02
1.029246449999999952e-01
7.735450570000000636e-02
7.833173129999999873e-02
3.720876950000000238e-02
1.341250690000000134e-01
1.360668539999999871e-01
9.271015230000000107e-02
9.845019130000000340e-02
1.094089449999999936e-01
8.773078019999999699e-02
9.467719500000000565e-02
1.143964160000000008e-01
8.850046990000000335e-02
1.075072360000000060e-01
6.538074459999999866e-02
1.575966779999999900e-01
1.457554849999999902e-01
4.181907330000000228e-02
1.106173619999999969e-01
9.989183399999999879e-02
1.325405540000000049e-01
9.666869790000000295e-02
6.989167629999999687e-02
7.924687119999999918e-02
1.256478580000000012e-01
1.293584560000000105e-01
8.580272640000000117e-02
6.904669850000000331e-02
1.036612239999999963e-01
7.690514619999999635e-02
7.155764850000000121e-02
8.179741349999999911e-02
1.440793569999999912e-01
8.256239440000000263e-02
7.517597080000000542e-02
1.013523709999999967e-01
6.239934269999999894e-02
7.557703550000000048e-02
5.455107889999999751e-03
7.128298280000000542e-02
1.107726839999999963e-01
7.546149189999999674e-02
8.689662069999999627e-02
1.110438259999999983e-01
1.614558700000000013e-01
9.411386400000000541e-02
1.303623770000000015e-01
7.563346619999999909e-02
1.167613269999999981e-01
3.400577979999999667e-02
7.192061099999999541e-02
7.791952789999999351e-02
1.057730620000000010e-01
5.314869810000000250e-02
7.517597080000000542e-02
4.490526770000000112e-02
1.243323010000000062e-01
8.421428499999999984e-02
4.960840569999999672e-02
9.544172880000000025e-02
8.201820399999999733e-02
1.470232459999999963e-01
1.259146630000000100e-01
1.221039069999999976e-01
1.536188129999999930e-01
7.690810409999999930e-02
1.897410680000000127e-02
1.034459320000000043e-01
8.058451860000000189e-02
6.412290040000000191e-02
2.859354580000000173e-02
3.502415870000000209e-02
6.820407509999999729e-02
5.384819209999999745e-02
9.800890830000000276e-02
1.474827979999999983e-01
4.400458930000000074e-02
8.311200890000000618e-02
1.117089089999999951e-01
9.231047330000000106e-02
8.282433449999999919e-02
7.979361710000000552e-02
3.417060150000000157e-02
1.036628109999999936e-01
1.347679049999999934e-01
1.186480220000000058e-01
7.109232990000000085e-02
5.187095700000000226e-02
9.557338059999999358e-02
-3.118523960000000109e-02
7.037007809999999697e-02
1.102954069999999981e-01
1.452536230000000053e-02
2.278729529999999961e-02
1.208243590000000062e-01
1.331313399999999869e-01
9.161969270000000498e-02
2.661295790000000119e-02
7.853060219999999370e-02
1.345235559999999886e-01
6.671784819999999894e-02
8.255052570000000201e-02
4.989383740000000178e-02
4.480241979999999985e-02
3.779502590000000106e-02
9.700854870000000241e-02
1.313302520000000084e-01
8.723354340000000207e-02
3.227764739999999799e-02
1.349809469999999900e-01
5.632456389999999924e-02
8.742395040000000561e-02
8.880819380000000429e-02
1.123379389999999978e-01
8.223398029999999526e-02
6.350038950000000404e-02
6.693471970000000604e-02
1.369686870000000056e-01
1.027699190000000082e-02
8.734583109999999317e-02
5.384819209999999745e-02
6.830830129999999889e-02
3.771353510000000075e-02
6.778091190000000432e-02
8.761344109999999463e-02
8.531542120000000506e-02
1.804006660000000151e-02
1.281619370000000036e-01
1.060662420000000050e-01
1.076175570000000026e-01
4.297206180000000264e-02
5.697528269999999756e-02
1.152001319999999968e-01
1.528222559999999897e-01
-3.791357160000000202e-03
8.282324670000000555e-02
7.193960990000000666e-02
8.374668659999999487e-02
1.108057280000000061e-01
6.773960589999999948e-02
1.138814689999999991e-01
2.384539509999999973e-02
5.214962360000000019e-02
6.989362089999999472e-02
4.548402129999999655e-02
7.274194059999999906e-02
1.235850750000000026e-01
7.807676489999999803e-02
5.227398130000000115e-02
8.465339989999999537e-02
6.848234679999999630e-02
2.761597559999999854e-02
5.416369070000000285e-02
5.883388970000000273e-02
9.219424430000000559e-02
6.677733360000000229e-02
1.046452749999999959e-01
3.245321660000000108e-02
6.803772600000000670e-02
9.749692679999999445e-02
8.226513859999999567e-02
8.790720999999999952e-02
6.648840759999999350e-02
9.411539139999999803e-02
4.371744019999999897e-02
1.241586209999999968e-01
5.320884289999999739e-02
1.011691019999999969e-01
3.846890850000000278e-02
8.312910049999999718e-02
6.839244810000000285e-02
1.227794809999999959e-01
5.016056449999999750e-02
5.127218370000000136e-02
2.349722760000000008e-02
1.093317790000000039e-01
6.052727620000000058e-02
1.305750760000000121e-01
7.769305260000000657e-02
7.803073530000000091e-02
-1.251908950000000034e-03
5.076352509999999818e-02
1.660296019999999984e-01
1.060417290000000012e-01
5.614123490000000327e-02
7.474780079999999993e-02
7.138035450000000670e-02
8.314857629999999888e-02
5.485088009999999903e-02
1.048741789999999979e-01
8.953337370000000184e-02
1.093009409999999987e-01
4.487126129999999616e-03
1.385851800000000023e-01
7.135210929999999396e-02
1.111799930000000047e-01
1.008352710000000041e-01
8.995615690000000053e-02
5.402012910000000140e-02
6.481084230000000446e-02
1.444361949999999895e-01
1.811689439999999984e-01
3.254657980000000284e-02
8.825788649999999347e-02
1.241485330000000054e-01
1.486081479999999955e-01
5.202399569999999890e-02
1.245791019999999971e-01
5.176927429999999587e-03
1.005779499999999993e-01
1.159417479999999973e-01
6.616563350000000121e-02
1.293276250000000016e-01
5.013175310000000245e-02
-8.882169610000000687e-03
-4.850037859999999784e-03
1.051790189999999986e-01
1.191518460000000057e-01
4.582091049999999915e-02
7.097338890000000344e-02
1.003941819999999985e-01
6.361313909999999350e-02
5.250501259999999781e-02
1.830493470000000081e-02
6.320615109999999648e-02
7.707859579999999655e-02
8.859072630000000559e-02
1.245042910000000030e-01
1.486009809999999931e-01
9.194651989999999553e-02
1.206021230000000055e-01
7.647834720000000475e-02
6.045123189999999924e-02
7.144147160000000052e-02
5.487902089999999872e-02
7.343311610000000100e-02
6.300409880000000518e-02
2.933007480000000139e-02
1.058807749999999964e-01
1.252168319999999923e-03
9.037745739999999972e-02
6.449779120000000143e-02
1.105723529999999982e-01
5.772604419999999986e-02
1.197290699999999965e-02
1.111198070000000010e-01
9.389109910000000003e-02
5.620198700000000186e-02
2.645616790000000079e-02
9.053704140000000400e-02
7.886518539999999577e-02
2.092733529999999953e-01
1.108735799999999994e-01
8.496569099999999597e-02
1.059600259999999988e-01
1.256424040000000131e-01
7.182861860000000487e-02
5.344140900000000222e-02
1.311808379999999941e-01
8.388130370000000668e-02
1.312096709999999999e-01
7.297244669999999878e-02
4.467640820000000346e-02
1.221002409999999982e-01
5.621945860000000100e-02
7.626567039999999909e-02
4.071372370000000268e-02
1.265794490000000105e-01
8.412189779999999784e-02
1.341905589999999870e-01
1.292502429999999869e-01
9.238756450000000509e-02
9.520593100000000406e-03
6.651835890000000473e-02
5.225538829999999690e-02
1.694649640000000027e-02
6.051088870000000119e-02
9.489958730000000453e-02
1.084970309999999938e-01
1.063414220000000049e-01
1.424842480000000078e-01
1.380750829999999874e-01
7.886518539999999577e-02
8.355985579999999913e-02
8.656172450000000629e-02
5.091984940000000154e-02
1.344531770000000070e-01
6.381037089999999634e-02
8.776033669999999676e-02
5.011553690000000033e-02
1.479038149999999940e-01
5.538455400000000250e-02
6.450561429999999985e-02
1.014291350000000036e-01
1.179107499999999947e-01
1.028988579999999958e-01
4.379415880000000344e-02
5.183177810000000330e-02
6.566996129999999599e-02
2.623083439999999988e-02
8.519398420000000305e-02
1.356367169999999900e-01
9.115315969999999990e-02
4.978202660000000113e-02
1.286831200000000119e-01
7.608743760000000189e-02
9.283106770000000563e-02
1.027991619999999995e-01
9.390615670000000692e-02
1.412075909999999934e-01
1.493889989999999945e-01
8.651123199999999347e-02
2.280749569999999948e-02
6.566996129999999599e-02
9.659571200000000024e-02
8.281043920000000225e-02
1.358134000000000008e-01
6.494571270000000507e-02
1.407901049999999987e-01
4.671671609999999975e-02
1.380817589999999984e-01
7.318893819999999772e-02
9.560503809999999769e-02
1.167965460000000011e-01
1.451082380000000005e-01
5.432923509999999789e-02
6.586980069999999465e-02
5.725585300000000238e-02
6.280424449999999492e-02
4.038981350000000331e-02
1.527777310000000000e-01
1.151716859999999953e-01
1.612370310000000029e-01
9.090037639999999641e-02
1.115939769999999970e-01
8.513909579999999477e-02
1.351047009999999937e-01
4.992872849999999835e-02
8.437733349999999855e-02
8.832684899999999895e-02
1.112510339999999986e-01
8.828752489999999731e-02
8.369257300000000621e-02
1.280527559999999898e-01
1.141197530000000043e-01
7.041849199999999920e-02
1.611908820000000075e-01
8.926209810000000633e-02
8.281235400000000468e-02
1.218870580000000065e-01
8.779909460000000221e-02
8.077822630000000559e-02
1.325442340000000108e-01
9.619538489999999997e-02
3.647078570000000103e-02
6.182140860000000238e-02
6.231757629999999659e-02
1.001507120000000028e-01
7.131652530000000267e-02
8.758375050000000162e-02
1.186529100000000003e-01
1.690440619999999949e-02
3.449085729999999683e-02
5.486321820000000099e-02
1.291486430000000039e-02
3.462904690000000174e-02
3.369931129999999969e-02
5.553172530000000107e-02
-5.180808900000000161e-02
7.880138609999999544e-02
1.223556179999999993e-01
7.978615910000000366e-02
1.250328420000000051e-01
1.006973609999999991e-01
5.267255750000000153e-02
6.850146499999999750e-02
1.002496630000000027e-01
7.075242700000000662e-02
2.035053449999999972e-02
2.091639680000000057e-02
5.308240649999999838e-02
1.035434679999999996e-01
1.885948329999999895e-01
3.392208740000000194e-02
1.222015099999999993e-01
4.021173339999999791e-02
7.371704279999999332e-02
1.230644060000000012e-01
3.976005690000000009e-02
7.710295170000000531e-02
-5.593987180000000066e-03
6.713188439999999424e-02
7.978615910000000366e-02
8.887713399999999653e-02
1.233634200000000014e-01
9.576026349999999798e-02
8.786202969999999668e-02
1.059575749999999983e-01
1.432742029999999889e-01
6.179136410000000273e-02
1.508429940000000080e-01
1.285800779999999865e-01
9.026378390000000529e-02
6.416124850000000379e-02
1.751565370000000149e-02
2.766364439999999952e-02
9.751278909999999689e-02
1.111143309999999967e-01
3.250488270000000124e-02
7.323829830000000429e-02
6.057858089999999807e-02
1.360968949999999955e-01
6.812712549999999645e-02
9.392490239999999602e-02
6.365842369999999417e-02
-2.561702210000000104e-02
1.758025880000000096e-01
1.037727519999999959e-01
1.583806869999999922e-01
4.960710179999999747e-02
2.360668410000000064e-02
8.887713399999999653e-02
4.453275350000000105e-02
9.273538739999999392e-02
1.248924809999999996e-01
7.957234979999999736e-02
1.248013300000000020e-01
9.163672479999999954e-02
1.078617870000000006e-01
7.836685329999999727e-02
1.016656090000000040e-01
1.223218890000000031e-01
5.493908000000000125e-02
1.425948740000000103e-01
8.368847889999999484e-03
5.322748420000000119e-02
2.382163519999999993e-02
2.059699779999999911e-02
2.450440450000000020e-02
7.371631260000000019e-02
6.926466520000000571e-02
6.784852589999999795e-02
8.328191190000000521e-02
8.958225699999999847e-02
6.228667499999999968e-02
4.771728070000000321e-02
6.864607329999999896e-02
1.846617459999999947e-02
7.642104480000000422e-02
1.806942519999999996e-01
5.849978329999999671e-02
1.081924439999999987e-01
1.451282200000000022e-01
1.313739869999999976e-01
4.992872849999999835e-02
1.466634569999999971e-01
7.796397060000000157e-02
1.632768810000000126e-01
1.069077030000000067e-01
6.368335340000000344e-02
1.399249730000000080e-01
8.280594650000000501e-02
-8.929219099999999992e-03
1.311140660000000013e-01
1.034758540000000060e-01
8.752249180000000461e-02
1.368802339999999895e-01
6.225375460000000249e-02
4.925414549999999891e-02
6.488137689999999569e-02
1.129031479999999948e-01
7.007471469999999869e-02
8.188103880000000001e-02
8.566674589999999367e-02
2.243376899999999924e-02
2.465735559999999993e-02
1.299942139999999968e-01
1.029533069999999939e-01
5.296883360000000096e-02
1.282596739999999902e-01
5.826920270000000152e-02
8.663453910000000480e-02
1.695082629999999924e-01
2.741718849999999832e-02
6.088582800000000295e-02
4.436391220000000107e-02
3.208749000000000323e-02
1.400180759999999913e-01
9.877493230000000679e-02
-2.152075989999999855e-02
1.645544919999999967e-01
7.651500399999999757e-02
5.837216230000000228e-02
4.374322669999999857e-02
5.276004599999999795e-02
8.280329409999999390e-02
1.004562150000000015e-01
1.525340829999999870e-01
5.069196220000000280e-02
1.510998010000000058e-01
1.178558170000000016e-01
1.026592399999999988e-01
9.346165509999999899e-02
1.575978100000000048e-02
1.377037910000000059e-02
6.439857929999999453e-02
9.022977199999999975e-02
6.638833140000000022e-02
1.015650260000000027e-01
9.751278909999999689e-02
1.470624799999999954e-01
1.654659960000000041e-01
4.693661629999999751e-02
4.370852559999999914e-02
3.896387290000000170e-02
9.602273999999999532e-02
3.824071960000000048e-02
8.078937980000000518e-02
7.921744140000000489e-02
1.024771029999999999e-01
8.386951680000000187e-02
1.017488609999999960e-01
8.667401969999999345e-02
3.439265119999999898e-02
1.042224239999999941e-01
-1.053873220000000081e-03
1.299969400000000053e-01
1.782979670000000016e-01
6.477951260000000544e-02
1.206750799999999936e-02
3.553799910000000201e-02
1.973741689999999882e-02
1.166932209999999998e-01
1.753036530000000037e-01
8.985288439999999932e-02
1.200301569999999984e-01
-9.536591360000000808e-03
1.286392809999999942e-01
7.555550340000000142e-02
3.126194329999999744e-02
1.848861389999999910e-02
7.259010520000000466e-02
6.693245470000000474e-02
7.897783819999999733e-02
8.172354850000000670e-02
1.331458540000000079e-01
4.705805700000000036e-02
1.402964140000000082e-01
1.304800959999999899e-01
6.057538090000000319e-02
3.385975959999999729e-02
-2.524733170000000027e-02
2.130450160000000037e-01
8.040292189999999339e-03
5.911236629999999659e-02
1.096325519999999942e-01
1.426394430000000046e-01
-1.581504939999999956e-02
9.644573929999999962e-02
5.676544270000000170e-03
4.595491289999999868e-02
1.519579440000000115e-01
1.235527839999999988e-01
5.814862619999999760e-02
1.479603049999999864e-01
1.072909459999999982e-01
7.704214010000000334e-02
1.581624150000000006e-01
9.009021520000000394e-02
4.896356169999999813e-02
4.339988160000000234e-02
6.582334639999999626e-02
-1.307797529999999916e-02
6.222967799999999661e-02
8.222516629999999938e-02
8.667401969999999345e-02
1.187932569999999993e-01
2.516832759999999836e-02
1.499376890000000129e-01
1.797943559999999885e-01
1.052442789999999961e-01
1.720386299999999979e-01
1.325613710000000112e-01
7.592258600000000024e-02
5.102593080000000086e-02
6.220128760000000201e-02
2.617082000000000089e-02
5.664331090000000041e-02
1.468830259999999999e-01
6.503160299999999339e-02
9.768292309999999923e-02
2.258595079999999866e-01
5.336347970000000079e-02
4.898690800000000262e-02
7.048296930000000349e-02
1.465087379999999995e-01
4.258855059999999693e-02
8.699405189999999399e-02
1.110016330000000023e-01
-1.395531650000000033e-02
-5.781871269999999847e-03
7.502902300000000024e-02
3.618752580000000191e-02
3.476668150000000040e-02
-1.522287630000000030e-02
1.532965000000000022e-01
1.210726280000000016e-01
6.755577769999999982e-02
8.220281449999999879e-02
7.166938479999999945e-02
7.943192870000000128e-02
2.307001870000000010e-02
8.673906330000000220e-02
9.602273999999999532e-02
3.853239490000000267e-02
1.020419300000000029e-01
1.501294690000000084e-02
1.777850990000000020e-01
1.907166690000000053e-01
7.937300949999999411e-02
9.528055790000000691e-02
1.016994420000000010e-01
1.129231139999999946e-02
-2.614691039999999774e-04
6.764238329999999744e-02
-4.773470390000000146e-02
6.817601619999999474e-02
1.923914850000000010e-01
1.305370479999999889e-01
2.159602199999999944e-02
7.069818680000000688e-02
1.636829670000000125e-01
1.064292250000000058e-02
9.378612790000000199e-02
1.303079719999999941e-01
1.210679340000000020e-01
-3.205577280000000001e-02
7.173880470000000391e-03
8.535278590000000554e-02
4.324628409999999729e-02
1.320455369999999906e-01
1.415688400000000013e-01
7.496782389999999408e-02
4.027814049999999674e-02
-2.248962409999999846e-03
1.430201680000000031e-01
8.597085620000000095e-02
1.303079719999999941e-01
8.345640449999999766e-02
1.000991690000000017e-01
9.544029830000000381e-02
4.463204369999999865e-02
1.171259399999999978e-02
5.080376570000000314e-02
-1.203355099999999997e-02
1.176652309999999951e-01
6.673883649999999557e-02
7.458142190000000005e-02
2.041837759999999904e-02
2.138269510000000151e-02
-2.601983769999999946e-02
9.217242150000000411e-02
8.343286810000000164e-02
1.720266490000000037e-01
7.481310519999999353e-02
1.313642110000000085e-01
9.470217670000000143e-02
1.136234400000000061e-01
1.064441349999999953e-01
6.257155540000000626e-02
8.092281219999999942e-02
6.518027190000000304e-02
2.741621990000000023e-02
3.785374390000000033e-02
9.606071750000000353e-03
4.517619679999999860e-02
8.550702039999999449e-02
2.951532230000000062e-02
2.658910119999999960e-02
8.530527350000000064e-02
2.215610629999999887e-02
1.343651019999999967e-02
7.371108229999999428e-02
9.697535629999999574e-02
1.919456389999999943e-02
1.950589420000000129e-01
1.879586470000000134e-02
1.152501110000000023e-01
8.540216829999999759e-02
1.180228519999999975e-01
2.402177449999999895e-02
7.623755929999999348e-02
3.347850589999999682e-02
1.214849280000000059e-01
4.017579930000000216e-02
1.323241290000000125e-01
7.271877679999999566e-02
1.194290720000000007e-02
4.976145550000000278e-02
4.498666899999999996e-02
8.084742720000000216e-02
7.792120430000000486e-02
1.054866150000000058e-02
1.845289169999999868e-01
4.553288219999999942e-02
7.836877550000000137e-02
1.682917770000000035e-01
1.114424839999999944e-01
7.718223329999999993e-02
7.792120430000000486e-02
7.855942850000000033e-02
8.278576279999999565e-02
1.557075229999999866e-01
1.604500600000000055e-02
8.345640449999999766e-02
1.330425289999999927e-01
1.594828960000000129e-01
1.515430210000000000e-01
1.274021710000000085e-01
1.396674220000000133e-01
6.130133200000000004e-02
9.217242150000000411e-02
3.030054270000000129e-03
1.098954830000000021e-01
5.842547859999999704e-02
7.134611159999999785e-02
8.852008729999999437e-02
-6.766628469999999562e-02
8.058115840000000529e-02
6.431944670000000475e-02
3.052711489999999916e-02
5.661928279999999675e-02
2.084841249999999906e-03
8.969617639999999392e-02
4.294217749999999778e-02
1.540591269999999902e-01
4.860117659999999701e-02
1.122124639999999979e-01
2.722215089999999865e-02
1.919456389999999943e-02
6.138093769999999894e-02
7.079534980000000421e-02
5.301312729999999723e-02
1.300080720000000023e-01
9.049396219999999991e-02
2.825676090000000043e-02
6.216732039999999654e-02
6.575638059999999729e-02
-2.801004610000000158e-02
1.756939439999999908e-01
9.234195200000000492e-02
8.010504769999999414e-03
1.103770580000000001e-01
9.769216179999999985e-03
1.563510750000000060e-01
8.435584599999999822e-02
7.391189780000000098e-02
6.056401510000000016e-02
3.655185180000000006e-02
2.041239740000000136e-01
7.351264359999999665e-02
4.957775030000000083e-02
3.415760030000000030e-02
8.999443799999999605e-02
4.043567929999999921e-02
3.978192810000000246e-02
7.148471469999999328e-02
2.806978489999999854e-02
6.257663669999999345e-02
1.068092139999999995e-01
2.942717820000000095e-02
2.584751880000000016e-02
1.352992500000000098e-01
7.705973829999999969e-02
4.360594229999999877e-02
2.591005340000000073e-02
4.937541859999999838e-02
1.270543779999999956e-01
4.179824520000000043e-02
1.099805160000000004e-01
1.290249529999999978e-01
1.536219570000000034e-01
8.132749799999999807e-02
7.551136610000000471e-02
8.010504769999999414e-03
9.119358660000000116e-02
1.074053120000000028e-01
9.772075709999999971e-02
9.597403559999999334e-02
1.392279570000000063e-02
8.562085029999999541e-02
1.249213440000000036e-01
2.012864649999999977e-01
8.072259280000000647e-02
6.064122920000000055e-02
9.858981519999999998e-02
7.707219569999999853e-02
6.626275930000000147e-02
1.296269150000000092e-01
4.206566510000000342e-02
1.461784540000000132e-01
1.913697269999999895e-01
-1.602169499999999899e-02
-8.079601079999999824e-02
1.475056110000000087e-01
2.248652090000000103e-02
1.362635640000000037e-01
1.025612729999999945e-01
2.009661119999999954e-02
1.103777660000000022e-01
3.518163039999999686e-02
-9.472267700000000165e-03
1.128798949999999940e-01
2.175000310000000103e-01
3.318166360000000120e-02
1.027902770000000028e-02
1.956096740000000112e-01
9.209313239999999956e-02
1.318881010000000006e-02
8.793925489999999956e-02
1.102687720000000010e-01
1.232031960000000009e-01
4.146456350000000263e-02
6.083337960000000100e-02
1.145557460000000000e-01
7.120092960000000415e-02
4.671296850000000028e-02
1.431804899999999936e-01
1.133717890000000006e-01
-1.170613990000000069e-02
9.735685589999999723e-02
1.093103740000000018e-01
8.529842640000000198e-02
5.847119540000000198e-02
6.211007009999999773e-02
5.396988619999999737e-02
3.301390629999999965e-02
1.167305190000000048e-01
7.238543029999999767e-02
1.005228979999999925e-02
1.532605439999999986e-01
-7.868150250000000706e-03
8.369524779999999720e-02
9.100514649999999484e-02
7.086233790000000254e-02
-7.070382130000000404e-03
2.550642560000000031e-02
9.933980550000000298e-02
9.209313239999999956e-02
4.711888730000000219e-02
2.916017549999999972e-02
1.017645080000000035e-01
1.392474920000000005e-01
2.796318570000000045e-02
-3.071667070000000041e-02
5.614810440000000263e-02
6.308505679999999727e-02
9.352795029999999565e-02
1.842078420000000105e-01
2.002527420000000113e-01
1.080090999999999968e-01
1.254007970000000083e-01
5.399124319999999699e-02
6.064122920000000055e-02
8.757071939999999666e-02
8.200667799999999952e-02
1.157296820000000004e-01
1.532605439999999986e-01
-5.558560790000000029e-02
1.068092139999999995e-01
2.651773689999999961e-01
7.252927119999999506e-02
8.884160780000000673e-03
1.201298979999999988e-01
6.690789010000000592e-02
-1.758118720000000079e-02
-9.181655940000000085e-03
9.974225609999999576e-02
9.253651649999999895e-02
1.528364330000000007e-02
1.099079550000000016e-01
5.779143049999999754e-02
1.381520029999999954e-01
-4.552917549999999786e-02
1.145115200000000055e-01
7.754342999999999653e-02
1.858238879999999926e-01
6.414117660000000221e-02
6.585962330000000309e-02
1.370000989999999863e-01
2.254213690000000103e-01
1.922515180000000101e-01
9.070554379999999639e-02
1.424646079999999926e-01
1.121603999999999934e-01
1.862282859999999859e-02
4.958562550000000096e-02
2.143115399999999948e-01
1.248201210000000061e-01
3.405470170000000039e-03
3.458677980000000179e-02
5.910505349999999741e-02
7.906028630000000446e-02
-3.991879520000000264e-02
9.407619009999999837e-03
1.351648719999999915e-01
1.362573649999999914e-01
9.738984700000000161e-02
3.736156599999999883e-02
5.444106089999999759e-02
9.631990110000000424e-04
9.484385700000000363e-02
7.503198830000000485e-02
1.165347169999999960e-01
1.151270640000000012e-01
3.472776340000000017e-02
7.602752000000000121e-02
6.857103109999999890e-02
1.694342789999999932e-01
8.191991599999999540e-02
5.365511399999999681e-02
1.189072500000000060e-01
-4.295175150000000303e-02
1.138826010000000000e-01
7.280936459999999902e-03
1.087634860000000064e-01
1.427371050000000030e-01
4.205734660000000347e-02
9.633866700000000283e-02
1.180632160000000047e-03
1.450320780000000087e-01
1.823701259999999935e-01
5.963290110000000338e-02
9.662621470000000434e-02
1.623916479999999996e-01
5.910505349999999741e-02
9.586065259999999866e-02
4.382027310000000120e-02
-8.560621180000000177e-03
1.423775110000000121e-01
1.154031749999999967e-01
1.136173159999999960e-01
1.621637490000000029e-02
1.008880659999999985e-01
5.762983490000000292e-02
1.635704040000000026e-01
1.854632980000000056e-02
-3.516671059999999793e-02
7.916341720000000248e-02
6.436922400000000266e-02
4.829129950000000254e-02
6.617795680000000680e-02
9.976875779999999638e-02
-1.551209859999999954e-02
1.354828770000000016e-01
5.539627369999999829e-02
-7.458776240000000203e-03
5.539627369999999829e-02
9.250743310000000136e-03
7.586975399999999758e-02
1.055267450000000051e-01
6.203248719999999994e-02
5.603947120000000309e-02
5.948768559999999955e-02
3.405712539999999899e-02
3.058269430000000108e-02
-4.043095559999999866e-02
3.549875319999999668e-02
5.952730030000000228e-02
-2.389070390000000085e-02
7.916341720000000248e-02
1.343964340000000091e-01
6.018048899999999674e-02
4.795143379999999844e-02
6.678948549999999540e-02
7.858277860000000004e-02
5.912033839999999811e-03
1.474163679999999921e-02
1.896025389999999866e-01
-2.269351849999999907e-02
1.642205270000000050e-01
1.385008389999999867e-01
1.540497839999999952e-01
4.572064060000000096e-02
2.148259619999999884e-02
8.171565090000000586e-02
2.624625270000000010e-01
1.801715339999999943e-01
9.619595109999999616e-02
-5.152300370000000018e-02
8.276162300000000638e-02
8.657945690000000416e-02
1.150746830000000040e-02
1.224095899999999987e-01
4.231649259999999829e-02
2.859145170000000191e-03
6.395044179999999356e-02
1.175357479999999955e-01
3.812266510000000136e-02
5.854551870000000019e-02
1.893996599999999975e-01
-1.799820179999999867e-02
2.431839699999999854e-02
7.542844860000000318e-02
2.538171779999999836e-02
8.367212120000000475e-02
-1.001837780000000011e-01
3.232422470000000103e-02
1.020568679999999950e-01
7.202028299999999744e-03
8.371970800000000379e-02
5.127859490000000187e-02
3.793116660000000334e-02
4.260236020000000151e-02
1.022678459999999956e-01
3.413514420000000188e-02
2.527507210000000046e-02
7.509465519999999894e-02
9.164241700000000379e-02
-1.701030510000000120e-02
1.284159119999999932e-01
1.170965509999999932e-01
