2.185582970000000125e-01
2.269550860000000003e-01
2.242043609999999909e-01
2.188535630000000010e-01
1.944663229999999965e-01
1.936755930000000070e-01
1.806209679999999929e-01
1.872063880000000013e-01
1.721874770000000054e-01
1.563164890000000029e-01
1.574343290000000117e-01
1.477964519999999948e-01
1.506185379999999963e-01
1.332097499999999879e-01
1.428757910000000020e-01
1.265049430000000086e-01
1.325645000000000018e-01
1.305427399999999905e-01
1.335096209999999950e-01
1.382424379999999953e-01
1.390977200000000080e-01
1.328333469999999905e-01
1.354644889999999935e-01
1.369822470000000014e-01
1.329028760000000031e-01
1.426389959999999901e-01
1.445579080000000127e-01
1.469902100000000100e-01
1.396591960000000132e-01
1.482347850000000078e-01
1.482141760000000030e-01
1.431605069999999924e-01
1.387531610000000137e-01
1.479920299999999966e-01
1.378627869999999866e-01
1.441604940000000001e-01
1.374639420000000056e-01
1.459730710000000098e-01
1.516384480000000090e-01
1.518849730000000064e-01
1.440713259999999996e-01
1.346200409999999958e-01
1.477699429999999869e-01
1.337603179999999892e-01
1.362130490000000027e-01
1.424845760000000017e-01
1.393408919999999940e-01
1.341058760000000127e-01
1.387121380000000126e-01
1.408566240000000136e-01
1.383509189999999889e-01
1.420908720000000069e-01
1.339454049999999896e-01
1.370349379999999950e-01
1.290702370000000043e-01
1.288809780000000071e-01
1.408399190000000079e-01
1.371598240000000135e-01
1.316536369999999900e-01
1.297391360000000049e-01
1.386896370000000045e-01
1.380884199999999895e-01
1.325827990000000012e-01
1.337402609999999992e-01
1.350646759999999946e-01
1.332598030000000100e-01
1.386393310000000045e-01
1.390141400000000083e-01
1.460311260000000111e-01
1.305414589999999986e-01
1.397544290000000133e-01
1.261164549999999884e-01
1.355127839999999972e-01
1.353194120000000000e-01
1.400396230000000020e-01
1.443305159999999920e-01
1.382660119999999937e-01
1.376379580000000047e-01
1.408724640000000028e-01
1.280577330000000069e-01
1.284494850000000021e-01
1.399460289999999996e-01
1.337856799999999902e-01
1.323816329999999986e-01
1.280930339999999945e-01
1.267327070000000000e-01
1.333419379999999932e-01
1.294560730000000048e-01
1.388657540000000079e-01
1.267168220000000067e-01
1.403050419999999909e-01
1.390484569999999864e-01
1.316269190000000089e-01
1.424994470000000013e-01
1.332945819999999948e-01
1.280769260000000076e-01
1.276993600000000118e-01
1.315317000000000014e-01
1.284403199999999967e-01
1.271123740000000002e-01
1.308620420000000117e-01
1.358372870000000010e-01
1.281778510000000093e-01
1.236131490000000055e-01
1.369096190000000102e-01
1.335793140000000045e-01
1.375502939999999896e-01
1.392618419999999968e-01
1.355223799999999978e-01
1.308060879999999870e-01
1.331270340000000052e-01
1.339641059999999995e-01
1.380053009999999969e-01
1.239448040000000056e-01
1.364310830000000085e-01
1.324061900000000069e-01
1.203174810000000039e-01
1.389736980000000066e-01
1.279915269999999938e-01
1.335830239999999947e-01
1.304029820000000006e-01
1.301738620000000013e-01
1.317768689999999909e-01
1.309401689999999951e-01
1.329350019999999966e-01
1.357868610000000087e-01
1.320718680000000089e-01
1.304194029999999893e-01
1.252318470000000072e-01
1.318773179999999934e-01
1.288049820000000123e-01
1.269932990000000039e-01
1.287373599999999951e-01
1.281260850000000007e-01
1.271506099999999972e-01
1.205186020000000024e-01
1.256059559999999908e-01
1.308179499999999884e-01
1.289942410000000095e-01
1.279554069999999932e-01
1.333935559999999965e-01
1.280356649999999930e-01
1.215841770000000016e-01
1.345820130000000003e-01
1.345630439999999928e-01
1.276592019999999994e-01
1.294272690000000114e-01
1.218244430000000045e-01
1.254826490000000017e-01
1.411747780000000008e-01
1.305554060000000127e-01
1.223383400000000037e-01
1.230705980000000033e-01
1.296489389999999908e-01
1.344344319999999926e-01
1.303690969999999894e-01
1.223976610000000048e-01
1.326824279999999912e-01
1.181458529999999951e-01
1.245956569999999985e-01
1.245883629999999936e-01
1.346381459999999863e-01
1.268121749999999992e-01
1.279800829999999945e-01
1.183193250000000030e-01
1.332874749999999886e-01
1.240144069999999932e-01
1.255812500000000054e-01
1.206209060000000000e-01
1.316736340000000116e-01
1.282535340000000024e-01
1.343599709999999947e-01
1.252549139999999950e-01
1.278717960000000098e-01
1.347021310000000027e-01
1.220112369999999946e-01
1.283592729999999960e-01
1.194681670000000001e-01
1.279343219999999892e-01
1.277263909999999947e-01
1.256213340000000012e-01
1.175626589999999999e-01
1.317323890000000053e-01
1.363599000000000061e-01
1.222622099999999962e-01
1.230880770000000041e-01
1.292894930000000053e-01
1.212841570000000035e-01
1.301933379999999918e-01
1.305148899999999945e-01
1.231987400000000010e-01
1.226843739999999988e-01
1.150761990000000040e-01
1.198234930000000031e-01
1.168439309999999981e-01
1.178078280000000033e-01
1.336583500000000091e-01
1.343752589999999969e-01
1.207061930000000033e-01
1.259129200000000115e-01
1.240427350000000012e-01
1.442781389999999997e-01
1.189978790000000008e-01
1.230483500000000008e-01
1.268699769999999949e-01
1.259075400000000122e-01
1.136993990000000065e-01
1.252471950000000056e-01
1.194786209999999932e-01
1.188229469999999982e-01
1.248431430000000036e-01
1.118290049999999952e-01
1.058530579999999999e-01
1.234688159999999951e-01
1.300319139999999984e-01
1.215859430000000019e-01
1.131344660000000030e-01
1.250327970000000011e-01
1.281428340000000110e-01
1.242439449999999945e-01
1.235869819999999980e-01
1.294408139999999874e-01
1.351502840000000094e-01
1.286549419999999944e-01
1.227619280000000063e-01
1.117476669999999950e-01
1.161816940000000020e-01
1.255222410000000066e-01
1.263858969999999970e-01
1.287951920000000028e-01
1.243693750000000042e-01
1.237263229999999992e-01
1.293823420000000113e-01
1.163393779999999933e-01
1.236964690000000033e-01
1.251419039999999983e-01
1.206008269999999938e-01
1.280557220000000107e-01
1.198358090000000015e-01
1.197464619999999980e-01
1.138895149999999967e-01
1.212607770000000001e-01
1.298900540000000048e-01
1.205071729999999952e-01
1.191548260000000053e-01
1.225056570000000039e-01
1.240835259999999995e-01
1.279411460000000056e-01
1.177690249999999994e-01
1.294382809999999884e-01
1.312235890000000016e-01
1.148411559999999998e-01
1.199235020000000013e-01
1.178572029999999937e-01
1.191543189999999947e-01
1.160332109999999972e-01
1.215433850000000038e-01
1.214783420000000030e-01
1.151916979999999952e-01
1.290231350000000110e-01
1.186566129999999941e-01
1.257090419999999931e-01
1.245053779999999999e-01
1.328943519999999934e-01
1.170066000000000023e-01
1.231397989999999942e-01
1.288863869999999912e-01
1.176327320000000037e-01
1.285023690000000052e-01
1.139474729999999936e-01
1.289616530000000094e-01
1.148568469999999980e-01
1.220069379999999953e-01
1.103907380000000021e-01
1.203167960000000036e-01
1.169090789999999991e-01
1.173620449999999982e-01
1.186301260000000024e-01
1.283232270000000119e-01
1.172843580000000052e-01
1.176291849999999972e-01
1.195232049999999935e-01
1.198800950000000060e-01
1.296072010000000052e-01
1.339109990000000028e-01
1.217879879999999998e-01
1.163362859999999971e-01
1.255897880000000078e-01
1.165287420000000046e-01
1.238485200000000036e-01
1.141336859999999981e-01
1.216285680000000063e-01
1.146183540000000056e-01
1.121750029999999954e-01
1.222266699999999956e-01
1.118378859999999975e-01
1.153411939999999941e-01
1.152860819999999981e-01
1.242277249999999972e-01
1.276647449999999961e-01
1.183157189999999997e-01
1.195102999999999999e-01
1.198115939999999935e-01
1.327637279999999975e-01
1.305140850000000019e-01
1.289758380000000093e-01
1.310937110000000017e-01
1.187265960000000037e-01
1.263283189999999945e-01
1.162530999999999981e-01
1.192856949999999971e-01
1.352999960000000057e-01
1.269761620000000035e-01
1.331212969999999995e-01
1.097558809999999996e-01
1.182505860000000047e-01
1.200884799999999974e-01
1.072631780000000007e-01
1.016217100000000040e-01
1.171572730000000062e-01
1.109052519999999958e-01
1.103751359999999987e-01
1.191086769999999961e-01
1.213979649999999966e-01
1.176364419999999938e-01
1.175234690000000054e-01
1.246050600000000036e-01
1.097979099999999986e-01
1.292652340000000066e-01
1.225226890000000041e-01
1.221872940000000018e-01
1.242166090000000056e-01
1.124356170000000016e-01
1.154982670000000017e-01
1.092320229999999975e-01
1.139796379999999942e-01
1.188529130000000045e-01
1.145621460000000036e-01
1.169131850000000028e-01
1.102439169999999968e-01
1.150450479999999970e-01
1.213994619999999997e-01
1.233131140000000014e-01
1.143608690000000039e-01
1.109682169999999940e-01
1.170076800000000028e-01
1.196812319999999985e-01
1.173444540000000008e-01
1.193169800000000030e-01
1.096930430000000040e-01
1.236370579999999941e-01
1.105283870000000057e-01
1.225272419999999945e-01
1.211024369999999933e-01
1.178963779999999961e-01
1.272049990000000130e-01
1.166725750000000006e-01
1.142179150000000032e-01
1.181201409999999979e-01
1.129015159999999934e-01
1.217686159999999962e-01
1.225030720000000045e-01
1.185730249999999986e-01
1.124907059999999959e-01
1.166795119999999991e-01
1.080099119999999996e-01
1.253735870000000086e-01
1.215440109999999935e-01
1.260222639999999950e-01
1.171480939999999943e-01
1.198576840000000060e-01
1.147738840000000066e-01
1.201442779999999932e-01
1.093924270000000004e-01
1.065694989999999981e-01
1.111051509999999992e-01
1.200122539999999988e-01
1.167629139999999954e-01
1.184012670000000045e-01
1.166538149999999940e-01
1.067036459999999992e-01
1.210411339999999947e-01
1.194242759999999959e-01
1.239657100000000067e-01
1.198362260000000040e-01
1.201656390000000046e-01
1.117252859999999931e-01
1.086523529999999932e-01
1.114534070000000043e-01
1.072196359999999932e-01
1.234328449999999994e-01
1.120495199999999997e-01
1.195821460000000003e-01
1.070899220000000041e-01
1.126495379999999935e-01
1.147657559999999966e-01
1.169754789999999933e-01
1.194280389999999997e-01
1.169472859999999975e-01
1.240079399999999971e-01
1.176875980000000044e-01
1.098029539999999943e-01
1.119007689999999972e-01
1.054610309999999967e-01
1.222426370000000012e-01
1.089217440000000009e-01
1.143869909999999934e-01
1.111482750000000047e-01
1.144387800000000038e-01
1.079119669999999975e-01
1.145541370000000003e-01
1.115428579999999947e-01
1.215152070000000001e-01
1.056573019999999946e-01
1.036252450000000047e-01
1.096142680000000008e-01
1.170131789999999949e-01
1.203389390000000059e-01
1.140980719999999948e-01
1.068120520000000045e-01
1.192435470000000053e-01
1.041745389999999966e-01
1.243176829999999983e-01
1.137745599999999968e-01
1.151551600000000064e-01
1.136942799999999948e-01
1.258389199999999930e-01
1.090391500000000014e-01
1.100965220000000022e-01
1.030657590000000068e-01
1.089748589999999934e-01
9.552329780000000381e-02
1.083420890000000025e-01
1.059666199999999975e-01
1.142951999999999996e-01
1.171568330000000019e-01
1.123154090000000049e-01
1.144288259999999974e-01
1.061458509999999994e-01
1.223307770000000017e-01
1.180159449999999971e-01
1.132232769999999972e-01
1.187522560000000005e-01
1.083895039999999976e-01
1.101918149999999985e-01
1.062208639999999982e-01
1.137842830000000000e-01
1.157314480000000007e-01
1.047248840000000042e-01
1.209787130000000016e-01
1.129749339999999991e-01
1.016177979999999953e-01
1.237687019999999943e-01
1.064092070000000056e-01
1.135239680000000029e-01
1.018292380000000025e-01
1.186304690000000023e-01
1.169255750000000038e-01
1.116714550000000028e-01
1.160879360000000027e-01
9.738881889999999319e-02
1.001563300000000017e-01
1.106947060000000038e-01
1.129641309999999954e-01
1.028203520000000037e-01
1.041724829999999963e-01
1.041350510000000062e-01
1.023610900000000018e-01
1.119607610000000059e-01
1.161489339999999953e-01
9.891426559999999535e-02
1.155768110000000015e-01
1.103424800000000067e-01
1.161176710000000056e-01
1.166444719999999990e-01
1.000335589999999941e-01
1.127517739999999991e-01
1.043251899999999982e-01
1.125744580000000022e-01
1.108679770000000064e-01
1.054899470000000006e-01
1.157076949999999993e-01
1.079412329999999975e-01
1.190580130000000042e-01
1.128616409999999987e-01
9.471730890000000513e-02
1.068111880000000014e-01
9.607294199999999451e-02
1.072213129999999986e-01
1.169974430000000065e-01
9.951314329999999542e-02
1.285547170000000128e-01
1.210662950000000043e-01
1.086274529999999988e-01
1.049483050000000056e-01
1.120083780000000057e-01
1.039288859999999981e-01
1.132491379999999992e-01
1.276439729999999939e-01
1.148668159999999966e-01
1.015893439999999981e-01
1.051673219999999936e-01
1.037840550000000001e-01
1.007594170000000039e-01
1.102553680000000064e-01
1.108209940000000060e-01
1.170613910000000008e-01
1.066282239999999937e-01
1.093861389999999933e-01
1.080693900000000013e-01
1.094736609999999999e-01
1.134148090000000053e-01
1.028272880000000028e-01
9.484532480000000543e-02
1.033522560000000035e-01
1.141209229999999991e-01
1.118076370000000014e-01
1.089674459999999956e-01
1.108511459999999976e-01
1.057910620000000051e-01
1.065125839999999935e-01
1.050775349999999997e-01
1.087283420000000056e-01
1.104700859999999951e-01
1.148363579999999995e-01
1.088765339999999970e-01
1.080999299999999969e-01
1.080734730000000032e-01
1.118866800000000022e-01
1.097385210000000055e-01
1.083044189999999990e-01
9.961209449999999799e-02
1.103794720000000062e-01
1.023491019999999974e-01
1.073677170000000014e-01
1.176880369999999953e-01
1.161418859999999997e-01
1.103327719999999956e-01
1.088516040000000046e-01
1.179567499999999991e-01
1.231349409999999978e-01
1.092838200000000037e-01
1.169018889999999949e-01
1.102104490000000020e-01
1.094994019999999957e-01
1.031619460000000044e-01
1.126580390000000015e-01
1.125839800000000002e-01
9.705124049999999669e-02
1.098466520000000030e-01
1.120283599999999935e-01
1.104113310000000014e-01
1.097176519999999988e-01
1.045104709999999937e-01
1.203202010000000016e-01
1.053466200000000019e-01
1.195571650000000069e-01
1.134089600000000031e-01
1.102881129999999932e-01
1.074104230000000049e-01
1.033192950000000054e-01
1.059429270000000062e-01
1.158739099999999966e-01
1.196579559999999959e-01
1.102407499999999985e-01
1.198513660000000008e-01
1.019840090000000005e-01
1.063851269999999960e-01
1.172609550000000000e-01
1.062953469999999984e-01
1.119658570000000020e-01
1.088309739999999970e-01
1.058678549999999968e-01
1.002945680000000006e-01
1.085111500000000007e-01
1.221050989999999947e-01
1.068422940000000043e-01
1.052045969999999969e-01
1.059236149999999987e-01
9.526732559999999406e-02
1.136397789999999963e-01
1.078374389999999933e-01
1.243605390000000060e-01
1.174340469999999997e-01
1.091975720000000066e-01
1.010761039999999999e-01
1.045560539999999955e-01
1.097259069999999975e-01
1.053452639999999940e-01
1.148310010000000020e-01
1.088289250000000069e-01
9.365261349999999541e-02
9.703204040000000530e-02
1.184590680000000007e-01
1.038443369999999949e-01
1.149486750000000002e-01
1.180453900000000000e-01
1.008688360000000034e-01
1.128114909999999999e-01
1.179057810000000012e-01
9.148349610000000576e-02
1.145500539999999984e-01
1.174152789999999974e-01
1.066062450000000023e-01
1.206236630000000060e-01
1.112086250000000054e-01
1.039973270000000005e-01
9.844146669999999377e-02
1.169112469999999959e-01
1.006123270000000014e-01
1.117739900000000036e-01
9.593597049999999515e-02
1.028897170000000055e-01
1.003682540000000040e-01
1.087191629999999937e-01
9.860972319999999902e-02
9.506261350000000387e-02
1.018803789999999931e-01
1.219168310000000033e-01
1.021212709999999996e-01
9.136511390000000288e-02
1.000229720000000017e-01
1.105120549999999979e-01
1.134766710000000012e-01
1.004687769999999952e-01
9.099251780000000567e-02
9.299235790000000279e-02
1.055538060000000000e-01
1.188279089999999955e-01
1.025390699999999961e-01
9.996883569999999442e-02
9.650072460000000407e-02
9.695085139999999602e-02
1.021864489999999986e-01
9.792340550000000476e-02
9.768655900000000614e-02
1.183409390000000061e-01
1.049713189999999935e-01
8.668716249999999790e-02
9.687563779999999736e-02
1.124064550000000023e-01
1.022500169999999986e-01
1.034571829999999942e-01
8.647760000000000169e-02
9.330859040000000215e-02
1.078784609999999949e-01
9.056710449999999524e-02
9.560572359999999770e-02
1.033115309999999981e-01
8.605135980000000462e-02
1.036907730000000000e-01
9.275433419999999651e-02
1.056079719999999944e-01
1.156193019999999932e-01
9.884464739999999916e-02
9.541328250000000177e-02
1.000501589999999996e-01
1.057376490000000030e-01
1.126742139999999948e-01
9.711240979999999356e-02
1.001746510000000034e-01
9.317813070000000031e-02
1.140506039999999999e-01
9.415408220000000272e-02
1.044388559999999966e-01
1.086843910000000052e-01
1.124541089999999965e-01
1.122591119999999942e-01
1.263216879999999875e-01
9.905730929999999324e-02
1.055201659999999986e-01
1.017152969999999962e-01
1.125046459999999998e-01
1.069141700000000028e-01
1.106095019999999984e-01
9.117753800000000242e-02
9.522209319999999644e-02
1.113950390000000013e-01
1.142143909999999984e-01
1.126869469999999956e-01
9.288647769999999748e-02
1.030848770000000053e-01
1.073206440000000067e-01
8.981828390000000384e-02
9.564045820000000031e-02
1.015408260000000007e-01
9.311745320000000548e-02
9.825781729999999436e-02
1.029360670000000061e-01
1.091115329999999967e-01
1.063950210000000063e-01
1.059371530000000061e-01
9.640303249999999935e-02
1.026208849999999950e-01
9.805236759999999552e-02
8.896011859999999882e-02
1.092393029999999959e-01
9.455489370000000338e-02
1.094544749999999955e-01
1.055485459999999931e-01
1.128496600000000044e-01
9.752545510000000528e-02
1.034972069999999938e-01
9.771608560000000221e-02
1.107566950000000022e-01
9.424014390000000352e-02
8.954985440000000352e-02
1.028280409999999950e-01
1.138955130000000038e-01
1.093268319999999988e-01
1.084628249999999988e-01
1.101138289999999964e-01
1.063406910000000011e-01
9.362959120000000079e-02
1.032284130000000050e-01
8.984249090000000215e-02
9.130481629999999404e-02
9.767753630000000631e-02
1.021107579999999959e-01
1.189320680000000019e-01
8.961127700000000307e-02
1.046476660000000003e-01
9.931407120000000643e-02
9.795281290000000529e-02
9.783304480000000469e-02
1.076770050000000062e-01
1.021064069999999963e-01
9.955377129999999630e-02
9.257844839999999909e-02
9.597541390000000061e-02
9.082985670000000289e-02
1.074257720000000027e-01
9.511288260000000383e-02
1.068674250000000020e-01
1.012303529999999951e-01
1.094579920000000040e-01
1.031416879999999953e-01
9.624136240000000231e-02
9.896218029999999388e-02
9.773803500000000088e-02
9.465551379999999349e-02
1.053584889999999996e-01
9.085968140000000304e-02
9.261234100000000080e-02
9.936587510000000067e-02
1.036225709999999967e-01
9.268876909999999858e-02
1.008893329999999977e-01
8.995345230000000025e-02
1.078051109999999951e-01
9.050114450000000532e-02
9.441251309999999786e-02
1.229872699999999958e-01
9.975183760000000399e-02
1.013325679999999979e-01
9.305308760000000068e-02
1.113773210000000013e-01
9.530431779999999631e-02
1.068493570000000059e-01
9.605798869999999934e-02
9.940844029999999776e-02
1.045873169999999991e-01
1.020531949999999993e-01
8.824785799999999847e-02
1.095756070000000054e-01
1.126093640000000035e-01
9.528663010000000544e-02
1.035156319999999963e-01
1.031777710000000015e-01
9.884261340000000118e-02
1.048714520000000039e-01
9.859965739999999867e-02
1.091154589999999980e-01
9.462617339999999932e-02
9.488684679999999372e-02
9.037169809999999470e-02
1.001755450000000047e-01
8.454950149999999887e-02
1.036264449999999976e-01
1.174817009999999939e-01
1.015060990000000024e-01
1.053684280000000001e-01
9.811804440000000682e-02
1.024883459999999941e-01
1.014630120000000052e-01
1.024992390000000059e-01
1.129247840000000003e-01
1.151711869999999943e-01
1.103694439999999971e-01
9.245236219999999894e-02
8.874053510000000367e-02
8.576203879999999558e-02
9.573860469999999345e-02
1.051986889999999980e-01
9.833108629999999517e-02
1.105919850000000038e-01
9.701182690000000053e-02
1.108646020000000065e-01
1.011600720000000037e-01
1.077764110000000025e-01
8.191290499999999419e-02
9.187228229999999662e-02
1.045733840000000053e-01
1.057027350000000060e-01
1.031328219999999990e-01
1.027167219999999964e-01
9.939963370000000353e-02
9.297309069999999676e-02
8.950471879999999381e-02
8.796940740000000480e-02
9.663894030000000357e-02
8.032649009999999479e-02
9.412500259999999341e-02
1.073391739999999955e-01
1.036678030000000028e-01
9.232878680000000671e-02
1.020980920000000014e-01
1.034179030000000055e-01
9.670700879999999389e-02
9.577847270000000579e-02
1.191679689999999986e-01
1.057782399999999956e-01
1.147432099999999983e-01
1.111874580000000029e-01
1.026082559999999949e-01
9.477003659999999607e-02
8.908019960000000681e-02
1.026157359999999991e-01
8.592893179999999687e-02
9.894577409999999462e-02
9.140403569999999700e-02
9.663665289999999464e-02
9.526927020000000579e-02
1.008903159999999938e-01
9.613630920000000579e-02
9.799582510000000302e-02
9.895960239999999908e-02
9.981878099999999532e-02
9.258005769999999579e-02
9.048921610000000559e-02
9.313602749999999597e-02
9.378449619999999765e-02
1.099992840000000027e-01
9.367640319999999410e-02
8.493794500000000081e-02
9.397189320000000345e-02
1.017865170000000069e-01
9.685217590000000376e-02
1.032993640000000046e-01
9.711728990000000061e-02
7.828113439999999368e-02
1.236973930000000027e-01
1.037357750000000023e-01
1.087945550000000011e-01
1.051964160000000009e-01
9.562338139999999875e-02
9.882837529999999315e-02
1.053533110000000050e-01
1.022033620000000059e-01
8.432257919999999740e-02
7.885383810000000382e-02
8.289224650000000250e-02
7.733106609999999825e-02
1.090918409999999950e-01
9.854886679999999566e-02
8.692726489999999528e-02
1.047032769999999974e-01
9.943541879999999444e-02
1.083846690000000029e-01
9.842931480000000066e-02
9.661556039999999457e-02
9.835366900000000467e-02
1.099489629999999968e-01
9.716166560000000230e-02
1.116009280000000020e-01
1.101813170000000008e-01
9.897930920000000410e-02
9.122902149999999322e-02
1.079142240000000030e-01
1.251432000000000100e-01
9.296002979999999638e-02
9.686243529999999380e-02
1.123903239999999998e-01
9.575903419999999555e-02
1.063571499999999975e-01
8.375608180000000680e-02
1.023158359999999933e-01
1.097092110000000009e-01
1.017671079999999950e-01
1.005246860000000020e-01
9.226754310000000181e-02
1.109405980000000014e-01
8.515155319999999362e-02
9.068923439999999891e-02
1.085052039999999940e-01
1.012147739999999935e-01
9.051895140000000561e-02
1.056739690000000065e-01
1.057062150000000061e-01
1.085304619999999942e-01
9.521734710000000212e-02
6.730884310000000148e-02
9.239061919999999595e-02
9.319213780000000502e-02
1.081352899999999950e-01
8.207622920000000322e-02
8.927094189999999763e-02
1.093261910000000031e-01
9.788490830000000364e-02
8.899857099999999854e-02
1.062116399999999961e-01
9.583844240000000125e-02
1.065596340000000003e-01
7.702087609999999640e-02
9.768588840000000384e-02
8.592069889999999488e-02
8.130967620000000007e-02
9.879120439999999892e-02
1.023996620000000024e-01
8.923348779999999703e-02
1.091605949999999992e-01
1.061167489999999963e-01
7.849722359999999899e-02
1.078122930000000035e-01
9.027045220000000370e-02
8.324033769999999999e-02
8.267041299999999815e-02
8.191779999999999895e-02
9.666643290000000166e-02
9.123919900000000693e-02
1.009685470000000057e-01
8.995277429999999630e-02
9.987400470000000474e-02
7.132642720000000047e-02
1.057878059999999981e-01
9.291464839999999392e-02
8.583932369999999756e-02
1.013434599999999963e-01
1.143622849999999941e-01
8.671331409999999407e-02
1.022287310000000032e-01
8.887717130000000187e-02
9.655776620000000587e-02
8.422175789999999940e-02
9.158459310000000020e-02
8.937625590000000675e-02
7.813433559999999334e-02
8.757251500000000355e-02
9.087922419999999724e-02
9.157618139999999796e-02
8.769112079999999421e-02
7.205208389999999408e-02
8.233785629999999800e-02
1.009438339999999962e-01
9.299734980000000373e-02
9.257679430000000098e-02
7.882425190000000303e-02
9.127238390000000368e-02
7.265456770000000564e-02
9.549833829999999912e-02
9.306050840000000546e-02
9.515374899999999581e-02
8.561962839999999464e-02
7.499071960000000536e-02
7.395088669999999587e-02
8.932968230000000454e-02
8.720509710000000358e-02
1.110519769999999962e-01
9.758097679999999663e-02
8.065530660000000407e-02
8.789044619999999974e-02
1.046308579999999933e-01
1.195542660000000063e-01
1.002694289999999933e-01
9.598638859999999995e-02
8.931806679999999832e-02
9.823744739999999698e-02
1.033270510000000031e-01
8.647385979999999694e-02
9.938540310000000544e-02
8.455388989999999827e-02
8.631939439999999908e-02
8.772166069999999538e-02
9.194780140000000102e-02
9.328654409999999342e-02
9.137868879999999638e-02
9.241877499999999468e-02
9.298686679999999816e-02
9.279471640000000465e-02
8.440382030000000146e-02
1.093559189999999959e-01
9.298453480000000437e-02
9.279002990000000117e-02
8.708330240000000666e-02
9.337414800000000403e-02
9.621576960000000067e-02
8.235333109999999623e-02
1.101817189999999974e-01
8.108500389999999391e-02
9.590328480000000211e-02
9.439751509999999568e-02
1.006802390000000047e-01
8.485200260000000383e-02
8.761486409999999503e-02
8.717180039999999908e-02
1.033513550000000059e-01
1.196406329999999962e-01
1.018687560000000047e-01
7.974886150000000395e-02
9.717401119999999337e-02
1.001341339999999996e-01
9.670154009999999689e-02
9.261221440000000360e-02
9.657384460000000004e-02
9.487804769999999555e-02
1.204143689999999933e-01
9.437979009999999946e-02
9.746158119999999425e-02
9.902399030000000324e-02
8.856617660000000447e-02
9.912946079999999938e-02
8.356554060000000173e-02
9.675253929999999558e-02
9.536925699999999895e-02
9.524527939999999360e-02
9.088005870000000208e-02
9.331201760000000511e-02
9.017158299999999960e-02
9.039001169999999474e-02
8.748905360000000520e-02
9.382965420000000112e-02
8.651890610000000092e-02
8.757497370000000281e-02
9.046728160000000463e-02
9.651255609999999374e-02
8.457791809999999633e-02
1.032157989999999970e-01
1.143000420000000045e-01
9.976382550000000016e-02
8.091111480000000300e-02
9.164053199999999677e-02
7.604092360000000439e-02
7.325354959999999527e-02
9.919764849999999912e-02
9.781476109999999446e-02
8.072476829999999937e-02
8.717171849999999500e-02
1.038738339999999982e-01
8.671037110000000270e-02
1.050192120000000007e-01
8.295793830000000590e-02
9.925582260000000157e-02
8.696752039999999795e-02
7.306561620000000257e-02
9.560221430000000187e-02
7.599852980000000591e-02
1.008633750000000051e-01
9.254495050000000056e-02
1.025079490000000010e-01
8.296079189999999715e-02
8.956485990000000175e-02
8.711739629999999679e-02
8.856466409999999567e-02
8.758592610000000278e-02
9.111452849999999992e-02
8.781600740000000682e-02
8.515497299999999492e-02
8.956596999999999476e-02
8.501935750000000347e-02
1.056856510000000055e-01
9.072007240000000416e-02
1.027823910000000007e-01
7.398373630000000534e-02
9.173636139999999384e-02
9.065877649999999621e-02
9.422793979999999348e-02
1.068336669999999933e-01
1.030209809999999976e-01
8.565751459999999817e-02
1.048751990000000023e-01
9.983229640000000626e-02
7.423757759999999317e-02
9.626455609999999552e-02
1.020485460000000039e-01
7.818038019999999644e-02
9.063392130000000324e-02
9.976836290000000440e-02
1.034041640000000067e-01
9.342588479999999751e-02
7.287378610000000423e-02
1.008165929999999960e-01
1.059583050000000026e-01
1.093034739999999977e-01
8.797176180000000623e-02
7.965560260000000004e-02
1.026349960000000061e-01
8.244513720000000434e-02
8.215755219999999748e-02
8.308447900000000275e-02
8.987381310000000512e-02
8.170846850000000605e-02
7.952650640000000215e-02
9.549549220000000394e-02
8.060262349999999798e-02
9.385816750000000597e-02
9.468717869999999925e-02
9.539075939999999698e-02
9.613802280000000033e-02
8.930720390000000675e-02
9.486300500000000024e-02
1.069294360000000027e-01
1.078842579999999968e-01
9.032969920000000208e-02
7.891277219999999482e-02
1.162085459999999959e-01
8.103118089999999940e-02
1.015660540000000028e-01
1.033704950000000067e-01
8.955359459999999439e-02
9.665510800000000347e-02
9.766404330000000300e-02
1.015291589999999938e-01
8.117138590000000375e-02
9.537477789999999900e-02
9.388086939999999714e-02
1.121886819999999979e-01
6.834808739999999327e-02
8.264558760000000059e-02
8.276243510000000358e-02
7.776781920000000459e-02
1.048680919999999961e-01
8.332934229999999776e-02
1.056322160000000010e-01
7.867477089999999618e-02
9.962888809999999318e-02
8.947068449999999451e-02
1.029704439999999943e-01
8.767355979999999493e-02
1.102171609999999941e-01
8.764917399999999637e-02
9.438912570000000668e-02
7.800021020000000305e-02
9.022380409999999906e-02
8.547621219999999853e-02
9.561314429999999420e-02
8.730018879999999759e-02
8.471388370000000612e-02
1.025148850000000000e-01
8.679860089999999473e-02
1.005104180000000041e-01
8.398339900000000025e-02
1.116830560000000028e-01
9.704808889999999577e-02
7.868069410000000374e-02
7.155966760000000149e-02
9.373702849999999975e-02
7.098512349999999693e-02
7.452331480000000397e-02
7.440818100000000379e-02
1.142577079999999995e-01
8.806704730000000647e-02
1.024364229999999987e-01
1.010743900000000001e-01
7.381656770000000201e-02
1.008101029999999981e-01
8.631145210000000512e-02
1.197331100000000037e-01
9.797354040000000319e-02
7.977542279999999542e-02
8.304010330000000106e-02
7.386095080000000535e-02
5.791542310000000193e-02
9.179990740000000538e-02
9.017729759999999761e-02
8.370582009999999462e-02
8.432313800000000581e-02
9.740241619999999434e-02
8.836234360000000398e-02
9.664144369999999595e-02
7.480723409999999463e-02
9.359434249999999678e-02
7.875109460000000172e-02
8.085722480000000212e-02
7.352567459999999333e-02
8.379267899999999492e-02
9.754060209999999842e-02
7.205825300000000266e-02
8.936204759999999414e-02
9.061927349999999992e-02
8.681807669999999644e-02
1.056922079999999958e-01
9.304949640000000077e-02
7.547353950000000589e-02
9.842600669999999885e-02
8.183864500000000153e-02
7.765807959999999899e-02
8.033402259999999906e-02
8.869612960000000657e-02
7.896551490000000562e-02
8.639489860000000576e-02
7.805451010000000189e-02
8.104988189999999537e-02
8.039605619999999619e-02
8.406040069999999587e-02
8.394654099999999952e-02
8.337999879999999364e-02
8.738737550000000298e-02
8.528709410000000213e-02
9.611202030000000340e-02
7.781260460000000156e-02
9.653375299999999992e-02
8.150395009999999996e-02
9.349218759999999850e-02
9.940095250000000049e-02
7.234366239999999448e-02
8.129702510000000326e-02
7.386092839999999771e-02
8.407782760000000188e-02
1.103089750000000036e-01
8.450017869999999764e-02
8.100838959999999422e-02
9.950821099999999919e-02
8.329492809999999858e-02
9.528617559999999487e-02
8.264470849999999702e-02
9.061825279999999316e-02
8.326621350000000532e-02
9.321059289999999997e-02
1.014809529999999987e-01
9.305472670000000668e-02
7.310618459999999874e-02
8.795596660000000455e-02
8.710414169999999845e-02
6.918873640000000602e-02
9.813300519999999805e-02
8.942732209999999793e-02
8.877340699999999862e-02
9.156169740000000279e-02
9.288048000000000137e-02
9.345933789999999464e-02
1.015835479999999957e-01
9.269335870000000588e-02
6.912279870000000159e-02
8.661694820000000183e-02
8.907372500000000637e-02
9.394223240000000585e-02
1.174539770000000011e-01
8.904115860000000326e-02
9.610784049999999967e-02
1.044034139999999999e-01
1.092000979999999954e-01
8.274783189999999899e-02
1.044340359999999940e-01
8.690287169999999506e-02
8.502651009999999399e-02
8.446843919999999506e-02
8.411313589999999674e-02
7.266003640000000263e-02
1.008284319999999956e-01
8.063714210000000326e-02
6.515020130000000187e-02
8.131331949999999475e-02
9.018994119999999837e-02
5.753234029999999832e-02
8.566664159999999584e-02
1.197549029999999959e-01
8.588361740000000077e-02
1.163715200000000061e-01
7.718353719999999918e-02
9.051734209999999503e-02
6.905236839999999432e-02
8.923598380000000163e-02
8.102013169999999764e-02
1.046523230000000054e-01
1.047236400000000067e-01
8.754301820000000289e-02
9.083765000000000589e-02
8.408374339999999392e-02
8.868087080000000566e-02
9.916338319999999651e-02
9.292221809999999527e-02
1.072058750000000060e-01
1.033173730000000040e-01
7.784082740000000666e-02
9.277334809999999987e-02
8.697162569999999926e-02
7.391168920000000531e-02
8.913537109999999930e-02
9.516447779999999412e-02
7.214313749999999581e-02
1.001615970000000050e-01
9.414803239999999795e-02
7.855232809999999899e-02
8.131125570000000136e-02
9.955699739999999964e-02
1.058094349999999934e-01
6.430419530000000550e-02
8.032482859999999503e-02
6.540295479999999606e-02
7.923789320000000636e-02
9.455988560000000431e-02
9.907038510000000520e-02
8.856608720000000434e-02
7.441943139999999957e-02
9.926460680000000203e-02
7.411868130000000277e-02
7.250378279999999953e-02
1.074350550000000015e-01
9.430653599999999637e-02
9.570163489999999884e-02
9.004767240000000061e-02
8.722300080000000566e-02
8.630972359999999899e-02
1.013159680000000062e-01
7.774521410000000132e-02
8.989101650000000387e-02
7.594176380000000615e-02
9.568635370000000417e-02
7.891036569999999861e-02
1.097664309999999976e-01
9.242559969999999958e-02
9.689868240000000521e-02
7.646980879999999703e-02
9.301928430000000469e-02
7.279977949999999476e-02
8.221339430000000614e-02
9.671606119999999474e-02
8.633316309999999882e-02
8.875322339999999754e-02
9.202408049999999395e-02
6.477192040000000206e-02
7.193695009999999390e-02
9.542269259999999753e-02
9.985737499999999822e-02
9.852560609999999608e-02
9.752664719999999676e-02
1.012056320000000037e-01
9.439705310000000293e-02
9.256490320000000660e-02
7.424441730000000406e-02
8.005019280000000292e-02
9.438297149999999580e-02
1.084568499999999935e-01
9.739895910000000157e-02
9.710482510000000012e-02
1.050597580000000031e-01
7.819651810000000092e-02
9.633178259999999882e-02
8.196569230000000372e-02
8.563559499999999491e-02
7.740398499999999460e-02
7.231158760000000463e-02
6.947424259999999963e-02
7.931260019999999966e-02
1.028159039999999996e-01
7.418883589999999972e-02
7.894325259999999955e-02
7.496495540000000513e-02
6.932967900000000516e-02
7.892058039999999552e-02
9.088189900000000210e-02
6.838010999999999395e-02
9.124230590000000085e-02
8.091010899999999395e-02
7.793334870000000192e-02
1.014569179999999932e-01
1.017499570000000020e-01
7.180763040000000264e-02
6.223185359999999777e-02
8.228877190000000175e-02
7.134692369999999506e-02
9.053352480000000091e-02
8.159556980000000348e-02
9.235301610000000438e-02
8.593665059999999745e-02
9.677937629999999736e-02
9.396085889999999941e-02
9.369321170000000087e-02
6.850267200000000056e-02
6.894803049999999323e-02
7.161414620000000619e-02
6.743526460000000278e-02
9.568410369999999499e-02
8.528348060000000286e-02
8.864735070000000217e-02
6.199860199999999988e-02
8.063427360000000044e-02
8.499765400000000581e-02
1.254636939999999867e-01
9.839168939999999586e-02
8.237428219999999579e-02
7.948238400000000314e-02
7.220286130000000413e-02
8.294169599999999531e-02
7.125587760000000326e-02
8.967407789999999601e-02
9.078184520000000257e-02
9.082455929999999622e-02
8.879511060000000455e-02
7.270078359999999906e-02
7.409889249999999927e-02
9.570439899999999556e-02
7.024408880000000688e-02
1.063276310000000058e-01
9.181208159999999785e-02
8.780927959999999810e-02
7.615357640000000594e-02
6.793148070000000482e-02
8.970373869999999361e-02
7.498127220000000426e-02
9.302208570000000676e-02
8.191665260000000059e-02
9.243816139999999626e-02
8.738544580000000284e-02
8.348559590000000086e-02
6.453845649999999379e-02
9.045540539999999408e-02
7.988989350000000322e-02
7.997907699999999565e-02
1.053391469999999941e-01
8.285393570000000596e-02
9.049775449999999943e-02
9.218088539999999553e-02
8.545333889999999488e-02
1.043644620000000051e-01
9.228006749999999314e-02
8.605314049999999992e-02
7.700268180000000018e-02
8.188948040000000594e-02
9.250648320000000313e-02
8.335723729999999776e-02
4.430137569999999941e-02
7.436945289999999376e-02
1.124789939999999988e-01
9.732250119999999449e-02
7.996172460000000592e-02
8.802567420000000087e-02
6.850112229999999469e-02
1.062311459999999985e-01
6.746856119999999901e-02
9.190614519999999732e-02
8.564708379999999566e-02
8.006680759999999786e-02
9.264421459999999664e-02
7.034984230000000671e-02
6.096014749999999899e-02
8.446417750000000113e-02
7.204066219999999410e-02
7.988005130000000453e-02
8.432657270000000482e-02
8.806208520000000095e-02
9.338177740000000449e-02
6.525790689999999561e-02
1.033839359999999957e-01
8.471201359999999680e-02
9.651380029999999388e-02
6.723959740000000351e-02
9.434868400000000210e-02
6.505683810000000011e-02
8.232452719999999724e-02
6.988175209999999971e-02
8.261489869999999458e-02
9.494009609999999599e-02
1.031407419999999936e-01
7.279729840000000174e-02
9.693755950000000621e-02
8.740941439999999618e-02
7.714270060000000262e-02
9.661057589999999529e-02
9.845010190000000327e-02
1.000777479999999942e-01
7.817425579999999485e-02
7.024186849999999871e-02
8.056336640000000271e-02
8.357380329999999913e-02
6.760855759999999381e-02
9.151884170000000596e-02
9.277167919999999846e-02
9.427929670000000095e-02
8.165364710000000414e-02
9.515967220000000337e-02
6.771071260000000036e-02
8.334606890000000046e-02
1.087516919999999970e-01
7.370271529999999904e-02
7.097589969999999748e-02
5.674932900000000113e-02
6.888095290000000037e-02
6.663803009999999527e-02
1.002617779999999958e-01
7.052144409999999697e-02
6.654954700000000056e-02
1.017055729999999936e-01
7.062153520000000184e-02
8.458057789999999521e-02
1.210764649999999942e-01
9.197583789999999593e-02
7.466059179999999518e-02
6.708910319999999983e-02
7.074055819999999772e-02
9.059738370000000596e-02
7.197882980000000486e-02
7.986219229999999558e-02
9.372664990000000029e-02
9.065213049999999717e-02
8.044662330000000583e-02
6.678027659999999366e-02
7.243110980000000421e-02
7.246212659999999584e-02
7.327048479999999364e-02
6.940894570000000208e-02
9.770674259999999334e-02
7.218161970000000482e-02
7.484035190000000448e-02
7.587745790000000046e-02
9.150215239999999473e-02
7.648324970000000556e-02
7.957155999999999951e-02
9.876532109999999753e-02
5.696321280000000292e-02
9.980881210000000503e-02
6.502647699999999920e-02
7.769308980000000364e-02
6.895457210000000003e-02
9.259330479999999808e-02
7.733172920000000450e-02
7.921461019999999353e-02
9.661027040000000343e-02
5.461367589999999855e-02
1.008886100000000036e-01
1.031460609999999972e-01
7.737699900000000186e-02
9.895960239999999908e-02
1.053789849999999945e-01
6.701315189999999811e-02
6.123032419999999837e-02
4.671490560000000208e-02
5.182072149999999988e-02
9.589353200000000355e-02
8.821102229999999711e-02
9.586061540000000158e-02
8.840295669999999328e-02
6.154682489999999812e-02
8.590965720000000305e-02
1.037616799999999950e-01
8.572196220000000144e-02
9.405960139999999803e-02
6.766151639999999634e-02
7.308679819999999716e-02
7.218512150000000460e-02
8.410301059999999995e-02
6.337334220000000184e-02
8.403477819999999321e-02
8.279929310000000431e-02
7.710573079999999413e-02
1.084773089999999940e-01
7.302589710000000067e-02
7.330110669999999329e-02
1.115293279999999970e-01
8.252298830000000252e-02
7.774831349999999919e-02
6.828202310000000552e-02
7.766037430000000130e-02
6.713148210000000060e-02
8.811813590000000529e-02
9.200865029999999445e-02
6.821575019999999434e-02
8.296278860000000366e-02
6.679566950000000169e-02
6.403867159999999947e-02
1.021581220000000040e-01
9.275423739999999473e-02
9.096210450000000169e-02
8.801260589999999884e-02
8.517986539999999884e-02
9.203232079999999760e-02
7.111183549999999798e-02
8.778958770000000467e-02
7.380687449999999428e-02
8.066548410000000391e-02
8.938403429999999816e-02
8.367603269999999982e-02
1.089010690000000031e-01
9.419490399999999597e-02
7.087475059999999438e-02
7.527249310000000415e-02
8.073561640000000150e-02
8.314134930000000034e-02
5.890903620000000063e-02
8.378214389999999456e-02
8.760247379999999695e-02
6.512208279999999461e-02
8.004186300000000476e-02
6.469918040000000037e-02
8.724788579999999405e-02
8.297029140000000691e-02
6.260701270000000596e-02
4.107850419999999753e-02
1.037676929999999942e-01
9.780339150000000314e-02
8.166488260000000221e-02
6.044310330000000203e-02
5.321629719999999841e-02
7.847546789999999828e-02
9.773971139999999835e-02
9.157907220000000015e-02
8.375820520000000491e-02
7.207608969999999837e-02
5.853725220000000062e-02
7.913464309999999891e-02
7.518153639999999860e-02
7.241015879999999905e-02
8.426805589999999957e-02
7.989989220000000281e-02
7.726366819999999636e-02
6.986594949999999637e-02
3.693172339999999804e-02
7.060100880000000356e-02
6.852710989999999391e-02
5.690348149999999855e-02
1.148749959999999931e-01
9.023089709999999875e-02
8.073561640000000150e-02
7.023791969999999829e-02
8.363889900000000266e-02
7.312639799999999524e-02
1.094134820000000063e-01
1.105661240000000017e-01
7.264077659999999825e-02
7.579224560000000221e-02
6.953315440000000514e-02
4.917770619999999732e-02
7.581912729999999712e-02
6.024980919999999712e-02
1.048432069999999938e-01
1.024505869999999957e-01
8.995037529999999615e-02
1.188187750000000015e-01
4.871376599999999862e-02
6.863570210000000116e-02
6.959410010000000035e-02
5.681627990000000239e-02
9.862635279999999727e-02
9.569828959999999995e-02
8.910809460000000681e-02
8.010880650000000436e-02
9.298055619999999466e-02
8.813570440000000061e-02
7.796903700000000492e-02
8.994640410000000197e-02
7.568638029999999461e-02
8.112550529999999760e-02
9.498512000000000621e-02
9.694489089999999698e-02
1.034167190000000042e-01
6.167958679999999833e-02
8.582569660000000100e-02
9.019941839999999489e-02
7.344315199999999766e-02
7.983934880000000123e-02
6.436073039999999634e-02
6.211103870000000277e-02
5.990010500000000210e-02
1.042128729999999975e-01
9.509968759999999632e-02
7.509454340000000505e-02
7.712755350000000121e-02
7.006329299999999871e-02
6.229925160000000101e-02
5.205978829999999974e-02
9.181662649999999815e-02
9.370407460000000632e-02
9.787888079999999824e-02
7.689046110000000156e-02
9.495604779999999856e-02
8.564221110000000414e-02
1.088709530000000064e-01
8.074876670000000201e-02
9.181087459999999478e-02
9.175157550000000162e-02
7.723268869999999620e-02
6.328498570000000434e-02
7.345767320000000378e-02
7.723793389999999981e-02
6.113905089999999848e-02
7.525663820000000337e-02
9.342505040000000094e-02
6.738144159999999439e-02
6.532367320000000144e-02
6.301649659999999931e-02
8.279012889999999569e-02
7.620865849999999830e-02
7.824601230000000074e-02
8.392524719999999716e-02
9.965417529999999469e-02
8.299483359999999810e-02
6.928938630000000543e-02
7.581604270000000256e-02
6.678228830000000615e-02
1.110871880000000034e-01
8.877426389999999723e-02
7.139398160000000326e-02
6.308326870000000031e-02
8.655054119999999740e-02
6.743249299999999613e-02
8.174971490000000618e-02
1.119915920000000009e-01
9.971043470000000297e-02
6.397052109999999681e-02
9.955471750000000064e-02
6.345884499999999984e-02
9.066373110000000568e-02
7.219447199999999565e-02
9.721472859999999439e-02
8.036953959999999786e-02
8.334944399999999476e-02
7.486731559999999785e-02
8.299452810000000624e-02
1.077056450000000026e-01
7.603435220000000216e-02
7.938674090000000239e-02
9.439269449999999895e-02
5.564440410000000281e-02
5.495843289999999964e-02
8.822802450000000185e-02
8.264880630000000228e-02
1.039353610000000039e-01
6.015570829999999924e-02
8.172385390000000416e-02
5.657739190000000279e-02
6.408055129999999655e-02
6.063034390000000134e-02
9.989916529999999517e-02
6.758885829999999872e-02
8.385394509999999357e-02
9.420744329999999889e-02
7.477331909999999915e-02
3.686458239999999831e-02
6.500150259999999680e-02
5.029574039999999691e-02
8.739171179999999373e-02
7.922333480000000316e-02
7.335519050000000041e-02
8.370000119999999877e-02
9.560683370000000458e-02
6.650196760000000318e-02
1.103386509999999959e-01
7.114937899999999871e-02
7.290043679999999582e-02
7.031372930000000243e-02
9.724802520000000450e-02
6.417629869999999515e-02
9.445618090000000577e-02
1.076509130000000009e-01
7.182477410000000229e-02
1.103998499999999938e-01
1.106142330000000062e-01
7.895740869999999523e-02
5.123576519999999829e-02
6.449203189999999641e-02
1.077645869999999950e-01
1.022043750000000001e-01
6.925211850000000113e-02
6.984705480000000244e-02
7.412625100000000411e-02
1.100118229999999947e-01
8.483208720000000314e-02
5.245996640000000211e-02
7.806230340000000489e-02
7.345750930000000123e-02
3.900815550000000242e-02
1.214861569999999974e-01
7.150405649999999613e-02
9.249288590000000199e-02
8.316294850000000016e-02
5.727220699999999859e-02
7.573260369999999797e-02
5.829475449999999698e-02
7.495235649999999750e-02
7.329337299999999500e-02
7.134579119999999441e-02
6.262653320000000079e-02
8.681681750000000419e-02
8.471353349999999338e-02
6.634237619999999724e-02
5.270436409999999794e-02
3.928674380000000271e-02
7.368568329999999889e-02
7.900833340000000538e-02
7.687472550000000460e-02
7.279857250000000557e-02
7.593034949999999395e-02
7.788168639999999698e-02
4.017834740000000154e-02
8.737616989999999473e-02
1.016489790000000004e-01
2.752061000000000091e-02
5.987481399999999843e-02
1.014993790000000007e-01
6.753490869999999313e-02
5.572218820000000156e-02
9.912149609999999778e-02
8.120906349999999774e-02
1.037589240000000024e-01
8.270212259999999704e-02
9.192503990000000513e-02
5.289659280000000297e-02
1.040435880000000063e-01
8.010624349999999338e-02
8.270107949999999652e-02
5.319628860000000237e-02
9.739371389999999795e-02
9.014916420000000652e-02
8.261840049999999436e-02
7.041026649999999887e-02
8.009602870000000208e-02
7.129627469999999523e-02
4.540451990000000243e-02
5.886576699999999940e-02
9.345632789999999690e-02
8.126261090000000409e-02
9.832253309999999802e-02
1.086703759999999991e-01
8.358453209999999745e-02
7.647956159999999559e-02
4.613453149999999919e-02
1.023864079999999982e-01
6.103943290000000271e-02
9.034713360000000415e-02
8.601477000000000428e-02
9.681073580000000567e-02
6.552735719999999708e-02
1.232837509999999970e-01
8.538752049999999427e-02
8.423423019999999595e-02
7.087412479999999348e-02
5.988673490000000210e-02
9.233055260000000430e-02
6.070657449999999900e-02
7.891054449999999887e-02
6.243320549999999830e-02
7.066552339999999932e-02
1.020128579999999979e-01
8.761587740000000013e-02
5.147678029999999683e-02
1.084763630000000062e-01
4.633390159999999786e-02
7.834375650000000024e-02
1.012981159999999936e-01
7.874083519999999781e-02
9.233055260000000430e-02
8.143043519999999813e-02
8.850512650000000314e-02
8.445617560000000246e-02
6.258172539999999617e-02
7.575435939999999868e-02
6.764411180000000356e-02
6.633708630000000050e-02
5.540373550000000230e-02
7.962821420000000538e-02
9.857728329999999872e-02
1.006581930000000069e-01
8.640501650000000089e-02
9.215390680000000445e-02
6.231999769999999744e-02
7.286716249999999895e-02
8.128550649999999322e-02
6.294506789999999852e-02
9.698922929999999332e-02
8.303090929999999703e-02
9.437929089999999577e-02
9.839431199999999766e-02
7.495849579999999679e-02
9.568426010000000148e-02
7.835554329999999679e-02
7.603590940000000409e-02
6.557437030000000389e-02
9.444030370000000563e-02
9.899573030000000107e-02
9.166610990000000070e-02
5.739826709999999721e-02
9.010442350000000267e-02
4.784870890000000182e-02
8.471576120000000321e-02
8.158470689999999803e-02
6.637094910000000680e-02
7.792700830000000300e-02
6.132347879999999751e-02
6.586176159999999891e-02
6.889699400000000307e-02
5.785919350000000294e-02
6.317979840000000069e-02
6.279909609999999309e-02
5.800795179999999884e-02
3.130898619999999966e-02
3.478557990000000211e-02
6.429821249999999322e-02
4.519069939999999924e-02
7.262568919999999595e-02
7.706797869999999773e-02
7.059806590000000659e-02
1.097889840000000061e-01
6.296414140000000659e-02
8.460325000000000484e-02
8.785573389999999649e-02
8.579128980000000348e-02
3.058082980000000062e-02
7.919820399999999427e-02
6.287156789999999440e-02
9.466372430000000171e-02
6.411513689999999432e-02
8.973190929999999566e-02
7.640698549999999645e-02
1.003695649999999939e-01
6.801448020000000483e-02
8.896339679999999694e-02
6.823603809999999326e-02
6.247305119999999740e-02
7.112237809999999438e-02
1.200525159999999980e-01
9.055443109999999907e-02
4.259609799999999891e-02
6.574985379999999380e-02
9.696079050000000477e-02
8.130935579999999663e-02
7.180223609999999979e-02
6.505016980000000171e-02
7.975835350000000379e-02
1.080886419999999987e-01
7.406693699999999936e-02
6.670609859999999947e-02
8.295391500000000307e-02
7.404178379999999671e-02
4.751454670000000019e-02
8.464305099999999693e-02
7.646901909999999358e-02
3.268644209999999745e-02
6.794845310000000027e-02
1.000682410000000022e-01
6.194043899999999991e-02
7.375337179999999493e-02
6.989504400000000339e-02
7.390822469999999700e-02
7.985918220000000345e-02
5.317077790000000054e-02
6.804952029999999930e-02
1.040189559999999958e-01
9.243929389999999691e-02
9.096992760000000011e-02
6.954467300000000130e-02
9.252413360000000253e-02
1.005926800000000038e-01
1.002146299999999990e-01
7.628484069999999506e-02
1.245990619999999965e-01
1.089972180000000068e-01
3.807416930000000199e-02
7.234575599999999718e-02
8.344218879999999727e-02
9.199818969999999652e-02
9.505185480000000187e-02
7.654003049999999475e-02
5.989123140000000151e-02
9.624784440000000441e-02
8.626944570000000256e-02
6.577554350000000549e-02
7.883170990000000489e-02
8.334998790000000546e-02
9.562570600000000476e-02
8.801752329999999735e-02
7.142848520000000256e-02
5.531457070000000281e-02
1.062419940000000063e-01
7.700695840000000569e-02
8.121486749999999588e-02
5.168439820000000212e-02
8.586717400000000444e-02
5.552887539999999678e-02
8.136823769999999845e-02
1.254281849999999976e-01
7.124254850000000250e-02
7.732893529999999849e-02
7.251926509999999382e-02
8.055945489999999376e-02
1.066955629999999933e-01
7.911229879999999437e-02
9.835772959999999898e-02
5.147663499999999975e-02
2.330605869999999996e-02
6.751665469999999780e-02
7.262250039999999796e-02
7.818861309999999842e-02
7.324176279999999872e-02
8.410936589999999657e-02
8.968964960000000430e-02
1.192469750000000051e-01
7.072592530000000599e-02
8.031552279999999711e-02
7.270347330000000163e-02
6.703572720000000595e-02
7.129574569999999611e-02
6.880705060000000262e-02
1.080539150000000004e-01
1.279299999999999882e-01
6.856333459999999769e-02
6.070335210000000342e-02
7.431630790000000319e-02
7.815052570000000087e-02
1.097014020000000034e-01
7.098226990000000569e-02
1.280055849999999981e-02
2.534578930000000105e-02
7.235431670000000426e-02
6.965420399999999734e-02
6.298103929999999961e-02
5.591839180000000159e-02
8.488494900000000121e-02
8.617713300000000298e-02
5.415232849999999931e-02
8.328881859999999471e-02
8.173421770000000031e-02
3.897806260000000189e-02
8.104628319999999941e-02
6.687652319999999595e-02
7.395889610000000447e-02
7.292491939999999617e-02
6.476008889999999851e-02
8.606796710000000350e-02
5.045131220000000083e-02
7.767205689999999441e-02
9.140101820000000321e-02
7.173467429999999534e-02
5.491694810000000149e-02
7.012998310000000124e-02
6.762814520000000329e-02
9.244722129999999316e-02
1.009837690000000010e-01
7.176034900000000105e-02
2.890246360000000084e-02
5.835974220000000184e-02
7.264577599999999524e-02
5.758153650000000234e-02
4.718407239999999891e-02
5.539438869999999820e-02
6.559941169999999877e-02
1.205430779999999980e-01
6.610854720000000628e-02
5.377614869999999825e-02
8.971522749999999435e-02
6.239379939999999819e-02
5.035418640000000057e-02
7.067013530000000598e-02
1.131603050000000027e-01
7.457230239999999843e-02
9.574823080000000042e-02
6.949398669999999612e-02
9.503287820000000385e-02
1.293780800000000064e-01
7.760722189999999521e-02
6.830847260000000309e-02
9.507307410000000181e-02
2.804532090000000019e-02
5.928296219999999728e-02
5.257930229999999844e-02
4.196721319999999894e-02
5.753564829999999880e-02
6.435792149999999823e-02
9.943677480000000235e-02
8.051465450000000468e-02
9.414124490000000400e-02
1.302653699999999914e-01
7.905913139999999617e-02
5.855528270000000257e-02
1.061361579999999943e-01
7.607903330000000131e-02
8.717118949999999589e-02
3.243330120000000039e-02
6.634207070000000539e-02
1.008226420000000040e-01
7.073010500000000145e-02
1.018029450000000058e-01
4.649109769999999753e-02
9.717043490000000505e-02
3.764507169999999764e-02
6.359295550000000630e-02
7.429282369999999636e-02
8.613815900000000580e-02
2.664458750000000056e-02
8.065816019999999531e-02
7.985085990000000133e-02
3.404914960000000185e-02
5.486196279999999703e-02
5.844863880000000095e-02
6.030732390000000109e-02
8.808635180000000398e-02
5.214756730000000284e-02
8.191080389999999545e-02
1.126680080000000000e-01
8.505921810000000027e-02
7.708138970000000256e-02
1.185823599999999978e-01
6.861744079999999857e-02
6.955256310000000608e-02
8.853304389999999691e-02
4.413092510000000274e-02
9.425258640000000465e-02
7.193543019999999732e-02
9.625629339999999812e-02
1.023624989999999957e-01
9.473171830000000349e-02
4.500045250000000302e-02
9.045235810000000487e-02
6.149372830000000151e-02
8.659994599999999709e-02
1.269466280000000058e-01
9.936163570000000611e-02
9.285061059999999422e-02
7.797106360000000125e-02
7.506226000000000564e-02
8.481317010000000156e-02
3.837237510000000157e-02
4.258465389999999823e-02
4.948323219999999772e-02
8.737939599999999807e-02
8.020752670000000362e-02
4.613482210000000028e-02
9.967575219999999514e-02
7.776448129999999348e-02
8.576782049999999435e-02
6.917488569999999393e-02
7.900483160000000560e-02
8.298606429999999534e-02
7.570024579999999614e-02
6.336656960000000560e-02
6.432615969999999628e-02
6.372043489999999755e-02
1.995596659999999967e-02
9.345366809999999802e-02
7.780332859999999906e-02
6.514064969999999732e-02
2.235556390000000004e-02
7.429128890000000207e-02
7.981428499999999870e-02
4.703735929999999787e-02
6.475901600000000258e-02
4.395544159999999895e-02
7.173094900000000218e-02
5.258655920000000067e-02
8.468951280000000525e-02
1.097358019999999934e-01
1.789588289999999998e-02
9.030589460000000568e-02
1.050227729999999998e-01
9.653841700000000137e-02
9.442138669999999845e-02
6.919522579999999590e-02
8.326074479999999445e-02
1.198047549999999989e-01
3.397730370000000277e-02
3.663256019999999724e-02
7.030441610000000285e-02
6.267883629999999873e-02
8.121567959999999309e-02
9.118530149999999612e-02
3.205522890000000319e-02
1.057587410000000033e-01
4.412445050000000230e-02
8.654294910000000229e-02
3.089642520000000087e-02
1.174643040000000055e-01
4.806384069999999897e-02
6.124464419999999659e-02
8.382045479999999937e-02
5.723017080000000062e-02
9.170269970000000104e-02
9.350670869999999635e-02
9.274835879999999977e-02
8.144812290000000288e-02
6.263821390000000322e-03
2.733650060000000076e-02
4.785258700000000198e-02
3.282931819999999890e-02
7.295270260000000229e-02
4.727812859999999673e-02
8.967608209999999858e-02
4.597548399999999702e-02
6.162666530000000115e-02
3.115274570000000146e-02
9.571941200000000372e-02
7.288451490000000255e-02
6.897273660000000084e-02
9.322621670000000305e-02
9.852724520000000208e-02
6.697950510000000302e-02
6.966014950000000427e-02
5.130936579999999941e-02
8.341994140000000280e-02
7.570026069999999385e-02
5.797610059999999677e-02
7.844192530000000663e-02
9.974882749999999798e-02
9.096673130000000607e-02
8.468468490000000126e-02
6.632468850000000637e-02
8.272188900000000678e-02
5.647238339999999940e-02
5.671190100000000206e-02
7.869849349999999411e-02
6.344995650000000154e-02
5.479644239999999916e-02
5.489776660000000169e-02
9.415631739999999472e-02
9.853146229999999728e-02
5.711365119999999712e-02
8.711509409999999842e-02
8.089452980000000348e-02
5.397176000000000057e-02
6.405852739999999546e-02
2.537565489999999910e-02
9.936992819999999893e-02
5.231780560000000302e-02
1.080269070000000053e-01
1.225896179999999974e-01
5.615078660000000221e-02
8.442953229999999865e-02
9.368033709999999681e-02
4.652810839999999698e-02
6.118093430000000332e-02
7.062817359999999656e-02
9.692161529999999969e-02
5.410853029999999897e-02
7.513324170000000579e-02
1.193654759999999981e-01
1.321108829999999984e-02
5.132656170000000212e-02
6.031828000000000189e-02
9.734298289999999965e-02
4.616799209999999931e-02
6.963896749999999580e-02
9.586766359999999987e-02
6.068028880000000264e-02
9.850100430000000018e-02
7.957512890000000005e-02
7.449537520000000523e-02
7.380872959999999761e-02
7.792895290000000086e-02
9.284052249999999451e-02
1.149784620000000035e-01
7.305102049999999403e-02
7.750179620000000047e-02
8.058691020000000038e-02
9.773660450000000444e-02
7.605206970000000233e-02
6.805823739999999900e-02
8.569087829999999517e-02
5.473471810000000298e-02
7.579567280000000518e-02
5.378821859999999982e-02
7.818038759999999809e-02
1.167153789999999941e-01
5.832305919999999921e-02
5.979889260000000040e-02
2.621260840000000022e-02
1.116954680000000061e-01
4.382566360000000188e-02
1.008129789999999970e-01
6.813981380000000421e-02
6.880008429999999453e-02
6.701850149999999395e-02
9.770651909999999996e-02
6.339116390000000545e-02
5.124571549999999698e-02
5.419443549999999887e-02
5.702230330000000041e-02
6.597182149999999967e-02
1.102567539999999985e-01
7.644675669999999312e-02
8.347516509999999834e-02
4.117968679999999687e-02
6.317362930000000598e-02
5.117311330000000325e-02
7.857733220000000240e-02
1.311290860000000058e-01
1.079806539999999954e-01
6.007333840000000230e-02
8.635717630000000478e-02
1.159082680000000020e-04
6.768889729999999494e-02
7.043642549999999669e-02
9.094019979999999614e-02
9.221839160000000479e-02
5.522654579999999869e-02
9.811606259999999802e-02
6.729250400000000298e-02
7.445593920000000143e-02
9.583143140000000004e-02
1.136793350000000064e-01
9.313463419999999660e-02
1.264089350000000000e-01
8.270520720000000547e-02
7.833910730000000211e-02
3.966877240000000332e-02
1.011675890000000022e-01
1.351705340000000088e-01
8.598963919999999539e-02
5.683693659999999870e-02
9.516256300000000556e-02
4.707459359999999898e-02
5.271458250000000262e-02
9.309939300000000251e-02
4.624705020000000055e-02
8.384086940000000376e-02
6.552600860000000471e-02
6.952823700000000662e-02
8.154583719999999869e-02
9.002244469999999554e-02
4.040944949999999980e-02
1.051797790000000010e-01
8.286575229999999792e-02
2.527075629999999892e-02
1.085706500000000047e-01
1.127279699999999968e-01
7.587189969999999506e-02
6.546359509999999382e-02
1.144165619999999994e-01
8.354577420000000587e-02
5.895094570000000006e-02
1.144105490000000003e-01
1.556594579999999971e-02
7.211370390000000109e-04
7.980520280000000244e-02
1.060885040000000001e-01
7.242318990000000400e-02
8.536082509999999568e-02
6.419567760000000067e-02
2.681342139999999888e-02
2.256608569999999855e-02
5.662409219999999660e-02
6.468368319999999450e-02
7.806872580000000228e-02
9.930986910000000334e-02
7.237464929999999630e-02
8.014514300000000202e-02
3.320683540000000239e-02
6.806380300000000605e-02
5.631694940000000343e-02
1.019524259999999988e-01
1.251167059999999942e-01
8.252180369999999321e-02
1.119416579999999994e-01
1.010683400000000065e-01
7.411206509999999914e-02
7.462491840000000376e-02
4.209440949999999904e-02
1.011312530000000043e-01
4.231217880000000264e-02
4.789618779999999659e-02
6.749769299999999750e-02
1.090394410000000008e-01
6.187029930000000066e-02
8.586395530000000276e-02
6.067365410000000181e-02
2.420032579999999850e-02
1.101461650000000042e-01
7.767946269999999320e-02
8.887977149999999604e-02
9.604775910000000472e-02
9.148802609999999447e-02
7.405926290000000578e-02
8.321707700000000041e-02
3.140094880000000171e-02
6.503807009999999778e-02
8.556549250000000661e-02
8.485129480000000446e-02
8.891607079999999663e-02
3.023699109999999912e-02
8.762335029999999969e-02
1.024617480000000053e-01
4.648208250000000069e-02
8.629466589999999770e-02
5.728156489999999823e-02
6.337557729999999945e-02
4.704372209999999749e-02
7.446478310000000100e-02
5.431970579999999965e-02
9.591862560000000149e-02
9.687725449999999572e-02
5.104661729999999953e-02
4.041756690000000013e-02
9.383890779999999598e-02
6.591021269999999821e-02
9.514709559999999511e-02
6.183340400000000153e-02
4.330333690000000291e-02
4.242167990000000194e-02
7.073962690000000497e-02
7.437323029999999557e-02
9.067766369999999410e-02
8.357948060000000567e-02
6.129603460000000031e-02
2.880986409999999887e-02
1.363767680000000093e-01
7.045883690000000199e-02
1.033341359999999931e-01
9.294617920000000644e-02
6.599905339999999343e-02
6.295705590000000296e-02
4.898595060000000140e-02
1.180624809999999969e-01
9.260460730000000251e-02
6.386981899999999435e-02
7.444502319999999999e-03
7.723996789999999779e-02
4.397119210000000056e-02
4.344035310000000233e-02
1.007713680000000001e-01
1.066911069999999934e-01
8.116815239999999876e-02
7.755859939999999730e-02
9.901052709999999535e-02
7.659020269999999853e-02
1.136445999999999984e-01
2.962657620000000089e-02
5.742822210000000233e-02
3.909413140000000259e-02
7.841731609999999519e-02
6.841887530000000106e-02
1.179741019999999974e-01
8.524899180000000687e-02
7.511413100000000065e-02
4.012554139999999908e-02
5.923888459999999967e-02
5.643295870000000075e-02
-1.077052019999999964e-02
4.336594790000000005e-02
7.345554229999999574e-02
7.083114980000000671e-02
6.573403250000000100e-03
7.645577189999999690e-02
1.068321839999999967e-01
1.010399980000000059e-01
5.299210179999999659e-02
6.263145059999999931e-02
9.654609860000000487e-02
7.690061630000000203e-02
4.920865220000000123e-02
7.003840059999999479e-02
1.265322859999999938e-01
5.601982769999999667e-02
8.074535430000000236e-02
3.991871329999999857e-02
1.092014089999999993e-01
6.250954420000000289e-02
9.890511629999999832e-02
5.436981839999999871e-02
6.974395360000000543e-02
5.146495250000000105e-02
1.129910199999999976e-01
6.609831750000000339e-02
6.635327639999999416e-02
4.319191719999999901e-02
1.142481270000000049e-01
8.830346910000000382e-02
8.726630359999999753e-02
5.113340909999999906e-02
4.732276130000000192e-02
9.824833269999999619e-02
7.862509789999999610e-02
8.347317579999999348e-02
7.881169020000000636e-02
9.361967440000000529e-02
5.642999709999999697e-02
1.384166179999999913e-01
9.075432270000000079e-02
5.862907690000000033e-02
6.106444820000000301e-02
7.452943180000000389e-02
3.650621319999999836e-02
3.567937389999999848e-02
4.617597539999999945e-02
5.727283660000000165e-02
4.013663160000000008e-02
3.419090059999999737e-02
9.800472109999999737e-02
9.260167179999999332e-02
6.603576989999999924e-02
7.136227189999999609e-02
9.266255049999999605e-02
1.211840140000000066e-01
7.130663839999999698e-02
6.250635529999999662e-02
7.505085320000000337e-02
5.827168380000000147e-02
9.392455219999999716e-02
1.096980500000000053e-01
6.004454940000000102e-02
6.276237219999999950e-02
4.372744259999999938e-02
6.568308170000000668e-02
1.075756699999999982e-01
1.512783619999999996e-01
3.561839829999999957e-02
5.743538220000000277e-02
7.434075330000000648e-02
2.472558990000000081e-02
5.491641910000000237e-02
4.360502959999999761e-02
8.197784419999999683e-02
-2.205083520000000047e-02
8.458564429999999856e-02
5.743800849999999847e-02
1.049481409999999948e-01
7.763300839999999481e-02
1.082068979999999958e-01
1.214364250000000006e-01
6.628825520000000693e-02
1.052509989999999979e-01
1.274093890000000014e-02
6.592421230000000687e-02
1.135652739999999938e-01
5.255862330000000276e-02
6.184151770000000103e-02
3.092288779999999987e-02
3.961089999999999750e-02
9.031835200000000452e-02
8.179435879999999437e-02
2.586040090000000027e-02
7.496881480000000542e-02
6.425233930000000260e-02
6.315723809999999883e-02
9.409987929999999445e-02
1.106993260000000007e-01
9.614096580000000558e-02
1.397626469999999933e-02
8.220306039999999981e-02
2.917032500000000042e-02
7.106431570000000530e-02
5.006358030000000042e-02
9.272747489999999537e-02
7.474241410000000141e-02
6.359266489999999827e-02
5.749485270000000148e-02
7.372505220000000192e-02
7.219289989999999602e-02
5.090265719999999966e-02
1.504197720000000071e-02
8.199515189999999343e-02
-9.421104569999999914e-03
5.073428149999999887e-02
2.754858320000000069e-02
6.957366319999999660e-02
1.394284809999999930e-01
6.703859569999999490e-02
1.158953979999999967e-01
9.469672290000000214e-02
1.147808280000000014e-01
4.248651490000000114e-02
-1.732129040000000147e-02
8.118192850000000016e-02
7.323079559999999544e-02
7.979358729999999622e-02
1.835998889999999883e-02
9.830425680000000332e-02
7.772870360000000423e-02
-5.786485039999999906e-03
9.180192650000000565e-02
4.687194530000000220e-02
4.955017569999999733e-02
1.034680159999999960e-01
7.739723469999999772e-02
9.280185400000000306e-02
9.470999239999999819e-02
9.456745540000000005e-02
7.512508330000000623e-02
1.262173649999999980e-01
6.800342349999999314e-02
6.178452820000000095e-02
1.029430550000000055e-01
-5.675610620000000328e-03
5.167797579999999780e-02
1.163061340000000055e-01
8.738102020000000636e-02
4.473906379999999933e-02
9.280185400000000306e-02
9.782588479999999864e-02
6.059188399999999863e-02
6.092828880000000086e-02
5.930851770000000051e-02
6.739886850000000040e-02
9.139627960000000495e-02
6.324466319999999531e-02
8.373220449999999732e-03
8.672294769999999708e-02
4.363704849999999746e-02
8.969640730000000284e-02
7.585709540000000473e-02
4.669519140000000235e-02
6.649118660000000181e-02
2.243017779999999933e-02
9.516086429999999485e-02
1.096027420000000030e-01
4.135980460000000108e-02
6.675822289999999715e-02
3.663275020000000132e-02
1.150985429999999976e-01
5.979453030000000252e-02
4.515264179999999711e-02
1.658193770000000039e-02
8.678520469999999321e-02
5.687031149999999952e-02
5.185762420000000067e-02
1.504540350000000033e-02
2.859342280000000056e-02
6.092828880000000086e-02
8.338779209999999664e-02
5.803802610000000084e-02
3.406267610000000140e-02
1.071426790000000046e-01
9.497340020000000216e-02
6.834018980000000631e-02
8.754942570000000257e-02
7.260698829999999437e-02
4.093977060000000140e-02
7.473635670000000619e-02
6.559515000000000484e-02
5.881039049999999685e-02
1.121663900000000047e-01
5.493585019999999708e-02
9.413687140000000231e-02
3.187135979999999869e-02
9.352936600000000267e-02
6.049502639999999876e-02
1.461817619999999929e-01
6.517364080000000170e-02
4.989613589999999932e-02
3.763846679999999917e-02
4.054167119999999708e-02
1.026570890000000000e-02
1.421966960000000009e-02
4.824377600000000210e-02
9.656214709999999535e-02
6.807282570000000588e-02
1.033925789999999983e-01
7.044550030000000518e-02
2.645283190000000118e-02
1.249524060000000020e-01
1.083164590000000038e-01
7.893483340000000126e-02
3.018782470000000093e-02
1.672146019999999900e-01
5.371369050000000117e-02
1.081492230000000027e-01
3.304906929999999743e-02
8.298786359999999265e-03
1.075463219999999998e-01
1.002945749999999969e-01
-1.238894089999999920e-02
4.356757549999999701e-02
-2.167462369999999944e-02
5.284540730000000103e-02
1.183910370000000045e-01
8.365403859999999414e-02
8.287638429999999445e-02
4.839648309999999842e-02
4.529250039999999783e-02
9.782023730000000139e-02
6.690491739999999965e-02
5.316489929999999864e-02
6.002322210000000241e-02
4.404947160000000084e-02
2.974172870000000093e-02
8.260811120000000063e-02
5.153600869999999667e-02
9.431832280000000679e-02
8.587213609999999608e-02
8.492802829999999970e-02
5.719418450000000181e-02
-5.200323179999999899e-03
1.108657269999999972e-01
1.727843280000000009e-02
4.513797160000000003e-02
1.143599599999999966e-01
9.564202280000000389e-02
5.994070690000000146e-02
8.691180499999999476e-02
7.610957320000000248e-02
1.132112589999999946e-01
6.300940359999999962e-02
1.714941669999999960e-02
5.270677430000000191e-02
5.372174460000000290e-02
5.222327630000000304e-02
1.095280569999999981e-01
5.078943450000000109e-02
4.578736419999999974e-02
7.248546179999999783e-02
6.689049299999999532e-02
6.870278720000000394e-02
1.113925949999999970e-01
9.353692080000000630e-02
2.248581690000000036e-02
-1.386402079999999974e-02
6.702227149999999412e-02
8.750746399999999314e-02
6.048623840000000307e-02
2.606945299999999938e-02
7.681395859999999576e-02
1.067177059999999955e-01
8.572694660000000633e-02
1.334300639999999871e-01
9.727227689999999594e-02
8.058719340000000675e-02
1.156944329999999993e-01
7.527464629999999768e-02
5.655103549999999923e-02
5.373398210000000091e-02
5.260292810000000152e-02
6.051358579999999848e-02
1.001699640000000037e-02
3.084765750000000202e-03
1.618913110000000100e-01
6.396386769999999611e-02
9.231925009999999987e-02
4.055615139999999702e-02
4.817366969999999776e-02
5.177132410000000184e-02
4.992977900000000052e-02
8.230685440000000408e-02
3.348004820000000104e-02
9.194092450000000694e-02
1.318554769999999952e-02
2.206477150000000012e-02
4.494344069999999663e-02
7.212136689999999739e-02
1.492675840000000087e-01
1.221634520000000057e-01
9.798996899999999621e-02
1.279732440000000138e-01
8.577733490000000183e-02
4.409101979999999893e-02
4.749840129999999966e-02
4.683038219999999946e-02
8.446773139999999569e-02
3.205329920000000304e-02
1.479340810000000055e-02
4.346357289999999707e-02
1.329152569999999915e-02
1.053830010000000039e-01
9.492560479999999357e-02
5.748405310000000157e-02
6.346348670000000192e-02
7.024045289999999997e-02
6.881475450000000549e-02
3.841858360000000028e-02
6.248819829999999881e-02
7.823965700000000412e-02
1.085147109999999998e-01
2.526465240000000043e-02
6.453090159999999575e-02
9.678608180000000671e-02
1.920299420000000021e-02
7.725340129999999639e-02
8.602778610000000326e-02
6.805638969999999732e-02
1.304748799999999875e-01
1.071542350000000005e-01
-1.138512049999999961e-03
4.512281719999999829e-02
6.443767250000000113e-02
1.174857990000000019e-01
2.767523560000000049e-02
5.256412180000000212e-02
1.195741969999999932e-01
1.325603110000000062e-03
1.229268679999999947e-01
9.275162219999999458e-02
2.764307150000000143e-02
1.711169780000000029e-01
3.254511949999999709e-02
-2.574219369999999896e-02
6.329908219999999530e-02
3.427770360000000072e-02
6.475085769999999741e-02
1.205592530000000051e-01
3.312531109999999890e-02
1.127304959999999995e-01
9.114754949999999412e-02
6.510945410000000544e-02
9.462420639999999383e-02
3.366934139999999687e-02
4.404362289999999916e-03
2.175187879999999907e-02
9.974318000000000073e-02
3.874561559999999821e-02
3.406969459999999866e-02
1.361757959999999879e-01
3.216713289999999920e-02
1.196281020000000000e-01
2.396746719999999845e-02
3.392908349999999851e-02
6.349316239999999723e-02
1.160795909999999959e-01
6.230105460000000261e-02
8.164408800000000355e-02
1.028593159999999966e-03
1.136710640000000022e-01
4.838132860000000229e-02
3.656544910000000120e-02
9.403715279999999566e-02
9.494280069999999627e-02
1.136158329999999994e-01
6.550231580000000220e-02
1.935516669999999897e-02
-2.414078080000000084e-02
1.183507439999999938e-01
7.756632569999999394e-02
5.143667009999999817e-02
2.163456190000000168e-02
8.389064670000000168e-02
1.010557259999999985e-01
8.857939389999999746e-02
7.697603849999999637e-02
1.191124989999999967e-01
5.937334150000000282e-02
3.803743419999999764e-02
9.595415000000000194e-02
1.071702390000000005e-01
1.044294090000000008e-01
1.069289449999999975e-01
-2.630463619999999850e-02
1.644962089999999974e-02
4.663397739999999847e-02
2.261352349999999969e-02
1.139928770000000063e-01
1.007678729999999939e-01
3.628082199999999730e-02
2.566978519999999972e-02
1.339610069999999931e-01
1.372669940000000033e-01
1.295647169999999959e-01
5.972651390000000005e-02
1.122930050000000013e-01
1.913749429999999849e-02
-1.533829050000000069e-02
1.192383919999999986e-01
4.920389129999999667e-02
5.952041219999999744e-02
1.437810660000000129e-01
4.511366409999999910e-02
6.768416609999999833e-02
1.334400179999999936e-01
1.064112779999999980e-01
1.361727420000000133e-01
1.285403220000000124e-01
-1.270115190000000067e-02
3.011794569999999907e-02
6.533550470000000499e-02
3.296557809999999672e-02
8.744761349999999323e-02
-1.915084569999999861e-02
5.073849479999999884e-02
6.339629739999999569e-02
1.074552389999999941e-01
1.141821410000000078e-02
8.523327860000000367e-02
2.288999779999999901e-02
7.570041719999999474e-02
1.251011340000000027e-01
7.508806880000000461e-02
1.445097029999999894e-01
8.400813490000000328e-02
2.246862839999999931e-02
6.062497570000000002e-02
6.902112809999999543e-02
1.128222509999999949e-02
-8.285827000000000817e-03
8.609468489999999585e-02
1.108279149999999991e-01
5.723282689999999867e-02
6.537488850000000573e-02
4.797010869999999982e-02
9.276314080000000462e-02
9.520127620000000401e-02
8.019247649999999838e-02
1.189002249999999983e-01
8.467797189999999585e-02
7.260877640000000521e-02
8.817275609999999930e-02
7.309986739999999733e-03
5.345208569999999881e-02
3.352241219999999716e-02
3.451035920000000007e-02
4.090274130000000341e-02
1.605858279999999860e-02
-8.065226139999999867e-04
3.945199399999999718e-02
6.549134110000000286e-02
7.736881080000000688e-02
-2.082183199999999997e-04
1.176892890000000025e-01
1.649641099999999971e-01
6.062497570000000002e-02
4.259806869999999829e-02
1.696337389999999848e-02
1.022076459999999992e-01
1.305832419999999883e-01
4.615642500000000092e-02
1.032796319999999997e-02
8.106146009999999624e-02
9.836912899999999960e-02
4.848900810000000144e-02
7.658158240000000061e-02
7.507885990000000287e-02
1.435285529999999997e-02
6.587106730000000243e-02
5.209527910000000088e-03
3.639979400000000029e-04
6.202012669999999728e-02
6.677741560000000076e-02
1.051679179999999991e-01
3.255575899999999662e-02
1.109523330000000002e-01
1.220569979999999999e-01
1.089927930000000045e-01
3.812357040000000086e-02
4.822579400000000238e-02
1.150307950000000051e-01
9.841214119999999732e-02
4.593390599999999657e-02
4.769545790000000174e-02
7.520246510000000439e-02
8.901639279999999654e-02
7.749390600000000129e-02
1.083865690000000020e-01
7.585229720000000175e-02
1.966750440000000072e-02
5.861862379999999845e-02
7.088396700000000605e-02
3.140702100000000024e-02
6.001001219999999720e-02
1.030767340000000032e-01
3.440504889999999871e-02
1.356613489999999866e-01
9.427859630000000324e-02
6.421398370000000466e-02
3.805379939999999767e-02
9.992746260000000269e-02
-1.352020069999999938e-03
7.061859129999999672e-03
6.247344989999999848e-02
3.469388560000000177e-02
3.469388560000000177e-02
5.145313590000000215e-02
5.122545729999999908e-02
7.960455859999999995e-02
1.296750160000000041e-01
9.548598530000000639e-02
9.200695159999999762e-02
1.240077470000000015e-01
-1.635705310000000121e-02
-5.778040740000000425e-03
1.132452040000000021e-01
7.291839270000000095e-02
1.247702539999999971e-01
1.149003950000000024e-01
4.884034399999999908e-03
1.526328919999999922e-01
9.861104190000000158e-02
1.524903479999999978e-01
9.642548110000000172e-02
1.028302239999999979e-01
8.845850080000000615e-02
6.009179729999999942e-02
6.874263290000000304e-02
8.373869959999999391e-02
9.082090110000000382e-02
5.177013579999999865e-02
2.805263549999999911e-02
5.451591690000000268e-02
1.043425500000000061e-01
5.161854250000000310e-02
9.014186259999999729e-02
1.124570299999999995e-01
1.223896889999999960e-01
3.335632379999999703e-02
7.780599589999999399e-02
5.948450789999999710e-02
8.798849579999999670e-02
7.057658579999999404e-02
1.528593749999999918e-01
-3.202099349999999733e-02
4.848649730000000047e-02
8.692962680000000664e-02
9.340009089999999625e-02
5.132820829999999723e-02
1.026148199999999955e-01
3.479953110000000294e-02
1.486027520000000011e-02
-3.767328339999999852e-03
9.210302680000000131e-02
5.048267919999999825e-02
5.722351369999999909e-02
7.477810229999999614e-02
1.212203349999999985e-01
7.196167859999999528e-02
1.705789719999999954e-01
1.115944829999999943e-01
9.470191779999999684e-03
-3.634663300000000319e-02
6.554228809999999850e-02
6.615220759999999867e-02
7.988170529999999436e-02
2.872135300000000155e-02
9.640081970000000111e-02
-1.449017900000000017e-03
1.090977939999999979e-01
6.881657989999999392e-02
1.538461820000000015e-02
1.086606900000000042e-01
1.217368320000000032e-01
6.703695649999999451e-02
1.136596430000000046e-01
3.747948999999999725e-02
8.978667110000000673e-02
5.960250649999999928e-02
2.485078010000000073e-02
6.616539509999999624e-02
5.826193839999999763e-02
6.388226149999999548e-02
2.785020690000000049e-02
2.277512660000000078e-02
1.239066719999999955e-01
3.491044039999999932e-02
5.230068040000000057e-02
3.227691349999999709e-02
5.102815110000000209e-02
-1.999332200000000087e-02
3.894574940000000013e-02
6.141174119999999632e-03
3.369860350000000032e-02
6.625017519999999716e-02
7.196167859999999528e-02
1.218240710000000060e-02
5.934519690000000097e-02
8.273337040000000239e-03
1.169861259999999958e-01
8.954754469999999522e-02
-3.546068819999999983e-02
1.425793619999999873e-01
4.915190120000000051e-02
1.300962119999999889e-01
7.062947749999999580e-02
-2.663611249999999972e-02
5.506312470000000042e-02
9.911154960000000125e-02
9.676717969999999724e-02
2.322812559999999985e-02
7.948860530000000091e-02
2.154009600000000163e-02
6.007329000000000141e-02
6.067910049999999944e-02
7.154098899999999928e-02
9.886676819999999644e-02
9.948880229999999825e-02
9.264667329999999590e-02
7.559535650000000218e-02
5.065440009999999660e-02
1.123541440000000030e-01
5.841666460000000116e-02
1.189965010000000045e-01
6.154002990000000117e-02
1.087233699999999928e-02
1.818657109999999993e-02
2.581700680000000026e-02
3.584962340000000247e-02
1.194376199999999943e-01
4.950367659999999753e-02
5.953335390000000227e-02
1.525469119999999955e-03
1.303511109999999917e-01
3.083907439999999944e-02
9.053298830000000574e-02
1.246059909999999993e-01
5.927067619999999704e-02
9.919806570000000434e-02
1.031783740000000033e-01
6.305014339999999440e-02
1.690252869999999963e-01
1.064806580000000058e-01
7.794687899999999670e-02
9.235221890000000489e-02
2.480130269999999970e-02
5.635350940000000142e-02
7.186862080000000486e-02
1.359113010000000121e-01
4.446110129999999994e-02
4.518334570000000217e-02
-4.147427530000000195e-02
5.005672950000000093e-02
9.235221890000000489e-02
7.384426429999999941e-04
1.925762179999999935e-02
1.149191559999999945e-01
1.072369739999999988e-01
6.277269870000000418e-02
9.862893820000000200e-02
7.159312069999999861e-02
7.903673499999999685e-02
7.679879670000000491e-02
-3.798258300000000032e-02
1.177813260000000056e-01
3.620628270000000176e-02
8.694559340000000691e-02
9.568088499999999330e-02
4.338058830000000171e-02
9.409241379999999655e-02
1.416653390000000012e-01
5.032955859999999754e-02
5.497967819999999978e-02
4.184436799999999984e-02
1.102815119999999982e-01
6.618095929999999461e-02
7.399014380000000501e-02
4.968454320000000035e-02
8.797713370000000144e-02
3.598786519999999656e-02
9.911226480000000227e-02
1.830082200000000131e-02
8.797713370000000144e-02
1.783043700000000106e-02
7.803677019999999409e-02
-4.794131499999999824e-03
1.449515819999999955e-01
7.205294069999999829e-02
5.247462170000000148e-02
2.063676859999999946e-01
4.488109049999999822e-02
2.073762189999999936e-02
4.406912620000000280e-02
4.170019550000000214e-02
2.824171630000000058e-02
3.693879020000000180e-02
1.049118559999999978e-01
1.251632269999999880e-01
4.812448099999999673e-02
