2.224938387081359381e-01
2.196855989523248953e-01
2.159062335482977157e-01
2.112702708418336406e-01
2.059189123951818134e-01
2.000130742474034717e-01
1.937256782849325620e-01
1.872336713197333413e-01
1.807102471519597686e-01
1.743177104526814347e-01
1.682013549842065470e-01
1.624846394001532579e-01
1.572658401023809271e-01
1.526162515432932243e-01
1.485798989191441655e-01
1.451746343622578317e-01
1.423944118063392994e-01
1.402124818746391943e-01
1.385852183492271850e-01
1.374562817163789419e-01
1.367608406808864530e-01
1.364296055991283674e-01
1.363924736880329502e-01
1.365816393693295161e-01
1.369340790360353832e-01
1.373933732490333903e-01
1.379108771284748847e-01
1.384462888181638429e-01
1.389676948387503219e-01
1.394511894709732913e-01
1.398801735355096609e-01
1.402444372677315587e-01
1.405391245540533462e-01
1.407636619966121660e-01
1.409207219163936819e-01
1.410152695183310989e-01
1.410537285427864995e-01
1.410432839684930273e-01
1.409913272939345708e-01
1.409050395949852652e-01
1.407911000993939399e-01
1.406555032861011301e-01
1.405034651780306121e-01
1.403393991095551741e-01
1.401669423289912120e-01
1.399890168663431578e-01
1.398079107293413170e-01
1.396253683310025862e-01
1.394426818269635104e-01
1.392607775614530807e-01
1.390802939735627242e-01
1.389016490504711709e-01
1.387250967304458626e-01
1.385507725889070507e-01
1.383787297395037419e-01
1.382089662125187413e-01
1.380414451995252978e-01
1.378761095357187716e-01
1.377128916809793602e-01
1.375517202986820675e-01
1.373925243485941972e-01
1.372352354285829024e-01
1.370797889330690744e-01
1.369261244517088472e-01
1.367741857124998850e-01
1.366239202790750229e-01
1.364752791400729859e-01
1.363282162758845950e-01
1.361826882511417425e-01
1.360386538565627745e-01
1.358960738080859099e-01
1.357549105020150748e-01
1.356151278201110921e-01
1.354766909766211558e-01
1.353395663990141218e-01
1.352037216349003534e-01
1.350691252787409313e-01
1.349357469131834408e-01
1.348035570610174039e-01
1.346725271447412053e-01
1.345426294515439658e-01
1.344138371021397216e-01
1.342861240223658104e-01
1.341594649168024733e-01
1.340338352439178204e-01
1.339092111924086170e-01
1.337855696585232013e-01
1.336628882242269778e-01
1.335411451361185609e-01
1.334203192850360875e-01
1.333003901863106799e-01
1.331813379606355818e-01
1.330631433155270993e-01
1.329457875273552803e-01
1.328292524239267636e-01
1.327135203676019226e-01
1.325985742389304278e-01
1.324843974207889630e-01
1.323709737830064959e-01
1.322582876674614771e-01
1.321463238736375334e-01
1.320350676446225557e-01
1.319245046535388877e-01
1.318146209903899024e-01
1.317054031493117283e-01
1.315968380162162443e-01
1.314889128568146881e-01
1.313816153050088031e-01
1.312749333516393946e-01
1.311688553335805529e-01
1.310633699231692761e-01
1.309584661179600817e-01
1.308541332307943672e-01
1.307503608801754424e-01
1.306471389809390482e-01
1.305444577352109503e-01
1.304423076236424228e-01
1.303406793969150435e-01
1.302395640675067801e-01
1.301389529017110136e-01
1.300388374119010593e-01
1.299392093490321642e-01
1.298400606953743208e-01
1.297413836574681234e-01
1.296431706592971467e-01
1.295454143356704335e-01
1.294481075258080705e-01
1.293512432671237999e-01
1.292548147891991184e-01
1.291588155079420874e-01
1.290632390199258073e-01
1.289680790969010005e-01
1.288733296804769057e-01
1.287789848769657353e-01
1.286850389523855887e-01
1.285914863276168274e-01
1.284983215737071638e-01
1.284055394073211065e-01
1.283131346863290168e-01
1.282211024055319448e-01
1.281294376925174172e-01
1.280381358036427608e-01
1.279471921201416063e-01
1.278566021443501843e-01
1.277663614960493632e-01
1.276764659089188458e-01
1.275869112271006689e-01
1.274976934018676733e-01
1.274088084883948646e-01
1.273202526426292780e-01
1.272320221182564881e-01
1.271441132637596561e-01
1.270565225195695314e-01
1.269692464153011624e-01
1.268822815670761217e-01
1.267956246749263882e-01
1.267092725202781378e-01
1.266232219635127498e-01
1.265374699416024762e-01
1.264520134658187744e-01
1.263668496195108903e-01
1.262819755559527191e-01
1.261973884962554471e-01
1.261130857273442818e-01
1.260290645999974923e-01
1.259453225269452081e-01
1.258618569810266430e-01
1.257786654934039960e-01
1.256957456518307537e-01
1.256130950989733097e-01
1.255307115307840171e-01
1.254485926949240049e-01
1.253667363892342068e-01
1.252851404602536856e-01
1.252038028017826710e-01
1.251227213534902294e-01
1.250418940995642048e-01
1.249613190674025986e-01
1.248809943263450711e-01
1.248009179864431328e-01
1.247210881972681540e-01
1.246415031467557333e-01
1.245621610600853996e-01
1.244830601985947860e-01
1.244041988587266667e-01
1.243255753710086203e-01
1.242471880990634603e-01
1.241690354386503631e-01
1.240911158167348760e-01
1.240134276905877353e-01
1.239359695469108291e-01
1.238587399009902085e-01
1.237817372958748829e-01
1.237049603015804161e-01
1.236284075143172928e-01
1.235520775557424344e-01
1.234759690722338765e-01
1.234000807341872896e-01
1.233244112353341776e-01
1.232489592920807536e-01
1.231737236428670362e-01
1.230987030475453881e-01
1.230238962867781366e-01
1.229493021614534026e-01
1.228749194921187893e-01
1.228007471184322658e-01
1.227267838986299681e-01
1.226530287090098204e-01
1.225794804434311158e-01
1.225061380128294464e-01
1.224330003447459680e-01
1.223600663828713492e-01
1.222873350866033881e-01
1.222148054306181203e-01
1.221424764044539146e-01
1.220703470121081990e-01
1.219984162716464815e-01
1.219266832148231117e-01
1.218551468867136445e-01
1.217838063453582087e-01
1.217126606614159223e-01
1.216417089178293970e-01
1.215709502094997896e-01
1.215003836429713879e-01
1.214300083361258831e-01
1.213598234178857455e-01
1.212898280279268021e-01
1.212200213163991819e-01
1.211504024436568933e-01
1.210809705799954644e-01
1.210117249053975358e-01
1.209426646092860713e-01
1.208737888902849805e-01
1.208050969559870680e-01
1.207365880227287830e-01
1.206682613153718109e-01
1.206001160670912564e-01
1.205321515191701415e-01
1.204643669208000784e-01
1.203967615288878690e-01
1.203293346078679743e-01
1.202620854295204794e-01
1.201950132727946652e-01
1.201281174236376592e-01
1.200613971748283049e-01
1.199948518258160124e-01
1.199284806825642730e-01
1.198622830573990855e-01
1.197962582688614358e-01
1.197304056415647855e-01
1.196647245060561554e-01
1.195992141986818164e-01
1.195338740614566575e-01
1.194687034419375377e-01
1.194037016931003697e-01
1.193388681732208273e-01
1.192742022457585621e-01
1.192097032792448358e-01
1.191453706471733848e-01
1.190812037278947549e-01
1.190172019045132590e-01
1.189533645647875143e-01
1.188896911010333679e-01
1.188261809100300687e-01
1.187628333929289376e-01
1.186996479551648137e-01
1.186366240063699284e-01
1.185737609602905279e-01
1.185110582347056324e-01
1.184485152513484463e-01
1.183861314358296418e-01
1.183239062175633766e-01
1.182618390296949623e-01
1.181999293090307823e-01
1.181381764959704428e-01
1.180765800344405203e-01
1.180151393718303493e-01
1.179538539589297524e-01
1.178927232498683253e-01
1.178317467020566084e-01
1.177709237761289246e-01
1.177102539358877570e-01
1.176497366482496115e-01
1.175893713831927256e-01
1.175291576137059146e-01
1.174690948157389864e-01
1.174091824681545299e-01
1.173494200526811332e-01
1.172898070538677257e-01
1.172303429590393631e-01
1.171710272582539569e-01
1.171118594442607797e-01
1.170528390124593171e-01
1.169939654608599111e-01
1.169352382900451237e-01
1.168766570031323226e-01
1.168182211057371828e-01
1.167599301059381450e-01
1.167017835142420967e-01
1.166437808435504819e-01
1.165859216091268830e-01
1.165282053285650876e-01
1.164706315217581417e-01
1.164131997108681649e-01
1.163559094202970684e-01
1.162987601766578560e-01
1.162417515087468961e-01
1.161848829475168599e-01
1.161281540260501455e-01
1.160715642795333569e-01
1.160151132452320460e-01
1.159588004624664825e-01
1.159026254725877558e-01
1.158465878189546550e-01
1.157906870469110200e-01
1.157349227037636902e-01
1.156792943387610212e-01
1.156238015030721100e-01
1.155684437497661171e-01
1.155132206161426089e-01
1.154581316943545100e-01
1.154031765253610564e-01
1.153483546696377343e-01
1.152936656894653494e-01
1.152391091489123887e-01
1.151846846138177421e-01
1.151303916517740916e-01
1.150762298321112431e-01
1.150221987258804174e-01
1.149682979058382903e-01
1.149145269464319774e-01
1.148608854237838650e-01
1.148073729156771916e-01
1.147539890015416980e-01
1.147007332624396386e-01
1.146476052810522506e-01
1.145946046416663477e-01
1.145417309301612063e-01
1.144889837339960192e-01
1.144363626421971702e-01
1.143838672453461464e-01
1.143314971355675613e-01
1.142792519065173873e-01
1.142271311533716166e-01
1.141751344728149098e-01
1.141232614630296321e-01
1.140715117236851539e-01
1.140198848559271783e-01
1.139683804623674995e-01
1.139169981470738169e-01
1.138657375155597840e-01
1.138145981747752528e-01
1.137635797330967813e-01
1.137126818003181689e-01
1.136619039876413245e-01
1.136112459076671910e-01
1.135607071743868768e-01
1.135102874031730380e-01
1.134599862107711771e-01
1.134098032152914270e-01
1.133597380362001833e-01
1.133097902943120960e-01
1.132599596117819657e-01
1.132102456120971379e-01
1.131606479200696347e-01
1.131111661618286746e-01
1.130617999648132060e-01
1.130125489577646219e-01
1.129634127707195429e-01
1.129143910350027674e-01
1.128654833832202498e-01
1.128166894492522443e-01
1.127680088682466580e-01
1.127194412766122367e-01
1.126709863120121391e-01
1.126226436133574149e-01
1.125744128208006761e-01
1.125262935757298105e-01
1.124782855207618198e-01
1.124303882997367277e-01
1.123826015577115145e-01
1.123349249409543033e-01
1.122873580969384194e-01
1.122399006743366873e-01
1.121925523230156568e-01
1.121453126940301220e-01
1.120981814396174031e-01
1.120511582131920453e-01
1.120042426693403093e-01
1.119574344638148283e-01
1.119107332535293903e-01
1.118641386965536777e-01
1.118176504521081888e-01
1.117712681805590053e-01
1.117249915434129770e-01
1.116788202033125038e-01
1.116327538240307893e-01
1.115867920704669281e-01
1.115409346086410902e-01
1.114951811056897196e-01
1.114495312298609264e-01
1.114039846505097131e-01
1.113585410380934365e-01
1.113132000641672004e-01
1.112679614013793311e-01
1.112228247234669787e-01
1.111777897052515368e-01
1.111328560226344103e-01
1.110880233525925465e-01
1.110432913731742022e-01
1.109986597634945865e-01
1.109541282037317667e-01
1.109096963751223242e-01
1.108653639599572749e-01
1.108211306415779335e-01
1.107769961043718610e-01
1.107329600337687431e-01
1.106890221162364490e-01
1.106451820392769375e-01
1.106014394914224402e-01
1.105577941622314236e-01
1.105142457422847863e-01
1.104707939231819036e-01
1.104274383975369089e-01
1.103841788589747797e-01
1.103410150021276181e-01
1.102979465226309186e-01
1.102549731171197783e-01
1.102120944832253313e-01
1.101693103195709456e-01
1.101266203257686288e-01
1.100840242024154203e-01
1.100415216510898242e-01
1.099991123743482291e-01
1.099567960757212720e-01
1.099145724597104523e-01
1.098724412317845511e-01
1.098304020983762036e-01
1.097884547668783461e-01
1.097465989456409274e-01
1.097048343439673695e-01
1.096631606721112373e-01
1.096215776412728937e-01
1.095800849635960167e-01
1.095386823521645042e-01
1.094973695209988801e-01
1.094561461850532130e-01
1.094150120602117304e-01
1.093739668632856543e-01
1.093330103120098568e-01
1.092921421250396957e-01
1.092513620219478232e-01
1.092106697232209656e-01
1.091700649502568010e-01
1.091295474253607262e-01
1.090891168717428444e-01
1.090487730135146771e-01
1.090085155756862628e-01
1.089683442841628547e-01
1.089282588657420336e-01
1.088882590481105583e-01
1.088483445598413257e-01
1.088085151303903458e-01
1.087687704900937580e-01
1.087291103701647915e-01
1.086895345026908516e-01
1.086500426206304382e-01
1.086106344578103150e-01
1.085713097489224566e-01
1.085320682295211753e-01
1.084929096360202627e-01
1.084538337056899088e-01
1.084148401766540509e-01
1.083759287878873073e-01
1.083370992792121734e-01
1.082983513912962464e-01
1.082596848656492416e-01
1.082210994446203001e-01
1.081825948713951019e-01
1.081441708899930770e-01
1.081058272452646296e-01
1.080675636828883346e-01
1.080293799493682316e-01
1.079912757920309940e-01
1.079532509590232087e-01
1.079153051993086976e-01
1.078774382626657147e-01
1.078396498996842812e-01
1.078019398617635488e-01
1.077643079011088995e-01
1.077267537707295442e-01
1.076892772244356922e-01
1.076518780168359141e-01
1.076145559033345050e-01
1.075773106401288620e-01
1.075401419842069439e-01
1.075030496933443713e-01
1.074660335261022059e-01
1.074290932418241057e-01
1.073922286006337296e-01
1.073554393634323784e-01
1.073187252918961915e-01
1.072820861484737182e-01
1.072455216963833780e-01
1.072090316996108239e-01
1.071726159229065278e-01
1.071362741317832407e-01
1.071000060925134528e-01
1.070638115721268824e-01
1.070276903384080602e-01
1.069916421598937767e-01
1.069556668058706389e-01
1.069197640463726562e-01
1.068839336521786726e-01
1.068481753948100493e-01
1.068124890465281529e-01
1.067768743803319542e-01
1.067413311699556139e-01
1.067058591898660813e-01
1.066704582152606662e-01
1.066351280220646652e-01
1.065998683869290031e-01
1.065646790872277899e-01
1.065295599010560867e-01
1.064945106072273523e-01
1.064595309852713056e-01
1.064246208154314283e-01
1.063897798786627019e-01
1.063550079566292772e-01
1.063203048317021837e-01
1.062856702869569014e-01
1.062511041061712791e-01
1.062166060738229945e-01
1.061821759750874589e-01
1.061478135958354718e-01
1.061135187226309312e-01
1.060792911427286128e-01
1.060451306440718805e-01
1.060110370152905074e-01
1.059770100456983721e-01
1.059430495252911969e-01
1.059091552447444934e-01
1.058753269954111481e-01
1.058415645693193408e-01
1.058078677591703237e-01
1.057742363583362016e-01
1.057406701608577665e-01
1.057071689614422771e-01
1.056737325554613915e-01
1.056403607389489324e-01
1.056070533085987362e-01
1.055738100617625158e-01
1.055406307964477097e-01
1.055075153113153724e-01
1.054744634056780789e-01
1.054414748794976764e-01
1.054085495333833278e-01
1.053756871685893048e-01
1.053428875870130038e-01
1.053101505911926417e-01
1.052774759843054520e-01
1.052448635701653812e-01
1.052123131532211459e-01
1.051798245385541231e-01
1.051473975318762827e-01
1.051150319395281890e-01
1.050827275684769330e-01
1.050504842263140781e-01
1.050183017212536485e-01
1.049861798621301023e-01
1.049541184583963616e-01
1.049221173201217439e-01
1.048901762579899644e-01
1.048582950832971789e-01
1.048264736079499992e-01
1.047947116444634258e-01
1.047630090059590291e-01
1.047313655061628684e-01
1.046997809594034379e-01
1.046682551806099870e-01
1.046367879853103283e-01
1.046053791896289498e-01
1.045740286102851968e-01
1.045427360645911907e-01
1.045115013704499690e-01
1.044803243463535702e-01
1.044492048113811467e-01
1.044181425851969658e-01
1.043871374880487174e-01
1.043561893407653068e-01
1.043252979647552731e-01
1.042944631820047624e-01
1.042636848150756412e-01
1.042329626871036918e-01
1.042022966217967250e-01
1.041716864434327067e-01
1.041411319768579397e-01
1.041106330474852043e-01
1.040801894812919542e-01
1.040498011048183874e-01
1.040194677451657668e-01
1.039891892299945053e-01
1.039589653875223618e-01
1.039287960465226229e-01
1.038986810363223823e-01
1.038686201868006947e-01
1.038386133283867169e-01
1.038086602920580137e-01
1.037787609093388103e-01
1.037489150122980902e-01
1.037191224335479722e-01
1.036893830062418365e-01
1.036596965640726592e-01
1.036300629412711810e-01
1.036004819726042553e-01
1.035709534933730025e-01
1.035414773394112004e-01
1.035120533470834797e-01
1.034826813532835621e-01
1.034533611954327192e-01
1.034240927114778441e-01
1.033948757398898827e-01
1.033657101196621270e-01
1.033365956903085220e-01
1.033075322918618755e-01
1.032785197648723174e-01
1.032495579504056210e-01
1.032206466900413150e-01
1.031917858258713655e-01
1.031629752004981776e-01
1.031342146570332491e-01
1.031055040390952138e-01
1.030768431908084676e-01
1.030482319568013644e-01
1.030196701822046479e-01
1.029911577126497862e-01
1.029626943942674039e-01
1.029342800736856300e-01
1.029059145980285028e-01
1.028775978149143178e-01
1.028493295724541012e-01
1.028211097192499313e-01
1.027929381043934387e-01
1.027648145774641281e-01
1.027367389885278925e-01
1.027087111881353348e-01
1.026807310273202822e-01
1.026527983575981767e-01
1.026249130309645347e-01
1.025970748998934201e-01
1.025692838173357518e-01
1.025415396367180126e-01
1.025138422119404452e-01
1.024861913973756922e-01
1.024585870478672139e-01
1.024310290187277206e-01
1.024035171657377286e-01
1.023760513451439785e-01
1.023486314136580061e-01
1.023212572284545041e-01
1.022939286471699766e-01
1.022666455279011566e-01
1.022394077292034797e-01
1.022122151100897103e-01
1.021850675300283590e-01
1.021579648489422676e-01
1.021309069272071102e-01
1.021038936256499358e-01
1.020769248055476836e-01
1.020500003286257534e-01
1.020231200570565350e-01
1.019962838534580474e-01
1.019694915808923019e-01
1.019427431028640668e-01
1.019160382833192990e-01
1.018893769866438259e-01
1.018627590776617908e-01
1.018361844216343348e-01
1.018096528842581394e-01
1.017831643316640250e-01
1.017567186304155769e-01
1.017303156475076742e-01
1.017039552503651301e-01
1.016776373068413453e-01
1.016513616852168095e-01
1.016251282541978662e-01
1.015989368829151585e-01
1.015727874409224352e-01
1.015466797981950386e-01
1.015206138251286000e-01
1.014945893925377207e-01
1.014686063716545017e-01
1.014426646341273081e-01
1.014167640520193397e-01
1.013909044978073271e-01
1.013650858443801983e-01
1.013393079650377337e-01
1.013135707334891639e-01
1.012878740238520314e-01
1.012622177106506649e-01
1.012366016688149434e-01
1.012110257736790336e-01
1.011854899009799746e-01
1.011599939268564979e-01
1.011345377278476121e-01
1.011091211808913676e-01
1.010837441633235245e-01
1.010584065528763592e-01
1.010331082276772763e-01
1.010078490662475320e-01
1.009826289475010408e-01
1.009574477507430429e-01
1.009323053556688277e-01
1.009072016423625262e-01
1.008821364912958068e-01
1.008571097833266400e-01
1.008321213996979659e-01
1.008071712220366678e-01
1.007822591323520589e-01
1.007573850130348003e-01
1.007325487468556657e-01
1.007077502169642369e-01
1.006829893068877518e-01
1.006582659005298280e-01
1.006335798821692690e-01
1.006089311364588568e-01
1.005843195484240754e-01
1.005597450034620560e-01
1.005352073873401891e-01
1.005107065861950422e-01
1.004862424865311382e-01
1.004618149752197903e-01
1.004374239394977830e-01
1.004130692669663871e-01
1.003887508455900690e-01
1.003644685636952694e-01
1.003402223099693347e-01
1.003160119734593236e-01
1.002918374435707721e-01
1.002676986100666107e-01
1.002435953630659571e-01
1.002195275930430063e-01
1.001954951908258507e-01
1.001714980475953420e-01
1.001475360548839677e-01
1.001236091045746429e-01
1.000997170888996701e-01
1.000758599004395732e-01
1.000520374321219319e-01
1.000282495772202990e-01
1.000044962293530626e-01
9.998077728248234985e-02
9.995709263091286101e-02
9.993344216929085644e-02
9.990982579260299090e-02
9.988624339617514780e-02
9.986269487567143999e-02
9.983918012709309953e-02
9.981569904677739524e-02
9.979225153139641147e-02
9.976883747795615986e-02
9.974545678379538594e-02
9.972210934658451431e-02
9.969879506432455241e-02
9.967551383534604958e-02
9.965226555830808408e-02
9.962905013219704176e-02
9.960586745632568628e-02
9.958271743033211831e-02
9.955959995417856812e-02
9.953651492815054902e-02
9.951346225285567781e-02
9.949044182922263391e-02
9.946745355850018788e-02
9.944449734225613291e-02
9.942157308237618840e-02
9.939868068106309795e-02
9.937582004083550524e-02
9.935299106452696871e-02
9.933019365528489297e-02
9.930742771656962675e-02
9.928469315215332491e-02
9.926198986611897701e-02
9.923931776285943585e-02
9.921667674707640439e-02
9.919406672377942269e-02
9.917148759828484095e-02
9.914893927621484804e-02
9.912642166349655559e-02
9.910393466636088777e-02
9.908147819134167922e-02
9.905905214527463420e-02
9.903665643529643847e-02
9.901429096884371839e-02
9.899195565365201399e-02
9.896965039775498796e-02
9.894737510948327375e-02
9.892512969746360130e-02
9.890291407061786721e-02
9.888072813816209394e-02
9.885857180960556934e-02
9.883644499474981970e-02
9.881434760368769388e-02
9.879227954680243340e-02
9.877024073476674271e-02
9.874823107854180382e-02
9.872625048937636039e-02
9.870429887880578790e-02
9.868237615865123324e-02
9.866048224101856001e-02
9.863861703829754357e-02
9.861678046316084412e-02
9.859497242856321564e-02
9.857319284774049284e-02
9.855144163420870296e-02
9.852971870176323310e-02
9.850802396447777554e-02
9.848635733670356440e-02
9.846471873306841815e-02
9.844310806847587914e-02
9.842152525810422825e-02
9.839997021740574945e-02
9.837844286210567502e-02
9.835694310820139452e-02
9.833547087196162217e-02
9.831402606992541149e-02
9.829260861890129486e-02
9.827121843596652029e-02
9.824985543846602443e-02
9.822851954401166930e-02
9.820721067048136799e-02
9.818592873601822424e-02
9.816467365902958875e-02
9.814344535818635140e-02
9.812224375242194208e-02
9.810106876093160899e-02
9.807992030317147503e-02
9.805879829885767729e-02
9.803770266796568711e-02
9.801663333072926920e-02
9.799559020763976003e-02
9.797457321944524899e-02
9.795358228714962090e-02
9.793261733201190367e-02
9.791167827554528302e-02
9.789076503951638086e-02
9.786987754594440869e-02
9.784901571710030721e-02
9.782817947550599691e-02
9.780736874393355929e-02
9.778658344540433478e-02
9.776582350318822889e-02
9.774508884080289339e-02
9.772437938201281038e-02
9.770369505082862616e-02
9.768303577150634631e-02
9.766240146854643367e-02
9.764179206669307276e-02
9.762120749093344818e-02
9.760064766649685641e-02
9.758011251885399806e-02
9.755960197371614517e-02
9.753911595703436410e-02
9.751865439499879384e-02
9.749821721403779951e-02
9.747780434081725065e-02
9.745741570223973027e-02
9.743705122544381314e-02
9.741671083780319151e-02
9.739639446692605063e-02
9.737610204065418051e-02
9.735583348706236539e-02
9.733558873445748161e-02
9.731536771137785924e-02
9.729517034659244945e-02
9.727499656910011672e-02
9.725484630812888942e-02
9.723471949313526597e-02
9.721461605380339599e-02
9.719453592004435871e-02
9.717447902199544130e-02
9.715444529001947271e-02
9.713443465470399107e-02
9.711444704686054974e-02
9.709448239752399568e-02
9.707454063795178945e-02
9.705462169962321417e-02
9.703472551423864001e-02
9.701485201371898293e-02
9.699500113020477488e-02
9.697517279605549767e-02
9.695536694384905563e-02
9.693558350638080412e-02
9.691582241666303610e-02
9.689608360792420494e-02
9.687636701360824443e-02
9.685667256737384712e-02
9.683700020309375656e-02
9.681734985485415668e-02
9.679772145695392238e-02
9.677811494390387015e-02
9.675853025042621680e-02
9.673896731145378847e-02
9.671942606212932669e-02
9.669990643780486395e-02
9.668040837404108523e-02
9.666093180660650930e-02
9.664147667147696130e-02
9.662204290483485114e-02
9.660263044306842406e-02
9.658323922277124718e-02
9.656386918074140457e-02
9.654452025398092829e-02
9.652519237969510446e-02
9.650588549529180715e-02
9.648659953838083225e-02
9.646733444677330072e-02
9.644809015848092304e-02
9.642886661171544416e-02
9.640966374488788015e-02
9.639048149660803255e-02
9.637131980568365563e-02
9.635217861111994297e-02
9.633305785211890293e-02
9.631395746807862313e-02
9.629487739859267370e-02
9.627581758344955221e-02
9.625677796263193420e-02
9.623775847631609037e-02
9.621875906487134533e-02
9.619977966885928655e-02
9.618082022903327866e-02
9.616188068633778341e-02
9.614296098190774909e-02
9.612406105706798598e-02
9.610518085333259741e-02
9.608632031240431359e-02
9.606747937617383937e-02
9.604865798671941013e-02
9.602985608630600078e-02
9.601107361738486778e-02
9.599231052259279973e-02
9.597356674475165939e-02
9.595484222686766207e-02
9.593613691213091765e-02
9.591745074391466730e-02
9.589878366577483937e-02
9.588013562144938329e-02
9.586150655485764505e-02
9.584289641009990923e-02
9.582430513145667739e-02
9.580573266338814065e-02
9.578717895053361076e-02
9.576864393771093720e-02
9.575012756991589657e-02
9.573162979232165137e-02
9.571315055027816709e-02
9.569468978931157388e-02
9.567624745512375017e-02
9.565782349359162884e-02
9.563941785076660040e-02
9.562103047287411062e-02
9.560266130631293879e-02
9.558431029765467046e-02
9.556597739364321165e-02
9.554766254119417823e-02
9.552936568739429923e-02
9.551108677950095882e-02
9.549282576494153019e-02
9.547458259131293146e-02
9.545635720638107058e-02
9.543814955808015144e-02
9.541995959451231302e-02
9.540178726394699105e-02
9.538363251482040450e-02
9.536549529573500050e-02
9.534737555545891308e-02
9.532927324292542193e-02
9.531118830723243895e-02
9.529312069764202253e-02
9.527507036357969750e-02
9.525703725463410820e-02
9.523902132055632463e-02
9.522102251125942607e-02
9.520304077681797372e-02
9.518507606746742788e-02
9.516712833360360668e-02
9.514919752578232526e-02
9.513128359471870188e-02
9.511338649128669998e-02
9.509550616651865629e-02
9.507764257160471189e-02
9.505979565789236807e-02
9.504196537688587576e-02
9.502415168024580527e-02
9.500635451978856061e-02
9.498857384748578270e-02
9.497080961546391920e-02
9.495306177600372488e-02
9.493533028153967879e-02
9.491761508465963726e-02
9.489991613810418170e-02
9.488223339476620222e-02
9.486456680769042582e-02
9.484691633007281963e-02
9.482928191526028561e-02
9.481166351674996662e-02
9.479406108818888566e-02
9.477647458337341846e-02
9.475890395624883555e-02
9.474134916090880265e-02
9.472381015159489492e-02
9.470628688269612516e-02
9.468877930874847193e-02
9.467128738443439384e-02
9.465381106458237159e-02
9.463635030416638061e-02
9.461890505830554410e-02
9.460147528226352243e-02
9.458406093144808291e-02
9.456666196141071123e-02
9.454927832784609798e-02
9.453190998659155575e-02
9.451455689362683876e-02
9.449721900507337957e-02
9.447989627719401151e-02
9.446258866639246909e-02
9.444529612921287454e-02
9.442801862233940469e-02
9.441075610259573592e-02
9.439350852694457228e-02
9.437627585248734019e-02
9.435905803646359169e-02
9.434185503625058811e-02
9.432466680936295311e-02
9.430749331345204822e-02
9.429033450630572299e-02
9.427319034584773216e-02
9.425606079013736094e-02
9.423894579736900867e-02
9.422184532587164763e-02
9.420475933410850378e-02
9.418768778067655723e-02
9.417063062430611198e-02
9.415358782386042125e-02
9.413655933833517397e-02
9.411954512685810625e-02
9.410254514868858500e-02
9.408555936321714996e-02
9.406858772996516682e-02
9.405163020858429979e-02
9.403468675885608141e-02
9.401775734069166279e-02
9.400084191413123069e-02
9.398394043934357733e-02
9.396705287662582284e-02
9.395017918640288790e-02
9.393331932922709127e-02
9.391647326577781674e-02
9.389964095686097190e-02
9.388282236340871056e-02
9.386601744647896095e-02
9.384922616725493993e-02
9.383244848704494490e-02
9.381568436728174309e-02
9.379893376952229411e-02
9.378219665544729189e-02
9.376547298686085941e-02
9.374876272568995195e-02
9.373206583398417668e-02
9.371538227391525144e-02
9.369871200777667164e-02
9.368205499798332170e-02
9.366541120707103096e-02
9.364878059769626839e-02
9.363216313263558743e-02
9.361555877478548726e-02
9.359896748716176051e-02
9.358238923289931288e-02
9.356582397525166350e-02
9.354927167759061191e-02
9.353273230340580779e-02
9.351620581630441797e-02
9.349969218001071003e-02
9.348319135836573313e-02
9.346670331532683229e-02
9.345022801496737086e-02
9.343376542147632802e-02
9.341731549915789634e-02
9.340087821243113486e-02
9.338445352582960823e-02
9.336804140400098428e-02
9.335164181170665931e-02
9.333525471382143890e-02
9.331888007533312157e-02
9.330251786134216574e-02
9.328616803706134275e-02
9.326983056781525117e-02
9.325350541904016410e-02
9.323719255628344638e-02
9.322089194520337407e-02
9.320460355156863497e-02
9.318832734125809258e-02
9.317206328026035600e-02
9.315581133467341901e-02
9.313957147070436871e-02
9.312334365466892749e-02
9.310712785299124494e-02
9.309092403220342593e-02
9.307473215894519758e-02
9.305855219996364558e-02
9.304238412211278397e-02
9.302622789235319434e-02
9.301008347775177598e-02
9.299395084548130186e-02
9.297782996282014101e-02
9.296172079715191161e-02
9.294562331596509241e-02
9.292953748685268967e-02
9.291346327751197343e-02
9.289740065574407513e-02
9.288134958945366837e-02
9.286531004664862199e-02
9.284928199543968086e-02
9.283326540404009120e-02
9.281726024076537851e-02
9.280126647403288964e-02
9.278528407236151521e-02
9.276931300437138428e-02
9.275335323878351745e-02
9.273740474441945214e-02
9.272146749020100664e-02
9.270554144514990547e-02
9.268962657838746011e-02
9.267372285913420826e-02
9.265783025670969175e-02
9.264194874053204021e-02
9.262607828011770739e-02
9.261021884508109647e-02
9.259437040513432415e-02
9.257853293008685980e-02
9.256270638984517851e-02
9.254689075441248358e-02
9.253108599388841504e-02
9.251529207846867497e-02
9.249950897844480546e-02
9.248373666420377226e-02
9.246797510622775662e-02
9.245222427509373897e-02
9.243648414147331849e-02
9.242075467613232453e-02
9.240503584993048358e-02
9.238932763382118329e-02
9.237362999885119497e-02
9.235794291616028495e-02
9.234226635698095098e-02
9.232660029263807522e-02
9.231094469454875773e-02
9.229529953422187238e-02
9.227966478325785871e-02
9.226404041334840267e-02
9.224842639627610363e-02
9.223282270391423843e-02
9.221722930822640052e-02
9.220164618126631961e-02
9.218607329517741755e-02
9.217051062219266955e-02
9.215495813463420172e-02
9.213941580491302741e-02
9.212388360552885291e-02
9.210836150906961950e-02
9.209284948821135075e-02
9.207734751571788889e-02
9.206185556444045071e-02
9.204637360731750262e-02
9.203090161737439989e-02
9.201543956772312294e-02
9.199998743156202752e-02
9.198454518217551168e-02
9.196911279293375208e-02
9.195369023729246805e-02
9.193827748879257467e-02
9.192287452106001622e-02
9.190748130780532210e-02
9.189209782282352357e-02
9.187672403999370963e-02
9.186135993327888827e-02
9.184600547672563953e-02
9.183066064446387955e-02
9.181532541070652753e-02
9.179999974974936694e-02
9.178468363597062918e-02
9.176937704383079930e-02
9.175407994787239396e-02
9.173879232271960060e-02
9.172351414307805539e-02
9.170824538373462120e-02
9.169298601955706840e-02
9.167773602549379730e-02
9.166249537657365776e-02
9.164726404790561609e-02
9.163204201467854693e-02
9.161682925216090012e-02
9.160162573570058975e-02
9.158643144072448061e-02
9.157124634273844377e-02
9.155607041732687079e-02
9.154090364015250725e-02
9.152574598695620289e-02
9.151059743355662024e-02
9.149545795585005414e-02
9.148032752981009874e-02
9.146520613148739764e-02
9.145009373700951905e-02
9.143499032258053938e-02
9.141989586448091842e-02
9.140481033906715236e-02
9.138973372277162110e-02
9.137466599210233853e-02
9.135960712364260550e-02
9.134455709405087109e-02
9.132951588006044119e-02
9.131448345847921477e-02
9.129945980618954515e-02
9.128444490014787915e-02
9.126943871738457670e-02
9.125444123500366100e-02
9.123945243018254103e-02
9.122447228017190046e-02
9.120950076229529524e-02
9.119453785394902867e-02
9.117958353260190163e-02
9.116463777579492112e-02
9.114970056114107821e-02
9.113477186632523708e-02
9.111985166910373246e-02
9.110493994730423095e-02
9.109003667882546729e-02
9.107514184163705007e-02
9.106025541377919807e-02
9.104537737336253211e-02
9.103050769856785296e-02
9.101564636764587768e-02
9.100079335891704535e-02
9.098594865077128113e-02
9.097111222166774647e-02
9.095628405013468643e-02
9.094146411476913827e-02
9.092665239423673718e-02
9.091184886727148029e-02
9.089705351267553246e-02
9.088226630931894867e-02
9.086748723613953527e-02
9.085271627214254464e-02
9.083795339640056421e-02
9.082319858805316948e-02
9.080845182630679913e-02
9.079371309043449134e-02
9.077898235977573116e-02
9.076425961373615903e-02
9.074954483178739040e-02
9.073483799346680756e-02
9.072013907837735147e-02
9.070544806618727196e-02
9.069076493662998895e-02
9.067608966950380101e-02
9.066142224467170496e-02
9.064676264206121548e-02
9.063211084166414300e-02
9.061746682353631621e-02
9.060283056779751265e-02
9.058820205463108399e-02
9.057358126428392830e-02
9.055896817706615698e-02
9.054436277335091432e-02
9.052976503357419713e-02
9.051517493823466043e-02
9.050059246789336764e-02
9.048601760317366571e-02
9.047145032476085202e-02
9.045689061340211889e-02
9.044233844990631765e-02
9.042779381514361170e-02
9.041325669004557364e-02
9.039872705560465793e-02
9.038420489287422865e-02
9.036969018296828193e-02
9.035518290706126554e-02
9.034068304638784297e-02
9.032619058224281017e-02
9.031170549598073471e-02
9.029722776901587256e-02
9.028275738282198759e-02
9.026829431893211575e-02
9.025383855893834295e-02
9.023939008449172183e-02
9.022494887730192481e-02
9.021051491913723019e-02
9.019608819182414750e-02
9.018166867724744518e-02
9.016725635734973432e-02
9.015285121413144087e-02
9.013845322965054196e-02
9.012406238602245490e-02
9.010967866541973181e-02
9.009530205007200421e-02
9.008093252226571923e-02
9.006657006434393153e-02
9.005221465870622000e-02
9.003786628780843793e-02
9.002352493416249102e-02
9.000919058033629572e-02
8.999486320895341840e-02
8.998054280269304761e-02
8.996622934428968876e-02
8.995192281653313637e-02
8.993762320226814100e-02
8.992333048439428433e-02
8.990904464586585432e-02
8.989476566969162308e-02
8.988049353893468041e-02
8.986622823671221172e-02
8.985196974619541477e-02
8.983771805060922211e-02
8.982347313323223170e-02
8.980923497739645711e-02
8.979500356648717485e-02
8.978077888394275785e-02
8.976656091325449505e-02
8.975234963796646648e-02
8.973814504167526573e-02
8.972394710802995832e-02
8.970975582073180410e-02
8.969557116353414628e-02
8.968139312024227261e-02
8.966722167471313787e-02
8.965305681085532219e-02
8.963889851262875352e-02
8.962474676404465213e-02
8.961060154916523912e-02
8.959646285210373651e-02
8.958233065702400633e-02
8.956820494814050904e-02
8.955408570971815085e-02
8.953997292607204783e-02
8.952586658156745647e-02
8.951176666061948228e-02
8.949767314769299653e-02
8.948358602730258071e-02
8.946950528401209635e-02
8.945543090243482376e-02
8.944136286723304574e-02
8.942730116311814470e-02
8.941324577485013081e-02
8.939919668723782242e-02
8.938515388513838811e-02
8.937111735345745767e-02
8.935708707714874743e-02
8.934306304121400477e-02
8.932904523070285541e-02
8.931503363071263690e-02
8.930102822638820437e-02
8.928702900292187494e-02
8.927303594555313637e-02
8.925904903956864700e-02
8.924506827030194434e-02
8.923109362313337567e-02
8.921712508348993154e-02
8.920316263684507918e-02
8.918920626871863766e-02
8.917525596467662519e-02
8.916131171033103708e-02
8.914737349133977640e-02
8.913344129340655675e-02
8.911951510228056927e-02
8.910559490375656588e-02
8.909168068367449844e-02
8.907777242791949102e-02
8.906387012242172885e-02
8.904997375315618080e-02
8.903608330614257160e-02
8.902219876744521532e-02
8.900832012317276554e-02
8.899444735947822926e-02
8.898058046255875875e-02
8.896671941865541555e-02
8.895286421405319832e-02
8.893901483508079298e-02
8.892517126811046169e-02
8.891133349955783471e-02
8.889750151588192428e-02
8.888367530358480539e-02
8.886985484921160194e-02
8.885604013935030632e-02
8.884223116063161285e-02
8.882842789972886233e-02
8.881463034335777829e-02
8.880083847827645316e-02
8.878705229128512622e-02
8.877327176922611418e-02
8.875949689898357531e-02
8.874572766748355102e-02
8.873196406169357731e-02
8.871820606862280967e-02
8.870445367532171776e-02
8.869070686888198829e-02
8.867696563643642782e-02
8.866322996515883792e-02
8.864949984226379309e-02
8.863577525500664078e-02
8.862205619068322382e-02
8.860834263662986654e-02
8.859463458022323601e-02
8.858093200888005059e-02
8.856723491005723259e-02
8.855354327125151970e-02
8.853985707999945109e-02
8.852617632387728419e-02
8.851250099050075870e-02
8.849883106752498563e-02
8.848516654264440562e-02
8.847150740359262244e-02
8.845785363814220870e-02
8.844420523410466417e-02
8.843056217933024932e-02
8.841692446170787423e-02
8.840329206916500149e-02
8.838966498966736862e-02
8.837604321121914075e-02
8.836242672186256364e-02
8.834881550967785269e-02
8.833520956278319292e-02
8.832160886933453081e-02
8.830801341752546330e-02
8.829442319558711283e-02
8.828083819178803027e-02
8.826725839443405608e-02
8.825368379186818157e-02
8.824011437247049339e-02
8.822655012465793756e-02
8.821299103688434728e-02
8.819943709764015149e-02
8.818588829545245811e-02
8.817234461888480423e-02
8.815880605653700353e-02
8.814527259704513229e-02
8.813174422908137684e-02
8.811822094135390859e-02
8.810470272260670366e-02
8.809118956161961222e-02
8.807768144720801162e-02
8.806417836822283407e-02
8.805068031355045566e-02
8.803718727211248818e-02
8.802369923286576525e-02
8.801021618480214803e-02
8.799673811694849745e-02
8.798326501836646607e-02
8.796979687815242865e-02
8.795633368543742669e-02
8.794287542938696023e-02
8.792942209920089069e-02
8.791597368411344093e-02
8.790253017339293151e-02
8.788909155634172521e-02
8.787565782229619926e-02
8.786222896062653720e-02
8.784880496073665945e-02
8.783538581206402907e-02
8.782197150407972108e-02
8.780856202628817275e-02
8.779515736822710026e-02
8.778175751946740157e-02
8.776836246961307320e-02
8.775497220830107137e-02
8.774158672520122881e-02
8.772820601001608820e-02
8.771483005248092990e-02
8.770145884236346667e-02
8.768809236946396857e-02
8.767473062361495761e-02
8.766137359468123558e-02
8.764802127255967579e-02
8.763467364717925090e-02
8.762133070850078309e-02
8.760799244651691631e-02
8.759465885125210238e-02
8.758132991276225410e-02
8.756800562113491171e-02
8.755468596648893764e-02
8.754137093897457200e-02
8.752806052877319665e-02
8.751475472609734907e-02
8.750145352119052811e-02
8.748815690432716619e-02
8.747486486581246279e-02
8.746157739598231506e-02
8.744829448520329007e-02
8.743501612387233335e-02
8.742174230241694932e-02
8.740847301129484048e-02
8.739520824099393514e-02
8.738194798203231806e-02
8.736869222495802223e-02
8.735544096034902894e-02
8.734219417881314285e-02
8.732895187098788092e-02
8.731571402754043087e-02
8.730248063916742907e-02
8.728925169659497441e-02
8.727602719057858671e-02
8.726280711190290140e-02
8.724959145138179439e-02
8.723638019985817393e-02
8.722317334820389734e-02
8.720997088731970159e-02
8.719677280813510623e-02
8.718357910160831614e-02
8.717038975872606898e-02
8.715720477050369064e-02
8.714402412798483155e-02
8.713084782224148062e-02
8.711767584437389578e-02
8.710450818551039587e-02
8.709134483680736061e-02
8.707818578944916121e-02
8.706503103464792448e-02
8.705188056364365767e-02
8.703873436770397098e-02
8.702559243812409140e-02
8.701245476622676556e-02
8.699932134336207934e-02
8.698619216090752726e-02
8.697306721026776266e-02
8.695994648287465323e-02
8.694682997018705894e-02
8.693371766369084597e-02
8.692060955489874785e-02
8.690750563535029616e-02
8.689440589661175107e-02
8.688131033027596262e-02
8.686821892796234290e-02
8.685513168131672734e-02
8.684204858201134691e-02
8.682896962174468936e-02
8.681589479224141592e-02
8.680282408525238913e-02
8.678975749255438132e-02
8.677669500595018570e-02
8.676363661726840815e-02
8.675058231836345335e-02
8.673753210111538603e-02
8.672448595742993094e-02
8.671144387923829244e-02
8.669840585849708514e-02
8.668537188718840325e-02
8.667234195731950142e-02
8.665931606092287798e-02
8.664629419005610844e-02
8.663327633680185935e-02
8.662026249326772176e-02
8.660725265158612796e-02
8.659424680391436535e-02
8.658124494243432667e-02
8.656824705935269038e-02
8.655525314690055982e-02
8.654226319733354655e-02
8.652927720293163150e-02
8.651629515599919273e-02
8.650331704886471407e-02
8.649034287388095155e-02
8.647737262342468367e-02
8.646440628989669752e-02
8.645144386572171935e-02
8.643848534334826195e-02
8.642553071524869401e-02
8.641257997391901813e-02
8.639963311187885686e-02
8.638669012167138339e-02
8.637375099586322436e-02
8.636081572704440434e-02
8.634788430782826263e-02
8.633495673085134214e-02
8.632203298877336173e-02
8.630911307427716062e-02
8.629619698006854578e-02
8.628328469887626417e-02
8.627037622345193335e-02
8.625747154656994431e-02
8.624457066102743374e-02
8.623167355964418690e-02
8.621878023526248491e-02
8.620589068074720196e-02
8.619300488898552770e-02
8.618012285288709218e-02
8.616724456538375765e-02
8.615437001942959083e-02
8.614149920800082127e-02
8.612863212409568869e-02
8.611576876073449849e-02
8.610290911095938582e-02
8.609005316783444051e-02
8.607720092444540172e-02
8.606435237389979676e-02
8.605150750932678838e-02
8.603866632387711932e-02
8.602582881072297349e-02
8.601299496305798986e-02
8.600016477409720694e-02
8.598733823707686852e-02
8.597451534525450689e-02
8.596169609190880412e-02
8.594888047033945322e-02
8.593606847386726921e-02
8.592326009583393931e-02
8.591045532960205067e-02
8.589765416855500713e-02
8.588485660609698757e-02
8.587206263565275166e-02
8.585927225066776469e-02
8.584648544460800335e-02
8.583370221095994179e-02
8.582092254323044067e-02
8.580814643494669158e-02
8.579537387965620321e-02
8.578260487092666253e-02
8.576983940234596260e-02
8.575707746752202210e-02
8.574431906008279924e-02
8.573156417367622240e-02
8.571881280197006514e-02
8.570606493865196018e-02
8.569332057742931608e-02
8.568057971202917844e-02
8.566784233619832711e-02
8.565510844370301247e-02
8.564237802832901092e-02
8.562965108388159718e-02
8.561692760418536385e-02
8.560420758308426303e-02
8.559149101444149532e-02
8.557877789213941266e-02
8.556606821007958774e-02
8.555336196218256417e-02
8.554065914238792590e-02
8.552795974465426943e-02
8.551526376295898180e-02
8.550257119129828220e-02
8.548988202368723588e-02
8.547719625415955980e-02
8.546451387676756717e-02
8.545183488558223683e-02
8.543915927469300509e-02
8.542648703820782119e-02
8.541381817025296697e-02
8.540115266497312618e-02
8.538849051653128741e-02
8.537583171910856361e-02
8.536317626690433091e-02
8.535052415413602045e-02
8.533787537503913223e-02
8.532522992386715188e-02
8.531258779489149513e-02
8.529994898240142454e-02
8.528731348070406337e-02
8.527468128412429849e-02
8.526205238700464151e-02
8.524942678370531213e-02
8.523680446860412707e-02
8.522418543609637520e-02
8.521156968059488690e-02
8.519895719652985366e-02
8.518634797834881422e-02
8.517374202051666843e-02
8.516113931751556620e-02
8.514853986384478268e-02
8.513594365402077369e-02
8.512335068257709247e-02
8.511076094406426484e-02
8.509817443304983076e-02
8.508559114411826108e-02
8.507301107187081879e-02
8.506043421092564227e-02
8.504786055591760652e-02
8.503529010149823986e-02
8.502272284233577948e-02
8.501015877311503266e-02
8.499759788853729348e-02
8.498504018332041221e-02
8.497248565219862881e-02
8.495993428992258678e-02
8.494738609125920825e-02
8.493484105099172177e-02
8.492229916391957900e-02
8.490976042485838537e-02
8.489722482863984454e-02
8.488469237011174451e-02
8.487216304413791601e-02
8.485963684559805209e-02
8.484711376938784688e-02
8.483459381041878744e-02
8.482207696361823701e-02
8.480956322392921298e-02
8.479705258631052567e-02
8.478454504573658401e-02
8.477204059719739559e-02
8.475953923569853887e-02
8.474704095626112155e-02
8.473454575392164179e-02
8.472205362373202986e-02
8.470956456075955099e-02
8.469707856008677760e-02
8.468459561681156156e-02
8.467211572604689540e-02
8.465963888292099560e-02
8.464716508257709437e-02
8.463469432017357852e-02
8.462222659088379506e-02
8.460976188989602353e-02
8.459730021241347597e-02
8.458484155365424140e-02
8.457238590885118867e-02
8.455993327325196651e-02
8.454748364211897571e-02
8.453503701072921650e-02
8.452259337437437181e-02
8.451015272836068237e-02
8.449771506800890508e-02
8.448528038865428524e-02
8.447284868564650107e-02
8.446041995434962202e-02
8.444799419014206721e-02
8.443557138841654985e-02
8.442315154457998017e-02
8.441073465405356246e-02
8.439832071227257315e-02
8.438590971468647173e-02
8.437350165675872038e-02
8.436109653396683949e-02
8.434869434180231051e-02
8.433629507577053430e-02
8.432389873139081726e-02
8.431150530419631584e-02
8.429911478973393935e-02
8.428672718356436389e-02
8.427434248126200456e-02
8.426196067841489057e-02
8.424958177062469300e-02
8.423720575350665540e-02
8.422483262268956605e-02
8.421246237381561917e-02
8.420009500254058143e-02
8.418773050453351448e-02
8.417536887547688584e-02
8.416301011106644414e-02
8.415065420701124677e-02
8.413830115903352114e-02
8.412595096286873408e-02
8.411360361426546695e-02
8.410125910898541557e-02
8.408891744280329317e-02
8.407657861150687195e-02
8.406424261089687211e-02
8.405190943678696180e-02
8.403957908500366003e-02
8.402725155138637825e-02
8.401492683178732324e-02
8.400260492207144158e-02
8.399028581811637806e-02
8.397796951581257274e-02
8.396565601106298349e-02
8.395334529978321081e-02
8.394103737790144237e-02
8.392873224135834198e-02
8.391642988610707732e-02
8.390413030811325057e-02
8.389183350335482903e-02
8.387953946782221448e-02
8.386724819751802118e-02
8.385495968845724235e-02
8.384267393666702817e-02
8.383039093818679677e-02
8.381811068906803996e-02
8.380583318537446202e-02
8.379355842318181313e-02
8.378128639857783388e-02
8.376901710766235243e-02
8.375675054654710405e-02
8.374448671135574507e-02
8.373222559822388056e-02
8.371996720329887010e-02
8.370771152273998039e-02
8.369545855271817714e-02
8.368320828941619438e-02
8.367096072902846515e-02
8.365871586776105207e-02
8.364647370183166120e-02
8.363423422746958658e-02
8.362199744091564080e-02
8.360976333842218278e-02
8.359753191625299285e-02
8.358530317068334214e-02
8.357307709799985385e-02
8.356085369450053091e-02
8.354863295649470056e-02
8.353641488030295881e-02
8.352419946225718428e-02
8.351198669870042723e-02
8.349977658598697894e-02
8.348756912048220513e-02
8.347536429856260154e-02
8.346316211661576612e-02
8.345096257104028803e-02
8.343876565824573377e-02
8.342657137465273043e-02
8.341437971669272977e-02
8.340219068080814702e-02
8.339000426345220818e-02
8.337782046108897782e-02
8.336563927019330356e-02
8.335346068725080215e-02
8.334128470875779016e-02
8.332911133122127001e-02
8.331694055115887454e-02
8.330477236509892247e-02
8.329260676958019638e-02
8.328044376115215086e-02
8.326828333637463497e-02
8.325612549181805877e-02
8.324397022406326840e-02
8.323181752970143510e-02
8.321966740533423557e-02
8.320751984757358832e-02
8.319537485304175084e-02
8.318323241837129178e-02
8.317109254020497999e-02
8.315895521519581224e-02
8.314682044000694383e-02
8.313468821131167474e-02
8.312255852579347737e-02
8.311043138014581610e-02
8.309830677107224450e-02
8.308618469528634976e-02
8.307406514951164167e-02
8.306194813048163594e-02
8.304983363493972925e-02
8.303772165963922702e-02
8.302561220134327402e-02
8.301350525682485437e-02
8.300140082286670828e-02
8.298929889626133205e-02
8.297719947381100580e-02
8.296510255232764086e-02
8.295300812863287687e-02
8.294091619955788752e-02
8.292882676194356095e-02
8.291673981264026383e-02
8.290465534850796625e-02
8.289257336641610296e-02
8.288049386324365664e-02
8.286841683587892193e-02
8.285634228121975531e-02
8.284427019617331134e-02
8.283220057765612598e-02
8.282013342259408883e-02
8.280806872792233209e-02
8.279600649058528605e-02
8.278394670753662365e-02
8.277188937573919103e-02
8.275983449216503529e-02
8.274778205379534901e-02
8.273573205762048410e-02
8.272368450063975753e-02
8.271163937986165948e-02
8.269959669230367294e-02
8.268755643499228758e-02
8.267551860496294425e-02
8.266348319926002108e-02
8.265145021493686128e-02
8.263941964905562043e-02
8.262739149868739141e-02
8.261536576091196848e-02
8.260334243281811095e-02
8.259132151150323786e-02
8.257930299407351127e-02
8.256728687764383623e-02
8.255527315933779142e-02
8.254326183628764302e-02
8.253125290563426142e-02
8.251924636452709350e-02
8.250724221012419035e-02
8.249524043959216568e-02
8.248324105010609864e-02
8.247124403884961708e-02
8.245924940301477268e-02
8.244725713980208259e-02
8.243526724642046000e-02
8.242327972008717252e-02
8.241129455802786996e-02
8.239931175747655656e-02
8.238733131567549384e-02
8.237535322987525610e-02
8.236337749733457780e-02
8.235140411532054783e-02
8.233943308110833192e-02
8.232746439198136701e-02
8.231549804523112523e-02
8.230353403815728053e-02
8.229157236806752818e-02
8.227961303227769585e-02
8.226765602811159095e-02
8.225570135290104223e-02
8.224374900398591370e-02
8.223179897871395194e-02
8.221985127444089714e-02
8.220790588853035818e-02
8.219596281835385432e-02
8.218402206129077348e-02
8.217208361472826128e-02
8.216014747606138757e-02
8.214821364269286885e-02
8.213628211203330420e-02
8.212435288150095325e-02
8.211242594852176391e-02
8.210050131052944178e-02
8.208857896496529749e-02
8.207665890927824670e-02
8.206474114092486560e-02
8.205282565736933542e-02
8.204091245608328975e-02
8.202900153454600884e-02
8.201709289024418370e-02
8.200518652067209646e-02
8.199328242333139838e-02
8.198138059573124858e-02
8.196948103538813368e-02
8.195758373982604816e-02
8.194568870657623072e-02
8.193379593317737242e-02
8.192190541717535301e-02
8.191001715612347689e-02
8.189813114758222323e-02
8.188624738911942647e-02
8.187436587830999868e-02
8.186248661273615168e-02
8.185060958998727210e-02
8.183873480765986586e-02
8.182686226335761370e-02
8.181499195469121855e-02
8.180312387927859974e-02
8.179125803474461553e-02
8.177939441872122961e-02
8.176753302884740005e-02
8.175567386276910709e-02
8.174381691813925599e-02
8.173196219261774642e-02
8.172010968387138918e-02
8.170825938957389234e-02
8.169641130740583346e-02
8.168456543505467349e-02
8.167272177021471513e-02
8.166088031058708896e-02
8.164904105387962852e-02
8.163720399780707848e-02
8.162536914009081712e-02
8.161353647845900894e-02
8.160170601064653528e-02
8.158987773439491109e-02
8.157805164745235427e-02
8.156622774757370242e-02
8.155440603252044063e-02
8.154258650006063203e-02
8.153076914796894559e-02
8.151895397402653121e-02
8.150714097602117236e-02
8.149533015174710571e-02
8.148352149900510433e-02
8.147171501560232509e-02
8.145991069935250295e-02
8.144810854807571499e-02
8.143630855959846371e-02
8.142451073175367704e-02
8.141271506238059730e-02
8.140092154932485058e-02
8.138913019043837738e-02
8.137734098357943258e-02
8.136555392661257158e-02
8.135376901740859479e-02
8.134198625384454762e-02
8.133020563380372048e-02
8.131842715517560716e-02
8.130665081585586318e-02
8.129487661374631968e-02
8.128310454675496954e-02
8.127133461279593962e-02
8.125956680978946300e-02
8.124780113566178186e-02
8.123603758834535560e-02
8.122427616577854170e-02
8.121251686590581775e-02
8.120075968667762878e-02
8.118900462605047053e-02
8.117725168198670904e-02
8.116550085245471946e-02
8.115375213542884436e-02
8.114200552888925499e-02
8.113026103082209006e-02
8.111851863921933081e-02
8.110677835207881492e-02
8.109504016740423649e-02
8.108330408320504890e-02
8.107157009749660359e-02
8.105983820829991415e-02
8.104810841364187834e-02
8.103638071155505607e-02
8.102465510007775262e-02
8.101293157725397709e-02
8.100121014113341456e-02
8.098949078977150939e-02
8.097777352122918770e-02
8.096605833357317650e-02
8.095434522487571227e-02
8.094263419321469366e-02
8.093092523667352878e-02
8.091921835334127400e-02
8.090751354131245354e-02
8.089581079868714275e-02
8.088411012357092644e-02
8.087241151407492668e-02
8.086071496831559458e-02
8.084902048441502953e-02
8.083732806050063224e-02
8.082563769470524351e-02
8.081394938516714421e-02
8.080226313002995819e-02
8.079057892744273550e-02
8.077889677555981363e-02
8.076721667254087300e-02
8.075553861655093701e-02
8.074386260576031649e-02
8.073218863834459580e-02
8.072051671248464677e-02
8.070884682636655927e-02
8.069717897818164121e-02
8.068551316612644630e-02
8.067384938840270470e-02
8.066218764321739232e-02
8.065052792878253662e-02
8.063887024331539699e-02
8.062721458503832594e-02
8.061556095217878304e-02
8.060390934296934873e-02
8.059225975564771050e-02
8.058061218845652407e-02
8.056896663964360772e-02
8.055732310746172020e-02
8.054568159016868567e-02
8.053404208602731040e-02
8.052240459330541056e-02
8.051076911027571503e-02
8.049913563521596260e-02
8.048750416640880478e-02
8.047587470214176419e-02
8.046424724070734558e-02
8.045262178040291090e-02
8.044099831953067936e-02
8.042937685639772738e-02
8.041775738931603024e-02
8.040613991660228166e-02
8.039452443657804648e-02
8.038291094756973287e-02
8.037129944790841196e-02
8.035968993593002596e-02
8.034808240997519391e-02
8.033647686838932267e-02
8.032487330952248206e-02
8.031327173172946032e-02
8.030167213336977805e-02
8.029007451280756325e-02
8.027847886841162073e-02
8.026688519855545989e-02
8.025529350161708653e-02
8.024370377597923876e-02
8.023211602002920662e-02
8.022053023215884593e-02
8.020894641076463383e-02
8.019736455424750221e-02
8.018578466101305979e-02
8.017420672947130067e-02
8.016263075803679861e-02
8.015105674512863765e-02
8.013948468917035661e-02
8.012791458858992133e-02
8.011634644181983567e-02
8.010478024729697499e-02
8.009321600346264169e-02
8.008165370876259292e-02
8.007009336164691571e-02
8.005853496057011021e-02
8.004697850399104808e-02
8.003542399037297250e-02
8.002387141818340099e-02
8.001232078589422259e-02
8.000077209198161454e-02
7.998922533492612563e-02
7.997768051321245408e-02
7.996613762532962799e-02
7.995459666977099145e-02
7.994305764503405187e-02
7.993152054962056330e-02
7.991998538203649860e-02
7.990845214079204950e-02
7.989692082440158494e-02
7.988539143138359555e-02
7.987386396026080471e-02
7.986233840956002972e-02
7.985081477781229287e-02
7.983929306355264099e-02
7.982777326532031203e-02
7.981625538165855460e-02
7.980473941111478065e-02
7.979322535224041280e-02
7.978171320359096763e-02
7.977020296372595853e-02
7.975869463120895120e-02
7.974718820460754976e-02
7.973568368249331351e-02
7.972418106344179856e-02
7.971268034603258557e-02
7.970118152884916873e-02
7.968968461047901131e-02
7.967818958951351782e-02
7.966669646454802023e-02
7.965520523418173626e-02
7.964371589701781107e-02
7.963222845166327557e-02
7.962074289672903260e-02
7.960925923082987077e-02
7.959777745258436732e-02
7.958629756061498528e-02
7.957481955354800407e-02
7.956334343001351950e-02
7.955186918864544376e-02
7.954039682808140832e-02
7.952892634696291652e-02
7.951745774393517707e-02
7.950599101764715959e-02
7.949452616675159455e-02
7.948306318990490393e-02
7.947160208576727058e-02
7.946014285300254110e-02
7.944868549027832294e-02
7.943722999626577630e-02
7.942577636963984999e-02
7.941432460907910107e-02
7.940287471326575031e-02
7.939142668088564059e-02
7.937998051062822302e-02
7.936853620118655694e-02
7.935709375125733767e-02
7.934565315954084097e-02
7.933421442474086760e-02
7.932277754556484040e-02
7.931134252072370716e-02
7.929990934893195453e-02
7.928847802890760799e-02
7.927704855937221795e-02
7.926562093905081818e-02
7.925419516667196740e-02
7.924277124096765212e-02
7.923134916067346711e-02
7.921992892452828228e-02
7.920851053127454799e-02
7.919709397965812858e-02
7.918567926842831617e-02
7.917426639633776131e-02
7.916285536214263951e-02
7.915144616460242921e-02
7.914003880248002276e-02
7.912863327454164319e-02
7.911722957955696911e-02
7.910582771629898202e-02
7.909442768354396636e-02
7.908302948007159272e-02
7.907163310466486239e-02
7.906023855611003792e-02
7.904884583319668478e-02
7.903745493471768524e-02
7.902606585946919671e-02
7.901467860625062400e-02
7.900329317386464711e-02
7.899190956111717954e-02
7.898052776681738218e-02
7.896914778977763560e-02
7.895776962881351224e-02
7.894639328274384582e-02
7.893501875039062032e-02
7.892364603057901162e-02
7.891227512213735973e-02
7.890090602389723817e-02
7.888953873469323197e-02
7.887817325336321517e-02
7.886680957874812881e-02
7.885544770969200867e-02
7.884408764504212408e-02
7.883272938364868643e-02
7.882137292436507126e-02
7.881001826604780436e-02
7.879866540755639526e-02
7.878731434775343434e-02
7.877596508550457899e-02
7.876461761967855357e-02
7.875327194914709394e-02
7.874192807278493356e-02
7.873058598946985898e-02
7.871924569808264049e-02
7.870790719750707376e-02
7.869657048662993815e-02
7.868523556434092736e-02
7.867390242953276047e-02
7.866257108110111251e-02
7.865124151794458673e-02
7.863991373896471460e-02
7.862858774306598353e-02
7.861726352915582305e-02
7.860594109614449376e-02
7.859462044294522609e-02
7.858330156847409542e-02
7.857198447165011923e-02
7.856066915139513218e-02
7.854935560663385552e-02
7.853804383629385544e-02
7.852673383930554307e-02
7.851542561460220226e-02
7.850411916111990629e-02
7.849281447779751786e-02
7.848151156357677238e-02
7.847021041740219471e-02
7.845891103822104362e-02
7.844761342498346446e-02
7.843631757664222548e-02
7.842502349215302315e-02
7.841373117047420460e-02
7.840244061056686475e-02
7.839115181139490185e-02
7.837986477192486479e-02
7.836857949112610577e-02
7.835729596797061380e-02
7.834601420143311179e-02
7.833473419049102882e-02
7.832345593412447238e-02
7.831217943131620063e-02
7.830090468105166401e-02
7.828963168231897751e-02
7.827836043410890676e-02
7.826709093541484030e-02
7.825582318523281733e-02
7.824455718256148606e-02
7.823329292640214538e-02
7.822203041575867544e-02
7.821076964963756539e-02
7.819951062704787181e-02
7.818825334700128804e-02
7.817699780851204705e-02
7.816574401059693533e-02
7.815449195227536228e-02
7.814324163256920752e-02
7.813199305050291810e-02
7.812074620510355005e-02
7.810950109540057418e-02
7.809825772042605641e-02
7.808701607921450516e-02
7.807577617080302401e-02
7.806453799423114515e-02
7.805330154854088487e-02
7.804206683277677137e-02
7.803083384598576144e-02
7.801960258721733765e-02
7.800837305552335565e-02
7.799714524995819687e-02
7.798591916957861581e-02
7.797469481344387887e-02
7.796347218061557005e-02
7.795225127015775746e-02
7.794103208113693781e-02
7.792981461262192544e-02
7.791859886368399102e-02
7.790738483339677833e-02
7.789617252083633203e-02
7.788496192508101434e-02
7.787375304521153285e-02
7.786254588031103763e-02
7.785134042946495470e-02
7.784013669176108319e-02
7.782893466628956758e-02
7.781773435214282830e-02
7.780653574841560338e-02
7.779533885420501782e-02
7.778414366861037543e-02
7.777295019073338089e-02
7.776175841967801483e-02
7.775056835455047832e-02
7.773937999445926228e-02
7.772819333851518908e-02
7.771700838583124604e-02
7.770582513552273807e-02
7.769464358670719051e-02
7.768346373850436304e-02
7.767228559003623578e-02
7.766110914042702318e-02
7.764993438880314625e-02
7.763876133429327420e-02
7.762758997602824118e-02
7.761642031314106016e-02
7.760525234476695067e-02
7.759408607004329717e-02
7.758292148810970457e-02
7.757175859810791496e-02
7.756059739918177987e-02
7.754943789047738512e-02
7.753828007114291210e-02
7.752712394032869325e-02
7.751596949718721208e-02
7.750481674087300599e-02
7.749366567054284671e-02
7.748251628535551827e-02
7.747136858447194185e-02
7.746022256705512032e-02
7.744907823227020760e-02
7.743793557928438376e-02
7.742679460726691054e-02
7.741565531538914524e-02
7.740451770282447130e-02
7.739338176874838160e-02
7.738224751233838128e-02
7.737111493277405716e-02
7.735998402923695283e-02
7.734885480091074905e-02
7.733772724698109724e-02
7.732660136663564721e-02
7.731547715906410267e-02
7.730435462345817965e-02
7.729323375901152315e-02
7.728211456491983211e-02
7.727099704038080386e-02
7.725988118459407861e-02
7.724876699676126723e-02
7.723765447608599288e-02
7.722654362177376608e-02
7.721543443303212351e-02
7.720432690907054474e-02
7.719322104910041060e-02
7.718211685233500319e-02
7.717101431798968625e-02
7.715991344528159990e-02
7.714881423342986877e-02
7.713771668165549100e-02
7.712662078918140762e-02
7.711552655523243316e-02
7.710443397903531115e-02
7.709334305981863089e-02
7.708225379681286904e-02
7.707116618925041740e-02
7.706008023636548576e-02
7.704899593739418517e-02
7.703791329157445855e-02
7.702683229814609456e-02
7.701575295635078311e-02
7.700467526543197661e-02
7.699359922463502870e-02
7.698252483320708328e-02
7.697145209039710223e-02
7.696038099545587929e-02
7.694931154763599845e-02
7.693824374619190332e-02
7.692717759037977221e-02
7.691611307945762921e-02
7.690505021268521924e-02
7.689398898932411908e-02
7.688292940863769576e-02
7.687187146989103714e-02
7.686081517235106297e-02
7.684976051528635832e-02
7.683870749796732624e-02
7.682765611966610453e-02
7.681660637965660732e-02
7.680555827721442796e-02
7.679451181161689455e-02
7.678346698214312538e-02
7.677242378807386247e-02
7.676138222869166583e-02
7.675034230328073304e-02
7.673930401112698252e-02
7.672826735151803967e-02
7.671723232374320911e-02
7.670619892709353016e-02
7.669516716086165198e-02
7.668413702434191681e-02
7.667310851683037387e-02
7.666208163762475158e-02
7.665105638602438820e-02
7.664003276133028730e-02
7.662901076284511781e-02
7.661799038987318622e-02
7.660697164172046436e-02
7.659595451769452001e-02
7.658493901710457241e-02
7.657392513926142286e-02
7.656291288347757962e-02
7.655190224906707752e-02
7.654089323534560285e-02
7.652988584163045171e-02
7.651888006724050229e-02
7.650787591149621480e-02
7.649687337371965934e-02
7.648587245323447414e-02
7.647487314936590730e-02
7.646387546144071956e-02
7.645287938878728151e-02
7.644188493073554580e-02
7.643089208661695000e-02
7.641990085576459701e-02
7.640891123751303304e-02
7.639792323119840023e-02
7.638693683615835339e-02
7.637595205173210167e-02
7.636496887726038074e-02
7.635398731208545287e-02
7.634300735555105133e-02
7.633202900700251925e-02
7.632105226578660140e-02
7.631007713125163849e-02
7.629910360274741454e-02
7.628813167962519848e-02
7.627716136123782742e-02
7.626619264693952627e-02
7.625522553608607423e-02
7.624426002803466607e-02
7.623329612214402307e-02
7.622233381777433758e-02
7.621137311428714811e-02
7.620041401104564460e-02
7.618945650741429376e-02
7.617850060275908886e-02
7.616754629644746644e-02
7.615659358784829247e-02
7.614564247633187621e-02
7.613469296126992858e-02
7.612374504203560377e-02
7.611279871800348540e-02
7.610185398854957262e-02
7.609091085305125235e-02
7.607996931088732706e-02
7.606902936143802862e-02
7.605809100408497669e-02
7.604715423821113707e-02
7.603621906320091883e-02
7.602528547844010498e-02
7.601435348331586628e-02
7.600342307721669188e-02
7.599249425953254200e-02
7.598156702965463971e-02
7.597064138697566527e-02
7.595971733088956179e-02
7.594879486079172959e-02
7.593787397607884571e-02
7.592695467614893334e-02
7.591603696040140348e-02
7.590512082823694384e-02
7.589420627905767158e-02
7.588329331226691121e-02
7.587238192726940278e-02
7.586147212347116309e-02
7.585056390027952733e-02
7.583965725710317685e-02
7.582875219335204198e-02
7.581784870843741309e-02
7.580694680177185729e-02
7.579604647276923235e-02
7.578514772084467277e-02
7.577425054541465921e-02
7.576335494589687969e-02
7.575246092171034062e-02
7.574156847227529743e-02
7.573067759701335167e-02
7.571978829534728450e-02
7.570890056670119550e-02
7.569801441050037771e-02
7.568712982617142870e-02
7.567624681314222279e-02
7.566536537084182779e-02
7.565448549870057438e-02
7.564360719615002837e-02
7.563273046262300459e-02
7.562185529755351132e-02
7.561098170037683364e-02
7.560010967052946396e-02
7.558923920744908820e-02
7.557837031057462740e-02
7.556750297934623772e-02
7.555663721320522719e-02
7.554577301159413893e-02
7.553491037395673735e-02
7.552404929973795256e-02
7.551318978838392204e-02
7.550233183934196290e-02
7.549147545206057186e-02
7.548062062598945299e-02
7.546976736057943447e-02
7.545891565528260736e-02
7.544806550955215907e-02
7.543721692284244273e-02
7.542636989460900498e-02
7.541552442430857206e-02
7.540468051139895267e-02
7.539383815533917677e-02
7.538299735558938452e-02
7.537215811161086798e-02
7.536132042286607102e-02
7.535048428881857552e-02
7.533964970893305968e-02
7.532881668267538133e-02
7.531798520951249465e-02
7.530715528891247790e-02
7.529632692034456121e-02
7.528550010327904329e-02
7.527467483718736085e-02
7.526385112154206081e-02
7.525302895581677254e-02
7.524220833948627729e-02
7.523138927202635551e-02
7.522057175291403663e-02
7.520975578162727992e-02
7.519894135764522425e-02
7.518812848044809094e-02
7.517731714951712829e-02
7.516650736433475033e-02
7.515569912438434252e-02
7.514489242915042833e-02
7.513408727811858590e-02
7.512328367077544811e-02
7.511248160660871642e-02
7.510168108510713314e-02
7.509088210576052302e-02
7.508008466805973780e-02
7.506928877149667001e-02
7.505849441556432244e-02
7.504770159975661381e-02
7.503691032356861468e-02
7.502612058649636706e-02
7.501533238803698156e-02
7.500454572768856798e-02
7.499376060495026308e-02
7.498297701932224446e-02
7.497219497030568891e-02
7.496141445740280018e-02
7.495063548011678123e-02
7.493985803795182032e-02
7.492908213041318821e-02
7.491830775700707157e-02
7.490753491724072566e-02
7.489676361062233556e-02
7.488599383666112719e-02
7.487522559486728402e-02
7.486445888475201649e-02
7.485369370582747872e-02
7.484293005760681017e-02
7.483216793960412172e-02
7.482140735133456511e-02
7.481064829231413860e-02
7.479989076205993681e-02
7.478913476008992867e-02
7.477838028592308228e-02
7.476762733907932335e-02
7.475687591907953511e-02
7.474612602544551676e-02
7.473537765770006669e-02
7.472463081536688534e-02
7.471388549797068623e-02
7.470314170503701556e-02
7.469239943609246035e-02
7.468165869066450968e-02
7.467091946828154081e-02
7.466018176847291632e-02
7.464944559076885922e-02
7.463871093470061946e-02
7.462797779980025192e-02
7.461724618560081068e-02
7.460651609163622411e-02
7.459578751744136427e-02
7.458506046255193589e-02
7.457433492650464291e-02
7.456361090883704967e-02
7.455288840908762260e-02
7.454216742679568852e-02
7.453144796150155960e-02
7.452073001274633901e-02
7.451001358007208752e-02
7.449929866302172632e-02
7.448858526113902312e-02
7.447787337396873097e-02
7.446716300105636621e-02
7.445645414194836109e-02
7.444574679619202218e-02
7.443504096333557196e-02
7.442433664292802398e-02
7.441363383451925217e-02
7.440293253766008807e-02
7.439223275190214035e-02
7.438153447679785035e-02
7.437083771190060311e-02
7.436014245676456080e-02
7.434944871094475993e-02
7.433875647399708353e-02
7.432806574547821954e-02
7.431737652494575797e-02
7.430668881195812148e-02
7.429600260607448214e-02
7.428531790685494185e-02
7.427463471386036575e-02
7.426395302665247944e-02
7.425327284479384116e-02
7.424259416784778631e-02
7.423191699537849686e-02
7.422124132695098742e-02
7.421056716213107751e-02
7.419989450048536384e-02
7.418922334158127574e-02
7.417855368498704749e-02
7.416788553027174602e-02
7.415721887700517378e-02
7.414655372475799366e-02
7.413589007310161794e-02
7.412522792160830543e-02
7.411456726985105048e-02
7.410390811740365236e-02
7.409325046384070135e-02
7.408259430873760654e-02
7.407193965167048477e-02
7.406128649221629945e-02
7.405063482995273560e-02
7.403998466445829707e-02
7.402933599531222320e-02
7.401868882209455824e-02
7.400804314438605425e-02
7.399739896176830978e-02
7.398675627382361730e-02
7.397611508013506032e-02
7.396547538028645785e-02
7.395483717386239220e-02
7.394420046044820893e-02
7.393356523963003080e-02
7.392293151099464665e-02
7.391229927412963641e-02
7.390166852862334324e-02
7.389103927406483197e-02
7.388041151004388907e-02
7.386978523615105041e-02
7.385916045197758739e-02
7.384853715711552080e-02
7.383791535115756532e-02
7.382729503369717117e-02
7.381667620432852406e-02
7.380605886264651749e-02
7.379544300824679437e-02
7.378482864072567760e-02
7.377421575968025336e-02
7.376360436470824622e-02
7.375299445540815790e-02
7.374238603137918402e-02
7.373177909222117243e-02
7.372117363753480368e-02
7.371056966692128565e-02
7.369996717998268665e-02
7.368936617632167174e-02
7.367876665554164151e-02
7.366816861724666265e-02
7.365757206104155130e-02
7.364697698653176194e-02
7.363638339332341520e-02
7.362579128102335335e-02
7.361520064923915418e-02
7.360461149757895061e-02
7.359402382565168044e-02
7.358343763306680885e-02
7.357285291943463368e-02
7.356226968436604952e-02
7.355168792747261708e-02
7.354110764836656322e-02
7.353052884666079481e-02
7.351995152196888483e-02
7.350937567390507243e-02
7.349880130208422124e-02
7.348822840612187490e-02
7.347765698563424319e-02
7.346708704023816039e-02
7.345651856955118242e-02
7.344595157319142031e-02
7.343538605077769288e-02
7.342482200192941566e-02
7.341425942626671197e-02
7.340369832341027412e-02
7.339313869298152992e-02
7.338258053460243457e-02
7.337202384789562326e-02
7.336146863248441119e-02
7.335091488799268256e-02
7.334036261404497381e-02
7.332981181026643203e-02
7.331926247628288429e-02
7.330871461172068504e-02
7.329816821620692424e-02
7.328762328936921921e-02
7.327707983083582566e-02
7.326653784023567928e-02
7.325599731719824315e-02
7.324545826135360482e-02
7.323492067233255964e-02
7.322438454976634703e-02
7.321384989328695581e-02
7.320331670252688827e-02
7.319278497711935449e-02
7.318225471669802251e-02
7.317172592089725425e-02
7.316119858935202225e-02
7.315067272169781254e-02
7.314014831757077728e-02
7.312962537660760987e-02
7.311910389844562819e-02
7.310858388272273301e-02
7.309806532907739407e-02
7.308754823714866400e-02
7.307703260657620603e-02
7.306651843700025240e-02
7.305600572806157655e-02
7.304549447940157647e-02
7.303498469066221910e-02
7.302447636148599874e-02
7.301396949151606197e-02
7.300346408039605495e-02
7.299296012777017895e-02
7.298245763328330138e-02
7.297195659658073374e-02
7.296145701730846755e-02
7.295095889511293841e-02
7.294046222964122028e-02
7.292996702054092839e-02
7.291947326746020530e-02
7.290898097004777645e-02
7.289849012795290850e-02
7.288800074082543712e-02
7.287751280831571143e-02
7.286702633007464958e-02
7.285654130575371090e-02
7.284605773500492376e-02
7.283557561748080222e-02
7.282509495283447098e-02
7.281461574071949883e-02
7.280413798079010679e-02
7.279366167270097387e-02
7.278318681610729257e-02
7.277271341066489374e-02
7.276224145603002458e-02
7.275177095185952902e-02
7.274130189781073674e-02
7.273083429354154639e-02
7.272036813871032845e-02
7.270990343297605019e-02
7.269944017599809516e-02
7.268897836743647145e-02
7.267851800695164510e-02
7.266805909420459564e-02
7.265760162885684381e-02
7.264714561057040998e-02
7.263669103900781410e-02
7.262623791383213123e-02
7.261578623470686666e-02
7.260533600129612242e-02
7.259488721326443073e-02
7.258443987027686506e-02
7.257399397199897073e-02
7.256354951809684817e-02
7.255310650823702801e-02
7.254266494208660987e-02
7.253222481931310972e-02
7.252178613958461251e-02
7.251134890256964727e-02
7.250091310793722876e-02
7.249047875535691299e-02
7.248004584449871390e-02
7.246961437503311732e-02
7.245918434663106700e-02
7.244875575896408959e-02
7.243832861170412807e-02
7.242790290452355562e-02
7.241747863709535604e-02
7.240705580909287398e-02
7.239663442018995365e-02
7.238621447006096665e-02
7.237579595838071478e-02
7.236537888482445779e-02
7.235496324906798282e-02
7.234454905078749332e-02
7.233413628965966458e-02
7.232372496536165762e-02
7.231331507757110533e-02
7.230290662596605689e-02
7.229249961022508886e-02
7.228209403002719413e-02
7.227168988505182357e-02
7.226128717497888598e-02
7.225088589948878981e-02
7.224048605826234593e-02
7.223008765098083706e-02
7.221969067732600389e-02
7.220929513698001734e-02
7.219890102962553402e-02
7.218850835494562690e-02
7.217811711262381302e-02
7.216772730234405353e-02
7.215733892379079528e-02
7.214695197664890147e-02
7.213656646060363775e-02
7.212618237534078325e-02
7.211579972054647791e-02
7.210541849590736130e-02
7.209503870111047541e-02
7.208466033584327859e-02
7.207428339979374265e-02
7.206390789265017249e-02
7.205353381410134483e-02
7.204316116383650825e-02
7.203278994154524439e-02
7.202242014691766225e-02
7.201205177964421777e-02
7.200168483941581099e-02
7.199131932592379990e-02
7.198095523885993108e-02
7.197059257791638132e-02
7.196023134278572986e-02
7.194987153316098616e-02
7.193951314873556213e-02
7.192915618920334153e-02
7.191880065425854118e-02
7.190844654359582200e-02
7.189809385691028898e-02
7.188774259389739407e-02
7.187739275425303331e-02
7.186704433767353295e-02
7.185669734385560781e-02
7.184635177249630578e-02
7.183600762329321598e-02
7.182566489594419123e-02
7.181532359014761169e-02
7.180498370560214894e-02
7.179464524200694642e-02
7.178430819906148064e-02
7.177397257646568607e-02
7.176363837391988576e-02
7.175330559112474971e-02
7.174297422778135036e-02
7.173264428359124589e-02
7.172231575825623040e-02
7.171198865147861146e-02
7.170166296296100195e-02
7.169133869240644497e-02
7.168101583951838607e-02
7.167069440400061775e-02
7.166037438555732109e-02
7.165005578389307961e-02
7.163973859871282379e-02
7.162942282972191432e-02
7.161910847662601720e-02
7.160879553913125639e-02
7.159848401694407505e-02
7.158817390977130490e-02
7.157786521732019402e-02
7.156755793929826803e-02
7.155725207541355215e-02
7.154694762537430752e-02
7.153664458888926714e-02
7.152634296566748318e-02
7.151604275541836864e-02
7.150574395785176673e-02
7.149544657267778436e-02
7.148515059960697249e-02
7.147485603835025680e-02
7.146456288861881279e-02
7.145427115012430164e-02
7.144398082257867599e-02
7.143369190569426319e-02
7.142340439918376527e-02
7.141311830276017569e-02
7.140283361613697366e-02
7.139255033902781877e-02
7.138226847114687024e-02
7.137198801220857869e-02
7.136170896192774171e-02
7.135143132001950383e-02
7.134115508619938428e-02
7.133088026018320760e-02
7.132060684168722853e-02
7.131033483042793775e-02
7.130006422612227002e-02
7.128979502848739602e-02
7.127952723724094442e-02
7.126926085210082140e-02
7.125899587278528013e-02
7.124873229901289295e-02
7.123847013050260690e-02
7.122820936697371597e-02
7.121795000814581944e-02
7.120769205373882194e-02
7.119743550347307215e-02
7.118718035706911307e-02
7.117692661424790401e-02
7.116667427473077900e-02
7.115642333823925247e-02
7.114617380449529682e-02
7.113592567322118976e-02
7.112567894413948655e-02
7.111543361697315879e-02
7.110518969144538626e-02
7.109494716727977892e-02
7.108470604420018268e-02
7.107446632193085978e-02
7.106422800019628061e-02
7.105399107872135966e-02
7.104375555723124736e-02
7.103352143545138553e-02
7.102328871310767400e-02
7.101305738992619299e-02
7.100282746563336966e-02
7.099259893995597814e-02
7.098237181262108397e-02
7.097214608335605801e-02
7.096192175188860418e-02
7.095169881794673172e-02
7.094147728125876906e-02
7.093125714155333605e-02
7.092103839855933012e-02
7.091082105200602337e-02
7.090060510162295160e-02
7.089039054713999755e-02
7.088017738828727987e-02
7.086996562479526418e-02
7.085975525639472139e-02
7.084954628281672773e-02
7.083933870379263698e-02
7.082913251905410823e-02
7.081892772833314753e-02
7.080872433136194133e-02
7.079852232787312016e-02
7.078832171759950886e-02
7.077812250027427921e-02
7.076792467563085276e-02
7.075772824340301193e-02
7.074753320332474726e-02
7.073733955513041016e-02
7.072714729855460181e-02
7.071695643333224257e-02
7.070676695919853039e-02
7.069657887588894074e-02
7.068639218313928219e-02
7.067620688068557144e-02
7.066602296826417218e-02
7.065584044561172561e-02
7.064565931246512276e-02
7.063547956856158772e-02
7.062530121363860824e-02
7.061512424743394967e-02
7.060494866968561323e-02
7.059477448013197487e-02
7.058460167851164646e-02
7.057443026456344803e-02
7.056426023802658820e-02
7.055409159864051150e-02
7.054392434614489837e-02
7.053375848027979012e-02
7.052359400078539453e-02
7.051343090740226638e-02
7.050326919987123797e-02
7.049310887793337754e-02
7.048294994133001701e-02
7.047279238980283522e-02
7.046263622309364982e-02
7.045248144094470866e-02
7.044232804309835672e-02
7.043217602929735532e-02
7.042202539928463234e-02
7.041187615280344869e-02
7.040172828959725959e-02
7.039158180940985332e-02
7.038143671198522633e-02
7.037129299706766650e-02
7.036115066440176702e-02
7.035100971373230150e-02
7.034087014480429334e-02
7.033073195736312677e-02
7.032059515115436643e-02
7.031045972592386839e-02
7.030032568141771077e-02
7.029019301738226311e-02
7.028006173356413089e-02
7.026993182971016938e-02
7.025980330556756692e-02
7.024967616088359512e-02
7.023955039540595580e-02
7.022942600888248954e-02
7.021930300106132838e-02
7.020918137169088191e-02
7.019906112051975400e-02
7.018894224729683995e-02
7.017882475177127100e-02
7.016870863369238653e-02
7.015859389280984515e-02
7.014848052887348584e-02
7.013836854163345291e-02
7.012825793084007109e-02
7.011814869624394264e-02
7.010804083759594740e-02
7.009793435464714562e-02
7.008782924714888896e-02
7.007772551485269563e-02
7.006762315751043080e-02
7.005752217487409839e-02
7.004742256669604927e-02
7.003732433272871760e-02
7.002722747272495385e-02
7.001713198643771952e-02
7.000703787362026753e-02
6.999694513402603124e-02
6.998685376740877706e-02
6.997676377352239629e-02
6.996667515212109945e-02
6.995658790295927743e-02
6.994650202579157094e-02
6.993641752037282888e-02
6.992633438645820543e-02
6.991625262380299355e-02
6.990617223216273601e-02
6.989609321129329478e-02
6.988601556095060119e-02
6.987593928089097517e-02
6.986586437087083379e-02
6.985579083064689943e-02
6.984571865997610263e-02
6.983564785861556823e-02
6.982557842632267087e-02
6.981551036285503498e-02
6.980544366797043765e-02
6.979537834142697517e-02
6.978531438298284095e-02
6.977525179239656150e-02
6.976519056942684371e-02
6.975513071383258878e-02
6.974507222537293383e-02
6.973501510380727964e-02
6.972495934889515190e-02
6.971490496039635387e-02
6.970485193807093860e-02
6.969480028167909791e-02
6.968474999098125955e-02
6.967470106573811495e-02
6.966465350571050819e-02
6.965460731065953315e-02
6.964456248034650576e-02
6.963451901453289461e-02
6.962447691298045971e-02
6.961443617545109985e-02
6.960439680170697752e-02
6.959435879151043558e-02
6.958432214462399734e-02
6.957428686081050528e-02
6.956425293983288516e-02
6.955422038145429864e-02
6.954418918543819883e-02
6.953415935154813599e-02
6.952413087954793791e-02
6.951410376920161283e-02
6.950407802027330773e-02
6.949405363252751655e-02
6.948403060572880263e-02
6.947400893964203461e-02
6.946398863403217827e-02
6.945396968866450471e-02
6.944395210330440993e-02
6.943393587771751196e-02
6.942392101166967866e-02
6.941390750492686113e-02
6.940389535725535741e-02
6.939388456842152109e-02
6.938387513819202490e-02
6.937386706633365263e-02
6.936386035261339622e-02
6.935385499679849741e-02
6.934385099865632285e-02
6.933384835795450285e-02
6.932384707446080652e-02
6.931384714794321111e-02
6.930384857816988819e-02
6.929385136490923136e-02
6.928385550792975911e-02
6.927386100700026750e-02
6.926386786188966360e-02
6.925387607236709042e-02
6.924388563820188525e-02
6.923389655916352414e-02
6.922390883502176073e-02
6.921392246554640415e-02
6.920393745050759660e-02
6.919395378967557741e-02
6.918397148282076636e-02
6.917399052971383300e-02
6.916401093012558565e-02
6.915403268382701307e-02
6.914405579058933993e-02
6.913408025018390191e-02
6.912410606238225674e-02
6.911413322695617034e-02
6.910416174367751962e-02
6.909419161231845907e-02
6.908422283265124031e-02
6.907425540444829537e-02
6.906428932748233385e-02
6.905432460152616247e-02
6.904436122635274065e-02
6.903439920173527755e-02
6.902443852744716279e-02
6.901447920326186924e-02
6.900452122895316120e-02
6.899456460429491400e-02
6.898460932906119725e-02
6.897465540302626097e-02
6.896470282596449397e-02
6.895475159765053486e-02
6.894480171785911937e-02
6.893485318636519144e-02
6.892490600294387537e-02
6.891496016737042041e-02
6.890501567942032557e-02
6.889507253886921478e-02
6.888513074549289239e-02
6.887519029906731538e-02
6.886525119936864892e-02
