2.213522803451523913e-01
2.170716895603875818e-01
2.112035135520028140e-01
2.040510449883582433e-01
1.959737354198798354e-01
1.873602937319786832e-01
1.786009538921293771e-01
1.700614527709782553e-01
1.620609251138803719e-01
1.548553663579585182e-01
1.486276183249143623e-01
1.434840936956784108e-01
1.394577657325694886e-01
1.365163875599842147e-01
1.345745231780590134e-01
1.335077935194058374e-01
1.331677593738626875e-01
1.333960484881693831e-01
1.340366393043868898e-01
1.349455834892397954e-01
1.359978294281760924e-01
1.370911531863433230e-01
1.381474790122925456e-01
1.391120602263829220e-01
1.399510897374709462e-01
1.406483259095236416e-01
1.412012707953043400e-01
1.416173448266070389e-01
1.419103863162312074e-01
1.420976845149190537e-01
1.421976460400890541e-01
1.422281056588606263e-01
1.422052280615897779e-01
1.421429075238705708e-01
1.420525545449901061e-01
1.419431576290496877e-01
1.418215195360993941e-01
1.416925851085378552e-01
1.415597981409091322e-01
1.414254445065111498e-01
1.412909558889911266e-01
1.411571620001877136e-01
1.410244888914687356e-01
1.408931072117720340e-01
1.407630376553651308e-01
1.406342221064350029e-01
1.405065688289613701e-01
1.403799790649683521e-01
1.402543610471990165e-01
1.401296360159450249e-01
1.400057395425070295e-01
1.398826203954957881e-01
1.397602383657146619e-01
1.396385618743147261e-01
1.395175657900324939e-01
1.393972296307280923e-01
1.392775361803597067e-01
1.391584704797867167e-01
1.390400191213124470e-01
1.389221697733542815e-01
1.388049108703000578e-01
1.386882314156926421e-01
1.385721208601114474e-01
1.384565690264983051e-01
1.383415660645708201e-01
1.382271024224649980e-01
1.381131688282394299e-01
1.379997562768409958e-01
1.378868560200040283e-01
1.377744595576912701e-01
1.376625586303472926e-01
1.375511452116015831e-01
1.374402115012531844e-01
1.373297499184679693e-01
1.372197530951622113e-01
1.371102138695665384e-01
1.370011252799690216e-01
1.368924805586376192e-01
1.367842731259213684e-01
1.366764965845276569e-01
1.365691447139724124e-01
1.364622114651993234e-01
1.363556909553636787e-01
1.362495774627755785e-01
1.361438654219990219e-01
1.360385494191008460e-01
1.359336241870461315e-01
1.358290846012347175e-01
1.357249256751751620e-01
1.356211425562913186e-01
1.355177305218581985e-01
1.354146849750622050e-01
1.353120014411829386e-01
1.352096755638917680e-01
1.351077031016647001e-01
1.350060799243049947e-01
1.349048020095729161e-01
1.348038654399186520e-01
1.347032663993162072e-01
1.346030011701938311e-01
1.345030661304592590e-01
1.344034577506160733e-01
1.343041725909687734e-01
1.342052072989135536e-01
1.341065586063122650e-01
1.340082233269472289e-01
1.339101983540539886e-01
1.338124806579298609e-01
1.337150672836160126e-01
1.336179553486506189e-01
1.335211420408909389e-01
1.334246246164024208e-01
1.333284003974125054e-01
1.332324667703271293e-01
1.331368211838082904e-01
1.330414611469105390e-01
1.329463842272745333e-01
1.328515880493763013e-01
1.327570702928299318e-01
1.326628286907425291e-01
1.325688610281195445e-01
1.324751651403189845e-01
1.323817389115532206e-01
1.322885802734365124e-01
1.321956872035773001e-01
1.321030577242133242e-01
1.320106899008891277e-01
1.319185818411734712e-01
1.318267316934166600e-01
1.317351376455455081e-01
1.316437979238954670e-01
1.315527107920785310e-01
1.314618745498857266e-01
1.313712875322232965e-01
1.312809481080814689e-01
1.311908546795349517e-01
1.311010056807736524e-01
1.310113995771635398e-01
1.309220348643359011e-01
1.308329100673046863e-01
1.307440237396108873e-01
1.306553744624928681e-01
1.305669608440823692e-01
1.304787815186248812e-01
1.303908351457241099e-01
1.303031204096092577e-01
1.302156360184250905e-01
1.301283807035430728e-01
1.300413532188944565e-01
1.299545523403229930e-01
1.298679768649577126e-01
1.297816256106049948e-01
1.296954974151589279e-01
1.296095911360298225e-01
1.295239056495904317e-01
1.294384398506384370e-01
1.293531926518759478e-01
1.292681629834046553e-01
1.291833497922363350e-01
1.290987520418182821e-01
1.290143687115733462e-01
1.289301987964539820e-01
1.288462413065095957e-01
1.287624952664674638e-01
1.286789597153262521e-01
1.285956337059617205e-01
1.285125163047448893e-01
1.284296065911713081e-01
1.283469036575019817e-01
1.282644066084150380e-01
1.281821145606680534e-01
1.281000266427705370e-01
1.280181419946665178e-01
1.279364597674267634e-01
1.278549791229500743e-01
1.277736992336739597e-01
1.276926192822940842e-01
1.276117384614919026e-01
1.275310559736708704e-01
1.274505710307005935e-01
1.273702828536684983e-01
1.272901906726394139e-01
1.272102937264218969e-01
1.271305912623422740e-01
1.270510825360249840e-01
1.269717668111796649e-01
1.268926433593949021e-01
1.268137114599380555e-01
1.267349703995609145e-01
1.266564194723116821e-01
1.265780579793521488e-01
1.264998852287806119e-01
1.264219005354602354e-01
1.263441032208522108e-01
1.262664926128542753e-01
1.261890680456439762e-01
1.261118288595264869e-01
1.260347744007872528e-01
1.259579040215488555e-01
1.258812170796321517e-01
1.258047129384217977e-01
1.257283909667355482e-01
1.256522505386974409e-01
1.255762910336151172e-01
1.255005118358603622e-01
1.254249123347535022e-01
1.253494919244511063e-01
1.252742500038370455e-01
1.251991859764169102e-01
1.251242992502152873e-01
1.250495892376764784e-01
1.249750553555678267e-01
1.249006970248859316e-01
1.248265136707658873e-01
1.247525047223929928e-01
1.246786696129170841e-01
1.246050077793693645e-01
1.245315186625819276e-01
1.244582017071091951e-01
1.243850563611521853e-01
1.243120820764845730e-01
1.242392783083810792e-01
1.241666445155480414e-01
1.240941801600559113e-01
1.240218847072735858e-01
1.239497576258050821e-01
1.238777983874275040e-01
1.238060064670311461e-01
1.237343813425613587e-01
1.236629224949619132e-01
1.235916294081200600e-01
1.235205015688132096e-01
1.234495384666572659e-01
1.233787395940560833e-01
1.233081044461527692e-01
1.232376325207821671e-01
1.231673233184246707e-01
1.230971763421615794e-01
1.230271910976313832e-01
1.229573670929875878e-01
1.228877038388575954e-01
1.228182008483027360e-01
1.227488576367794931e-01
1.226796737221017841e-01
1.226106486244042670e-01
1.225417818661067026e-01
1.224730729718793432e-01
1.224045214686092786e-01
1.223361268853675882e-01
1.222678887533776015e-01
1.221998066059838822e-01
1.221318799786221959e-01
1.220641084087900757e-01
1.219964914360185532e-01
1.219290286018442498e-01
1.218617194497825240e-01
1.217945635253012554e-01
1.217275603757953378e-01
1.216607095505617270e-01
1.215940106007754873e-01
1.215274630794661026e-01
1.214610665414946333e-01
1.213948205435314703e-01
1.213287246440345191e-01
1.212627784032282580e-01
1.211969813830830051e-01
1.211313331472950033e-01
1.210658332612667004e-01
1.210004812920880135e-01
1.209352768085176222e-01
1.208702193809648856e-01
1.208053085814724537e-01
1.207405439836988781e-01
1.206759251629021118e-01
1.206114516959230776e-01
1.205471231611698751e-01
1.204829391386021825e-01
1.204188992097163513e-01
1.203550029575303632e-01
1.202912499665697577e-01
1.202276398228534771e-01
1.201641721138801550e-01
1.201008464286147936e-01
1.200376623574757606e-01
1.199746194923219378e-01
1.199117174264405089e-01
1.198489557545345530e-01
1.197863340727114562e-01
1.197238519784711297e-01
1.196615090706947548e-01
1.195993049496337918e-01
1.195372392168991688e-01
1.194753114754504991e-01
1.194135213295861031e-01
1.193518683849326273e-01
1.192903522484353440e-01
1.192289725283483398e-01
1.191677288342252450e-01
1.191066207769097274e-01
1.190456479685267077e-01
1.189848100224733390e-01
1.189241065534103609e-01
1.188635371772536198e-01
1.188031015111657152e-01
1.187427991735478805e-01
1.186826297840319483e-01
1.186225929634725784e-01
1.185626883339395560e-01
1.185029155187102695e-01
1.184432741422622726e-01
1.183837638302661782e-01
1.183243842095784565e-01
1.182651349082344538e-01
1.182060155554416764e-01
1.181470257815729896e-01
1.180881652181600405e-01
1.180294334978867349e-01
1.179708302545831172e-01
1.179123551232188066e-01
1.178540077212463094e-01
1.177957877232387596e-01
1.177376947488570358e-01
1.176797284375695335e-01
1.176218884299547046e-01
1.175641743676954509e-01
1.175065858935737118e-01
1.174491226514647879e-01
1.173917842863322347e-01
1.173345704442223386e-01
1.172774807722591489e-01
1.172205149186391765e-01
1.171636725326263978e-01
1.171069532645474254e-01
1.170503567657864008e-01
1.169938826887803457e-01
1.169375306870142905e-01
1.168813004150166812e-01
1.168251915283547160e-01
1.167692036836297936e-01
1.167133365384729893e-01
1.166575897515406829e-01
1.166019629825101322e-01
1.165464558920752125e-01
1.164910681419420446e-01
1.164357993948248876e-01
1.163806493144420029e-01
1.163256175655113939e-01
1.162707038137468923e-01
1.162159077258541756e-01
1.161612289695266448e-01
1.161066672134416222e-01
1.160522221272564936e-01
1.159978933816048358e-01
1.159436806480926424e-01
1.158895835992946183e-01
1.158356019087504324e-01
1.157817352509610126e-01
1.157279833013850762e-01
1.156743457364353828e-01
1.156208222334752234e-01
1.155674124708149925e-01
1.155141161277086215e-01
1.154609328843500815e-01
1.154078624218701499e-01
1.153549044223328157e-01
1.153020585687321159e-01
1.152493245449886516e-01
1.151967020359463967e-01
1.151441907273694498e-01
1.150917903059387876e-01
1.150395004592489195e-01
1.149873208758049187e-01
1.149352512450191738e-01
1.148832912572082809e-01
1.148314406035898655e-01
1.147796989762796677e-01
1.147280660682882952e-01
1.146765415735183646e-01
1.146251251867614340e-01
1.145738166036949501e-01
1.145226155208794172e-01
1.144715216357553439e-01
1.144205346466404261e-01
1.143696542527266047e-01
1.143188801540770683e-01
1.142682120516236854e-01
1.142176496471638408e-01
1.141671926433578815e-01
1.141168407437261334e-01
1.140665936526462365e-01
1.140164510753503002e-01
1.139664127179222247e-01
1.139164782872949255e-01
1.138666474912476412e-01
1.138169200384032409e-01
1.137672956382255185e-01
1.137177740010165694e-01
1.136683548379140984e-01
1.136190378608888385e-01
1.135698227827418721e-01
1.135207093171020781e-01
1.134716971784235223e-01
1.134227860819829181e-01
1.133739757438769619e-01
1.133252658810199459e-01
1.132766562111410663e-01
1.132281464527819803e-01
1.131797363252943639e-01
1.131314255488372889e-01
1.130832138443748081e-01
1.130351009336734991e-01
1.129870865392999663e-01
1.129391703846184258e-01
1.128913521937882636e-01
1.128436316917616200e-01
1.127960086042809756e-01
1.127484826578767363e-01
1.127010535798648599e-01
1.126537210983445531e-01
1.126064849421957031e-01
1.125593448410767555e-01
1.125123005254222569e-01
1.124653517264404684e-01
1.124184981761111729e-01
1.123717396071832880e-01
1.123250757531724930e-01
1.122785063483591056e-01
1.122320311277856392e-01
1.121856498272546243e-01
1.121393621833262633e-01
1.120931679333162928e-01
1.120470668152935695e-01
1.120010585680779741e-01
1.119551429312381635e-01
1.119093196450892946e-01
1.118635884506908040e-01
1.118179490898442985e-01
1.117724013050912651e-01
1.117269448397109483e-01
1.116815794377181148e-01
1.116363048438609867e-01
1.115911208036189373e-01
1.115460270632004647e-01
1.115010233695409442e-01
1.114561094703006294e-01
1.114112851138623767e-01
1.113665500493295629e-01
1.113219040265240600e-01
1.112773467959840695e-01
1.112328781089619578e-01
1.111884977174222439e-01
1.111442053740395730e-01
1.111000008321964688e-01
1.110558838459814457e-01
1.110118541701868439e-01
1.109679115603068034e-01
1.109240557725351684e-01
1.108802865637635859e-01
1.108366036915792857e-01
1.107930069142632479e-01
1.107494959907879967e-01
1.107060706808157546e-01
1.106627307446963054e-01
1.106194759434650787e-01
1.105763060388411240e-01
1.105332207932251676e-01
1.104902199696975590e-01
1.104473033320163555e-01
1.104044706446153656e-01
1.103617216726021505e-01
1.103190561817560811e-01
1.102764739385263815e-01
1.102339747100302553e-01
1.101915582640509289e-01
1.101492243690355977e-01
1.101069727940936910e-01
1.100648033089948602e-01
1.100227156841670773e-01
1.099807096906947473e-01
1.099387851003167660e-01
1.098969416854247427e-01
1.098551792190609611e-01
1.098134974749166437e-01
1.097718962273299820e-01
1.097303752512843178e-01
1.096889343224062840e-01
1.096475732169638617e-01
1.096062917118647284e-01
1.095650895846541906e-01
1.095239666135134626e-01
1.094829225772578352e-01
1.094419572553348430e-01
1.094010704278224055e-01
1.093602618754270506e-01
1.093195313794820961e-01
1.092788787219458463e-01
1.092383036853997597e-01
1.091978060530467143e-01
1.091573856087092176e-01
1.091170421368275328e-01
1.090767754224580138e-01
1.090365852512712730e-01
1.089964714095504467e-01
1.089564336841894049e-01
1.089164718626909889e-01
1.088765857331653319e-01
1.088367750843280274e-01
1.087970397054984217e-01
1.087573793865979355e-01
1.087177939181482034e-01
1.086782830912694925e-01
1.086388466976788980e-01
1.085994845296887057e-01
1.085601963802045045e-01
1.085209820427237570e-01
1.084818413113338292e-01
1.084427739807105190e-01
1.084037798461162244e-01
1.083648587033982924e-01
1.083260103489873810e-01
1.082872345798957942e-01
1.082485311937156913e-01
1.082098999886175750e-01
1.081713407633485557e-01
1.081328533172307149e-01
1.080944374501594529e-01
1.080560929626018241e-01
1.080178196555949544e-01
1.079796173307443485e-01
1.079414857902222941e-01
1.079034248367662235e-01
1.078654342736770771e-01
1.078275139048177622e-01
1.077896635346114323e-01
1.077518829680399609e-01
1.077141720106423450e-01
1.076765304685130265e-01
1.076389581483003927e-01
1.076014548572051394e-01
1.075640204029787439e-01
1.075266545939217583e-01
1.074893572388823798e-01
1.074521281472548551e-01
1.074149671289778146e-01
1.073778739945328298e-01
1.073408485549428443e-01
1.073038906217704952e-01
1.072670000071167390e-01
1.072301765236192417e-01
1.071934199844508107e-01
1.071567302033178820e-01
1.071201069944590217e-01
1.070835501726433714e-01
1.070470595531691216e-01
1.070106349518620409e-01
1.069742761850739216e-01
1.069379830696810529e-01
1.069017554230828476e-01
1.068655930632001760e-01
1.068294958084739510e-01
1.067934634778636982e-01
1.067574958908459326e-01
1.067215928674128400e-01
1.066857542280706533e-01
1.066499797938382788e-01
1.066142693862457969e-01
1.065786228273329916e-01
1.065430399396478933e-01
1.065075205462453489e-01
1.064720644706855512e-01
1.064366715370325539e-01
1.064013415698529669e-01
1.063660743942143050e-01
1.063308698356837528e-01
1.062957277203266243e-01
1.062606478747049332e-01
1.062256301258760749e-01
1.061906743013913412e-01
1.061557802292944219e-01
1.061209477381201416e-01
1.060861766568929748e-01
1.060514668151256584e-01
1.060168180428178453e-01
1.059822301704545916e-01
1.059477030290051081e-01
1.059132364499212470e-01
1.058788302651362395e-01
1.058444843070632108e-01
1.058101984085939029e-01
1.057759724030972182e-01
1.057418061244179558e-01
1.057076994068752995e-01
1.056736520852616656e-01
1.056396639948411625e-01
1.056057349713483140e-01
1.055718648509867408e-01
1.055380534704277729e-01
1.055043006668091726e-01
1.054706062777336917e-01
1.054369701412678495e-01
1.054033920959405735e-01
1.053698719807418527e-01
1.053364096351214474e-01
1.053030048989875150e-01
1.052696576127054168e-01
1.052363676170963158e-01
1.052031347534358452e-01
1.051699588634529142e-01
1.051368397893283346e-01
1.051037773736935854e-01
1.050707714596294390e-01
1.050378218906647260e-01
1.050049285107751140e-01
1.049720911643817062e-01
1.049393096963498612e-01
1.049065839519878890e-01
1.048739137770457464e-01
1.048412990177139126e-01
1.048087395206219186e-01
1.047762351328372782e-01
1.047437857018641283e-01
1.047113910756420074e-01
1.046790511025446624e-01
1.046467656313787020e-01
1.046145345113824454e-01
1.045823575922246729e-01
1.045502347240033630e-01
1.045181657572444439e-01
1.044861505429007104e-01
1.044541889323503808e-01
1.044222807773961120e-01
1.043904259302636112e-01
1.043586242436004979e-01
1.043268755704750833e-01
1.042951797643752176e-01
1.042635366792069723e-01
1.042319461692935711e-01
1.042004080893741552e-01
1.041689222946025201e-01
1.041374886405460332e-01
1.041061069831844127e-01
1.040747771789085618e-01
1.040434990845193058e-01
1.040122725572263512e-01
1.039810974546470645e-01
1.039499736348052372e-01
1.039189009561300586e-01
1.038878792774547977e-01
1.038569084580157897e-01
1.038259883574512571e-01
1.037951188358000182e-01
1.037642997535005857e-01
1.037335309713897785e-01
1.037028123507017369e-01
1.036721437530667561e-01
1.036415250405101490e-01
1.036109560754510522e-01
1.035804367207014270e-01
1.035499668394648243e-01
1.035195462953353018e-01
1.034891749522963283e-01
1.034588526747196591e-01
1.034285793273642257e-01
1.033983547753749427e-01
1.033681788842818194e-01
1.033380515199986138e-01
1.033079725488218886e-01
1.032779418374298874e-01
1.032479592528813828e-01
1.032180246626146630e-01
1.031881379344464084e-01
1.031582989365706499e-01
1.031285075375576316e-01
1.030987636063527280e-01
1.030690670122754588e-01
1.030394176250183785e-01
1.030098153146459250e-01
1.029802599515935169e-01
1.029507514066663187e-01
1.029212895510382836e-01
1.028918742562511673e-01
1.028625053942133077e-01
1.028331828371986667e-01
1.028039064578458450e-01
1.027746761291568750e-01
1.027454917244964017e-01
1.027163531175903921e-01
1.026872601825253445e-01
1.026582127937471084e-01
1.026292108260598579e-01
1.026002541546251756e-01
1.025713426549609286e-01
1.025424762029402415e-01
1.025136546747906219e-01
1.024848779470927257e-01
1.024561458967795519e-01
1.024274584011353462e-01
1.023988153377945326e-01
1.023702165847408529e-01
1.023416620203062843e-01
1.023131515231700539e-01
1.022846849723575841e-01
1.022562622472396598e-01
1.022278832275313049e-01
1.021995477932908097e-01
1.021712558249188441e-01
1.021430072031573322e-01
1.021148018090886483e-01
1.020866395241344926e-01
1.020585202300549887e-01
1.020304438089477267e-01
1.020024101432467911e-01
1.019744191157217483e-01
1.019464706094767303e-01
1.019185645079495328e-01
1.018907006949105465e-01
1.018628790544618412e-01
1.018350994710363472e-01
1.018073618293966615e-01
1.017796660146343402e-01
1.017520119121688299e-01
1.017243994077465796e-01
1.016968283874400691e-01
1.016692987376469071e-01
1.016418103450888732e-01
1.016143630968110168e-01
1.015869568801807260e-01
1.015595915828868129e-01
1.015322670929385829e-01
1.015049832986649331e-01
1.014777400887133668e-01
1.014505373520492443e-01
1.014233749779546723e-01
1.013962528560277132e-01
1.013691708761815663e-01
1.013421289286434296e-01
1.013151269039538338e-01
1.012881646929656015e-01
1.012612421868430423e-01
1.012343592770609813e-01
1.012075158554039539e-01
1.011807118139652489e-01
1.011539470451460754e-01
1.011272214416546744e-01
1.011005348965054035e-01
1.010738873030178897e-01
1.010472785548161972e-01
1.010207085458278697e-01
1.009941771702831254e-01
1.009676843227139686e-01
1.009412298979533440e-01
1.009148137911342613e-01
1.008884358976888940e-01
1.008620961133478711e-01
1.008357943341392643e-01
1.008095304563877553e-01
1.007833043767138864e-01
1.007571159920331444e-01
1.007309651995551419e-01
1.007048518967827433e-01
1.006787759815112315e-01
1.006527373518275453e-01
1.006267359061093214e-01
1.006007715430241589e-01
1.005748441615287592e-01
1.005489536608681345e-01
1.005230999405747061e-01
1.004972829004674995e-01
1.004715024406514501e-01
1.004457584615163768e-01
1.004200508637363570e-01
1.003943795482688112e-01
1.003687444163536835e-01
1.003431453695127207e-01
1.003175823095485697e-01
1.002920551385440423e-01
1.002665637588612685e-01
1.002411080731409471e-01
1.002156879843014992e-01
1.001903033955382771e-01
1.001649542103228430e-01
1.001396403324020801e-01
1.001143616657974716e-01
1.000891181148042680e-01
1.000639095839908205e-01
1.000387359781975682e-01
1.000135972025365666e-01
9.998849316239039053e-02
9.996342376341162128e-02
9.993838891152194426e-02
9.991338851291142742e-02
9.988842247403766084e-02
9.986349070162515995e-02
9.983859310266446352e-02
9.981372958441137033e-02
9.978890005438631472e-02
9.976410442037346449e-02
9.973934259042002703e-02
9.971461447283551383e-02
9.968991997619096324e-02
9.966525900931817727e-02
9.964063148130905545e-02
9.961603730151472047e-02
9.959147637954492149e-02
9.956694862526715983e-02
9.954245394880611997e-02
9.951799226054267034e-02
9.949356347111341925e-02
9.946916749140984060e-02
9.944480423257749668e-02
9.942047360601544148e-02
9.939617552337540185e-02
9.937190989656105589e-02
9.934767663772742230e-02
9.932347565927993061e-02
9.929930687387397703e-02
9.927517019441396695e-02
9.925106553405270426e-02
9.922699280619075302e-02
9.920295192447559085e-02
9.917894280280097064e-02
9.915496535530624045e-02
9.913101949637559418e-02
9.910710514063737764e-02
9.908322220296343630e-02
9.905937059846839365e-02
9.903555024250890182e-02
9.901176105068303090e-02
9.898800293882953349e-02
9.896427582302717851e-02
9.894057961959404346e-02
9.891691424508686215e-02
9.889327961630027530e-02
9.886967565026626159e-02
9.884610226425333268e-02
9.882255937576599203e-02
9.879904690254390220e-02
9.877556476256132978e-02
9.875211287402646532e-02
9.872869115538070173e-02
9.870529952529802364e-02
9.868193790268429966e-02
9.865860620667658842e-02
9.863530435664262519e-02
9.861203227217997525e-02
9.858878987311550657e-02
9.856557707950468206e-02
9.854239381163087952e-02
9.851923999000482268e-02
9.849611553536387343e-02
9.847302036867136565e-02
9.844995441111600853e-02
9.842691758411122038e-02
9.840390980929449027e-02
9.838093100852669803e-02
9.835798110389158688e-02
9.833506001769497240e-02
9.831216767246421517e-02
9.828930399094754078e-02
9.826646889611345692e-02
9.824366231115008730e-02
9.822088415946454709e-02
9.819813436468226298e-02
9.817541285064650125e-02
9.815271954141754907e-02
9.813005436127224257e-02
9.810741723470332853e-02
9.808480808641875659e-02
9.806222684134116574e-02
9.803967342460717660e-02
9.801714776156686404e-02
9.799464977778314656e-02
9.797217939903109241e-02
9.794973655129739221e-02
9.792732116077970672e-02
9.790493315388611173e-02
9.788257245723443190e-02
9.786023899765171341e-02
9.783793270217361338e-02
9.781565349804367815e-02
9.779340131271296865e-02
9.777117607383926934e-02
9.774897770928663021e-02
9.772680614712468683e-02
9.770466131562814682e-02
9.768254314327608212e-02
9.766045155875156814e-02
9.763838649094080946e-02
9.761634786893286231e-02
9.759433562201876022e-02
9.757234967969116712e-02
9.755038997164371117e-02
9.752845642777036028e-02
9.750654897816495026e-02
9.748466755312056031e-02
9.746281208312893019e-02
9.744098249887989116e-02
9.741917873126085259e-02
9.739740071135619126e-02
9.737564837044672406e-02
9.735392164000905568e-02
9.733222045171514847e-02
9.731054473743168398e-02
9.728889442921948016e-02
9.726726945933304724e-02
9.724566976021992160e-02
9.722409526452018003e-02
9.720254590506581527e-02
9.718102161488033353e-02
9.715952232717800507e-02
9.713804797536351732e-02
9.711659849303125314e-02
9.709517381396491620e-02
9.707377387213685094e-02
9.705239860170759847e-02
9.703104793702527209e-02
9.700972181262511318e-02
9.698842016322890836e-02
9.696714292374443434e-02
9.694589002926494448e-02
9.692466141506872468e-02
9.690345701661837174e-02
9.688227676956043255e-02
9.686112060972486282e-02
9.683998847312441649e-02
9.681888029595414613e-02
9.679779601459100047e-02
9.677673556559311663e-02
9.675569888569944543e-02
9.673468591182918241e-02
9.671369658108124046e-02
9.669273083073379182e-02
9.667178859824364368e-02
9.665086982124584947e-02
9.662997443755313998e-02
9.660910238515542370e-02
9.658825360221928724e-02
9.656742802708742635e-02
9.654662559827829893e-02
9.652584625448544509e-02
9.650508993457709850e-02
9.648435657759565909e-02
9.646364612275715178e-02
9.644295850945078241e-02
9.642229367723846589e-02
9.640165156585421558e-02
9.638103211520382407e-02
9.636043526536421100e-02
9.633986095658300663e-02
9.631930912927808008e-02
9.629877972403701192e-02
9.627827268161665009e-02
9.625778794294255480e-02
9.623732544910862385e-02
9.621688514137652359e-02
9.619646696117523099e-02
9.617607085010056178e-02
9.615569674991469862e-02
9.613534460254571923e-02
9.611501435008709682e-02
9.609470593479724210e-02
9.607441929909907308e-02
9.605415438557944607e-02
9.603391113698876713e-02
9.601368949624050630e-02
9.599348940641078132e-02
9.597331081073770531e-02
9.595315365262119256e-02
9.593301787562229233e-02
9.591290342346280029e-02
9.589281024002482834e-02
9.587273826935027721e-02
9.585268745564040627e-02
9.583265774325544495e-02
9.581264907671405151e-02
9.579266140069285507e-02
9.577269466002608089e-02
9.575274879970502306e-02
9.573282376487766976e-02
9.571291950084817590e-02
9.569303595307647459e-02
9.567317306717781911e-02
9.565333078892231111e-02
9.563350906423449815e-02
9.561370783919291572e-02
9.559392706002962925e-02
9.557416667312977621e-02
9.555442662503126072e-02
9.553470686242412913e-02
9.551500733215023686e-02
9.549532798120285992e-02
9.547566875672612585e-02
9.545602960601473619e-02
9.543641047651338361e-02
9.541681131581646047e-02
9.539723207166754537e-02
9.537767269195900066e-02
9.535813312473154224e-02
9.533861331817386486e-02
9.531911322062208702e-02
9.529963278055951503e-02
9.528017194661606015e-02
9.526073066756790553e-02
9.524130889233707598e-02
9.522190656999098002e-02
9.520252364974206294e-02
9.518316008094734881e-02
9.516381581310801030e-02
9.514449079586898006e-02
9.512518497901857606e-02
9.510589831248801584e-02
9.508663074635106960e-02
9.506738223082360217e-02
9.504815271626322615e-02
9.502894215316885773e-02
9.500975049218031432e-02
9.499057768407789815e-02
9.497142367978206323e-02
9.495228843035292965e-02
9.493317188698990883e-02
9.491407400103134273e-02
9.489499472395407365e-02
9.487593400737304172e-02
9.485689180304092416e-02
9.483786806284771886e-02
9.481886273882031424e-02
9.479987578312221164e-02
9.478090714805295636e-02
9.476195678604795725e-02
9.474302464967793158e-02
9.472411069164859976e-02
9.470521486480028284e-02
9.468633712210752784e-02
9.466747741667862204e-02
9.464863570175545415e-02
9.462981193071282049e-02
9.461100605705832778e-02
9.459221803443181031e-02
9.457344781660503852e-02
9.455469535748138588e-02
9.453596061109531545e-02
9.451724353161217174e-02
9.449854407332765327e-02
9.447986219066757674e-02
9.446119783818737736e-02
9.444255097057184523e-02
9.442392154263468118e-02
9.440530950931817766e-02
9.438671482569280236e-02
9.436813744695690676e-02
9.434957732843625433e-02
9.433103442558375684e-02
9.431250869397905801e-02
9.429400008932820043e-02
9.427550856746320929e-02
9.425703408434178698e-02
9.423857659604695236e-02
9.422013605878663822e-02
9.420171242889338603e-02
9.418330566282392957e-02
9.416491571715895903e-02
9.414654254860257976e-02
9.412818611398213187e-02
9.410984637024774613e-02
9.409152327447199704e-02
9.407321678384959751e-02
9.405492685569705191e-02
9.403665344745223975e-02
9.401839651667406872e-02
9.400015602104229429e-02
9.398193191835692295e-02
9.396372416653803183e-02
9.394553272362543561e-02
9.392735754777825630e-02
9.390919859727461794e-02
9.389105583051131354e-02
9.387292920600349977e-02
9.385481868238425285e-02
9.383672421840434652e-02
9.381864577293187735e-02
9.380058330495189001e-02
9.378253677356612750e-02
9.376450613799258704e-02
9.374649135756522866e-02
9.372849239173375313e-02
9.371050920006311624e-02
9.369254174223322351e-02
9.367458997803870813e-02
9.365665386738854237e-02
9.363873337030562127e-02
9.362082844692658223e-02
9.360293905750141641e-02
9.358506516239310791e-02
9.356720672207737011e-02
9.354936369714228483e-02
9.353153604828802481e-02
9.351372373632647894e-02
9.349592672218096090e-02
9.347814496688591768e-02
9.346037843158652714e-02
9.344262707753850372e-02
9.342489086610762661e-02
9.340716975876964256e-02
9.338946371710965533e-02
9.337177270282215336e-02
9.335409667771044084e-02
9.333643560368634629e-02
9.331878944277011145e-02
9.330115815708986404e-02
9.328354170888135399e-02
9.326594006048782859e-02
9.324835317435940796e-02
9.323078101305305732e-02
9.321322353923215676e-02
9.319568071566619594e-02
9.317815250523048265e-02
9.316063887090590689e-02
9.314313977577852455e-02
9.312565518303930756e-02
9.310818505598389416e-02
9.309072935801220028e-02
9.307328805262821136e-02
9.305586110343959383e-02
9.303844847415747299e-02
9.302105012859607225e-02
9.300366603067251881e-02
9.298629614440642732e-02
9.296894043391967788e-02
9.295159886343613842e-02
9.293427139728130393e-02
9.291695799988207438e-02
9.289965863576640781e-02
9.288237326956312601e-02
9.286510186600149819e-02
9.284784438991101896e-02
9.283060080622114463e-02
9.281337107996098790e-02
9.279615517625902643e-02
9.277895306034276979e-02
9.276176469753860676e-02
9.274459005327137517e-02
9.272742909306419534e-02
9.271028178253810925e-02
9.269314808741183076e-02
9.267602797350152355e-02
9.265892140672037092e-02
9.264182835307847863e-02
9.262474877868248635e-02
9.260768264973530395e-02
9.259062993253590335e-02
9.257359059347894381e-02
9.255656459905450828e-02
9.253955191584797846e-02
9.252255251053956298e-02
9.250556634990415861e-02
9.248859340081105884e-02
9.247163363022359306e-02
9.245468700519895999e-02
9.243775349288796406e-02
9.242083306053464065e-02
9.240392567547613123e-02
9.238703130514230866e-02
9.237014991705554123e-02
9.235328147883042904e-02
9.233642595817360965e-02
9.231958332288335567e-02
9.230275354084940820e-02
9.228593658005275480e-02
9.226913240856522702e-02
9.225234099454938941e-02
9.223556230625816477e-02
9.221879631203466765e-02
9.220204298031188517e-02
9.218530227961244106e-02
9.216857417854833201e-02
9.215185864582069175e-02
9.213515565021951348e-02
9.211846516062340007e-02
9.210178714599935590e-02
9.208512157540242604e-02
9.206846841797555747e-02
9.205182764294930764e-02
9.203519921964158079e-02
9.201858311745735042e-02
9.200197930588852047e-02
9.198538775451353677e-02
9.196880843299724828e-02
9.195224131109056009e-02
9.193568635863033633e-02
9.191914354553898381e-02
9.190261284182432711e-02
9.188609421757931717e-02
9.186958764298175373e-02
9.185309308829417430e-02
9.183661052386345169e-02
9.182013992012061365e-02
9.180368124758067627e-02
9.178723447684229708e-02
9.177079957858755299e-02
9.175437652358175988e-02
9.173796528267322281e-02
9.172156582679294456e-02
9.170517812695441751e-02
9.168880215425344316e-02
9.167243787986774362e-02
9.165608527505696157e-02
9.163974431116218844e-02
9.162341495960588111e-02
9.160709719189161215e-02
9.159079097960373672e-02
9.157449629440732319e-02
9.155821310804777846e-02
9.154194139235068139e-02
9.152568111922160243e-02
9.150943226064572888e-02
9.149319478868782329e-02
9.147696867549182098e-02
9.146075389328070515e-02
9.144455041435632647e-02
9.142835821109901451e-02
9.141217725596752219e-02
9.139600752149870666e-02
9.137984898030730718e-02
9.136370160508575089e-02
9.134756536860398624e-02
9.133144024370908054e-02
9.131532620332524774e-02
9.129922322045340433e-02
9.128313126817108603e-02
9.126705031963217030e-02
9.125098034806668201e-02
9.123492132678061306e-02
9.121887322915556151e-02
9.120283602864868999e-02
9.118680969879240650e-02
9.117079421319421173e-02
9.115478954553640767e-02
9.113879566957591716e-02
9.112281255914414513e-02
9.110684018814663165e-02
9.109087853056294093e-02
9.107492756044641147e-02
9.105898725192397569e-02
9.104305757919586850e-02
9.102713851653553012e-02
9.101123003828928693e-02
9.099533211887624040e-02
9.097944473278801736e-02
9.096356785458850625e-02
9.094770145891378776e-02
9.093184552047177405e-02
9.091600001404209763e-02
9.090016491447593106e-02
9.088434019669563990e-02
9.086852583569476893e-02
9.085272180653768126e-02
9.083692808435947508e-02
9.082114464436563672e-02
9.080537146183201291e-02
9.078960851210453320e-02
9.077385577059889077e-02
9.075811321280061184e-02
9.074238081426451441e-02
9.072665855061484708e-02
9.071094639754490041e-02
9.069524433081679882e-02
9.067955232626138951e-02
9.066387035977797881e-02
9.064819840733423506e-02
9.063253644496582773e-02
9.061688444877639970e-02
9.060124239493723419e-02
9.058561025968724090e-02
9.056998801933253962e-02
9.055437565024641866e-02
9.053877312886915441e-02
9.052318043170767825e-02
9.050759753533552110e-02
9.049202441639263295e-02
9.047646105158503593e-02
9.046090741768479659e-02
9.044536349152978993e-02
9.042982925002347738e-02
9.041430467013475414e-02
9.039878972889772712e-02
9.038328440341157621e-02
9.036778867084034605e-02
9.035230250841275179e-02
9.033682589342197089e-02
9.032135880322555987e-02
9.030590121524514902e-02
9.029045310696628968e-02
9.027501445593832941e-02
9.025958523977420378e-02
9.024416543615018660e-02
9.022875502280583437e-02
9.021335397754368102e-02
9.019796227822914070e-02
9.018257990279027192e-02
9.016720682921769425e-02
9.015184303556425527e-02
9.013648849994497503e-02
9.012114320053685179e-02
9.010580711557865385e-02
9.009048022337072525e-02
9.007516250227491639e-02
9.005985393071425094e-02
9.004455448717284261e-02
9.002926415019575634e-02
9.001398289838875855e-02
8.999871071041815052e-02
8.998344756501067132e-02
8.996819344095319249e-02
8.995294831709270411e-02
8.993771217233600956e-02
8.992248498564966996e-02
8.990726673605967112e-02
8.989205740265145128e-02
8.987685696456956808e-02
8.986166540101765687e-02
8.984648269125816711e-02
8.983130881461218187e-02
8.981614375045939014e-02
8.980098747823773986e-02
8.978583997744338241e-02
8.977070122763057547e-02
8.975557120841125280e-02
8.974044989945516304e-02
8.972533728048949497e-02
8.971023333129882205e-02
8.969513803172490807e-02
8.968005136166651292e-02
8.966497330107930930e-02
8.964990382997557739e-02
8.963484292842427426e-02
8.961979057655056202e-02
8.960474675453594662e-02
8.958971144261793085e-02
8.957468462108993112e-02
8.955966627030105542e-02
8.954465637065608941e-02
8.952965490261508008e-02
8.951466184669344683e-02
8.949967718346167611e-02
8.948470089354516877e-02
8.946973295762415679e-02
8.945477335643346739e-02
8.943982207076238422e-02
8.942487908145457798e-02
8.940994436940777335e-02
8.939501791557380450e-02
8.938009970095826817e-02
8.936518970662056527e-02
8.935028791367348455e-02
8.933539430328336917e-02
8.932050885666967255e-02
8.930563155510502782e-02
8.929076237991495635e-02
8.927590131247774285e-02
8.926104833422436602e-02
8.924620342663822092e-02
8.923136657125507742e-02
8.921653774966288586e-02
8.920171694350159664e-02
8.918690413446307697e-02
8.917209930429091658e-02
8.915730243478028894e-02
8.914251350777779859e-02
8.912773250518138402e-02
8.911295940894012335e-02
8.909819420105404009e-02
8.908343686357407532e-02
8.906868737860182406e-02
8.905394572828952138e-02
8.903921189483972320e-02
8.902448586050537571e-02
8.900976760758948225e-02
8.899505711844502009e-02
8.898035437547487103e-02
8.896565936113159934e-02
8.895097205791731299e-02
8.893629244838356651e-02
8.892162051513116672e-02
8.890695624081008941e-02
8.889229960811927123e-02
8.887765059980652638e-02
8.886300919866839398e-02
8.884837538754999930e-02
8.883374914934487332e-02
8.881913046699488334e-02
8.880451932349002486e-02
8.878991570186836602e-02
8.877531958521579780e-02
8.876073095666604795e-02
8.874614979940038950e-02
8.873157609664757139e-02
8.871700983168377685e-02
8.870245098783230420e-02
8.868789954846352519e-02
8.867335549699480179e-02
8.865881881689029187e-02
8.864428949166081040e-02
8.862976750486367683e-02
8.861525284010268733e-02
8.860074548102783720e-02
8.858624541133532093e-02
8.857175261476729622e-02
8.855726707511184237e-02
8.854278877620271049e-02
8.852831770191936511e-02
8.851385383618666503e-02
8.849939716297489101e-02
8.848494766629948216e-02
8.847050533022102203e-02
8.845607013884504433e-02
8.844164207632194963e-02
8.842722112684676949e-02
8.841280727465922196e-02
8.839840050404339233e-02
8.838400079932774711e-02
8.836960814488491189e-02
8.835522252513162977e-02
8.834084392452856704e-02
8.832647232758021605e-02
8.831210771883475641e-02
8.829775008288398563e-02
8.828339940436309707e-02
8.826905566795059666e-02
8.825471885836824737e-02
8.824038896038090274e-02
8.822606595879627089e-02
8.821174983846495621e-02
8.819744058428030664e-02
8.818313818117817782e-02
8.816884261413694690e-02
8.815455386817730443e-02
8.814027192836219882e-02
8.812599677979661428e-02
8.811172840762759861e-02
8.809746679704401340e-02
8.808321193327645071e-02
8.806896380159714988e-02
8.805472238731987256e-02
8.804048767579970847e-02
8.802625965243307538e-02
8.801203830265748318e-02
8.799782361195154778e-02
8.798361556583469967e-02
8.796941414986723939e-02
8.795521934965014332e-02
8.794103115082492483e-02
8.792684953907356493e-02
8.791267450011837348e-02
8.789850601972185040e-02
8.788434408368664408e-02
8.787018867785535703e-02
8.785603978811051817e-02
8.784189740037431915e-02
8.782776150060869758e-02
8.781363207481504563e-02
8.779950910903425165e-02
8.778539258934643652e-02
8.777128250187096747e-02
8.775717883276627773e-02
8.774308156822976934e-02
8.772899069449768827e-02
8.771490619784508280e-02
8.770082806458558145e-02
8.768675628107135134e-02
8.767269083369302884e-02
8.765863170887949751e-02
8.764457889309784644e-02
8.763053237285327313e-02
8.761649213468897246e-02
8.760245816518597017e-02
8.758843045096309510e-02
8.757440897867677099e-02
8.756039373502105816e-02
8.754638470672734818e-02
8.753238188056448876e-02
8.751838524333846459e-02
8.750439478189242504e-02
8.749041048310650381e-02
8.747643233389776340e-02
8.746246032122007019e-02
8.744849443206398343e-02
8.743453465345665809e-02
8.742058097246174775e-02
8.740663337617926576e-02
8.739269185174551591e-02
8.737875638633299524e-02
8.736482696715025531e-02
8.735090358144183276e-02
8.733698621648811056e-02
8.732307485960527638e-02
8.730916949814515604e-02
8.729527011949510251e-02
8.728137671107800977e-02
8.726748926035202136e-02
8.725360775481065534e-02
8.723973218198251278e-02
8.722586252943125007e-02
8.721199878475553724e-02
8.719814093558882206e-02
8.718428896959938557e-02
8.717044287449007833e-02
8.715660263799838992e-02
8.714276824789625453e-02
8.712893969198991229e-02
8.711511695811993694e-02
8.710130003416101385e-02
8.708748890802192610e-02
8.707368356764541573e-02
8.705988400100810043e-02
8.704609019612036258e-02
8.703230214102627982e-02
8.701851982380351402e-02
8.700474323256321418e-02
8.699097235544989148e-02
8.697720718064139156e-02
8.696344769634872796e-02
8.694969389081605438e-02
8.693594575232052590e-02
8.692220326917218798e-02
8.690846642971394864e-02
8.689473522232142588e-02
8.688100963540285049e-02
8.686728965739906605e-02
8.685357527678326528e-02
8.683986648206110104e-02
8.682616326177042265e-02
8.681246560448124816e-02
8.679877349879575044e-02
8.678508693334797963e-02
8.677140589680401583e-02
8.675773037786160824e-02
8.674406036525032782e-02
8.673039584773131749e-02
8.671673681409726442e-02
8.670308325317228892e-02
8.668943515381191678e-02
8.667579250490285714e-02
8.666215529536308582e-02
8.664852351414158160e-02
8.663489715021835402e-02
8.662127619260436007e-02
8.660766063034132378e-02
8.659405045250170851e-02
8.658044564818866140e-02
8.656684620653583295e-02
8.655325211670740482e-02
8.653966336789788161e-02
8.652607994933209090e-02
8.651250185026508610e-02
8.649892905998202153e-02
8.648536156779809692e-02
8.647179936305846026e-02
8.645824243513815233e-02
8.644469077344191232e-02
8.643114436740427509e-02
8.641760320648934901e-02
8.640406728019074667e-02
8.639053657803155706e-02
8.637701108956416518e-02
8.636349080437032144e-02
8.634997571206090572e-02
8.633646580227589962e-02
8.632296106468433095e-02
8.630946148898420434e-02
8.629596706490227920e-02
8.628247778219419462e-02
8.626899363064421955e-02
8.625551460006526672e-02
8.624204068029879544e-02
8.622857186121463124e-02
8.621510813271104912e-02
8.620164948471460697e-02
8.618819590717997914e-02
8.617474739009008122e-02
8.616130392345582034e-02
8.614786549731602572e-02
8.613443210173749032e-02
8.612100372681474880e-02
8.610758036267010529e-02
8.609416199945349457e-02
8.608074862734238497e-02
8.606734023654177834e-02
8.605393681728405741e-02
8.604053835982897191e-02
8.602714485446348591e-02
8.601375629150176394e-02
8.600037266128503222e-02
8.598699395418159253e-02
8.597362016058664180e-02
8.596025127092225826e-02
8.594688727563734587e-02
8.593352816520744009e-02
8.592017393013481885e-02
8.590682456094821118e-02
8.589348004820292204e-02
8.588014038248058257e-02
8.586680555438924722e-02
8.585347555456314395e-02
8.584015037366275747e-02
8.582683000237460724e-02
8.581351443141131685e-02
8.580020365151144746e-02
8.578689765343938678e-02
8.577359642798543238e-02
8.576029996596555571e-02
8.574700825822137440e-02
8.573372129562017996e-02
8.572043906905471577e-02
8.570716156944316322e-02
8.569388878772912777e-02
8.568062071488144471e-02
8.566735734189427631e-02
8.565409865978684811e-02
8.564084465960350445e-02
8.562759533241358356e-02
8.561435066931140370e-02
8.560111066141612435e-02
8.558787529987171849e-02
8.557464457584683382e-02
8.556141848053486210e-02
8.554819700515370329e-02
8.553498014094584878e-02
8.552176787917813161e-02
8.550856021114186523e-02
8.549535712815263533e-02
8.548215862155021660e-02
8.546896468269862823e-02
8.545577530298592572e-02
8.544259047382421479e-02
8.542941018664962360e-02
8.541623443292206685e-02
8.540306320412532903e-02
8.538989649176698116e-02
8.537673428737822812e-02
8.536357658251400582e-02
8.535042336875263425e-02
8.533727463769603949e-02
8.532413038096957336e-02
8.531099059022186071e-02
8.529785525712485494e-02
8.528472437337378254e-02
8.527159793068692095e-02
8.525847592080566806e-02
8.524535833549451436e-02
8.523224516654083482e-02
8.521913640575487503e-02
8.520603204496975114e-02
8.519293207604133888e-02
8.517983649084821807e-02
8.516674528129151989e-02
8.515365843929501022e-02
8.514057595680496471e-02
8.512749782579004387e-02
8.511442403824130698e-02
8.510135458617212878e-02
8.508828946161811624e-02
8.507522865663705303e-02
8.506217216330887176e-02
8.504911997373548749e-02
8.503607208004086704e-02
8.502302847437093192e-02
8.500998914889339175e-02
8.499695409579778593e-02
8.498392330729544197e-02
8.497089677561929510e-02
8.495787449302394378e-02
8.494485645178555255e-02
8.493184264420171325e-02
8.491883306259150055e-02
8.490582769929538864e-02
8.489282654667509864e-02
8.487982959711362629e-02
8.486683684301517261e-02
8.485384827680503284e-02
8.484086389092958258e-02
8.482788367785625006e-02
8.481490763007332179e-02
8.480193574009006752e-02
8.478896800043651816e-02
8.477600440366346579e-02
8.476304494234249143e-02
8.475008960906577071e-02
8.473713839644601842e-02
8.472419129711659946e-02
8.471124830373125136e-02
8.469830940896419524e-02
8.468537460550994156e-02
8.467244388608337335e-02
8.465951724341955198e-02
8.464659467027377260e-02
8.463367615942142541e-02
8.462076170365795402e-02
8.460785129579885544e-02
8.459494492867952742e-02
8.458204259515535173e-02
8.456914428810143047e-02
8.455625000041276651e-02
8.454335972500397201e-02
8.453047345480943497e-02
8.451759118278312499e-02
8.450471290189850992e-02
8.449183860514862532e-02
8.447896828554594950e-02
8.446610193612234807e-02
8.445323954992896287e-02
8.444038112003632301e-02
8.442752663953406733e-02
8.441467610153111090e-02
8.440182949915539523e-02
8.438898682555399933e-02
8.437614807389294536e-02
8.436331323735724030e-02
8.435048230915079270e-02
8.433765528249635712e-02
8.432483215063542314e-02
8.431201290682832639e-02
8.429919754435397095e-02
8.428638605650994042e-02
8.427357843661244241e-02
8.426077467799611420e-02
8.424797477401413381e-02
8.423517871803806734e-02
8.422238650345786892e-02
8.420959812368178365e-02
8.419681357213629203e-02
8.418403284226615158e-02
8.417125592753424423e-02
8.415848282142153469e-02
8.414571351742705652e-02
8.413294800906785664e-02
8.412018628987892599e-02
8.410742835341314394e-02
8.409467419324123671e-02
8.408192380295174961e-02
8.406917717615097763e-02
8.405643430646282666e-02
8.404369518752896617e-02
8.403095981300862105e-02
8.401822817657850218e-02
8.400550027193287583e-02
8.399277609278345269e-02
8.398005563285929065e-02
8.396733888590685035e-02
8.395462584568984254e-02
8.394191650598925580e-02
8.392921086060324554e-02
8.391650890334712010e-02
8.390381062805334078e-02
8.389111602857131367e-02
8.387842509876752839e-02
8.386573783252544712e-02
8.385305422374532414e-02
8.384037426634438628e-02
8.382769795425658310e-02
8.381502528143269792e-02
8.380235624184016741e-02
8.378969082946310931e-02
8.377702903830226699e-02
8.376437086237495389e-02
8.375171629571501186e-02
8.373906533237272798e-02
8.372641796641484835e-02
8.371377419192445324e-02
8.370113400300099871e-02
8.368849739376026109e-02
8.367586435833417047e-02
8.366323489087089393e-02
8.365060898553479396e-02
8.363798663650623411e-02
8.362536783798173168e-02
8.361275258417374956e-02
8.360014086931073785e-02
8.358753268763707833e-02
8.357492803341301513e-02
8.356232690091461301e-02
8.354972928443371583e-02
8.353713517827793256e-02
8.352454457677054023e-02
8.351195747425047000e-02
8.349937386507227943e-02
8.348679374360604144e-02
8.347421710423737207e-02
8.346164394136736109e-02
8.344907424941250262e-02
8.343650802280470902e-02
8.342394525599115818e-02
8.341138594343446011e-02
8.339883007961230998e-02
8.338627765901772404e-02
8.337372867615884531e-02
8.336118312555892973e-02
8.334864100175631840e-02
8.333610229930439595e-02
8.332356701277152111e-02
8.331103513674104066e-02
8.329850666581113672e-02
8.328598159459493777e-02
8.327345991772031053e-02
8.326094162982998481e-02
8.324842672558134538e-02
8.323591519964654295e-02
8.322340704671231382e-02
8.321090226148006308e-02
8.319840083866573976e-02
8.318590277299980906e-02
8.317340805922723845e-02
8.316091669210745607e-02
8.314842866641426744e-02
8.313594397693579996e-02
8.312346261847460005e-02
8.311098458584743887e-02
8.309850987388532617e-02
8.308603847743348259e-02
8.307357039135125631e-02
8.306110561051216479e-02
8.304864412980375588e-02
8.303618594412764953e-02
8.302373104839946838e-02
8.301127943754872673e-02
8.299883110651895546e-02
8.298638605026746606e-02
8.297394426376550336e-02
8.296150574199800953e-02
8.294907047996376293e-02
8.293663847267528089e-02
8.292420971515863937e-02
8.291178420245368108e-02
8.289936192961382122e-02
8.288694289170599194e-02
8.287452708381072564e-02
8.286211450102197451e-02
8.284970513844715223e-02
8.283729899120710616e-02
8.282489605443604797e-02
8.281249632328153976e-02
8.280009979290439692e-02
8.278770645847871590e-02
8.277531631519183253e-02
8.276292935824421104e-02
8.275054558284951345e-02
8.273816498423451626e-02
8.272578755763897174e-02
8.271341329831578826e-02
8.270104220153082220e-02
8.268867426256283626e-02
8.267630947670358277e-02
8.266394783925765100e-02
8.265158934554250880e-02
8.263923399088843325e-02
8.262688177063845507e-02
8.261453268014837259e-02
8.260218671478665453e-02
8.258984386993445392e-02
8.257750414098551095e-02
8.256516752334627784e-02
8.255283401243559971e-02
8.254050360368497818e-02
8.252817629253830778e-02
8.251585207445198689e-02
8.250353094489482064e-02
8.249121289934797929e-02
8.247889793330495656e-02
8.246658604227163902e-02
8.245427722176608409e-02
8.244197146731863102e-02
8.242966877447183149e-02
8.241736913878043580e-02
8.240507255581124013e-02
8.239277902114319763e-02
8.238048853036733510e-02
8.236820107908668365e-02
8.235591666291626478e-02
8.234363527748309042e-02
8.233135691842610737e-02
8.231908158139607246e-02
8.230680926205574677e-02
8.229453995607954875e-02
8.228227365915383174e-02
8.227001036697664804e-02
8.225775007525774896e-02
8.224549277971862637e-02
8.223323847609238790e-02
8.222098716012381237e-02
8.220873882756922491e-02
8.219649347419653862e-02
8.218425109578518517e-02
8.217201168812608703e-02
8.215977524702160195e-02
8.214754176828556465e-02
8.213531124774317571e-02
8.212308368123098778e-02
8.211085906459693329e-02
8.209863739370014402e-02
8.208641866441108992e-02
8.207420287261149583e-02
8.206199001419424433e-02
8.204978008506343123e-02
8.203757308113414359e-02
8.202536899833279271e-02
8.201316783259668397e-02
8.200096957987429436e-02
8.198877423612502269e-02
8.197658179731927286e-02
8.196439225943841222e-02
8.195220561847468832e-02
8.194002187043131213e-02
8.192784101132224994e-02
8.191566303717236208e-02
8.190348794401725030e-02
8.189131572790334102e-02
8.187914638488773267e-02
8.186697991103823735e-02
8.185481630243340856e-02
8.184265555516227753e-02
8.183049766532468627e-02
8.181834262903088517e-02
8.180619044240176885e-02
8.179404110156873742e-02
8.178189460267362709e-02
8.176975094186880733e-02
8.175761011531705591e-02
8.174547211919148959e-02
8.173333694967564733e-02
8.172120460296344868e-02
8.170907507525901337e-02
8.169694836277686945e-02
8.168482446174166189e-02
8.167270336838840239e-02
8.166058507896215013e-02
8.164846958971826163e-02
8.163635689692211317e-02
8.162424699684930895e-02
8.161213988578540357e-02
8.160003556002608238e-02
8.158793401587703664e-02
8.157583524965392185e-02
8.156373925768238553e-02
8.155164603629802555e-02
8.153955558184629304e-02
8.152746789068253397e-02
8.151538295917197530e-02
8.150330078368964171e-02
8.149122136062035560e-02
8.147914468635870933e-02
8.146707075730902359e-02
8.145499956988534740e-02
8.144293112051136097e-02
8.143086540562050057e-02
8.141880242165572268e-02
8.140674216506962879e-02
8.139468463232439610e-02
8.138262981989179135e-02
8.137057772425300428e-02
8.135852834189874483e-02
8.134648166932924307e-02
8.133443770305412435e-02
8.132239643959242315e-02
8.131035787547255533e-02
8.129832200723230429e-02
8.128628883141876538e-02
8.127425834458835985e-02
8.126223054330679318e-02
8.125020542414897184e-02
8.123818298369908653e-02
8.122616321855047339e-02
8.121414612530565569e-02
8.120213170057635765e-02
8.119011994098332408e-02
8.117811084315644521e-02
8.116610440373468738e-02
8.115410061936606523e-02
8.114209948670757233e-02
8.113010100242519507e-02
8.111810516319389874e-02
8.110611196569761372e-02
8.109412140662915214e-02
8.108213348269018017e-02
8.107014819059131516e-02
8.105816552705190359e-02
8.104618548880021534e-02
8.103420807257322167e-02
8.102223327511669237e-02
8.101026109318514024e-02
8.099829152354176554e-02
8.098632456295844217e-02
8.097436020821577318e-02
8.096239845610293806e-02
8.095043930341774829e-02
8.093848274696660572e-02
8.092652878356446089e-02
8.091457741003484083e-02
8.090262862320972415e-02
8.089068241992969366e-02
8.087873879704363111e-02
8.086679775140902249e-02
8.085485927989166655e-02
8.084292337936582751e-02
8.083099004671409626e-02
8.081905927882736262e-02
8.080713107260498185e-02
8.079520542495446933e-02
8.078328233279168102e-02
8.077136179304071628e-02
8.075944380263391786e-02
8.074752835851180255e-02
8.073561545762306113e-02
8.072370509692461393e-02
8.071179727338138876e-02
8.069989198396657071e-02
8.068798922566133847e-02
8.067608899545494761e-02
8.066419129034473057e-02
8.065229610733601340e-02
8.064040344344212963e-02
8.062851329568436476e-02
8.061662566109198402e-02
8.060474053670219075e-02
8.059285791956004308e-02
8.058097780671853727e-02
8.056910019523848276e-02
8.055722508218858546e-02
8.054535246464529508e-02
8.053348233969288839e-02
8.052161470442346924e-02
8.050974955593680205e-02
8.049788689134042274e-02
8.048602670774958334e-02
8.047416900228718251e-02
8.046231377208382107e-02
8.045046101427770491e-02
8.043861072601468654e-02
8.042676290444822351e-02
8.041491754673923964e-02
8.040307465005638865e-02
8.039123421157573501e-02
8.037939622848087884e-02
8.036756069796292812e-02
8.035572761722042934e-02
8.034389698345939523e-02
8.033206879389324928e-02
8.032024304574282569e-02
8.030841973623639718e-02
8.029659886260948065e-02
8.028478042210500376e-02
8.027296441197323551e-02
8.026115082947167523e-02
8.024933967186517747e-02
8.023753093642579937e-02
8.022572462043287000e-02
8.021392072117290717e-02
8.020211923593963121e-02
8.019032016203392343e-02
8.017852349676388157e-02
8.016672923744463941e-02
8.015493738139853330e-02
8.014314792595493564e-02
8.013136086845033812e-02
8.011957620622822684e-02
8.010779393663919334e-02
8.009601405704076804e-02
8.008423656479753128e-02
8.007246145728101616e-02
8.006068873186970858e-02
8.004891838594901943e-02
8.003715041691128462e-02
8.002538482215573734e-02
8.001362159908845251e-02
8.000186074512244394e-02
7.999010225767742843e-02
7.997834613418008942e-02
7.996659237206377169e-02
7.995484096876867564e-02
7.994309192174177403e-02
7.993134522843668710e-02
7.991960088631382131e-02
7.990785889284032772e-02
7.989611924548990773e-02
7.988438194174304896e-02
7.987264697908683098e-02
7.986091435501493918e-02
7.984918406702770644e-02
7.983745611263201591e-02
7.982573048934137050e-02
7.981400719467572624e-02
7.980228622616165890e-02
7.979056758133221128e-02
7.977885125772699038e-02
7.976713725289194534e-02
7.975542556437961728e-02
7.974371618974886167e-02
7.973200912656508432e-02
7.972030437239997769e-02
7.970860192483170126e-02
7.969690178144470116e-02
7.968520393982983507e-02
7.967350839758427505e-02
7.966181515231149368e-02
7.965012420162122242e-02
7.963843554312953488e-02
7.962674917445873579e-02
7.961506509323736103e-02
7.960338329710013594e-02
7.959170378368804477e-02
7.958002655064821962e-02
7.956835159563402371e-02
7.955667891630487099e-02
7.954500851032637876e-02
7.953334037537028445e-02
7.952167450911436231e-02
7.951001090924253445e-02
7.949834957344474595e-02
7.948669049941703424e-02
7.947503368486137643e-02
7.946337912748586974e-02
7.945172682500453720e-02
7.944007677513738319e-02
7.942842897561042115e-02
7.941678342415553482e-02
7.940514011851060316e-02
7.939349905641938931e-02
7.938186023563152671e-02
7.937022365390256073e-02
7.935858930899385155e-02
7.934695719867267127e-02
7.933532732071205129e-02
7.932369967289087942e-02
7.931207425299381664e-02
7.930045105881129708e-02
7.928883008813950029e-02
7.927721133878040671e-02
7.926559480854167283e-02
7.925398049523664501e-02
7.924236839668445664e-02
7.923075851070986164e-02
7.921915083514322053e-02
7.920754536782063926e-02
7.919594210658380262e-02
7.918434104928004369e-02
7.917274219376223277e-02
7.916114553788890229e-02
7.914955107952406643e-02
7.913795881653735986e-02
7.912636874680392673e-02
7.911478086820442068e-02
7.910319517862500482e-02
7.909161167595733788e-02
7.908003035809857417e-02
7.906845122295123873e-02
7.905687426842339383e-02
7.904529949242848630e-02
7.903372689288537534e-02
7.902215646771830471e-02
7.901058821485691663e-02
7.899902213223618241e-02
7.898745821779648568e-02
7.897589646948351139e-02
7.896433688524821803e-02
7.895277946304694872e-02
7.894122420084127845e-02
7.892967109659805580e-02
7.891812014828940292e-02
7.890657135389272936e-02
7.889502471139057949e-02
7.888348021877078509e-02
7.887193787402634049e-02
7.886039767515547194e-02
7.884885962016147110e-02
7.883732370705288928e-02
7.882578993384335708e-02
7.881425829855170928e-02
7.880272879920176277e-02
7.879120143382256636e-02
7.877967620044813712e-02
7.876815309711762692e-02
7.875663212187521134e-02
7.874511327277011752e-02
7.873359654785659634e-02
7.872208194519390856e-02
7.871056946284628320e-02
7.869905909888300077e-02
7.868755085137821292e-02
7.867604471841110891e-02
7.866454069806574911e-02
7.865303878843117602e-02
7.864153898760128936e-02
7.863004129367492934e-02
7.861854570475582116e-02
7.860705221895250561e-02
7.859556083437842233e-02
7.858407154915186821e-02
7.857258436139591407e-02
7.856109926923847409e-02
7.854961627081227804e-02
7.853813536425480191e-02
7.852665654770835113e-02
7.851517981931992185e-02
7.850370517724132580e-02
7.849223261962903764e-02
7.848076214464429212e-02
7.846929375045305632e-02
7.845782743522591862e-02
7.844636319713819972e-02
7.843490103436985550e-02
7.842344094510551866e-02
7.841198292753444321e-02
7.840052697985051833e-02
7.838907310025221287e-02
7.837762128694268637e-02
7.836617153812956704e-02
7.835472385202511825e-02
7.834327822684618303e-02
7.833183466081411472e-02
7.832039315215480468e-02
7.830895369909866843e-02
7.829751629988061790e-02
7.828608095274013079e-02
7.827464765592107021e-02
7.826321640767180954e-02
7.825178720624520468e-02
7.824036004989855242e-02
7.822893493689352107e-02
7.821751186549624757e-02
7.820609083397726813e-02
7.819467184061154597e-02
7.818325488367838805e-02
7.817183996146145897e-02
7.816042707224880870e-02
7.814901621433283097e-02
7.813760738601022160e-02
7.812620058558203406e-02
7.811479581135361006e-02
7.810339306163459339e-02
7.809199233473890223e-02
7.808059362898474298e-02
7.806919694269459642e-02
7.805780227419507888e-02
7.804640962181723374e-02
7.803501898389614277e-02
7.802363035877120379e-02
7.801224374478599177e-02
7.800085914028823120e-02
7.798947654362990700e-02
7.797809595316704256e-02
7.796671736725994950e-02
7.795534078427299174e-02
7.794396620257465491e-02
7.793259362053760186e-02
7.792122303653854776e-02
7.790985444895832945e-02
7.789848785618185001e-02
7.788712325659806479e-02
7.787576064860003699e-02
7.786440003058482662e-02
7.785304140095355985e-02
7.784168475811138743e-02
7.783033010046741529e-02
7.781897742643482940e-02
7.780762673443077093e-02
7.779627802287635008e-02
7.778493129019664609e-02
7.777358653482069339e-02
7.776224375518149545e-02
7.775090294971594151e-02
7.773956411686488988e-02
7.772822725507308461e-02
7.771689236278919721e-02
7.770555943846571556e-02
7.769422848055906883e-02
7.768289948752958585e-02
7.767157245784132857e-02
7.766024738996231414e-02
7.764892428236436217e-02
7.763760313352309483e-02
7.762628394191793679e-02
7.761496670603218462e-02
7.760365142435282637e-02
7.759233809537073590e-02
7.758102671758043689e-02
7.756971728948029721e-02
7.755840980957245945e-02
7.754710427636266057e-02
7.753580068836049555e-02
7.752449904407923698e-02
7.751319934203589057e-02
7.750190158075105640e-02
7.749060575874912316e-02
7.747931187455810165e-02
7.746801992670968029e-02
7.745672991373921124e-02
7.744544183418566874e-02
7.743415568659167691e-02
7.742287146950346810e-02
7.741158918147086898e-02
7.740030882104732834e-02
7.738903038678990320e-02
7.737775387725921716e-02
7.736647929101943266e-02
7.735520662663830649e-02
7.734393588268716202e-02
7.733266705774080596e-02
7.732140015037761160e-02
7.731013515917950496e-02
7.729887208273183985e-02
7.728761091962352281e-02
7.727635166844692982e-02
7.726509432779797570e-02
7.725383889627596146e-02
7.724258537248371304e-02
7.723133375502747033e-02
7.722008404251690106e-02
7.720883623356514236e-02
7.719759032678875921e-02
7.718634632080770275e-02
7.717510421424529643e-02
7.716386400572829152e-02
7.715262569388685321e-02
7.714138927735444962e-02
7.713015475476799054e-02
7.711892212476766095e-02
7.710769138599704586e-02
7.709646253710304709e-02
7.708523557673586935e-02
7.707401050354907579e-02
7.706278731619951861e-02
7.705156601334731126e-02
7.704034659365593951e-02
7.702912905579208103e-02
7.701791339842571638e-02
7.700669962023010129e-02
7.699548771988169726e-02
7.698427769606029647e-02
7.697306954744881358e-02
7.696186327273346617e-02
7.695065887060363596e-02
7.693945633975195209e-02
7.692825567887418003e-02
7.691705688666936047e-02
7.690585996183961492e-02
7.689466490309031232e-02
7.688347170912994410e-02
7.687228037867015196e-02
7.686109091042571395e-02
7.684990330311457229e-02
7.683871755545773619e-02
7.682753366617940671e-02
7.681635163400683808e-02
7.680517145767039311e-02
7.679399313590348775e-02
7.678281666744272982e-02
7.677164205102766925e-02
7.676046928540096459e-02
7.674929836930838301e-02
7.673812930149861988e-02
7.672696208072353474e-02
7.671579670573794307e-02
7.670463317529969960e-02
7.669347148816962889e-02
7.668231164311162251e-02
7.667115363889252799e-02
7.665999747428219047e-02
7.664884314805342491e-02
7.663769065898198840e-02
7.662654000584667724e-02
7.661539118742914656e-02
7.660424420251406297e-02
7.659309904988896578e-02
7.658195572834439191e-02
7.657081423667373710e-02
7.655967457367332529e-02
7.654853673814240866e-02
7.653740072888309820e-02
7.652626654470039147e-02
7.651513418440220038e-02
7.650400364679925402e-02
7.649287493070518196e-02
7.648174803493645868e-02
7.647062295831238976e-02
7.645949969965509796e-02
7.644837825778957874e-02
7.643725863154364475e-02
7.642614081974788420e-02
7.641502482123574413e-02
7.640391063484339162e-02
7.639279825940985258e-02
7.638168769377688683e-02
7.637057893678907139e-02
7.635947198729370333e-02
7.634836684414088304e-02
7.633726350618337542e-02
7.632616197227681809e-02
7.631506224127949933e-02
7.630396431205239971e-02
7.629286818345930310e-02
7.628177385436661628e-02
7.627068132364354935e-02
7.625959059016193531e-02
7.624850165279632719e-02
7.623741451042388706e-02
7.622632916192456642e-02
7.621524560618091193e-02
7.620416384207814864e-02
7.619308386850409676e-02
7.618200568434928266e-02
7.617092928850685563e-02
7.615985467987258783e-02
7.614878185734484661e-02
7.613771081982463607e-02
7.612664156621558320e-02
7.611557409542388242e-02
7.610450840635830938e-02
7.609344449793024878e-02
7.608238236905368046e-02
7.607132201864508225e-02
7.606026344562352715e-02
7.604920664891072490e-02
7.603815162743075839e-02
7.602709838011041665e-02
7.601604690587894508e-02
7.600499720366811485e-02
7.599394927241219511e-02
7.598290311104802242e-02
7.597185871851490357e-02
7.596081609375464339e-02
7.594977523571154465e-02
7.593873614333236655e-02
7.592769881556636624e-02
7.591666325136529891e-02
7.590562944968332060e-02
7.589459740947704369e-02
7.588356712970562024e-02
7.587253860933051985e-02
7.586151184731572406e-02
7.585048684262764296e-02
7.583946359423503203e-02
7.582844210110915861e-02
7.581742236222360765e-02
7.580640437655444819e-02
7.579538814308008077e-02
7.578437366078127901e-02
7.577336092864127293e-02
7.576234994564559622e-02
7.575134071078216957e-02
7.574033322304128679e-02
7.572932748141554538e-02
7.571832348489997144e-02
7.570732123249185319e-02
7.569632072319082416e-02
7.568532195599889101e-02
7.567432492992036408e-02
7.566332964396180194e-02
7.565233609713215013e-02
7.564134428844260238e-02
7.563035421690667004e-02
7.561936588154016814e-02
7.560837928136114605e-02
7.559739441538995686e-02
7.558641128264921571e-02
7.557542988216378599e-02
7.556445021296079312e-02
7.555347227406966626e-02
7.554249606452195787e-02
7.553152158335156574e-02
7.552054882959453874e-02
7.550957780228918781e-02
7.549860850047608596e-02
7.548764092319790175e-02
7.547667506949959360e-02
7.546571093842832645e-02
7.545474852903337470e-02
7.544378784036630259e-02
7.543282887148075599e-02
7.542187162143260126e-02
7.541091608927989742e-02
7.539996227408282681e-02
7.538901017490370893e-02
7.537805979080706986e-02
7.536711112085954511e-02
7.535616416412987961e-02
7.534521891968898322e-02
7.533427538660990297e-02
7.532333356396778146e-02
7.531239345083988457e-02
7.530145504630553210e-02
7.529051834944620880e-02
7.527958335934550882e-02
7.526865007508906635e-02
7.525771849576458339e-02
7.524678862046188521e-02
7.523586044827285102e-02
7.522493397829141393e-02
7.521400920961358871e-02
7.520308614133743019e-02
7.519216477256304709e-02
7.518124510239257430e-02
7.517032712993020060e-02
7.515941085428212709e-02
7.514849627455658099e-02
7.513758338986385732e-02
7.512667219931619400e-02
7.511576270202786898e-02
7.510485489711515861e-02
7.509394878369636539e-02
7.508304436089172085e-02
7.507214162782346878e-02
7.506124058361585138e-02
7.505034122739508151e-02
7.503944355828931490e-02
7.502854757542869180e-02
7.501765327794530924e-02
7.500676066497319328e-02
7.499586973564832670e-02
7.498498048910864910e-02
7.497409292449402907e-02
7.496320704094625031e-02
7.495232283760901171e-02
7.494144031362798275e-02
7.493055946815069257e-02
7.491968030032661319e-02
7.490880280930704849e-02
7.489792699424532851e-02
7.488705285429657355e-02
7.487618038861779124e-02
7.486530959636793214e-02
7.485444047670777867e-02
7.484357302879997287e-02
7.483270725180904415e-02
7.482184314490142318e-02
7.481098070724528926e-02
7.480011993801076453e-02
7.478926083636978916e-02
7.477840340149612131e-02
7.476754763256537872e-02
7.475669352875498330e-02
7.474584108924421655e-02
7.473499031321413633e-02
7.472414119984766012e-02
7.471329374832948178e-02
7.470244795784605762e-02
7.469160382758573136e-02
7.468076135673860916e-02
7.466992054449654581e-02
7.465908139005322797e-02
7.464824389260406312e-02
7.463740805134629064e-02
7.462657386547888461e-02
7.461574133420259547e-02
7.460491045671992227e-02
7.459408123223512654e-02
7.458325365995420453e-02
7.457242773908490108e-02
7.456160346883672352e-02
7.455078084842087227e-02
7.453995987705026860e-02
7.452914055393962400e-02
7.451832287830530144e-02
7.450750684936541246e-02
7.449669246633977560e-02
7.448587972844990246e-02
7.447506863491898388e-02
7.446425918497194540e-02
7.445345137783540568e-02
7.444264521273759316e-02
7.443184068890851268e-02
7.442103780557982051e-02
7.441023656198476888e-02
7.439943695735838636e-02
7.438863899093726972e-02
7.437784266195975047e-02
7.436704796966574216e-02
7.435625491329685144e-02
7.434546349209629479e-02
7.433467370530896789e-02
7.432388555218137627e-02
7.431309903196166300e-02
7.430231414389955324e-02
7.429153088724643750e-02
7.428074926125535771e-02
7.426996926518086850e-02
7.425919089827918984e-02
7.424841415980813764e-02
7.423763904902712374e-02
7.422686556519716983e-02
7.421609370758082413e-02
7.420532347544228635e-02
7.419455486804731048e-02
7.418378788466321871e-02
7.417302252455891531e-02
7.416225878700484497e-02
7.415149667127306221e-02
7.414073617663710647e-02
7.412997730237216865e-02
7.411922004775488293e-02
7.410846441206349333e-02
7.409771039457777042e-02
7.408695799457899744e-02
7.407620721135003972e-02
7.406545804417524748e-02
7.405471049234046976e-02
7.404396455513312381e-02
7.403322023184213951e-02
7.402247752175793172e-02
7.401173642417240017e-02
7.400099693837901282e-02
7.399025906367269478e-02
7.397952279934980058e-02
7.396878814470830843e-02
7.395805509904758435e-02
7.394732366166850701e-02
7.393659383187339840e-02
7.392586560896607928e-02
7.391513899225185535e-02
7.390441398103747561e-02
7.389369057463113233e-02
7.388296877234251658e-02
7.387224857348267948e-02
7.386152997736425418e-02
7.385081298330120614e-02
7.384009759060901346e-02
7.382938379860450040e-02
7.381867160660603167e-02
7.380796101393329034e-02
7.379725201990748606e-02
7.378654462385116075e-02
7.377583882508831348e-02
7.376513462294435886e-02
7.375443201674609928e-02
7.374373100582176654e-02
7.373303158950092473e-02
7.372233376711462283e-02
7.371163753799525598e-02
7.370094290147660709e-02
7.369024985689381912e-02
7.367955840358349218e-02
7.366886854088347536e-02
7.365818026813314434e-02
7.364749358467308216e-02
7.363680848984541227e-02
7.362612498299343777e-02
7.361544306346193278e-02
7.360476273059700369e-02
7.359408398374607529e-02
7.358340682225794627e-02
7.357273124548276144e-02
7.356205725277198404e-02
7.355138484347839567e-02
7.354071401695613797e-02
7.353004477256069871e-02
7.351937710964882855e-02
7.350871102757862430e-02
7.349804652570951502e-02
7.348738360340223430e-02
7.347672226001879248e-02
7.346606249492254603e-02
7.345540430747810046e-02
7.344474769705144901e-02
7.343409266300976457e-02
7.342343920472160779e-02
7.341278732155674669e-02
7.340213701288628156e-02
7.339148827808256170e-02
7.338084111651925479e-02
7.337019552757126362e-02
7.335955151061475388e-02
7.334890906502718189e-02
7.333826819018723908e-02
7.332762888547487978e-02
7.331699115027134894e-02
7.330635498395905725e-02
7.329572038592178929e-02
7.328508735554443987e-02
7.327445589221323607e-02
7.326382599531559847e-02
7.325319766424016887e-02
7.324257089837689361e-02
7.323194569711682922e-02
7.322132205985233677e-02
7.321069998597701245e-02
7.320007947488559041e-02
7.318946052597410934e-02
7.317884313863966261e-02
7.316822731228075916e-02
7.315761304629696260e-02
7.314700034008907170e-02
7.313638919305909258e-02
7.312577960461019710e-02
7.311517157414679224e-02
7.310456510107443684e-02
7.309396018479984158e-02
7.308335682473098005e-02
7.307275502027692216e-02
7.306215477084793131e-02
7.305155607585547828e-02
7.304095893471215795e-02
7.303036334683173092e-02
7.301976931162913742e-02
7.300917682852045565e-02
7.299858589692290178e-02
7.298799651625491325e-02
7.297740868593596830e-02
7.296682240538672481e-02
7.295623767402908966e-02
7.294565449128592727e-02
7.293507285658133721e-02
7.292449276934054314e-02
7.291391422898990671e-02
7.290333723495684426e-02
7.289276178667000727e-02
7.288218788355903255e-02
7.287161552505476425e-02
7.286104471058914289e-02
7.285047543959519145e-02
7.283990771150704313e-02
7.282934152575996911e-02
7.281877688179026753e-02
7.280821377903541614e-02
7.279765221693391963e-02
7.278709219492543459e-02
7.277653371245063063e-02
7.276597676895131539e-02
7.275542136387036507e-02
7.274486749665172447e-02
7.273431516674039310e-02
7.272376437358250845e-02
7.271321511662519332e-02
7.270266739531670852e-02
7.269212120910634178e-02
7.268157655744442169e-02
7.267103343978238705e-02
7.266049185557268975e-02
7.264995180426882249e-02
7.263941328532536046e-02
7.262887629819793356e-02
7.261834084234312925e-02
7.260780691721868685e-02
7.259727452228333100e-02
7.258674365699678555e-02
7.257621432081984292e-02
7.256568651321432251e-02
7.255516023364308453e-02
7.254463548156996067e-02
7.253411225645983729e-02
7.252359055777861385e-02
7.251307038499320290e-02
7.250255173757150229e-02
7.249203461498247847e-02
7.248151901669601382e-02
7.247100494218308708e-02
7.246049239091557903e-02
7.244998136236648067e-02
7.243947185600967120e-02
7.242896387132008451e-02
7.241845740777361207e-02
7.240795246484714454e-02
7.239744904201854403e-02
7.238694713876667186e-02
7.237644675457133303e-02
7.236594788891335950e-02
7.235545054127449915e-02
7.234495471113752685e-02
7.233446039798609173e-02
7.232396760130491153e-02
7.231347632057960606e-02
7.230298655529676655e-02
7.229249830494394180e-02
7.228201156900959656e-02
7.227152634698325029e-02
7.226104263835524122e-02
7.225056044261692068e-02
7.224007975926058367e-02
7.222960058777942727e-02
7.221912292766766162e-02
7.220864677842035728e-02
7.219817213953351465e-02
7.218769901050411941e-02
7.217722739083005934e-02
7.216675728001009649e-02
7.215628867754400599e-02
7.214582158293242342e-02
7.213535599567691414e-02
7.212489191527991783e-02
7.211442934124487336e-02
7.210396827307606615e-02
7.209350871027866980e-02
7.208305065235881548e-02
7.207259409882352252e-02
7.206213904918065682e-02
7.205168550293905572e-02
7.204123345960840308e-02
7.203078291869929872e-02
7.202033387972317513e-02
7.200988634219247786e-02
7.199944030562038799e-02
7.198899576952103030e-02
7.197855273340944549e-02
7.196811119680146529e-02
7.195767115921390678e-02
7.194723262016437804e-02
7.193679557917137535e-02
7.192636003575425541e-02
7.191592598943323533e-02
7.190549343972942042e-02
7.189506238616477640e-02
7.188463282826207390e-02
7.187420476554498561e-02
7.186377819753804463e-02
7.185335312376658901e-02
7.184292954375685880e-02
7.183250745703588513e-02
7.182208686313157342e-02
7.181166776157266174e-02
7.180125015188873472e-02
7.179083403361019577e-02
7.178041940626832262e-02
7.177000626939514238e-02
7.175959462252361198e-02
7.174918446518742388e-02
7.173877579692117257e-02
7.172836861726020197e-02
7.171796292574077192e-02
7.170755872189982227e-02
7.169715600527525046e-02
7.168675477540567553e-02
7.167635503183054924e-02
7.166595677409015597e-02
7.165556000172554341e-02
7.164516471427860578e-02
7.163477091129201446e-02
7.162437859230921799e-02
7.161398775687456697e-02
7.160359840453305036e-02
7.159321053483055919e-02
7.158282414731374776e-02
7.157243924153006143e-02
7.156205581702770879e-02
7.155167387335574503e-02
7.154129341006389142e-02
7.153091442670277134e-02
7.152053692282374364e-02
7.151016089797891662e-02
7.149978635172117569e-02
7.148941328360422509e-02
7.147904169318249068e-02
7.146867158001114773e-02
7.145830294364620416e-02
7.144793578364440345e-02
7.143757009956318293e-02
7.142720589096088202e-02
7.141684315739642297e-02
7.140648189842961624e-02
7.139612211362096617e-02
7.138576380253176812e-02
7.137540696472398360e-02
7.136505159976040680e-02
7.135469770720451188e-02
7.134434528662059183e-02
7.133399433757357799e-02
7.132364485962924827e-02
7.131329685235401894e-02
7.130295031531511118e-02
7.129260524808041233e-02
7.128226165021860072e-02
7.127191952129904862e-02
7.126157886089186377e-02
7.125123966856790336e-02
7.124090194389866293e-02
7.123056568645647069e-02
7.122023089581427935e-02
7.120989757154579103e-02
7.119956571322542949e-02
7.118923532042834013e-02
7.117890639273034836e-02
7.116857892970801513e-02
7.115825293093855364e-02
7.114792839599996810e-02
7.113760532447088725e-02
7.112728371593067533e-02
7.111696356995940438e-02
7.110664488613777090e-02
7.109632766404727633e-02
7.108601190327004660e-02
7.107569760338890152e-02
7.106538476398736870e-02
7.105507338464962797e-02
7.104476346496059469e-02
7.103445500450580874e-02
7.102414800287154550e-02
7.101384245964474651e-02
7.100353837441296390e-02
7.099323574676456861e-02
7.098293457628841729e-02
7.097263486257418541e-02
7.096233660521218678e-02
7.095203980379335973e-02
7.094174445790935035e-02
7.093145056715241537e-02
7.092115813111554701e-02
7.091086714939236202e-02
7.090057762157712939e-02
7.089028954726478426e-02
7.088000292605088626e-02
7.086971775753170277e-02
7.085943404130413958e-02
7.084915177696571309e-02
7.083887096411460582e-02
7.082859160234966645e-02
7.081831369127038200e-02
7.080803723047687792e-02
7.079776221956987636e-02
7.078748865815083502e-02
7.077721654582173894e-02
7.076694588218529480e-02
7.075667666684480606e-02
7.074640889940421451e-02
7.073614257946805872e-02
7.072587770664159890e-02
7.071561428053058096e-02
7.070535230074151412e-02
7.069509176688143492e-02
7.068483267855808772e-02
7.067457503537973029e-02
7.066431883695532823e-02
7.065406408289441609e-02
7.064381077280715293e-02
7.063355890630433620e-02
7.062330848299733232e-02
7.061305950249817387e-02
7.060281196441940688e-02
7.059256586837429903e-02
7.058232121397661762e-02
7.057207800084083771e-02
7.056183622858193394e-02
7.055159589681553323e-02
7.054135700515787311e-02
7.053111955322574622e-02
7.052088354063661135e-02
7.051064896700841300e-02
7.050041583195977568e-02
7.049018413510985126e-02
7.047995387607845774e-02
7.046972505448592661e-02
7.045949766995319996e-02
7.044927172210180277e-02
7.043904721055387064e-02
7.042882413493208038e-02
7.041860249485967782e-02
7.040838228996054715e-02
7.039816351985905829e-02
7.038794618418026117e-02
7.037773028254969143e-02
7.036751581459346760e-02
7.035730277993833270e-02
7.034709117821157098e-02
7.033688100904096629e-02
7.032667227205498250e-02
7.031646496688252757e-02
7.030625909315317557e-02
7.029605465049701407e-02
7.028585163854465800e-02
7.027565005692737454e-02
7.026544990527684720e-02
7.025525118322541174e-02
7.024505389040598680e-02
7.023485802645190734e-02
7.022466359099718836e-02
7.021447058367634442e-02
7.020427900412441746e-02
7.019408885197700454e-02
7.018390012687025781e-02
7.017371282844089841e-02
7.016352695632610548e-02
7.015334251016368261e-02
7.014315948959193303e-02
7.013297789424965956e-02
7.012279772377628950e-02
7.011261897781170815e-02
7.010244165599634203e-02
7.009226575797117276e-02
7.008209128337769545e-02
7.007191823185796031e-02
7.006174660305450330e-02
7.005157639661037383e-02
7.004140761216919031e-02
7.003124024937508463e-02
7.002107430787267439e-02
7.001090978730713232e-02
7.000074668732413075e-02
6.999058500756985546e-02
6.998042474769101962e-02
6.997026590733482210e-02
6.996010848614900302e-02
6.994995248378181596e-02
6.993979789988204188e-02
6.992964473409883641e-02
6.991949298608202135e-02
6.990934265548187643e-02
6.989919374194915325e-02
6.988904624513513075e-02
6.987890016469155974e-02
6.986875550027071835e-02
6.985861225152538434e-02
6.984847041810883506e-02
6.983832999967480581e-02
6.982819099587755929e-02
6.981805340637182999e-02
6.980791723081286593e-02
6.979778246885641468e-02
6.978764912015862631e-02
6.977751718437627537e-02
6.976738666116652499e-02
6.975725755018701013e-02
6.974712985109593477e-02
6.973700356355189145e-02
6.972687868721404170e-02
6.971675522174194950e-02
6.970663316679569232e-02
6.969651252203583336e-02
6.968639328712339376e-02
6.967627546171985264e-02
6.966615904548720262e-02
6.965604403808788037e-02
6.964593043918479442e-02
6.963581824844132517e-02
6.962570746552132483e-02
6.961559809008913136e-02
6.960549012180947126e-02
6.959538356034764006e-02
6.958527840536930797e-02
6.957517465654067257e-02
6.956507231352834775e-02
6.955497137599940538e-02
6.954487184362140306e-02
6.953477371606234247e-02
6.952467699299066939e-02
6.951458167407530142e-02
6.950448775898558640e-02
6.949439524739133012e-02
6.948430413896282409e-02
6.947421443337074842e-02
6.946412613028629668e-02
6.945403922938103713e-02
6.944395373032702379e-02
6.943386963279676860e-02
6.942378693646319987e-02
6.941370564099967611e-02
6.940362574608005541e-02
6.939354725137852897e-02
6.938347015656988470e-02
6.937339446132917420e-02
6.936332016533199030e-02
6.935324726825436992e-02
6.934317576977269693e-02
6.933310566956385479e-02
6.932303696730517106e-02
6.931296966267433413e-02
6.930290375534950420e-02
6.929283924500927172e-02
6.928277613133267121e-02
6.927271441399909802e-02
6.926265409268844708e-02
6.925259516708097418e-02
6.924253763685737917e-02
6.923248150169881987e-02
6.922242676128678718e-02
6.921237341530331322e-02
6.920232146343072155e-02
6.919227090535182145e-02
6.918222174074983855e-02
6.917217396930834539e-02
6.916212759071144189e-02
6.915208260464353329e-02
6.914203901078948278e-02
6.913199680883458376e-02
6.912195599846449046e-02
6.911191657936528732e-02
6.910187855122348899e-02
6.909184191372590156e-02
6.908180666655992785e-02
6.907177280941324826e-02
6.906174034197390399e-02
6.905170926393042197e-02
6.904167957497173158e-02
6.903165127478712304e-02
6.902162436306626125e-02
6.901159883949931073e-02
6.900157470377665803e-02
6.899155195558930032e-02
6.898153059462840131e-02
6.897151062058570758e-02
6.896149203315327103e-02
6.895147483202347660e-02
6.894145901688923661e-02
6.893144458744375480e-02
6.892143154338062350e-02
6.891141988439385135e-02
6.890140961017780785e-02
6.889140072042727880e-02
6.888139321483742472e-02
6.887138709310372531e-02
6.886138235492214599e-02
6.885137899998892974e-02
6.884137702800080527e-02
6.883137643865477884e-02
6.882137723164824528e-02
6.881137940667907127e-02
6.880138296344534554e-02
6.879138790164571193e-02
6.878139422097902245e-02
6.877140192114458705e-02
6.876141100184206267e-02
6.875142146277145316e-02
6.874143330363320648e-02
6.873144652412807587e-02
6.872146112395716155e-02
6.871147710282199395e-02
6.870149446042443653e-02
6.869151319646667198e-02
6.868153331065134093e-02
6.867155480268138934e-02
6.866157767226006847e-02
6.865160191909111531e-02
6.864162754287854440e-02
6.863165454332671722e-02
6.862168292014041160e-02
6.861171267302472454e-02
6.860174380168504449e-02
6.859177630582725949e-02
6.858181018515752125e-02
6.857184543938230070e-02
6.856188206820851283e-02
6.855192007134330856e-02
6.854195944849433841e-02
6.853200019936944720e-02
6.852204232367689607e-02
6.851208582112534862e-02
6.850213069142367661e-02
6.849217693428122367e-02
6.848222454940763870e-02
6.847227353651288984e-02
6.846232389530729212e-02
6.845237562550153532e-02
