2.310207930000000021e-01
2.278587669999999898e-01
2.084269820000000106e-01
2.029959560000000052e-01
1.967061459999999984e-01
1.716382350000000001e-01
1.719635579999999886e-01
1.643294100000000091e-01
1.514313220000000071e-01
1.541989890000000085e-01
1.479970660000000104e-01
1.303246319999999958e-01
1.250869039999999988e-01
1.262422950000000044e-01
1.327764539999999882e-01
1.393906769999999906e-01
1.290189029999999903e-01
1.331236209999999975e-01
1.414388119999999971e-01
1.405201699999999998e-01
1.409564909999999893e-01
1.357366289999999975e-01
1.345101890000000022e-01
1.388246569999999902e-01
1.457294369999999895e-01
1.360766890000000007e-01
1.423984319999999915e-01
1.443601999999999941e-01
1.521309020000000123e-01
1.342735290000000026e-01
1.400115190000000009e-01
1.447854490000000105e-01
1.367642880000000116e-01
1.431737100000000096e-01
1.421994119999999973e-01
1.455989330000000137e-01
1.463878600000000085e-01
1.332678049999999892e-01
1.425374150000000006e-01
1.348165719999999956e-01
1.437545570000000050e-01
1.425659810000000083e-01
1.419173629999999908e-01
1.414068189999999892e-01
1.342641260000000114e-01
1.332506689999999883e-01
1.362950350000000088e-01
1.279951629999999951e-01
1.337104139999999997e-01
1.429680730000000011e-01
1.375938210000000050e-01
1.417916720000000075e-01
1.293707940000000112e-01
1.397007700000000019e-01
1.416134830000000122e-01
1.358440519999999929e-01
1.379176079999999971e-01
1.309845890000000124e-01
1.348583550000000131e-01
1.348697389999999885e-01
1.312464620000000082e-01
1.414991469999999918e-01
1.406548920000000036e-01
1.354288309999999995e-01
1.416160609999999875e-01
1.481162609999999991e-01
1.359085290000000001e-01
1.403504309999999977e-01
1.335455329999999941e-01
1.478597520000000110e-01
1.457514020000000021e-01
1.357726750000000093e-01
1.335999969999999981e-01
1.294345110000000021e-01
1.334479899999999886e-01
1.315588360000000123e-01
1.309258640000000029e-01
1.274275629999999937e-01
1.368095280000000136e-01
1.324140129999999971e-01
1.448256079999999946e-01
1.323566589999999876e-01
1.384474780000000127e-01
1.287447959999999947e-01
1.337402020000000025e-01
1.317495260000000057e-01
1.309104259999999964e-01
1.299622510000000009e-01
1.306715310000000074e-01
1.325565280000000068e-01
1.397202610000000123e-01
1.277804519999999888e-01
1.290474829999999906e-01
1.376147120000000001e-01
1.354588870000000000e-01
1.327597950000000138e-01
1.363475769999999976e-01
1.390795109999999890e-01
1.283068209999999876e-01
1.275167319999999938e-01
1.261282559999999942e-01
1.305460780000000098e-01
1.383708120000000097e-01
1.301685720000000102e-01
1.256183389999999955e-01
1.356092240000000004e-01
1.300387080000000029e-01
1.379919049999999980e-01
1.290070859999999930e-01
1.344510319999999981e-01
1.421108690000000008e-01
1.242990790000000068e-01
1.276680229999999916e-01
1.340931649999999864e-01
1.353317500000000007e-01
1.272992940000000073e-01
1.247503310000000060e-01
1.290032570000000101e-01
1.204956320000000053e-01
1.289232080000000114e-01
1.321768759999999987e-01
1.199219599999999941e-01
1.451982109999999937e-01
1.253022850000000132e-01
1.294098049999999889e-01
1.237784999999999996e-01
1.177464800000000006e-01
1.335669309999999999e-01
1.256848279999999984e-01
1.250419319999999945e-01
1.184316049999999954e-01
1.280349339999999891e-01
1.329271639999999866e-01
1.292573509999999926e-01
1.276270449999999945e-01
1.328891070000000063e-01
1.325917389999999862e-01
1.330109690000000067e-01
1.301054949999999877e-01
1.284599600000000119e-01
1.328089679999999995e-01
1.287238900000000075e-01
1.300255060000000129e-01
1.329952630000000025e-01
1.257047360000000114e-01
1.276708990000000044e-01
1.245421389999999962e-01
1.281707729999999879e-01
1.289562429999999982e-01
1.263224930000000079e-01
1.223810760000000053e-01
1.224226650000000000e-01
1.408701689999999895e-01
1.283255070000000053e-01
1.199417490000000003e-01
1.347170030000000018e-01
1.302864699999999876e-01
1.208149570000000006e-01
1.435549710000000034e-01
1.283180560000000137e-01
1.314721699999999993e-01
1.273650679999999979e-01
1.213450509999999954e-01
1.300172360000000082e-01
1.275125149999999929e-01
1.202075559999999932e-01
1.276450160000000000e-01
1.350306569999999984e-01
1.181285529999999973e-01
1.195386350000000042e-01
1.346065250000000046e-01
1.237698639999999933e-01
1.248900149999999931e-01
1.310049000000000075e-01
1.273391249999999975e-01
1.263070400000000093e-01
1.218992990000000026e-01
1.212743970000000060e-01
1.306830350000000029e-01
1.221060679999999982e-01
1.237866430000000018e-01
1.156831759999999987e-01
1.314629170000000125e-01
1.332266930000000071e-01
1.284372809999999865e-01
1.287268099999999971e-01
1.288533209999999929e-01
1.266619559999999922e-01
1.179078070000000034e-01
1.269568650000000021e-01
1.227812769999999942e-01
1.241820599999999969e-01
1.347686499999999898e-01
1.333827079999999887e-01
1.161095570000000021e-01
1.233041579999999970e-01
1.334833649999999927e-01
1.217300439999999956e-01
1.223684180000000066e-01
1.277870829999999958e-01
1.285700650000000111e-01
1.322450189999999914e-01
1.357170940000000103e-01
1.337460279999999890e-01
1.209270060000000035e-01
1.299326269999999950e-01
1.271382719999999966e-01
1.269170789999999882e-01
1.282603290000000062e-01
1.231415119999999946e-01
1.289923490000000061e-01
1.332140420000000047e-01
1.287642270000000089e-01
1.266012940000000031e-01
1.276770979999999889e-01
1.215347719999999992e-01
1.317879560000000116e-01
1.282096510000000078e-01
1.155720729999999974e-01
1.250470730000000086e-01
1.241774709999999976e-01
1.238268089999999960e-01
1.238605680000000042e-01
1.230501009999999951e-01
1.343776140000000063e-01
1.298564520000000111e-01
1.244893299999999953e-01
1.202621460000000003e-01
1.287094350000000109e-01
1.340617090000000011e-01
1.252157690000000045e-01
1.230244409999999983e-01
1.237113700000000011e-01
1.258153320000000019e-01
1.103494089999999955e-01
1.196451340000000002e-01
1.261619780000000079e-01
1.271702349999999926e-01
1.236370279999999960e-01
1.315767620000000138e-01
1.280732009999999976e-01
1.199301480000000003e-01
1.166149679999999994e-01
1.224652600000000063e-01
1.125769469999999967e-01
1.264563350000000030e-01
1.307156680000000071e-01
1.296169159999999987e-01
1.248058380000000023e-01
1.337729390000000074e-01
1.303286250000000035e-01
1.230538340000000008e-01
1.334602980000000050e-01
1.182167310000000054e-01
1.222733409999999937e-01
1.225136440000000049e-01
1.238351240000000048e-01
1.260164980000000046e-01
1.220083680000000059e-01
1.210338549999999957e-01
1.262269470000000060e-01
1.274541319999999978e-01
1.228752810000000029e-01
1.162284610000000051e-01
1.221286359999999988e-01
1.188333409999999951e-01
1.255993549999999959e-01
1.237586589999999931e-01
1.211377530000000008e-01
1.221104930000000005e-01
1.158733960000000035e-01
1.229300200000000010e-01
1.342936610000000086e-01
1.344642640000000000e-01
1.113300029999999968e-01
1.106126159999999969e-01
1.153184849999999984e-01
1.184094180000000024e-01
1.342185439999999952e-01
1.200905139999999954e-01
1.224858909999999995e-01
1.223731120000000061e-01
1.318450869999999997e-01
1.201279979999999997e-01
1.222061289999999967e-01
1.297270510000000099e-01
1.254432050000000021e-01
1.120543850000000063e-01
1.111593250000000033e-01
1.235744280000000000e-01
1.344087270000000056e-01
1.276440169999999985e-01
1.143777740000000015e-01
1.323051899999999892e-01
1.224786489999999950e-01
1.204016210000000003e-01
1.079376340000000045e-01
1.287132500000000013e-01
1.210128290000000023e-01
1.192479359999999988e-01
1.224442720000000068e-01
1.315817679999999879e-01
1.260138150000000012e-01
1.256578859999999964e-01
1.184840499999999935e-01
1.111753810000000037e-01
1.121590880000000040e-01
1.257731910000000064e-01
1.284961699999999929e-01
1.137318910000000016e-01
1.133317719999999973e-01
1.304818389999999884e-01
1.106387530000000063e-01
1.137696130000000055e-01
1.316619810000000113e-01
1.240872739999999974e-01
1.106908100000000006e-01
1.220109840000000029e-01
1.315111670000000121e-01
1.254347859999999926e-01
1.247090770000000015e-01
1.166962760000000016e-01
1.274907289999999971e-01
1.159236730000000049e-01
1.272636799999999901e-01
1.240952089999999980e-01
1.121853139999999943e-01
1.235273030000000050e-01
1.167005900000000068e-01
1.126712190000000030e-01
1.200703899999999991e-01
1.261249180000000025e-01
1.148690210000000017e-01
1.183846290000000051e-01
1.112318780000000062e-01
1.141801179999999971e-01
1.249609960000000047e-01
1.286351679999999942e-01
1.175967309999999960e-01
1.207420750000000043e-01
1.223330569999999951e-01
1.229063569999999939e-01
1.155410929999999975e-01
1.186773480000000019e-01
1.165994780000000064e-01
1.208030949999999992e-01
1.241056700000000013e-01
1.145764370000000032e-01
1.123247519999999999e-01
1.203661109999999979e-01
1.116403789999999979e-01
1.039652529999999936e-01
1.074134560000000044e-01
1.169489549999999933e-01
1.042005200000000048e-01
1.239011659999999931e-01
1.081160079999999996e-01
1.185534449999999934e-01
1.168264749999999991e-01
1.215620189999999934e-01
1.133083180000000051e-01
1.229492350000000039e-01
1.152571440000000058e-01
1.234875319999999971e-01
1.144091339999999957e-01
1.221530289999999963e-01
1.273417320000000130e-01
1.203119980000000033e-01
1.240559440000000013e-01
1.238323969999999968e-01
1.186887989999999976e-01
1.282694940000000117e-01
1.220608350000000064e-01
1.098558079999999992e-01
1.206332150000000020e-01
1.118647079999999933e-01
1.143422500000000064e-01
1.229642700000000005e-01
1.144017199999999984e-01
1.215908529999999987e-01
1.156950520000000066e-01
1.117216419999999960e-01
1.162762789999999963e-01
1.207652689999999945e-01
1.197949499999999973e-01
1.114611630000000020e-01
1.191678349999999997e-01
1.226789650000000009e-01
1.169918399999999997e-01
1.094924439999999943e-01
1.227761660000000060e-01
1.195287780000000022e-01
1.116414220000000040e-01
1.211154160000000035e-01
1.119441760000000063e-01
1.305708439999999915e-01
1.187978009999999945e-01
1.129721179999999964e-01
1.165051680000000062e-01
1.196650709999999979e-01
1.268468349999999911e-01
1.155928819999999940e-01
1.120443720000000032e-01
1.075748499999999996e-01
1.230723860000000058e-01
1.224973050000000008e-01
1.224469539999999967e-01
1.086304629999999966e-01
1.155832190000000009e-01
1.253465119999999933e-01
1.122333930000000007e-01
1.129260210000000014e-01
1.105968729999999983e-01
1.144612510000000000e-01
1.145621909999999938e-01
1.098913249999999980e-01
1.182372790000000007e-01
1.112888600000000033e-01
1.180706470000000008e-01
1.091593129999999939e-01
1.060853149999999995e-01
1.199919430000000037e-01
1.135777830000000016e-01
1.147862000000000049e-01
1.179537330000000050e-01
1.123963149999999966e-01
1.166038660000000005e-01
1.203801629999999984e-01
1.142537220000000020e-01
1.125789580000000067e-01
1.216118479999999946e-01
1.066226509999999988e-01
1.133066269999999931e-01
1.164734590000000014e-01
1.069056760000000050e-01
1.144771049999999957e-01
1.199487820000000038e-01
1.232223659999999998e-01
1.098823470000000052e-01
1.146483199999999980e-01
1.082700419999999969e-01
1.232808459999999995e-01
1.084316149999999951e-01
1.143232879999999951e-01
1.162719130000000045e-01
1.077430919999999986e-01
1.022497190000000028e-01
1.086205910000000024e-01
1.226186979999999982e-01
1.160722369999999948e-01
1.119421270000000024e-01
1.146612020000000037e-01
1.108418850000000011e-01
1.006374879999999972e-01
1.090422570000000035e-01
1.162263899999999989e-01
1.123614980000000041e-01
1.244572330000000004e-01
1.141232920000000012e-01
1.102789339999999951e-01
1.062298269999999989e-01
1.097701420000000011e-01
1.134513020000000039e-01
1.164874209999999938e-01
1.152302550000000037e-01
1.055099669999999962e-01
1.107168719999999940e-01
1.199673039999999968e-01
1.188311950000000006e-01
1.077291439999999989e-01
1.055421309999999974e-01
1.138138320000000037e-01
1.169117759999999950e-01
1.119488399999999939e-01
1.091258969999999995e-01
1.150971199999999972e-01
1.188017579999999934e-01
1.109987719999999956e-01
1.069938690000000053e-01
1.149506569999999978e-01
1.205945459999999969e-01
1.133672889999999961e-01
1.135194669999999989e-01
1.204545939999999982e-01
1.145460610000000046e-01
1.185069900000000065e-01
1.168820109999999940e-01
1.159690689999999941e-01
1.080846040000000008e-01
1.228452180000000060e-01
1.034599239999999948e-01
1.091337950000000057e-01
1.176056119999999983e-01
1.164129230000000015e-01
1.130756509999999992e-01
1.148041489999999942e-01
1.169657260000000060e-01
1.105713920000000045e-01
1.062431110000000012e-01
1.139198089999999969e-01
1.136392430000000009e-01
1.069385560000000041e-01
1.117832879999999945e-01
1.157154289999999947e-01
1.031679139999999995e-01
1.138957520000000029e-01
1.177259159999999999e-01
1.150486099999999956e-01
1.138781529999999959e-01
1.117568689999999948e-01
1.198627649999999961e-01
1.164135709999999935e-01
1.081217299999999992e-01
1.255086659999999910e-01
1.210505520000000057e-01
1.087285350000000012e-01
1.106449369999999988e-01
1.164254839999999958e-01
1.161537839999999960e-01
1.108871619999999975e-01
1.068916840000000007e-01
9.513646359999999857e-02
1.110543160000000001e-01
1.132088829999999963e-01
1.099903210000000020e-01
1.240301060000000011e-01
1.105022360000000037e-01
1.177632509999999993e-01
1.159951840000000012e-01
1.173750310000000047e-01
1.120217820000000003e-01
1.038932500000000064e-01
1.133905949999999968e-01
1.145296170000000002e-01
1.136706019999999956e-01
1.137472469999999958e-01
1.012506190000000000e-01
1.074475800000000009e-01
1.201725450000000056e-01
1.067607700000000048e-01
1.112016660000000046e-01
1.079689340000000025e-01
1.169178040000000002e-01
1.064515189999999945e-01
9.895425289999999763e-02
1.125673650000000026e-01
1.114911880000000050e-01
1.134112330000000002e-01
1.142646890000000026e-01
1.004799080000000067e-01
9.779471900000000217e-02
1.099711280000000013e-01
9.781585630000000364e-02
1.183963420000000016e-01
9.933713819999999417e-02
1.103853729999999950e-01
1.006904240000000006e-01
1.130182450000000033e-01
1.052504699999999987e-01
1.020276620000000051e-01
1.086395529999999998e-01
9.968782219999999805e-02
1.092254299999999984e-01
1.120481569999999955e-01
1.071577300000000066e-01
1.064048930000000004e-01
1.036065149999999963e-01
1.122341530000000032e-01
1.194020959999999992e-01
1.045731899999999964e-01
1.102866079999999943e-01
1.125978680000000037e-01
1.213408339999999946e-01
1.055042969999999969e-01
1.127058420000000005e-01
1.121512870000000023e-01
9.088622779999999679e-02
1.103631260000000058e-01
1.168264150000000029e-01
1.033171640000000030e-01
1.044638229999999973e-01
1.099638720000000042e-01
1.210944800000000043e-01
9.648592770000000152e-02
1.065689400000000009e-01
1.073634549999999965e-01
1.038783120000000004e-01
1.121782439999999964e-01
1.178613010000000016e-01
1.116173570000000004e-01
9.100279209999999341e-02
1.050780639999999988e-01
1.204224150000000049e-01
1.073664049999999981e-01
1.096974309999999980e-01
1.170857700000000057e-01
1.033158599999999955e-01
1.254539640000000011e-01
1.132176970000000060e-01
1.182818790000000064e-01
1.151026190000000032e-01
1.183387119999999987e-01
1.084584739999999992e-01
1.062571999999999961e-01
9.886480120000000482e-02
1.031800729999999972e-01
1.249499470000000056e-01
1.160492379999999990e-01
1.222700480000000062e-01
1.097586229999999996e-01
9.592589740000000142e-02
1.122560950000000002e-01
1.233824859999999995e-01
1.194871809999999979e-01
1.133690480000000000e-01
1.066976040000000014e-01
9.499906750000000621e-02
1.144951949999999941e-01
1.087150050000000034e-01
1.201600800000000024e-01
9.868515279999999501e-02
1.085947010000000018e-01
1.210947930000000061e-01
1.047947999999999935e-01
1.200203370000000047e-01
1.028124170000000032e-01
1.074926110000000018e-01
1.146398410000000062e-01
1.048121449999999955e-01
1.098375919999999978e-01
1.095043940000000049e-01
1.003718229999999989e-01
1.112486270000000027e-01
1.016319839999999947e-01
1.070405990000000002e-01
1.186866760000000048e-01
9.440913049999999362e-02
1.037355590000000050e-01
1.033837269999999947e-01
9.781732410000000544e-02
1.082393900000000048e-01
9.532698990000000594e-02
1.069202050000000043e-01
1.212219969999999980e-01
1.073054600000000053e-01
9.495324639999999650e-02
1.101045910000000017e-01
1.084131670000000047e-01
1.134674769999999971e-01
1.007646549999999946e-01
1.092173079999999991e-01
1.027468289999999979e-01
1.080854609999999938e-01
9.857795390000000102e-02
1.046572100000000005e-01
1.084473130000000035e-01
1.071423219999999982e-01
1.010866170000000036e-01
1.221700460000000044e-01
8.616839349999999564e-02
1.105038599999999954e-01
1.165814700000000065e-01
1.094278919999999988e-01
9.970219430000000493e-02
1.010118279999999980e-01
1.097995040000000061e-01
9.533736110000000374e-02
9.449953590000000070e-02
1.010620069999999954e-01
1.159364130000000020e-01
1.138957220000000048e-01
9.751612689999999972e-02
9.806877370000000038e-02
1.079250870000000029e-01
9.768946470000000604e-02
1.029377429999999982e-01
9.599449490000000473e-02
9.994129840000000320e-02
9.551854429999999396e-02
1.030233650000000056e-01
9.718972439999999657e-02
8.270443980000000139e-02
1.008557010000000059e-01
9.260470419999999869e-02
1.059843899999999978e-01
1.026535560000000069e-01
1.069835050000000065e-01
1.063774150000000029e-01
1.170220450000000051e-01
1.183036860000000051e-01
1.045555100000000043e-01
8.772546800000000089e-02
1.115114239999999979e-01
1.075428949999999995e-01
1.035963669999999948e-01
1.030683290000000002e-01
1.099937710000000041e-01
9.730329359999999317e-02
8.947177979999999808e-02
1.061935199999999996e-01
1.141125409999999979e-01
1.151362509999999950e-01
9.479469810000000496e-02
9.745211900000000371e-02
1.085666869999999951e-01
1.002307830000000038e-01
1.094032820000000045e-01
1.107568520000000029e-01
1.060166210000000053e-01
1.150879640000000009e-01
9.905227269999999917e-02
1.164022390000000046e-01
8.350618179999999557e-02
1.087652590000000030e-01
1.103631179999999962e-01
9.784012290000000667e-02
1.123232390000000053e-01
1.019704339999999987e-01
8.288033309999999487e-02
8.840209250000000130e-02
1.098452659999999970e-01
1.112192419999999959e-01
1.107317659999999954e-01
1.113644169999999933e-01
1.096101550000000008e-01
1.058727129999999933e-01
1.089984769999999964e-01
9.557108579999999687e-02
1.021103859999999974e-01
1.072290320000000019e-01
1.065179180000000031e-01
9.549323469999999869e-02
1.039336399999999938e-01
1.102676169999999983e-01
1.170630309999999979e-01
9.078586850000000541e-02
9.826003760000000253e-02
1.063375770000000026e-01
1.030577200000000054e-01
1.143873110000000054e-01
1.076133920000000022e-01
9.536590429999999841e-02
1.106280389999999975e-01
1.014766619999999953e-01
9.337607030000000252e-02
1.030297429999999931e-01
1.121722680000000055e-01
1.045186969999999937e-01
1.169342099999999968e-01
1.090358569999999999e-01
8.481741700000000606e-02
9.514764700000000186e-02
9.667424859999999842e-02
9.334544090000000682e-02
1.073626280000000016e-01
9.766343980000000147e-02
9.401171649999999491e-02
9.291987869999999983e-02
1.025074120000000061e-01
1.078894360000000052e-01
9.927960489999999860e-02
1.089432609999999996e-01
1.116193610000000003e-01
8.972830330000000632e-02
9.976635870000000184e-02
9.263372420000000329e-02
1.026829630000000021e-01
1.036507710000000027e-01
1.028842699999999999e-01
1.050638029999999973e-01
1.033172380000000057e-01
9.985937179999999913e-02
9.756417570000000539e-02
1.123834920000000015e-01
1.083035769999999981e-01
1.041279880000000047e-01
1.089277270000000020e-01
1.073709199999999947e-01
9.590937200000000662e-02
9.659586850000000113e-02
1.158245499999999983e-01
1.036304239999999988e-01
9.740124640000000222e-02
9.984102849999999807e-02
1.111673860000000069e-01
1.187773349999999978e-01
8.025090399999999791e-02
1.061755199999999955e-01
9.498000139999999980e-02
1.120023349999999945e-01
1.065911130000000012e-01
1.119957189999999936e-01
1.019871680000000030e-01
9.076244379999999501e-02
9.516648950000000662e-02
1.187038120000000058e-01
9.641049799999999725e-02
9.810788180000000469e-02
1.079807950000000044e-01
1.026502100000000056e-01
1.045260580000000050e-01
1.107413019999999998e-01
8.899409319999999901e-02
9.445027259999999591e-02
8.995135869999999756e-02
9.569296239999999787e-02
9.892678259999999890e-02
1.070176810000000034e-01
8.828356119999999918e-02
1.076910870000000048e-01
1.038260389999999950e-01
9.990262989999999788e-02
9.608855099999999427e-02
8.984453230000000179e-02
1.046673659999999978e-01
1.058573349999999968e-01
1.061845200000000045e-01
1.085195840000000023e-01
1.072686169999999967e-01
1.190550100000000028e-01
1.064291069999999950e-01
8.227840070000000394e-02
1.002326979999999951e-01
1.204191450000000052e-01
1.058990810000000060e-01
1.081544980000000017e-01
1.101350779999999974e-01
1.086663380000000012e-01
1.060084030000000010e-01
9.297381339999999383e-02
1.095771859999999931e-01
9.073407199999999895e-02
9.542658930000000317e-02
1.020945389999999980e-01
1.009773540000000053e-01
1.064222529999999944e-01
9.142644699999999403e-02
8.980658649999999354e-02
1.012481670000000000e-01
1.102216319999999999e-01
1.032214459999999945e-01
1.025883850000000042e-01
9.687460959999999455e-02
1.041000859999999945e-01
1.012177539999999931e-01
9.577503060000000512e-02
1.152742580000000044e-01
9.242048109999999317e-02
1.016096920000000015e-01
9.251609439999999851e-02
1.055861409999999945e-01
9.586135299999999637e-02
8.837131410000000076e-02
1.044338719999999970e-01
9.565480799999999395e-02
9.952951969999999926e-02
1.027573350000000052e-01
9.369730950000000613e-02
1.022221299999999944e-01
1.064675600000000028e-01
1.026921499999999959e-01
1.077858879999999964e-01
1.042517500000000041e-01
9.252534810000000165e-02
1.131696850000000060e-01
1.104599089999999950e-01
9.286165239999999432e-02
9.309054910000000294e-02
9.085799749999999564e-02
8.681126679999999485e-02
1.152509530000000032e-01
8.231342580000000630e-02
1.051890699999999956e-01
7.997891309999999310e-02
9.944925459999999495e-02
1.086301509999999942e-01
8.653115479999999582e-02
9.807507690000000222e-02
1.106385139999999934e-01
9.031704810000000527e-02
8.469406520000000160e-02
9.949132800000000387e-02
1.073074120000000048e-01
9.669304639999999618e-02
1.188259269999999979e-01
9.327681359999999422e-02
9.335456790000000449e-02
1.071873230000000010e-01
9.116598959999999696e-02
8.412836490000000222e-02
8.379315580000000485e-02
1.105945410000000045e-01
1.047868210000000022e-01
9.821274879999999929e-02
8.994370699999999774e-02
9.288551659999999544e-02
1.011698689999999956e-01
1.014892980000000056e-01
8.983930199999999588e-02
1.030252049999999947e-01
7.960372420000000337e-02
7.599511000000000460e-02
1.008215769999999956e-01
1.077454159999999966e-01
8.358307930000000163e-02
9.577763829999999534e-02
8.661487700000000678e-02
9.875370560000000519e-02
9.047652779999999784e-02
1.075919870000000000e-01
9.205523129999999832e-02
8.660284429999999534e-02
8.778238300000000549e-02
9.213799239999999335e-02
8.720565589999999812e-02
9.925682839999999674e-02
9.530302879999999477e-02
9.431905299999999992e-02
9.483532610000000584e-02
9.627339990000000070e-02
8.942466970000000070e-02
7.844249899999999887e-02
8.539800349999999984e-02
9.267639369999999821e-02
9.842713179999999784e-02
9.762478619999999385e-02
9.032894669999999571e-02
1.038298309999999974e-01
8.117602020000000418e-02
9.017733479999999469e-02
9.039589759999999696e-02
1.039739550000000068e-01
9.978970889999999594e-02
1.018910709999999997e-01
9.874803570000000030e-02
9.014224260000000544e-02
9.776643660000000624e-02
1.054737270000000032e-01
9.595564750000000476e-02
9.608548129999999743e-02
8.452185239999999988e-02
9.963665900000000242e-02
8.522281800000000573e-02
1.100579049999999975e-01
1.012940779999999957e-01
9.470295160000000156e-02
1.089736669999999963e-01
8.020558949999999354e-02
9.069132059999999995e-02
8.280031379999999719e-02
8.905806389999999795e-02
8.441450450000000105e-02
8.675339819999999813e-02
1.069317010000000040e-01
7.714860889999999860e-02
9.409442540000000077e-02
8.973162619999999756e-02
9.284491089999999391e-02
1.035979090000000019e-01
9.290291370000000604e-02
8.890758449999999757e-02
8.525472130000000259e-02
9.318440410000000673e-02
9.588173029999999541e-02
8.218393470000000256e-02
1.097620200000000018e-01
9.294780340000000085e-02
1.104748549999999968e-01
1.017852499999999938e-01
1.168203429999999932e-01
9.606990220000000136e-02
9.603600950000000525e-02
9.241069109999999753e-02
1.061571689999999957e-01
1.093013439999999947e-01
8.767813439999999625e-02
1.001754920000000049e-01
1.169739810000000046e-01
9.589567779999999542e-02
9.460029749999999960e-02
1.049233150000000031e-01
9.907840190000000158e-02
1.141581009999999979e-01
1.001392980000000016e-01
1.018675639999999938e-01
8.582431079999999768e-02
9.607821699999999354e-02
7.829910519999999652e-02
8.529812840000000618e-02
1.042903740000000051e-01
9.965742380000000566e-02
1.135999109999999979e-01
7.854387910000000528e-02
1.032229659999999993e-01
8.517672869999999563e-02
9.708461170000000362e-02
8.816454560000000495e-02
1.114427749999999939e-01
9.514451029999999865e-02
8.643443879999999913e-02
8.359302579999999816e-02
9.679378569999999571e-02
1.089678929999999962e-01
9.847174579999999622e-02
9.418682009999999882e-02
9.090027209999999858e-02
8.389955009999999769e-02
8.210706710000000019e-02
9.403368830000000123e-02
8.607652039999999505e-02
8.713340009999999414e-02
7.824145999999999879e-02
7.724211359999999527e-02
9.609817710000000124e-02
1.062923370000000006e-01
1.035784039999999989e-01
9.340327980000000252e-02
1.183176559999999933e-01
1.004274260000000002e-01
9.850511700000000315e-02
1.039454040000000051e-01
9.728710349999999951e-02
9.892772140000000158e-02
9.384899589999999570e-02
8.956991139999999352e-02
1.030794079999999974e-01
1.093163489999999932e-01
9.832970800000000178e-02
1.100827979999999956e-01
1.032481489999999974e-01
1.010440959999999999e-01
7.208196819999999894e-02
1.096311360000000040e-01
8.949870619999999999e-02
9.904606639999999351e-02
6.502695379999999525e-02
9.376767279999999316e-02
1.012918059999999981e-01
9.279396380000000388e-02
1.006930250000000054e-01
9.365149590000000634e-02
9.858126940000000449e-02
7.689415659999999930e-02
9.196155520000000305e-02
9.277186540000000037e-02
1.002285329999999947e-01
8.564100410000000108e-02
1.038169639999999977e-01
8.397172390000000319e-02
7.982760669999999781e-02
8.305938540000000481e-02
8.715191479999999380e-02
9.298911690000000174e-02
9.405353669999999555e-02
9.882555160000000560e-02
1.117102060000000063e-01
8.823918549999999750e-02
9.896261250000000509e-02
1.081426290000000040e-01
9.360268709999999825e-02
9.686103460000000664e-02
8.533548559999999672e-02
7.344286889999999957e-02
8.681672070000000241e-02
1.101108570000000064e-01
9.419732540000000376e-02
9.034572539999999319e-02
8.905625339999999335e-02
1.067695250000000040e-01
8.738920090000000529e-02
9.820266810000000124e-02
9.630548949999999386e-02
9.838678689999999505e-02
9.401039029999999630e-02
9.257925300000000024e-02
8.617550129999999864e-02
8.990128340000000384e-02
1.106756180000000034e-01
9.896891559999999866e-02
1.137066260000000051e-01
1.091027190000000008e-01
8.379472050000000283e-02
8.817783740000000037e-02
7.291194049999999427e-02
9.101825210000000221e-02
9.907361119999999466e-02
1.001018729999999940e-01
9.232226009999999761e-02
8.550073210000000423e-02
8.599629250000000169e-02
9.772886340000000449e-02
9.975507109999999511e-02
8.407352120000000095e-02
8.537424359999999657e-02
7.854125650000000347e-02
9.050512310000000116e-02
9.563851360000000246e-02
9.267704190000000675e-02
8.418032529999999736e-02
9.183867280000000688e-02
8.639007810000000342e-02
8.493558319999999773e-02
8.072973040000000489e-02
9.303225580000000494e-02
1.049907129999999994e-01
9.027534719999999457e-02
9.519604589999999811e-02
8.042138070000000305e-02
9.168568250000000419e-02
9.107479450000000032e-02
7.933322339999999973e-02
8.232521269999999725e-02
9.249212589999999956e-02
8.122815190000000352e-02
1.053072959999999947e-01
8.091922099999999951e-02
9.671623259999999334e-02
9.134961660000000261e-02
9.832561759999999818e-02
9.802209589999999473e-02
7.936604319999999990e-02
1.079055740000000041e-01
8.786795290000000425e-02
9.297693519999999934e-02
9.171941879999999381e-02
8.839180319999999369e-02
8.787098529999999574e-02
1.005822350000000059e-01
8.687114719999999846e-02
7.552624489999999746e-02
7.607442890000000457e-02
7.791180159999999688e-02
1.009496450000000045e-01
1.114812639999999966e-01
1.044283430000000068e-01
8.788062630000000042e-02
9.633614120000000280e-02
9.724318980000000445e-02
7.649093869999999684e-02
9.461002050000000274e-02
1.051619949999999942e-01
1.069466619999999979e-01
9.097994119999999740e-02
9.785919640000000086e-02
7.872218640000000489e-02
9.625437859999999568e-02
9.010193499999999411e-02
1.056878420000000041e-01
9.149084990000000417e-02
9.377359600000000073e-02
8.309279379999999493e-02
1.030425650000000026e-01
8.058500289999999400e-02
9.202547369999999893e-02
8.896934989999999432e-02
8.327688279999999332e-02
9.407082949999999444e-02
8.498183639999999650e-02
7.865902040000000150e-02
1.086822229999999945e-01
8.837692440000000094e-02
1.000605819999999951e-01
9.370494629999999436e-02
1.110766599999999937e-01
6.832392510000000196e-02
1.160116050000000038e-01
1.006684149999999972e-01
9.818579260000000197e-02
6.515847149999999532e-02
9.099730100000000266e-02
8.414835480000000534e-02
9.198719260000000342e-02
8.046796170000000692e-02
8.114293960000000527e-02
8.686532080000000655e-02
1.020722089999999971e-01
1.099119409999999991e-01
1.061542109999999983e-01
1.032728549999999967e-01
9.864991160000000092e-02
8.483098449999999791e-02
7.417415080000000493e-02
7.582593710000000431e-02
8.443093299999999968e-02
1.000553589999999965e-01
6.461897490000000077e-02
1.004439959999999937e-01
7.916831230000000164e-02
9.943985939999999690e-02
9.854282440000000642e-02
9.647513180000000244e-02
9.866847099999999371e-02
9.531906989999999746e-02
8.873905990000000021e-02
1.177211479999999977e-01
9.778328980000000614e-02
8.775045720000000660e-02
1.080466429999999978e-01
8.781035989999999569e-02
8.227913829999999873e-02
9.253996609999999567e-02
1.052590310000000029e-01
1.170546110000000029e-01
8.618474010000000407e-02
8.453471960000000229e-02
8.692212400000000339e-02
7.583295549999999330e-02
8.593718710000000649e-02
7.235329599999999750e-02
8.694555610000000156e-02
1.029081270000000020e-01
9.129978719999999603e-02
1.008935120000000046e-01
9.300147000000000275e-02
7.580432300000000678e-02
7.969395070000000192e-02
9.377551080000000316e-02
1.134586560000000049e-01
7.346470650000000435e-02
1.123955989999999988e-01
1.102525520000000037e-01
6.548202779999999501e-02
1.052744020000000030e-01
8.640611169999999619e-02
7.985544949999999476e-02
1.086473909999999959e-01
8.611272279999999946e-02
9.361860160000000375e-02
8.550357070000000337e-02
8.845128119999999539e-02
9.487575289999999884e-02
7.673351470000000507e-02
1.116709560000000018e-01
9.470146890000000206e-02
7.454174759999999955e-02
9.299135209999999374e-02
1.094011520000000015e-01
7.709567990000000537e-02
1.037412429999999969e-01
8.566971119999999829e-02
1.009295510000000062e-01
9.173324700000000387e-02
9.699817750000000460e-02
9.148517250000000323e-02
9.377285089999999601e-02
8.533059060000000584e-02
9.075874840000000554e-02
8.559723939999999698e-02
9.577268360000000536e-02
7.406134899999999854e-02
9.534073619999999805e-02
9.775745119999999788e-02
8.323466779999999510e-02
9.759461129999999485e-02
9.540688249999999815e-02
9.095653889999999464e-02
9.605114909999999673e-02
1.050417569999999995e-01
8.662019669999999893e-02
7.880727949999999371e-02
7.270049300000000492e-02
8.907648179999999583e-02
6.569720800000000693e-02
7.374785100000000315e-02
9.595873950000000097e-02
7.937476779999999565e-02
1.014050620000000041e-01
1.091118529999999948e-01
7.829222830000000244e-02
8.730071039999999505e-02
1.026139709999999983e-01
7.683450729999999340e-02
9.766394640000000682e-02
7.358888539999999812e-02
9.209791570000000482e-02
8.697041869999999619e-02
6.585214289999999360e-02
1.033850830000000026e-01
1.019294560000000016e-01
7.984038440000000569e-02
1.086861489999999958e-01
7.743068779999999485e-02
7.000514859999999728e-02
5.981715020000000216e-02
8.393769709999999995e-02
8.598674829999999880e-02
8.054599910000000140e-02
1.039790879999999973e-01
8.852862570000000209e-02
9.110368039999999779e-02
8.964099740000000538e-02
8.658421780000000179e-02
1.041704039999999942e-01
8.530236039999999909e-02
1.050414219999999954e-01
1.046336139999999998e-01
9.031669800000000081e-02
7.357989249999999370e-02
8.856844160000000576e-02
9.015978869999999312e-02
8.201382309999999398e-02
1.032167229999999963e-01
9.838103500000000556e-02
8.276945350000000645e-02
9.400265659999999801e-02
1.012696329999999978e-01
1.025500300000000004e-01
9.314570580000000599e-02
7.900479439999999465e-02
9.246736760000000277e-02
9.437818829999999881e-02
1.017888039999999966e-01
8.300182970000000160e-02
1.174291150000000006e-01
1.066107530000000025e-01
9.748763589999999424e-02
8.817448469999999983e-02
6.977476180000000139e-02
9.381796420000000636e-02
8.601268380000000324e-02
1.013008209999999992e-01
8.070841430000000316e-02
8.641862869999999974e-02
1.045445950000000040e-01
6.898302580000000017e-02
9.835614260000000164e-02
6.280926609999999688e-02
8.304167540000000070e-02
6.898257139999999787e-02
7.107096170000000435e-02
7.993666829999999945e-02
8.192063119999999643e-02
9.049157800000000307e-02
9.258334340000000384e-02
8.494204280000000606e-02
6.376086179999999881e-02
9.515386820000000523e-02
1.007757930000000024e-01
8.462563900000000250e-02
8.797693249999999354e-02
8.096193520000000143e-02
8.256559069999999667e-02
9.287737309999999358e-02
9.171923999999999355e-02
6.554547700000000476e-02
7.175493989999999489e-02
6.608267869999999433e-02
8.449230339999999617e-02
1.203852220000000001e-01
1.000647919999999996e-01
8.393227309999999608e-02
1.042571219999999937e-01
7.258377970000000345e-02
1.082816939999999978e-01
9.615268559999999576e-02
7.485115529999999961e-02
9.920094159999999495e-02
9.425362199999999524e-02
8.871275189999999755e-02
7.181838899999999637e-02
1.106086000000000014e-01
9.737361220000000095e-02
7.586403939999999957e-02
6.707382200000000516e-02
8.845794199999999774e-02
7.783972470000000143e-02
6.708563859999999712e-02
7.760790739999999521e-02
8.621194209999999414e-02
7.403822990000000215e-02
6.966658679999999937e-02
1.024511230000000050e-01
8.389725539999999537e-02
7.831976559999999365e-02
6.802565600000000379e-02
9.797732530000000106e-02
5.439193169999999994e-02
1.054419580000000023e-01
5.952683839999999699e-02
7.299561799999999823e-02
1.045765280000000019e-01
8.581495290000000498e-02
9.118520469999999434e-02
1.005814079999999971e-01
7.766683400000000403e-02
8.258687700000000298e-02
9.012979270000000265e-02
1.027007550000000047e-01
1.002335470000000062e-01
9.662740679999999582e-02
8.962663260000000576e-02
7.590243970000000451e-02
9.315206110000000261e-02
9.195715929999999372e-02
1.054277789999999992e-01
8.700808879999999412e-02
9.898427129999999574e-02
7.491073759999999915e-02
9.715241189999999916e-02
7.489027080000000558e-02
1.032724980000000042e-01
7.343715430000000155e-02
8.306689559999999584e-02
1.093805729999999948e-01
7.594157760000000423e-02
8.073445410000000544e-02
1.163664090000000040e-01
8.297704159999999551e-02
8.315813539999999948e-02
8.785130830000000002e-02
8.544057609999999858e-02
9.437680989999999714e-02
9.224031870000000410e-02
8.049651979999999929e-02
9.616265449999999992e-02
8.365296569999999821e-02
8.636093879999999501e-02
8.431226020000000265e-02
1.250011179999999944e-01
1.004491220000000018e-01
7.349118590000000562e-02
8.374325929999999751e-02
9.475123139999999666e-02
8.895476909999999737e-02
7.125643639999999779e-02
9.896288809999999325e-02
9.080466630000000317e-02
9.462803599999999871e-02
4.020314660000000317e-02
6.232208010000000326e-02
9.994520249999999661e-02
8.927670120000000265e-02
7.306708400000000436e-02
9.143164010000000286e-02
7.451345030000000591e-02
1.152243389999999951e-01
7.245599480000000647e-02
7.870902120000000668e-02
1.168357879999999960e-01
7.224164900000000500e-02
7.365200669999999450e-02
8.754419539999999667e-02
9.756442160000000641e-02
8.928060529999999606e-02
9.722267090000000223e-02
7.237522300000000242e-02
1.039961199999999975e-01
8.095239099999999854e-02
8.183594049999999565e-02
7.478611170000000474e-02
5.966958779999999990e-02
8.672256770000000281e-02
1.002041099999999990e-01
7.507590949999999597e-02
6.959938259999999544e-02
8.828029040000000272e-02
6.404894590000000110e-02
8.741181339999999633e-02
8.626344800000000645e-02
9.732781349999999887e-02
8.520854260000000624e-02
9.445976470000000402e-02
7.643902299999999483e-02
6.041499969999999942e-02
8.351700750000000395e-02
6.601605559999999817e-02
7.913810009999999728e-02
7.296107709999999358e-02
7.858896260000000633e-02
8.815991880000000058e-02
9.357468780000000041e-02
8.567890520000000232e-02
5.352712049999999722e-02
6.747269629999999574e-02
5.058053140000000336e-02
6.984733790000000053e-02
8.604835719999999466e-02
7.746066899999999589e-02
8.626519139999999641e-02
1.095942709999999931e-01
9.129239620000000055e-02
8.835811909999999325e-02
8.274400980000000405e-02
5.483143780000000050e-02
8.744519950000000097e-02
6.512021269999999917e-02
6.065232310000000238e-02
6.662862749999999556e-02
1.138440220000000030e-01
8.323262630000000106e-02
7.008895280000000672e-02
7.525898520000000314e-02
8.014325049999999895e-02
7.467390599999999823e-02
5.959359179999999812e-02
7.644698020000000038e-02
9.419886019999999804e-02
8.167591690000000626e-02
8.163011069999999425e-02
1.000630329999999957e-01
1.010836509999999966e-01
8.847220990000000118e-02
1.062725260000000060e-01
8.848508450000000525e-02
1.034685149999999970e-01
8.610165120000000394e-02
9.320968390000000658e-02
8.171335609999999527e-02
8.700782059999999374e-02
1.029207860000000002e-01
9.333915260000000269e-02
7.994703200000000121e-02
1.049214529999999979e-01
9.783360359999999922e-02
8.928618580000000082e-02
8.227878809999999987e-02
8.104398100000000105e-02
7.092057910000000576e-02
5.434452000000000033e-02
1.102117449999999999e-01
8.721680190000000166e-02
1.015094589999999963e-01
9.543059769999999442e-02
8.461537210000000253e-02
6.616282460000000309e-02
1.053480509999999981e-01
8.899576959999999648e-02
8.391752090000000053e-02
8.842406419999999934e-02
7.852577419999999531e-02
9.305840730000000671e-02
9.542963649999999798e-02
7.404441389999999457e-02
6.542187180000000324e-02
1.021944729999999940e-01
9.135980900000000016e-02
1.033017039999999942e-01
8.695512260000000382e-02
1.058498320000000048e-01
7.231467219999999918e-02
5.953796950000000282e-02
8.463750779999999752e-02
1.118352559999999940e-01
7.750499989999999617e-02
5.438237259999999934e-02
7.387573270000000192e-02
8.482758699999999596e-02
5.665474010000000338e-02
7.420286539999999820e-02
7.396137710000000309e-02
9.685429930000000187e-02
8.690070360000000382e-02
8.551707860000000438e-02
7.091268900000000097e-02
8.284194770000000152e-02
8.581052720000000023e-02
8.803752060000000212e-02
7.672984150000000669e-02
9.421358259999999818e-02
1.073700489999999952e-01
8.171613510000000358e-02
5.762828140000000182e-02
7.761342079999999921e-02
6.335915629999999688e-02
7.889968899999999508e-02
9.821853789999999973e-02
1.087289530000000032e-01
8.721219750000000492e-02
9.685510399999999742e-02
7.177621130000000349e-02
9.923277799999999371e-02
6.984856720000000296e-02
6.597229089999999407e-02
7.519356160000000011e-02
8.370100710000000221e-02
8.403206620000000515e-02
7.608739289999999489e-02
6.833856550000000363e-02
7.333962619999999377e-02
1.028846199999999961e-01
7.818856840000000530e-02
8.204393829999999388e-02
1.021395469999999972e-01
8.950301260000000092e-02
7.411687819999999982e-02
7.211690399999999557e-02
5.555345119999999942e-02
6.282345949999999790e-02
7.017377019999999910e-02
8.185573670000000079e-02
1.147621939999999979e-01
6.740520149999999766e-02
8.505126829999999638e-02
9.798768909999999721e-02
7.078600670000000095e-02
5.624259260000000205e-02
6.666804849999999338e-02
1.234634000000000009e-01
8.302006130000000317e-02
7.500240210000000407e-02
7.495024059999999544e-02
6.418161840000000118e-02
9.655894339999999965e-02
8.632899820000000668e-02
9.009101989999999949e-02
9.758510439999999730e-02
7.026164229999999622e-02
9.708732370000000556e-02
7.289490099999999806e-02
8.431275189999999642e-02
6.091000879999999840e-02
7.748229060000000334e-02
7.301337269999999546e-02
7.607610519999999377e-02
9.422573450000000517e-02
7.463699579999999445e-02
8.103258160000000043e-02
5.792648350000000057e-02
8.775433150000000460e-02
9.363386029999999638e-02
9.294788539999999932e-02
8.751487730000000187e-02
9.080093350000000008e-02
8.921309560000000027e-02
6.987176089999999617e-02
6.871424619999999539e-02
8.302223679999999606e-02
6.287965919999999320e-02
8.229325710000000293e-02
1.256754989999999961e-01
1.005254160000000063e-01
4.718269039999999775e-02
8.925900609999999624e-02
4.882516340000000316e-02
9.559096400000000049e-02
4.958488789999999924e-02
8.953589950000000186e-02
5.285330860000000269e-02
6.964634359999999358e-02
1.208656429999999948e-01
8.746684339999999391e-02
8.246751130000000429e-02
8.340138199999999613e-02
6.493113189999999424e-02
8.001721650000000186e-02
1.068239809999999984e-01
7.207295299999999516e-02
9.539709239999999424e-02
7.607683540000000078e-02
6.677930799999999556e-02
8.455237749999999775e-02
7.250918450000000404e-02
7.847149670000000410e-02
1.038372810000000035e-01
6.212195749999999822e-02
8.253526690000000110e-02
6.300026179999999865e-02
7.433856279999999372e-02
9.602667389999999803e-02
8.832976970000000483e-02
6.937998530000000219e-02
5.972747879999999732e-02
6.383359430000000445e-02
8.684053270000000047e-02
9.166317429999999711e-02
4.924129320000000115e-02
1.064000350000000039e-01
6.141964350000000267e-02
6.208245460000000326e-02
1.056185220000000063e-01
7.406155770000000249e-02
9.462337199999999726e-02
4.148066789999999698e-02
8.218818899999999483e-02
5.561231080000000188e-02
7.513484360000000084e-02
7.435984160000000398e-02
8.027777079999999510e-02
9.328497199999999379e-02
8.191721890000000506e-02
7.584092019999999490e-02
8.795554939999999933e-02
8.512960370000000054e-02
8.368925010000000109e-02
6.310779599999999379e-02
1.175478320000000049e-01
1.045193819999999940e-01
8.787148449999999944e-02
8.198722449999999717e-02
7.608073199999999814e-02
9.724222120000000635e-02
5.867963660000000137e-02
8.382611719999999433e-02
6.511866299999999330e-02
9.241694209999999632e-02
7.797047499999999742e-02
1.008069219999999933e-01
6.353349240000000231e-02
1.101488250000000058e-01
1.101699919999999944e-01
6.773462149999999460e-02
4.767252880000000248e-02
7.746499029999999453e-02
9.972443429999999776e-02
6.609514360000000310e-02
8.579791339999999489e-02
1.101132930000000010e-01
9.086839850000000274e-02
8.781370519999999458e-02
7.805573940000000432e-02
6.717786189999999658e-02
8.607082809999999640e-02
8.345368499999999967e-02
6.741983440000000327e-02
8.284009250000000379e-02
8.215536919999999466e-02
8.094797280000000372e-02
7.183629269999999845e-02
9.126120059999999479e-02
5.700591950000000185e-02
8.517556639999999957e-02
5.461951350000000122e-02
7.440307740000000336e-02
8.568318930000000389e-02
5.069176849999999790e-02
9.125889839999999642e-02
6.411289420000000627e-02
9.191191199999999839e-02
8.049044010000000471e-02
8.783871679999999404e-02
9.966257209999999922e-02
1.011423989999999939e-01
6.054479630000000195e-02
8.642389629999999712e-02
1.002172679999999982e-01
1.020877290000000021e-01
7.376474889999999618e-02
5.526177589999999723e-02
7.670979949999999492e-02
5.922834579999999849e-02
1.118073390000000056e-01
7.592706379999999977e-02
1.072636619999999957e-01
8.254489299999999419e-02
9.591987729999999768e-02
8.929596099999999315e-02
8.327095210000000358e-02
6.551764910000000552e-02
6.209890170000000043e-02
7.861582189999999359e-02
8.254890139999999932e-02
8.291295919999999708e-02
7.317776980000000042e-02
8.878308529999999477e-02
7.604545349999999870e-02
6.747601179999999921e-02
7.962624729999999429e-02
6.348729129999999832e-02
7.919608799999999782e-02
1.262668520000000127e-01
1.014021930000000016e-01
1.041995960000000054e-01
8.107119799999999710e-02
3.800779209999999991e-02
8.276555689999999521e-02
8.693917839999999730e-02
6.735975299999999444e-02
1.007324379999999936e-01
9.516210849999999499e-02
7.598035039999999352e-02
1.010808349999999939e-01
6.977564099999999936e-02
6.457882369999999594e-02
4.843371729999999820e-02
4.657671230000000329e-02
9.101829679999999534e-02
6.969294700000000509e-02
7.989685979999999743e-02
5.301596220000000248e-02
1.019431050000000061e-01
6.851112839999999593e-02
6.892418860000000536e-02
9.826451540000000207e-02
8.680143949999999387e-02
6.596466900000000355e-02
7.424877579999999977e-02
8.662600069999999708e-02
9.580554809999999866e-02
8.808204529999999477e-02
9.562887999999999944e-02
9.547051789999999594e-02
7.317134740000000304e-02
7.709676029999999736e-02
9.520291540000000441e-02
7.602412999999999532e-02
5.988045780000000179e-02
9.815409029999999646e-02
6.587091829999999759e-02
5.667227130000000029e-02
9.483724829999999606e-02
5.303445090000000195e-02
5.089823529999999707e-02
6.809601930000000469e-02
6.477238979999999646e-02
8.161370460000000326e-02
5.915985259999999996e-02
2.716480939999999997e-02
6.656737629999999462e-02
7.970328629999999526e-02
7.588101179999999502e-02
8.492625500000000605e-02
6.606999780000000211e-02
8.412054180000000381e-02
5.297391860000000285e-02
5.023441840000000130e-02
6.612472240000000223e-02
9.145122769999999846e-02
7.795864339999999948e-02
7.300417870000000531e-02
8.633701500000000306e-02
7.790839669999999328e-02
4.088530690000000134e-02
9.082070740000000586e-02
6.851853430000000300e-02
9.937781839999999811e-02
8.358194680000000099e-02
1.238538099999999947e-01
7.806780189999999731e-02
8.474345510000000359e-02
5.242568630000000313e-02
7.303914429999999736e-02
8.595231920000000192e-02
8.243401350000000016e-02
8.711983260000000229e-02
5.076415840000000207e-02
7.460098710000000188e-02
9.301240739999999674e-02
8.721337469999999870e-02
7.671192290000000691e-02
7.169374820000000426e-02
8.671259879999999864e-02
5.128258089999999936e-02
6.175409259999999761e-02
6.876777859999999576e-02
8.224614709999999995e-02
5.970995500000000206e-02
7.509279250000000516e-02
8.745079490000000344e-02
5.767993259999999733e-02
1.001444459999999981e-01
7.365842910000000576e-02
7.206593449999999790e-02
7.845972480000000526e-02
6.944988670000000475e-02
8.529358360000000028e-02
9.593430910000000367e-02
6.928846240000000045e-02
7.436132430000000348e-02
9.381941709999999657e-02
7.617243379999999453e-02
7.721869650000000307e-02
7.563630490000000650e-02
6.769911200000000573e-02
9.901680050000000177e-02
9.050561490000000320e-02
1.122595589999999949e-01
7.524215430000000260e-02
7.253466549999999791e-02
8.223516490000000456e-02
7.406929880000000244e-02
8.874820170000000119e-02
7.303132119999999894e-02
1.198303399999999935e-01
6.011157109999999693e-02
1.114532349999999977e-01
1.088161390000000062e-01
7.055218520000000604e-02
9.441377970000000563e-02
8.352001010000000003e-02
4.381536689999999956e-02
5.525838959999999911e-02
1.106411810000000051e-01
6.728845090000000473e-02
5.582494290000000053e-02
1.207423140000000034e-01
7.665663960000000665e-02
7.039253410000000100e-02
7.528964429999999985e-02
9.586554020000000176e-02
9.234018619999999344e-02
8.503118160000000536e-02
9.635034200000000548e-02
5.599432070000000261e-02
1.018541159999999945e-01
5.380802970000000268e-02
1.170774700000000029e-01
3.958359730000000215e-02
7.613070310000000229e-02
8.015891910000000342e-02
1.029498580000000052e-01
8.230183269999999385e-02
9.099618349999999412e-02
8.650501820000000563e-02
6.243844700000000109e-02
6.648141890000000553e-02
7.102520019999999934e-02
3.982663150000000096e-02
4.539870099999999964e-02
8.046328279999999389e-02
8.585663139999999416e-02
7.551883160000000261e-02
7.394903149999999814e-02
6.848627329999999735e-02
9.348652509999999527e-02
1.058707829999999961e-01
5.547547340000000271e-02
8.219970020000000321e-02
6.215738509999999689e-02
6.140898539999999767e-02
7.078078390000000497e-02
8.060716090000000222e-02
8.787604420000000305e-02
7.850103830000000615e-02
7.025988399999999467e-02
1.269798279999999890e-01
2.449521420000000047e-02
9.602682290000000287e-02
6.998476389999999658e-02
7.447522130000000518e-02
8.686951549999999411e-02
7.696072010000000463e-02
6.447993220000000636e-02
8.735144139999999335e-02
6.531916560000000649e-02
7.531169799999999637e-02
7.309896500000000186e-02
5.932997909999999930e-02
1.002037530000000065e-01
8.292979000000000323e-02
7.918757199999999774e-02
5.227410049999999669e-02
8.104041959999999656e-02
5.336659769999999720e-02
1.114760790000000057e-01
9.418664129999999857e-02
7.340911780000000664e-02
7.393474129999999533e-02
8.426431569999999482e-02
8.340173210000000059e-02
8.068828279999999686e-02
6.654364620000000063e-02
6.893896310000000027e-02
6.674984840000000585e-02
1.043321039999999950e-01
4.176501180000000146e-02
9.262462709999999544e-02
9.409996119999999853e-02
6.612020729999999735e-02
5.940513310000000019e-02
8.155672999999999395e-02
6.930436939999999602e-02
7.569154349999999976e-02
5.958627539999999945e-02
7.226790489999999900e-02
1.139257099999999995e-01
5.936047059999999959e-02
7.095198329999999332e-02
7.601182160000000132e-02
9.545614569999999466e-02
1.067783759999999943e-01
1.135107870000000019e-01
8.131551739999999528e-02
1.090554739999999995e-01
1.052034049999999998e-01
3.850797190000000009e-02
7.659670709999999438e-02
8.752817659999999333e-02
8.193809539999999392e-02
6.291150299999999362e-02
1.236115319999999962e-01
6.374891850000000137e-02
8.173612510000000109e-02
1.180887739999999936e-01
8.003430810000000672e-02
4.745977740000000000e-02
9.491752089999999642e-02
6.120162080000000199e-02
7.535593960000000480e-02
5.041807520000000237e-02
1.041446780000000044e-01
9.761496629999999453e-02
8.971457929999999970e-02
4.253096509999999830e-02
9.012470390000000553e-02
9.305576979999999332e-02
5.910727009999999781e-02
5.905367059999999668e-02
6.330329179999999445e-02
1.149957479999999949e-01
6.882053609999999599e-02
7.042187449999999516e-02
7.652629169999999870e-02
6.457173820000000619e-02
5.197650940000000247e-02
5.501107499999999956e-02
5.571727829999999909e-02
6.466065349999999823e-02
1.098176089999999966e-01
5.324352909999999911e-02
7.548043129999999767e-02
7.468511910000000253e-02
6.785270570000000168e-02
1.125056150000000033e-01
8.681281659999999512e-02
8.136397600000000452e-02
7.474638520000000119e-02
1.135454699999999956e-01
7.896436749999999338e-02
1.102941630000000006e-01
9.679638590000000375e-02
8.252505209999999591e-02
8.122080560000000116e-02
5.755380539999999795e-02
3.071659989999999882e-02
5.798838659999999701e-02
6.099371239999999694e-02
8.690525590000000578e-02
8.360982690000000328e-02
9.242037679999999533e-02
1.113993969999999972e-01
4.217448089999999844e-02
6.459825489999999892e-02
8.139213920000000491e-02
4.136353730000000284e-02
8.121549340000000505e-02
9.111989289999999908e-02
9.299524870000000498e-02
4.896117369999999913e-02
8.929173649999999629e-02
1.022411579999999987e-01
4.290134830000000288e-02
7.979637380000000058e-02
9.532880779999999832e-02
1.458747539999999954e-01
1.079692389999999946e-01
9.535849089999999528e-02
7.632336770000000548e-02
9.070976819999999885e-02
9.618508820000000459e-02
5.634518709999999930e-02
9.532316030000000107e-02
8.124700190000000433e-02
7.736366240000000505e-02
6.468935309999999939e-02
7.549515369999999781e-02
4.354669149999999822e-02
8.608920130000000115e-02
6.220290810000000253e-02
9.669493880000000485e-02
4.359483720000000007e-02
1.934816870000000133e-02
6.900963190000000691e-02
6.699362400000000162e-02
6.437685340000000311e-02
9.090575580000000155e-02
4.792373999999999939e-02
8.585187049999999653e-02
8.385586740000000594e-02
8.515956249999999395e-02
1.266466380000000058e-01
4.671440269999999756e-02
8.510442079999999687e-02
3.968809549999999936e-02
6.835139540000000069e-02
1.131653710000000007e-01
6.895022089999999770e-02
7.065913829999999340e-02
9.722220900000000388e-02
5.942591650000000197e-02
1.006216330000000020e-01
8.819153159999999769e-02
7.912513609999999309e-02
6.447113309999999431e-02
7.624846700000000033e-02
1.521670999999999961e-02
5.024047570000000212e-02
8.590921009999999414e-02
9.732048209999999422e-02
5.908601360000000080e-02
6.507159020000000127e-02
1.183595659999999994e-01
8.857910339999999771e-02
5.087262759999999773e-02
9.202140570000000297e-02
8.376547689999999657e-02
6.262007360000000633e-02
5.630546809999999874e-02
8.592018490000000175e-02
8.355417099999999653e-02
3.129082169999999885e-02
6.362422560000000060e-02
1.019186299999999962e-01
8.259815719999999417e-02
5.761177840000000078e-02
7.283708449999999612e-02
5.772046740000000287e-02
4.386000339999999997e-02
1.251745069999999904e-01
1.139788030000000035e-01
1.121854629999999992e-01
6.233117729999999856e-02
1.178602349999999938e-01
5.043757709999999866e-02
7.590304320000000604e-02
1.087395550000000016e-01
1.195900419999999971e-02
7.252442089999999730e-02
9.623795000000000266e-02
9.746759380000000195e-02
3.720270469999999857e-02
8.943346139999999722e-02
8.507370949999999710e-02
8.436199279999999356e-02
7.978993650000000548e-02
1.011988669999999979e-01
4.880926759999999753e-02
7.414373009999999931e-02
4.693185910000000072e-02
4.073854159999999724e-02
6.897588070000000571e-02
3.595691549999999875e-02
6.640361990000000214e-02
7.216626410000000214e-02
6.254671509999999712e-02
5.452961469999999949e-02
7.035139199999999871e-02
7.025837149999999975e-02
1.011376080000000038e-01
7.892376930000000179e-02
8.052743229999999308e-02
7.667357469999999675e-02
8.855566380000000348e-02
7.020962240000000465e-02
4.765985159999999721e-02
8.842422070000000023e-02
1.006281079999999939e-01
5.151744190000000223e-02
9.771198030000000090e-02
8.737285440000000514e-02
8.100733159999999600e-02
1.033767089999999972e-01
7.141545409999999761e-02
1.146310340000000066e-01
7.448765640000000465e-02
3.418283910000000092e-02
6.388165799999999395e-02
1.009235899999999936e-01
8.844363689999999723e-02
6.632322070000000458e-02
8.416655659999999761e-02
6.099873039999999941e-02
8.374822140000000303e-02
4.589950289999999988e-02
4.812099410000000160e-02
5.589067560000000184e-02
5.773122609999999794e-02
6.447645280000000034e-02
8.130288870000000612e-02
6.912100320000000298e-02
3.442956879999999747e-02
3.767960520000000063e-02
4.734394699999999734e-02
7.893654699999999580e-02
9.131081400000000403e-02
8.150999990000000472e-02
7.683572169999999812e-02
7.383497799999999556e-02
6.590125709999999915e-02
8.679896589999999690e-02
7.005544010000000488e-02
9.396866710000000011e-02
6.162988020000000067e-02
7.926837350000000282e-02
9.506831320000000418e-02
8.879393339999999690e-02
1.107733989999999946e-01
4.538721589999999972e-02
8.023381979999999469e-02
7.285157590000000682e-02
4.823915659999999939e-02
7.192616159999999648e-02
1.081970559999999998e-01
9.990225730000000526e-02
5.638298020000000188e-02
3.365580370000000043e-02
5.894950399999999979e-02
8.906893429999999945e-02
4.573494570000000148e-02
6.830904629999999533e-02
7.290840149999999742e-02
1.117941890000000021e-01
4.304164280000000176e-02
8.296827230000000664e-02
6.903950120000000579e-02
8.408991990000000416e-02
9.837368879999999760e-02
1.097146499999999969e-01
6.779256459999999374e-02
1.290951069999999867e-01
5.000610280000000046e-02
9.848430010000000512e-02
6.211154910000000334e-02
5.438975239999999794e-02
8.864624799999999694e-02
5.062755570000000011e-02
7.909756900000000646e-02
5.884825440000000102e-02
3.577447310000000241e-02
5.664367969999999780e-02
1.115561199999999947e-01
6.039702150000000186e-02
2.853402869999999841e-02
8.747508380000000583e-02
1.044723320000000011e-01
4.822608460000000347e-02
8.607565609999999479e-02
6.200318779999999808e-02
6.511336569999999491e-02
8.523513380000000139e-02
1.044542340000000069e-01
6.190507110000000035e-02
7.157380130000000340e-02
5.617547779999999824e-02
6.271919609999999923e-02
2.409170750000000014e-02
4.600052539999999884e-02
7.978673279999999590e-02
6.791263070000000401e-02
8.875346180000000251e-02
4.506585750000000057e-02
9.611744429999999340e-02
5.051388219999999873e-02
8.977559209999999568e-02
6.121202559999999737e-02
6.298759580000000413e-02
6.620086730000000405e-03
6.990582500000000477e-02
7.489381729999999848e-02
8.073235300000000669e-02
1.261365560000000108e-01
8.448206630000000550e-02
1.263380050000000032e-01
1.088572369999999956e-01
9.804613889999999610e-02
5.396733809999999798e-02
7.293525339999999690e-02
8.282848449999999363e-02
5.813829599999999903e-02
7.658591870000000523e-02
5.330494790000000344e-02
4.279721160000000274e-02
7.578970490000000448e-02
6.581345199999999451e-02
8.538126949999999549e-02
8.253156389999999343e-02
9.548307209999999656e-02
9.199731799999999460e-02
9.541260449999999782e-02
7.839438320000000071e-02
9.168600289999999375e-02
9.092159569999999635e-02
6.538176539999999981e-02
9.603556250000000460e-02
7.656546679999999550e-02
7.831747079999999694e-02
6.227461990000000142e-02
5.099143090000000239e-02
9.997115280000000437e-02
1.045857439999999944e-01
9.302622820000000514e-02
7.784111050000000476e-02
2.210826609999999928e-02
8.789078150000000089e-02
3.735343740000000162e-02
7.973183690000000545e-02
6.446909900000000193e-02
8.617956190000000682e-02
6.079703570000000168e-02
7.956294719999999765e-02
5.400227760000000238e-02
1.114356739999999985e-01
4.830510169999999853e-02
1.215840650000000051e-01
2.966138910000000115e-02
6.422960760000000213e-02
5.005496000000000251e-02
7.468635590000000102e-02
6.557065250000000678e-02
4.922208189999999900e-02
8.678017559999999520e-02
4.980598759999999708e-02
3.742794690000000174e-02
7.289396970000000531e-02
6.618461759999999527e-02
8.396434780000000542e-02
8.960100259999999317e-02
5.797385050000000012e-02
4.429422320000000329e-02
8.409996329999999687e-02
9.342539310000000374e-02
7.638194410000000156e-02
3.370449319999999777e-02
3.895694389999999896e-02
3.908546269999999684e-02
8.445079619999999732e-02
2.495576999999999865e-02
1.116189959999999981e-01
1.178766269999999977e-01
6.787224109999999422e-02
1.012444650000000057e-01
3.878697379999999917e-02
7.050597670000000039e-02
6.187020239999999754e-02
3.432292859999999668e-02
7.586455350000000097e-02
9.801117330000000405e-02
5.853562059999999762e-02
1.127418060000000000e-01
6.647863980000000284e-02
7.144733520000000337e-02
7.660510389999999892e-02
6.553280350000000032e-02
8.299565320000000523e-02
6.008547169999999688e-02
6.086296220000000229e-02
6.590687480000000098e-02
5.935993419999999882e-02
1.013397199999999942e-01
6.354863199999999379e-02
2.422593530000000106e-02
7.764992119999999942e-02
8.004251119999999942e-02
9.305783360000000060e-02
7.147916410000000609e-02
8.904682839999999988e-02
5.768253649999999927e-02
3.777699550000000045e-02
4.285490139999999920e-02
1.188274319999999967e-01
1.113105189999999967e-01
8.933544899999999733e-02
1.030002609999999957e-01
9.004862610000000100e-02
2.957407199999999986e-02
6.908003990000000094e-02
8.247622849999999839e-02
9.811598809999999560e-02
4.007196050000000342e-02
7.707681510000000125e-02
1.064722609999999986e-01
6.361756470000000385e-02
9.253415469999999587e-02
4.385522010000000165e-02
8.317772299999999508e-02
6.607744840000000230e-02
1.110736799999999941e-01
9.482804690000000425e-02
8.841229979999999655e-02
1.946132400000000076e-03
6.254665550000000629e-02
3.660688919999999930e-02
1.093410699999999985e-01
6.959380950000000621e-02
8.015080539999999698e-02
4.585732890000000089e-02
4.971696810000000161e-02
1.238313989999999948e-01
7.568482310000000657e-02
1.489910779999999990e-01
3.093907239999999989e-02
8.045238259999999697e-02
7.797368620000000305e-02
5.787017199999999750e-02
9.165468070000000467e-02
8.139560369999999934e-02
8.317772299999999508e-02
7.513014229999999405e-02
7.744624469999999983e-02
4.086479540000000077e-02
9.477790449999999589e-02
6.178770959999999729e-02
6.519239400000000073e-02
8.796106280000000333e-02
1.362049730000000070e-01
4.229278859999999890e-02
2.201539090000000087e-02
5.136492100000000088e-02
6.124485660000000137e-02
5.047417059999999983e-02
9.180834520000000221e-03
7.327060400000000306e-02
7.701991499999999435e-02
9.403616189999999819e-02
9.252893180000000550e-02
1.461202950000000111e-01
2.240470049999999935e-02
1.081377709999999936e-01
6.371831890000000109e-02
2.867054750000000082e-02
5.979032439999999726e-02
8.755847070000000176e-02
1.110301610000000022e-01
6.457100809999999358e-02
1.300513299999999928e-01
1.294240210000000002e-01
1.034476160000000061e-01
5.807583029999999896e-02
8.610111469999999489e-02
7.266028230000000365e-02
9.915478530000000623e-02
1.023568360000000066e-01
8.706109970000000531e-02
6.289581950000000532e-02
8.381905409999999834e-02
3.303109850000000153e-02
6.739562749999999935e-02
8.595961330000000122e-02
1.331098229999999882e-01
1.087249889999999941e-01
7.241860029999999671e-02
5.037097260000000104e-02
5.549604069999999889e-02
1.024565550000000047e-01
6.059951339999999909e-02
8.380185069999999958e-02
5.463309959999999854e-02
5.765975920000000234e-03
8.106923850000000153e-02
2.127517569999999927e-02
5.287322400000000339e-02
3.756832329999999776e-02
5.235456299999999979e-02
6.932093949999999782e-02
1.015958859999999964e-01
3.972424570000000071e-02
6.450076400000000210e-02
9.340466560000000584e-02
6.823050229999999550e-02
5.383045969999999958e-02
9.817047419999999636e-02
1.368597340000000072e-02
9.808108209999999438e-02
1.256815639999999956e-01
6.974283609999999689e-02
7.795809950000000266e-02
9.334138779999999469e-02
5.764474719999999885e-02
3.802878039999999654e-02
4.191134120000000046e-02
3.211777279999999957e-02
2.708270399999999911e-02
8.426252010000000181e-02
7.656922189999999795e-02
7.420200109999999794e-02
6.762911380000000139e-02
5.554699149999999669e-02
8.843586589999999359e-02
9.895635399999999637e-02
6.452646110000000157e-02
5.349138009999999943e-02
1.306807849999999938e-01
2.782765220000000053e-02
5.510105939999999924e-02
6.505187599999999459e-02
4.118150849999999835e-02
3.133775669999999680e-02
6.291655449999999927e-02
1.571059039999999837e-02
6.086335329999999905e-02
7.656922189999999795e-02
6.800010800000000355e-02
8.261563630000000324e-02
7.320863750000000669e-02
5.902374540000000086e-02
5.392961200000000177e-02
1.045767289999999933e-01
1.537882829999999978e-01
7.451607289999999384e-02
2.780807390000000073e-02
7.864604890000000126e-02
5.826188999999999674e-02
5.049700659999999813e-02
7.967162129999999509e-02
6.007783860000000253e-02
7.792796940000000505e-02
7.171495260000000649e-02
1.397868840000000001e-01
3.831038619999999756e-02
3.106757809999999981e-02
9.403987969999999530e-02
7.809380439999999424e-02
7.916433359999999753e-02
5.024089290000000041e-02
9.489516909999999583e-02
1.069608479999999973e-01
9.076992420000000450e-02
3.646558899999999964e-02
8.776169270000000466e-02
3.004904840000000021e-02
6.318058070000000248e-02
4.015664380000000255e-02
4.143936189999999908e-02
4.930352050000000319e-02
7.102717460000000649e-02
4.190760109999999705e-02
1.862244119999999920e-02
1.152608249999999973e-01
2.800933829999999874e-02
8.598842469999999627e-02
2.528884630000000078e-02
7.377417390000000352e-02
9.513093529999999687e-02
1.109382730000000039e-01
1.317386779999999979e-01
8.440791070000000507e-02
5.231922490000000259e-02
6.833435599999999888e-02
9.235914050000000597e-02
7.789922509999999689e-02
5.309392140000000065e-02
5.166705330000000151e-02
3.110735300000000078e-02
6.187040359999999850e-02
4.195622730000000272e-02
8.282062410000000374e-02
8.135080340000000465e-02
1.005610229999999994e-01
1.497679579999999962e-02
8.194711799999999935e-02
6.463725859999999712e-02
5.242858079999999921e-02
8.825732020000000289e-02
6.550391020000000120e-02
4.585986959999999862e-02
4.775313660000000265e-02
4.868211969999999833e-02
1.119403469999999956e-01
4.041349140000000117e-02
9.269814939999999892e-02
8.800670500000000451e-02
1.636122319999999963e-01
8.769590409999999947e-02
4.112095760000000072e-02
1.089655010000000063e-01
8.600620929999999720e-02
1.066215340000000039e-01
8.162952210000000430e-02
5.114527420000000019e-02
1.020003260000000023e-01
3.876705099999999682e-02
3.940877689999999767e-02
5.751334880000000260e-02
6.015561889999999912e-02
6.398990749999999839e-02
9.385678170000000264e-02
2.101163379999999858e-02
1.047183049999999976e-01
4.944863919999999829e-02
7.685279849999999968e-02
5.207142230000000316e-02
6.508840620000000410e-02
6.165139000000000036e-02
3.265161069999999999e-02
9.201417859999999616e-02
6.136396150000000133e-02
6.254658100000000387e-02
4.952816289999999871e-02
7.134273650000000355e-02
1.043575630000000004e-01
1.476587910000000045e-02
8.688037099999999791e-02
6.226649880000000026e-02
8.446326110000000609e-02
7.327588649999999815e-02
7.451927660000000342e-02
1.258356419999999976e-01
5.235673860000000096e-02
7.142522930000000381e-02
5.481006210000000101e-02
3.396034609999999676e-02
7.604447749999999895e-02
6.211372090000000235e-02
7.703222329999999396e-02
4.218827929999999921e-02
2.881703340000000071e-02
7.249411199999999944e-02
4.141151529999999997e-02
9.076701850000000460e-02
8.104109019999999886e-02
3.660560029999999909e-02
8.598028119999999441e-02
1.214050650000000064e-01
2.889989880000000053e-02
8.824650940000000610e-02
6.313537060000000423e-02
1.400537040000000011e-01
1.088729499999999961e-01
1.171092170000000016e-01
6.409776960000000690e-02
4.506518319999999744e-02
7.960389549999999370e-02
1.111164840000000015e-01
7.289241250000000338e-02
7.221648840000000069e-02
5.727663260000000200e-02
1.903251190000000009e-02
7.434777920000000540e-02
1.081756130000000038e-01
8.109481629999999719e-02
1.014684069999999966e-01
9.533079710000000317e-02
8.079757540000000182e-02
1.071313099999999935e-01
1.291486020000000012e-01
4.332050309999999765e-02
5.740163479999999679e-02
6.300786140000000368e-02
8.053887640000000070e-02
1.738186549999999955e-02
1.823859660000000035e-02
1.239499669999999942e-01
9.908743200000000306e-02
7.689937950000000355e-02
1.052892579999999967e-01
1.032606509999999950e-01
7.774890959999999906e-02
9.874548019999999926e-02
5.370165779999999667e-02
-1.151354419999999976e-02
1.467947810000000131e-01
9.483817960000000269e-02
9.378485379999999816e-02
1.290948540000000089e-01
7.276422529999999889e-02
9.399589899999999387e-02
5.502939970000000208e-02
-2.894270050000000150e-02
5.207269640000000005e-02
1.126332210000000056e-01
4.468339310000000314e-02
2.503975480000000114e-02
7.192649689999999763e-02
9.224443699999999510e-03
9.519010779999999977e-03
4.170703889999999997e-02
8.281353119999999846e-02
1.242737029999999993e-01
5.358404289999999653e-02
4.265270010000000306e-02
6.478941439999999496e-02
8.228595549999999370e-02
4.102646559999999915e-02
8.307019620000000160e-02
2.234516480000000097e-02
3.667711840000000001e-02
9.124705939999999682e-02
3.784560409999999930e-02
8.338165279999999735e-02
8.872991800000000484e-02
4.639979820000000171e-02
5.733943729999999711e-02
3.040484900000000115e-02
7.113886619999999772e-02
7.840941849999999436e-02
5.512892080000000167e-02
5.946721139999999739e-02
7.301624119999999829e-02
1.404474679999999920e-01
8.786679059999999430e-02
7.844602320000000628e-02
1.646675619999999896e-01
5.231503769999999720e-02
6.951303039999999489e-02
9.024859220000000515e-02
8.477836850000000646e-02
7.362719630000000293e-02
1.201296599999999992e-01
4.687223959999999717e-02
3.652527559999999701e-02
5.053380500000000108e-02
6.784241650000000234e-02
7.117646190000000150e-02
4.783175139999999714e-02
6.054835389999999734e-02
3.086862149999999860e-02
3.490529209999999882e-02
1.225401539999999984e-01
3.676078099999999932e-02
5.903264879999999687e-02
-1.687503790000000059e-02
6.690212339999999924e-02
4.778989780000000159e-02
8.252488080000000559e-02
6.342088429999999388e-02
-3.169788419999999829e-02
2.757209730000000081e-02
1.132656410000000002e-01
9.189454469999999708e-02
1.536733359999999937e-01
9.472164510000000148e-02
5.080418290000000142e-02
4.399051140000000137e-02
5.280923100000000335e-03
9.064579759999999431e-02
-2.039004679999999875e-02
9.478249399999999492e-02
6.081723049999999964e-02
2.059231699999999887e-02
3.568421680000000151e-02
5.821129679999999945e-02
8.658440409999999809e-02
1.003973259999999951e-01
4.832667479999999682e-02
8.817615360000000124e-02
1.039762350000000002e-01
5.609811099999999912e-02
7.694007460000000520e-02
5.422331770000000245e-02
1.176959649999999996e-01
1.082166950000000016e-01
8.968598399999999637e-02
7.243156899999999600e-03
6.124253939999999702e-02
3.940757739999999759e-02
4.747056589999999743e-02
1.013764810000000044e-01
8.696980029999999695e-02
5.979191140000000154e-02
5.871567879999999712e-02
2.490105670000000021e-02
8.693314339999999585e-02
9.437525269999999522e-02
1.142103369999999951e-01
5.214443430000000046e-02
9.650850299999999549e-02
3.367811440000000045e-02
1.377371550000000000e-01
8.602429929999999558e-02
1.005622820000000028e-01
-8.591656569999999923e-03
4.822546240000000206e-02
1.241535839999999974e-01
4.272171109999999689e-02
1.435902860000000114e-01
4.853121190000000279e-02
6.965311620000000370e-02
3.577721489999999976e-02
1.010588409999999965e-01
7.338440420000000297e-02
2.729679640000000004e-02
7.353760300000000694e-02
1.006477620000000017e-01
4.362551499999999666e-02
5.989994480000000038e-02
9.062139320000000761e-03
3.701496120000000167e-02
5.749688299999999863e-02
2.364345080000000016e-02
4.207211730000000316e-02
4.783175139999999714e-02
6.111390889999999965e-02
6.685169039999999674e-02
8.059177550000000412e-02
7.588463280000000422e-02
2.384701369999999918e-02
6.216865409999999814e-02
1.032549739999999994e-01
7.220233980000000107e-02
9.766485540000000021e-02
5.038442089999999735e-02
7.672442499999999888e-02
8.439682419999999796e-02
9.647213670000000241e-02
2.582313680000000028e-02
4.649902139999999989e-02
1.785561999999999913e-02
5.062758550000000246e-02
1.132464110000000052e-01
5.401599029999999690e-02
7.492331419999999353e-02
5.768078940000000154e-02
4.730699960000000343e-02
1.240900900000000001e-01
1.557575459999999967e-01
8.999139070000000684e-02
5.899436770000000135e-02
3.514390810000000281e-02
3.953481469999999692e-02
1.289228799999999897e-01
3.604392330000000255e-02
4.875662919999999845e-02
1.159936469999999983e-02
8.985316749999999741e-02
7.835187020000000668e-02
2.516683189999999876e-02
9.925243259999999568e-02
3.366879750000000004e-02
7.203772660000000438e-02
8.998864330000000064e-03
5.372449010000000108e-02
8.537278319999999643e-02
7.783844600000000037e-03
1.570989339999999956e-01
1.242567900000000058e-01
3.393961489999999803e-02
5.520499129999999893e-02
8.514933289999999932e-02
5.725858360000000286e-02
3.600915889999999758e-02
7.757673410000000269e-02
1.091138120000000045e-01
7.492331419999999353e-02
-3.052025469999999907e-02
1.304758189999999929e-01
6.699139619999999740e-02
3.740609810000000007e-02
4.247682170000000035e-02
6.615123900000000057e-02
5.450381709999999741e-02
3.634949400000000302e-02
4.818401110000000015e-02
3.264890239999999888e-02
7.693658019999999320e-02
3.042236159999999953e-02
7.603574539999999327e-02
2.003053200000000020e-02
1.122302929999999949e-01
9.488309920000000119e-02
8.246909080000000558e-02
4.681256789999999751e-02
4.344752429999999832e-02
5.913058670000000128e-02
1.196175440000000062e-01
5.653163049999999912e-02
-4.202460499999999960e-02
1.241328270000000011e-01
-4.608628509999999944e-04
6.946695599999999637e-02
1.116283460000000033e-01
6.232997030000000244e-02
6.983522329999999889e-02
9.659683700000000484e-02
1.152507360000000064e-01
7.574316109999999769e-02
3.764135760000000136e-02
3.149205070000000301e-02
4.654387759999999846e-02
1.086855899999999986e-01
7.937324049999999742e-02
9.390483800000000436e-02
5.498972910000000242e-02
7.755713910000000544e-02
1.107193600000000028e-01
9.411822999999999717e-02
1.131819560000000002e-01
8.207658680000000373e-02
8.848870550000000057e-02
6.592172379999999832e-02
7.103603329999999549e-02
1.108571960000000051e-01
5.375672880000000042e-02
7.781738790000000683e-02
6.765443090000000659e-02
8.018425110000000633e-02
7.929969580000000018e-02
8.537983890000000464e-02
7.190281900000000670e-02
3.854714330000000300e-02
9.738142789999999771e-02
8.092559130000000212e-02
1.108368190000000031e-01
3.868658469999999849e-02
9.350575510000000423e-02
7.446601240000000343e-02
8.504468199999999645e-02
7.944726940000000626e-02
3.099215030000000010e-02
6.747864929999999872e-02
7.629291709999999616e-02
3.854186040000000171e-03
1.060895699999999942e-01
1.122937650000000037e-01
1.269006729999999916e-01
1.046306340000000001e-01
3.162301700000000326e-02
-4.155671600000000049e-02
2.146177930000000168e-03
5.609080199999999863e-03
6.626744290000000093e-03
2.688170969999999910e-02
1.414391700000000029e-01
1.093727570000000010e-01
8.785842359999999907e-02
4.010311140000000218e-02
1.234302220000000061e-01
7.153021539999999956e-02
1.305280920000000122e-01
5.743985620000000014e-02
2.167898789999999840e-02
8.810141679999999864e-02
6.010504070000000088e-02
1.338808690000000134e-01
5.858747289999999969e-02
1.174895319999999937e-01
1.237263079999999932e-01
-4.391086849999999847e-02
5.783616750000000056e-02
6.000537799999999811e-02
9.044324609999999931e-02
3.816230600000000001e-02
1.310397410000000047e-02
5.444926020000000200e-02
5.061024430000000268e-02
4.616468399999999750e-02
2.496447790000000042e-02
7.557930420000000087e-03
6.504207100000000685e-02
4.991142450000000258e-02
3.733027729999999905e-02
6.633217630000000364e-02
-3.345755119999999777e-02
3.821882229999999658e-02
1.099014209999999991e-01
1.196334139999999935e-01
6.585283579999999526e-02
9.673026199999999741e-02
2.378524510000000047e-03
1.486234660000000096e-01
6.961713730000000655e-02
7.179246100000000186e-02
7.728164640000000085e-02
9.341245889999999497e-02
2.154403920000000014e-02
9.259257469999999934e-02
-6.284933070000000080e-03
-7.296525869999999879e-03
1.100340860000000032e-01
5.342145639999999751e-02
1.370617769999999931e-03
-3.244548290000000279e-02
1.628708649999999897e-02
1.546158360000000030e-02
7.961479570000000450e-02
1.361337120000000005e-02
-2.873369489999999873e-02
8.573306349999999798e-02
6.896894430000000131e-02
-3.384226929999999828e-02
6.404608489999999432e-02
4.371489960000000258e-02
7.517258079999999953e-02
-8.962279190000000187e-03
1.977960770000000007e-02
2.905673159999999991e-02
8.320898559999999333e-02
9.259884059999999584e-02
8.491224049999999968e-02
1.437193160000000136e-01
5.556846039999999848e-02
1.212518360000000017e-01
3.431265800000000282e-02
2.676440869999999975e-03
-1.067227310000000082e-02
4.466892410000000008e-02
-4.802084339999999896e-02
7.685362549999999460e-02
6.901068239999999521e-02
3.408103059999999934e-02
1.257028279999999887e-01
1.021413130000000009e-02
8.404480670000000209e-02
8.364115660000000230e-02
8.236025269999999732e-02
-2.330589480000000088e-02
-4.449134319999999837e-02
8.698763700000000654e-02
1.311645660000000102e-01
2.385553719999999878e-02
6.591104720000000305e-02
9.878218919999999514e-02
1.564297970000000093e-01
5.512266980000000288e-02
4.717690129999999732e-02
-2.255592729999999959e-03
1.099511680000000019e-01
1.217733250000000017e-01
1.584687680000000098e-01
-3.398415070000000010e-02
6.961713730000000655e-02
5.283584449999999960e-02
5.318577959999999660e-02
8.739046009999999753e-02
7.076781240000000472e-02
7.980663329999999889e-02
5.043281609999999970e-02
-2.081134169999999950e-02
5.618644510000000286e-02
5.637419219999999925e-02
-9.052854960000000437e-03
2.282247409999999931e-03
2.771128340000000162e-02
1.138658599999999993e-01
1.264090690000000128e-01
4.883014130000000105e-03
5.679668110000000297e-02
1.019291279999999938e-01
5.017675829999999892e-02
1.340793449999999956e-02
1.224212719999999942e-02
8.416051419999999450e-02
5.458399280000000159e-02
2.620471079999999939e-02
2.267644179999999884e-02
8.901961149999999823e-02
9.872174259999999535e-02
1.881038250000000023e-01
3.594471889999999864e-02
4.869867860000000326e-02
9.534131740000000022e-02
1.250666380000000077e-01
-3.673897680000000332e-02
1.012887140000000019e-01
2.040980939999999938e-02
-5.902235859999999633e-03
8.323831110000000366e-02
4.273566599999999854e-02
6.901960070000000280e-02
1.150781740000000053e-01
9.421007339999999675e-02
4.903427879999999739e-02
7.005307080000000575e-02
8.468498289999999706e-02
8.499468860000000681e-02
1.230944769999999938e-01
3.761009869999999700e-02
1.025476599999999988e-01
1.000377910000000009e-01
-2.021690270000000081e-02
1.271210459999999876e-01
5.115501210000000104e-02
1.464613230000000044e-01
4.360565539999999851e-02
5.156401170000000228e-02
3.486200589999999874e-04
2.256264170000000027e-02
9.672179820000000039e-02
4.304819180000000328e-02
9.331844749999999855e-02
1.043050920000000020e-02
3.860457610000000289e-02
-1.346263760000000059e-02
1.047201830000000014e-02
4.044611010000000173e-02
1.694362460000000126e-01
2.968034710000000062e-02
3.124915810000000044e-02
8.920373769999999369e-02
1.193754080000000023e-01
1.202153880000000029e-02
1.123683080000000001e-01
1.183885560000000059e-01
1.979558959999999819e-03
8.620090780000000397e-02
6.339573860000000116e-02
5.870710690000000009e-02
4.757387190000000182e-02
1.004340499999999969e-01
1.615619470000000113e-02
7.042682919999999902e-02
1.165508850000000068e-01
4.020403329999999720e-02
5.169182640000000162e-02
-2.423866090000000029e-02
1.005659400000000064e-01
1.218369529999999978e-01
6.966301799999999322e-02
5.971657860000000040e-02
9.374087680000000450e-03
9.008990969999999820e-02
9.566273540000000408e-02
6.481435150000000589e-02
9.537263209999999325e-02
1.826553939999999987e-01
1.009708420000000051e-01
9.537263209999999325e-02
2.204227259999999924e-02
4.662352060000000270e-02
1.049410249999999933e-01
9.137311580000000155e-02
1.839558179999999932e-01
6.465014819999999329e-02
8.427912740000000069e-02
4.952295219999999776e-03
3.373401609999999995e-02
8.780384060000000213e-02
6.776493790000000239e-02
-3.855143490000000062e-02
7.302223889999999440e-02
-3.829009459999999782e-02
9.491854160000000318e-02
5.563624949999999847e-02
5.127654219999999707e-02
-3.250096459999999958e-03
1.790533360000000074e-01
1.351519230000000071e-01
3.295592590000000210e-02
1.131592990000000049e-01
5.734659360000000233e-02
8.130271729999999364e-02
5.935373160000000092e-02
4.182443019999999845e-02
7.479365920000000112e-02
6.966301799999999322e-02
3.298221900000000012e-02
-5.370950330000000272e-02
1.180798559999999969e-01
7.002510130000000332e-02
6.013019759999999742e-02
6.766138230000000309e-02
8.330668509999999971e-02
2.246561690000000062e-03
9.692276269999999805e-02
8.765793589999999746e-02
1.374439450000000118e-01
6.840600629999999717e-03
-8.385714609999999790e-04
3.556790950000000145e-02
-2.460915600000000009e-02
5.539195610000000047e-02
3.692211210000000132e-02
1.333616380000000046e-01
-4.256415179999999653e-03
7.383640860000000028e-02
1.173547129999999994e-01
1.283428970000000113e-01
