2.315641790000000089e-01
2.213593419999999867e-01
2.338190380000000068e-01
2.382293490000000069e-01
2.297148410000000029e-01
2.318005559999999909e-01
2.308958319999999953e-01
2.335545420000000039e-01
2.210618850000000135e-01
2.176348419999999950e-01
2.273547649999999865e-01
2.083529829999999916e-01
2.300437840000000012e-01
2.071703819999999863e-01
2.216900290000000107e-01
2.066328819999999900e-01
2.006017860000000042e-01
2.279827449999999867e-01
1.972555669999999928e-01
2.150349020000000000e-01
2.255158720000000061e-01
2.196124050000000105e-01
2.159812600000000082e-01
2.300131169999999892e-01
1.971715990000000029e-01
1.962154660000000050e-01
2.257779990000000070e-01
2.170460080000000125e-01
2.094300540000000044e-01
2.064688650000000014e-01
1.955934609999999962e-01
2.022927700000000106e-01
1.981687550000000020e-01
2.174632400000000021e-01
2.166048439999999908e-01
2.105084060000000090e-01
2.102354620000000118e-01
2.020316119999999993e-01
2.041528669999999879e-01
2.275623529999999950e-01
1.832060960000000127e-01
1.905347850000000121e-01
2.149641660000000121e-01
2.123220560000000090e-01
2.077233340000000095e-01
1.875594260000000013e-01
2.051426020000000072e-01
2.034371640000000037e-01
2.074350859999999908e-01
1.984581800000000118e-01
1.975389419999999951e-01
1.926537899999999914e-01
1.963267770000000079e-01
2.131189699999999909e-01
1.986177409999999866e-01
2.030625789999999931e-01
1.820416900000000060e-01
1.982233969999999956e-01
2.046219260000000095e-01
1.978561879999999884e-01
2.036483289999999891e-01
1.931475249999999866e-01
1.832403989999999983e-01
2.029727849999999889e-01
1.860630809999999913e-01
1.956682800000000000e-01
2.036207770000000028e-01
1.930465700000000007e-01
1.870832739999999939e-01
1.893976179999999898e-01
2.072660329999999884e-01
1.969976280000000080e-01
1.882141529999999952e-01
1.965983809999999887e-01
2.128610609999999903e-01
1.867479089999999897e-01
1.913336810000000054e-01
1.794892999999999905e-01
1.916459650000000015e-01
1.961081480000000099e-01
1.774033459999999895e-01
1.861521750000000031e-01
1.948457209999999995e-01
1.877384189999999897e-01
1.863635929999999941e-01
1.991661789999999987e-01
1.866643279999999905e-01
2.057929930000000074e-01
1.958391959999999932e-01
1.719456460000000075e-01
1.908451170000000086e-01
1.723879279999999958e-01
1.849285960000000006e-01
1.699495460000000069e-01
1.797801699999999891e-01
1.964286269999999945e-01
1.982710659999999958e-01
1.797937149999999928e-01
1.797828079999999884e-01
1.670122739999999883e-01
1.897782680000000000e-01
1.825879069999999937e-01
1.736674759999999873e-01
1.795517500000000100e-01
1.711649450000000128e-01
1.934463979999999916e-01
1.667118220000000095e-01
1.670176090000000113e-01
1.636068220000000129e-01
1.862068329999999883e-01
1.849915679999999951e-01
1.840818519999999903e-01
1.812796889999999939e-01
1.595510689999999898e-01
1.781053250000000088e-01
1.835916939999999997e-01
1.764722469999999988e-01
1.766029600000000033e-01
1.746470179999999872e-01
1.642664669999999993e-01
1.815105830000000031e-01
1.846486179999999866e-01
1.803997760000000117e-01
1.808446940000000003e-01
1.740278299999999945e-01
1.644671709999999953e-01
1.532935500000000006e-01
1.597635749999999910e-01
1.688819970000000059e-01
1.596765519999999994e-01
1.568876949999999937e-01
1.500722469999999920e-01
1.804017280000000112e-01
1.836582419999999993e-01
1.572298709999999933e-01
1.508232210000000073e-01
1.696530430000000034e-01
1.696106049999999976e-01
1.706991340000000024e-01
1.785384419999999916e-01
1.899870190000000070e-01
1.586430369999999868e-01
1.787700210000000012e-01
1.489140240000000059e-01
1.596776990000000063e-01
1.607495989999999930e-01
1.713315099999999924e-01
1.786077620000000032e-01
1.585768909999999976e-01
1.644813119999999906e-01
1.785846799999999956e-01
1.511174590000000095e-01
1.664165260000000091e-01
1.758858110000000030e-01
1.591731459999999876e-01
1.745994690000000071e-01
1.676315369999999971e-01
1.632696690000000062e-01
1.776814909999999970e-01
1.673810030000000004e-01
1.850231740000000125e-01
1.466279769999999927e-01
1.612585189999999891e-01
1.501019150000000024e-01
1.537529380000000057e-01
1.617095769999999932e-01
1.522632389999999947e-01
1.696932909999999961e-01
1.567601859999999958e-01
1.634225400000000050e-01
1.504121270000000066e-01
1.556681099999999984e-01
1.611846690000000026e-01
1.571023609999999959e-01
1.603191200000000094e-01
1.568291490000000010e-01
1.631870420000000044e-01
1.571174409999999966e-01
1.552221480000000042e-01
1.571014229999999900e-01
1.559298779999999940e-01
1.449817720000000087e-01
1.672115469999999882e-01
1.704939749999999921e-01
1.691170039999999875e-01
1.597214339999999955e-01
1.608935740000000114e-01
1.613455269999999886e-01
1.663184309999999888e-01
1.677841840000000029e-01
1.664944740000000034e-01
1.621250660000000121e-01
1.594461500000000087e-01
1.658463179999999926e-01
1.656295359999999939e-01
1.632381529999999970e-01
1.465744230000000092e-01
1.652572150000000129e-01
1.727302520000000008e-01
1.362458619999999954e-01
1.385389860000000029e-01
1.570211350000000061e-01
1.537297669999999894e-01
1.619812399999999986e-01
1.536462459999999863e-01
1.381240039999999947e-01
1.587455120000000053e-01
1.529631019999999897e-01
1.587900220000000029e-01
1.664000900000000005e-01
1.437927039999999934e-01
1.647999290000000117e-01
1.772724539999999960e-01
1.517671939999999942e-01
1.686636659999999899e-01
1.390510950000000134e-01
1.691544799999999960e-01
1.784034070000000138e-01
1.514466399999999935e-01
1.672979440000000040e-01
1.483257859999999873e-01
1.392606200000000016e-01
1.512274590000000085e-01
1.588113750000000046e-01
1.635083710000000135e-01
1.461136939999999884e-01
1.296066939999999945e-01
1.599281879999999989e-01
1.469116060000000001e-01
1.457412090000000104e-01
1.503865420000000119e-01
1.398149880000000012e-01
1.479917910000000114e-01
1.576817630000000026e-01
1.502367109999999950e-01
1.421128510000000122e-01
1.612551809999999974e-01
1.445407119999999879e-01
1.727439020000000047e-01
1.658637079999999986e-01
1.349053380000000135e-01
1.731276810000000055e-01
1.354696300000000075e-01
1.259439589999999942e-01
1.538730110000000040e-01
1.556955429999999918e-01
1.463289110000000059e-01
1.738919319999999991e-01
1.594682189999999944e-01
1.467123330000000003e-01
1.497662070000000123e-01
1.603304449999999881e-01
1.338127849999999897e-01
1.344564410000000099e-01
1.505933399999999922e-01
1.598580930000000067e-01
1.202683749999999968e-01
1.354337479999999927e-01
1.404504779999999897e-01
1.287413089999999982e-01
1.743482199999999982e-01
1.446946259999999929e-01
1.385593559999999946e-01
1.357411000000000034e-01
1.355953809999999871e-01
1.547401850000000023e-01
1.192450520000000042e-01
1.463713500000000112e-01
1.384342909999999871e-01
1.207850500000000049e-01
1.336056290000000035e-01
1.469380999999999882e-01
1.320630459999999895e-01
1.171314420000000023e-01
1.540542239999999896e-01
1.553356499999999918e-01
1.349361089999999985e-01
1.464085129999999901e-01
1.492033749999999992e-01
1.451739969999999991e-01
1.373174040000000040e-01
1.392125640000000109e-01
1.480472680000000096e-01
1.373230370000000089e-01
1.219686199999999998e-01
1.453108640000000118e-01
1.300849169999999944e-01
1.640678939999999919e-01
1.219213459999999999e-01
1.449282620000000021e-01
1.579639459999999940e-01
1.347744459999999922e-01
1.564451749999999919e-01
1.420314609999999977e-01
1.518803689999999873e-01
1.316648270000000120e-01
1.423489149999999925e-01
1.341768210000000017e-01
1.482293309999999920e-01
1.153844589999999948e-01
1.257355960000000050e-01
1.535217309999999946e-01
1.376202850000000089e-01
1.375949830000000040e-01
1.109954860000000043e-01
1.411006900000000008e-01
1.538848130000000092e-01
1.245605350000000000e-01
1.194613129999999995e-01
1.232943090000000047e-01
1.562002000000000113e-01
1.174570769999999931e-01
1.608696279999999867e-01
1.260017750000000103e-01
1.431715490000000091e-01
1.536217330000000103e-01
1.397071330000000111e-01
1.406184580000000017e-01
1.268004919999999869e-01
1.332850750000000029e-01
1.244790999999999953e-01
1.516466589999999892e-01
1.328354479999999949e-01
1.431023630000000102e-01
1.232134029999999991e-01
1.596334130000000018e-01
1.510380209999999945e-01
1.394754350000000087e-01
1.300926950000000082e-01
1.338811669999999954e-01
1.451863939999999964e-01
1.250053640000000077e-01
1.139412000000000064e-01
1.412572709999999898e-01
1.399552669999999943e-01
1.460385019999999867e-01
1.255516409999999916e-01
1.557148839999999979e-01
1.499295230000000090e-01
1.375419800000000081e-01
1.229271519999999979e-01
1.247755289999999961e-01
1.337498579999999992e-01
1.303594859999999966e-01
1.468103380000000124e-01
1.365048590000000062e-01
1.525987679999999957e-01
1.402418460000000033e-01
1.492848400000000020e-01
1.317323300000000086e-01
1.326443999999999956e-01
1.444548519999999947e-01
1.141128389999999937e-01
1.402915869999999954e-01
1.206806970000000034e-01
1.494418230000000014e-01
1.399592159999999974e-01
1.386136560000000018e-01
1.321380590000000022e-01
1.754817660000000112e-01
1.262594160000000132e-01
1.354204709999999867e-01
1.418680099999999888e-01
1.329005510000000057e-01
1.443737449999999978e-01
1.331504880000000113e-01
1.333419979999999894e-01
1.377887869999999959e-01
1.525761780000000067e-01
1.339455250000000097e-01
1.425118149999999861e-01
1.512135569999999984e-01
1.280933170000000121e-01
1.296351699999999940e-01
1.222044080000000005e-01
1.458964050000000068e-01
1.387526540000000030e-01
1.261644809999999950e-01
1.391522880000000129e-01
1.245430339999999969e-01
1.308423280000000077e-01
1.430145650000000102e-01
1.272433400000000103e-01
1.423832329999999979e-01
1.183678060000000060e-01
1.426882150000000071e-01
1.115047339999999942e-01
1.160876230000000009e-01
1.144732390000000044e-01
1.418826880000000068e-01
1.233541820000000067e-01
1.191173870000000051e-01
1.529401539999999948e-01
1.196222309999999955e-01
1.688118879999999933e-01
1.455031340000000062e-01
1.098262819999999973e-01
1.374075859999999982e-01
1.144170979999999949e-01
1.391439590000000115e-01
1.371364439999999962e-01
1.507439319999999972e-01
1.324824689999999916e-01
1.178877730000000013e-01
1.364053789999999933e-01
1.379514779999999885e-01
1.375246199999999863e-01
1.173223999999999934e-01
1.604174670000000080e-01
1.320236919999999980e-01
1.250286700000000084e-01
1.236958429999999998e-01
1.326328960000000001e-01
1.366911980000000137e-01
1.224955469999999963e-01
1.100571600000000011e-01
1.169419960000000064e-01
1.436478939999999982e-01
1.231576499999999935e-01
1.313565969999999916e-01
1.111503469999999966e-01
1.151709479999999952e-01
1.188914549999999931e-01
1.337334069999999986e-01
1.306906939999999961e-01
1.234581099999999959e-01
1.024749650000000012e-01
1.342632920000000063e-01
1.408820450000000113e-01
1.056370289999999934e-01
1.291473810000000055e-01
1.298135669999999908e-01
1.282209749999999870e-01
1.364453290000000041e-01
9.015597399999999983e-02
1.172860339999999973e-01
1.267129780000000039e-01
1.230788599999999983e-01
1.318771689999999885e-01
1.395194230000000035e-01
1.063338219999999945e-01
1.334171889999999916e-01
1.200436059999999971e-01
1.203492359999999983e-01
1.296119540000000014e-01
1.138721699999999948e-01
1.400880959999999953e-01
1.313086149999999896e-01
1.313289549999999972e-01
1.205578219999999950e-01
1.085373240000000045e-01
1.462574749999999979e-01
1.103622239999999949e-01
1.119058279999999989e-01
1.492638589999999987e-01
1.115951240000000039e-01
1.247267950000000014e-01
1.165183629999999998e-01
1.616435800000000089e-01
1.447386290000000075e-01
1.116221470000000049e-01
1.174513920000000017e-01
1.198677269999999934e-01
1.102958770000000005e-01
1.381356420000000029e-01
1.284480090000000019e-01
1.395879240000000021e-01
1.426218900000000012e-01
1.354653979999999869e-01
1.735152749999999966e-01
1.371497660000000063e-01
1.072106359999999980e-01
1.453384010000000059e-01
1.125281900000000002e-01
1.388006960000000012e-01
1.229329410000000039e-01
1.060992850000000015e-01
1.528668400000000038e-01
1.485817429999999884e-01
1.259719280000000108e-01
1.276470120000000041e-01
1.272521759999999946e-01
1.324120609999999976e-01
1.126996799999999965e-01
1.503376220000000041e-01
1.346471009999999913e-01
1.136539500000000036e-01
1.255433410000000027e-01
1.341021809999999870e-01
1.030801459999999975e-01
1.166300549999999964e-01
1.304825540000000006e-01
1.148839370000000054e-01
1.464041319999999924e-01
1.447473019999999944e-01
1.288176629999999989e-01
1.209049150000000017e-01
1.140412610000000049e-01
1.228254879999999966e-01
1.135508570000000050e-01
1.323317440000000011e-01
1.156394179999999938e-01
1.160231459999999937e-01
1.230847159999999968e-01
1.083049549999999944e-01
1.174777820000000028e-01
1.483122410000000113e-01
1.267552080000000081e-01
1.327702699999999958e-01
1.333660190000000023e-01
1.381822380000000128e-01
1.377927810000000031e-01
1.329819110000000082e-01
1.194738969999999956e-01
9.521293640000000336e-02
1.260389690000000007e-01
1.266542079999999904e-01
1.338070030000000077e-01
1.509025099999999897e-01
1.251471640000000052e-01
1.367700990000000061e-01
1.311098340000000084e-01
1.341944489999999934e-01
1.054324809999999946e-01
1.440701189999999965e-01
1.058771460000000053e-01
1.296239349999999957e-01
1.046764480000000053e-01
1.121656520000000046e-01
1.004304959999999941e-01
1.144133729999999988e-01
1.320488599999999901e-01
1.405912940000000055e-01
1.542979329999999982e-01
8.860079939999999932e-02
1.018026689999999984e-01
1.061573029999999945e-01
1.568322329999999876e-01
1.253310440000000026e-01
1.149451360000000033e-01
1.196133719999999956e-01
1.256301999999999974e-01
1.179801969999999950e-01
1.192687679999999972e-01
1.116372119999999996e-01
1.393673719999999894e-01
1.324216430000000055e-01
1.121923850000000056e-01
1.226469429999999944e-01
1.204152549999999988e-01
1.014060749999999983e-01
1.390569510000000120e-01
1.254146550000000138e-01
9.828237439999999714e-02
1.188255849999999975e-01
1.305925699999999912e-01
1.322376279999999960e-01
1.139954549999999955e-01
1.267777979999999971e-01
1.349476579999999981e-01
1.396308089999999946e-01
1.250581590000000021e-01
1.299914420000000126e-01
1.115781440000000041e-01
1.022367329999999963e-01
1.250751760000000101e-01
1.346294279999999954e-01
1.053439899999999985e-01
9.853210299999999588e-02
9.371557090000000312e-02
1.257813269999999983e-01
1.102752909999999975e-01
1.252773110000000023e-01
1.259551939999999925e-01
1.278191509999999920e-01
9.529814120000000555e-02
1.147746889999999992e-01
1.274022609999999889e-01
1.251280610000000126e-01
1.174843309999999974e-01
1.071572529999999940e-01
1.268891249999999915e-01
1.580125539999999995e-01
1.295957709999999985e-01
1.321135910000000024e-01
1.094890460000000065e-01
1.059319380000000033e-01
1.225468960000000024e-01
1.491496409999999995e-01
1.415247319999999864e-01
1.299385130000000055e-01
1.056403520000000068e-01
1.225109850000000028e-01
1.095861790000000058e-01
1.180699840000000028e-01
1.236265150000000063e-01
1.352603880000000092e-01
1.484126600000000018e-01
1.209023820000000027e-01
8.553697909999999349e-02
1.194548230000000016e-01
1.360281110000000071e-01
1.172856169999999948e-01
1.316560509999999962e-01
1.309159400000000084e-01
1.327800450000000132e-01
1.338797359999999992e-01
1.213140340000000011e-01
1.078224480000000013e-01
1.085887769999999974e-01
1.130064130000000000e-01
1.075005529999999987e-01
1.004769799999999935e-01
1.097089950000000036e-01
1.112963629999999954e-01
1.056600290000000025e-01
1.267437489999999889e-01
9.856131669999999845e-02
1.219608489999999962e-01
1.192130889999999943e-01
1.151712829999999993e-01
1.146566499999999988e-01
1.368363049999999914e-01
1.353685410000000089e-01
1.147915939999999968e-01
1.190200970000000052e-01
9.942501039999999957e-02
1.305888000000000049e-01
1.018931490000000023e-01
1.328195630000000016e-01
1.200578060000000030e-01
1.253573749999999931e-01
1.066136730000000060e-01
1.230427770000000059e-01
1.409099550000000034e-01
1.151191000000000020e-01
1.358211340000000100e-01
1.001312810000000025e-01
1.092417690000000025e-01
1.306367810000000074e-01
1.079181280000000021e-01
1.145388479999999987e-01
1.391550450000000050e-01
1.111371139999999952e-01
1.336401399999999906e-01
1.341249350000000007e-01
1.097780470000000036e-01
1.258842199999999911e-01
9.839309749999999855e-02
1.041402740000000049e-01
1.379840079999999913e-01
1.247471119999999933e-01
1.156796370000000018e-01
1.124053299999999977e-01
1.105145740000000043e-01
9.478388729999999429e-02
1.211949590000000049e-01
1.365073770000000131e-01
1.263021079999999963e-01
1.115842390000000017e-01
1.225799469999999947e-01
1.136634499999999992e-01
9.963148830000000122e-02
1.176661029999999941e-01
1.067556070000000024e-01
9.530543539999999925e-02
1.203956749999999937e-01
1.173637510000000023e-01
1.269104930000000131e-01
1.259856370000000114e-01
1.351972820000000020e-01
1.244119179999999963e-01
1.025941449999999977e-01
1.180361359999999998e-01
1.211181360000000012e-01
1.036280690000000032e-01
1.305084970000000011e-01
1.197376700000000044e-01
1.296358260000000096e-01
1.250901219999999980e-01
9.278355539999999513e-02
1.085599879999999962e-01
1.108904849999999970e-01
1.071714609999999956e-01
1.414081450000000129e-01
1.076443420000000040e-01
1.203439159999999952e-01
1.328095049999999944e-01
1.170224319999999957e-01
1.549551929999999911e-01
8.929046240000000634e-02
1.288847770000000059e-01
1.080323829999999957e-01
1.513586789999999960e-01
1.437551679999999887e-01
9.876670690000000086e-02
1.211638300000000001e-01
1.028510259999999982e-01
1.195063140000000024e-01
1.118583979999999978e-01
1.191712469999999940e-01
1.233731430000000046e-01
1.222273859999999934e-01
1.246588230000000019e-01
1.011162470000000063e-01
9.280581029999999954e-02
1.265757829999999973e-01
1.337979880000000066e-01
1.268586220000000042e-01
1.191124469999999963e-01
1.206288709999999986e-01
1.024471889999999941e-01
1.289782519999999877e-01
9.694602339999999763e-02
1.266535520000000026e-01
1.001499740000000027e-01
1.127663780000000004e-01
7.457505909999999349e-02
1.140260919999999956e-01
1.212930829999999960e-01
1.340715739999999989e-01
1.242246179999999950e-01
9.103072430000000437e-02
1.098747999999999947e-01
1.125855590000000017e-01
1.160364900000000060e-01
9.843293579999999598e-02
1.132895349999999968e-01
1.167652609999999952e-01
1.007351650000000015e-01
1.027173849999999944e-01
1.135289000000000020e-01
1.017386239999999997e-01
1.472093019999999863e-01
1.210178209999999976e-01
1.318647269999999871e-01
1.188399569999999961e-01
1.240137369999999989e-01
8.947540819999999506e-02
1.326877469999999948e-01
1.403305380000000047e-01
1.132977829999999991e-01
9.185802190000000311e-02
1.342677330000000002e-01
1.078537930000000034e-01
1.199040110000000048e-01
1.139733639999999937e-01
1.171818599999999988e-01
9.210502360000000222e-02
1.015634539999999975e-01
1.151546910000000035e-01
1.143061519999999942e-01
8.389559389999999561e-02
9.940809759999999495e-02
1.057956139999999962e-01
1.239203069999999934e-01
1.042265819999999982e-01
1.309911609999999949e-01
1.412407460000000003e-01
1.282612230000000075e-01
1.194617820000000025e-01
1.089291129999999941e-01
9.548719969999999724e-02
1.098939250000000034e-01
1.213054280000000068e-01
1.208100770000000018e-01
1.157171580000000005e-01
9.940671180000000551e-02
1.080431490000000050e-01
8.841132370000000240e-02
1.083956060000000055e-01
1.351068619999999942e-01
1.327578869999999911e-01
1.264896389999999871e-01
1.099395299999999936e-01
1.092291850000000064e-01
1.466507170000000138e-01
1.296912879999999879e-01
1.349440219999999968e-01
1.134472120000000056e-01
1.192175820000000025e-01
1.016572859999999995e-01
1.025094170000000054e-01
1.066083830000000010e-01
1.041254920000000000e-01
9.336633980000000332e-02
8.665634690000000029e-02
8.493585139999999811e-02
1.268556859999999953e-01
8.271374550000000492e-02
1.099465040000000005e-01
1.146426499999999987e-01
1.027203049999999979e-01
1.058868099999999979e-01
1.090498859999999987e-01
1.186426280000000000e-01
1.405035699999999943e-01
1.291733830000000027e-01
1.081609429999999955e-01
1.216577590000000042e-01
1.325802060000000060e-01
1.123303699999999988e-01
1.287966369999999916e-01
1.440646800000000005e-01
9.450918440000000142e-02
1.141660290000000022e-01
1.083251390000000008e-01
1.198702009999999957e-01
1.117493360000000047e-01
1.186146659999999936e-01
1.353946030000000023e-01
1.294486370000000053e-01
9.923939410000000294e-02
6.174451489999999848e-02
1.512536559999999863e-01
9.470275039999999367e-02
9.976942839999999868e-02
9.137994800000000251e-02
9.973469379999999607e-02
1.045762670000000005e-01
1.197237450000000064e-01
9.490497409999999745e-02
1.128639429999999944e-01
1.481537970000000037e-01
1.385165449999999909e-01
1.070367019999999975e-01
9.452568740000000247e-02
1.284554750000000134e-01
1.099651680000000020e-01
1.106578039999999985e-01
8.373378959999999704e-02
1.131764130000000035e-01
1.089417560000000007e-01
6.819313759999999502e-02
1.166516019999999931e-01
1.285127399999999864e-01
6.896822149999999596e-02
1.019703369999999942e-01
9.259846809999999762e-02
1.020571440000000024e-01
9.449932719999999675e-02
9.326028819999999941e-02
1.124885449999999953e-01
1.339075710000000030e-01
1.315782819999999909e-01
1.013723910000000061e-01
1.017163100000000042e-01
1.120814309999999953e-01
1.261590119999999871e-01
1.125288829999999962e-01
1.127263010000000010e-01
1.201486509999999952e-01
8.880031110000000116e-02
1.001724819999999933e-01
1.094327570000000055e-01
1.373143789999999864e-01
1.404915899999999995e-01
1.255974470000000009e-01
1.148395839999999946e-01
1.138037290000000062e-01
9.936530139999999456e-02
9.136787799999999959e-02
1.129943429999999971e-01
1.229286039999999969e-01
1.067979039999999991e-01
1.137480139999999945e-01
7.948817310000000358e-02
1.040453310000000048e-01
1.030374909999999949e-01
8.884734660000000173e-02
8.180337399999999815e-02
1.134462509999999980e-01
9.803950039999999311e-02
9.459336100000000080e-02
1.123994960000000015e-01
1.269049200000000044e-01
9.709169719999999337e-02
1.454766540000000108e-01
1.317632649999999905e-01
9.672965109999999422e-02
1.072938519999999951e-01
1.240556990000000054e-01
7.775976510000000286e-02
1.069774180000000047e-01
3.766282650000000315e-02
1.380638479999999890e-01
1.091656460000000051e-01
1.302661300000000077e-01
1.141605680000000039e-01
8.759126809999999430e-02
1.168719379999999947e-01
9.380670639999999505e-02
1.137708350000000007e-01
1.316342199999999962e-01
1.171557530000000014e-01
1.090616959999999996e-01
1.151739729999999989e-01
1.071062680000000045e-01
8.478598299999999532e-02
9.240282330000000599e-02
1.139525849999999951e-01
1.056668010000000046e-01
9.717506169999999555e-02
1.001992520000000025e-01
1.253607720000000092e-01
1.238689939999999962e-01
8.498603109999999794e-02
1.489811090000000005e-01
1.252142639999999918e-01
8.039280029999999744e-02
1.250965739999999882e-01
1.188606100000000054e-01
9.748516229999999727e-02
1.107332109999999981e-01
1.147300380000000064e-01
9.535288810000000503e-02
1.058102100000000018e-01
9.638977049999999935e-02
1.030198479999999972e-01
1.392834189999999916e-01
1.073071730000000057e-01
8.825060730000000575e-02
1.133274660000000017e-01
1.221349540000000039e-01
1.370771530000000071e-01
6.718284639999999586e-02
8.567512780000000050e-02
1.145813319999999941e-01
1.231599969999999933e-01
1.408088799999999974e-01
9.778594229999999776e-02
1.012562659999999976e-01
1.283453850000000063e-01
7.674827430000000228e-02
1.378283200000000042e-01
7.733250410000000463e-02
8.008263259999999495e-02
1.081042069999999938e-01
1.028915120000000044e-01
1.207799989999999990e-01
1.060291750000000033e-01
1.169947759999999948e-01
1.218027029999999983e-01
1.286069900000000044e-01
9.951279309999999656e-02
1.363079550000000084e-01
1.217941570000000001e-01
1.259390710000000135e-01
6.116207690000000086e-02
1.224519760000000040e-01
9.324490280000000131e-02
1.400396080000000099e-01
9.886376560000000036e-02
1.032088030000000017e-01
1.087324249999999937e-01
1.047208530000000026e-01
1.329457310000000114e-01
1.003189609999999982e-01
1.363844569999999867e-01
1.018643159999999964e-01
9.696018700000000323e-02
8.709216120000000394e-02
1.370007689999999945e-01
1.254307329999999887e-01
1.255124960000000012e-01
9.315974270000000612e-02
8.779254559999999374e-02
1.035361659999999989e-01
1.456232670000000007e-01
1.153396139999999931e-01
7.576363530000000679e-02
1.055920119999999990e-01
1.056490689999999982e-01
8.589155229999999308e-02
1.249275730000000001e-01
9.269317239999999569e-02
1.165664490000000025e-01
1.007077100000000058e-01
1.133127589999999990e-01
1.006271539999999964e-01
1.324342789999999881e-01
1.311931610000000026e-01
1.101063790000000042e-01
9.994582829999999751e-02
1.155484019999999945e-01
1.096378419999999992e-01
1.020002140000000057e-01
4.950934650000000242e-02
1.113315079999999957e-01
1.213405429999999952e-01
9.169270840000000311e-02
1.092620789999999981e-01
1.448010210000000020e-01
9.821864959999999922e-02
1.022704090000000066e-01
1.021528619999999971e-01
1.243862440000000069e-01
1.163528340000000022e-01
1.017724869999999948e-01
8.765111120000000644e-02
8.307190239999999448e-02
8.137097209999999414e-02
1.287605019999999989e-01
1.123937589999999959e-01
1.266955439999999933e-01
1.189605440000000014e-01
1.179319169999999972e-01
1.282892529999999920e-01
1.303223069999999983e-01
1.471875159999999905e-01
1.072673870000000057e-01
1.299733519999999865e-01
1.120513749999999947e-01
9.451466050000000008e-02
7.863971590000000400e-02
9.347319599999999451e-02
1.433162090000000000e-01
7.161997259999999810e-02
7.005541029999999558e-02
1.610768439999999968e-01
1.470499630000000058e-01
1.244277129999999953e-01
9.748572110000000568e-02
1.640952830000000084e-01
1.331458239999999960e-01
1.036309229999999998e-01
1.444541809999999871e-01
8.984161910000000584e-02
1.182970849999999963e-01
7.976460459999999697e-02
1.382203100000000129e-01
8.405246589999999796e-02
8.081740140000000239e-02
1.177267210000000064e-01
1.227442400000000045e-01
8.934056760000000375e-02
1.471875159999999905e-01
8.650995790000000352e-02
7.372329380000000598e-02
7.574465129999999324e-02
1.310777369999999997e-01
1.041402589999999989e-01
9.826464209999999366e-02
1.061760779999999932e-01
7.348557560000000544e-02
9.404755380000000275e-02
8.679972589999999932e-02
1.071180629999999995e-01
1.232473629999999987e-01
1.039486750000000043e-01
1.235132959999999946e-01
7.070402060000000044e-02
8.803348989999999763e-02
8.422996850000000202e-02
1.362658589999999892e-01
9.164112060000000060e-02
9.376166019999999934e-02
1.189759670000000019e-01
8.571323009999999576e-02
1.594928349999999995e-01
1.083788200000000007e-01
1.178404319999999950e-01
1.196472789999999953e-01
1.088867409999999952e-01
1.006992609999999982e-01
1.580139700000000036e-01
8.939232680000000486e-02
1.017582789999999932e-01
1.097688899999999940e-01
1.312218009999999990e-01
1.083358229999999978e-01
7.259725029999999912e-02
1.189414490000000046e-01
8.332110939999999577e-02
1.325383189999999878e-01
1.052296090000000017e-01
4.384674499999999947e-02
9.750714900000000129e-02
1.124168259999999975e-01
1.038779910000000029e-01
9.601527449999999742e-02
1.132274870000000017e-01
1.270140110000000100e-01
1.180874259999999953e-01
1.154038980000000048e-01
1.490442160000000071e-01
1.595769079999999895e-01
7.838310299999999564e-02
1.298065190000000091e-01
9.558548779999999356e-02
1.278416370000000080e-01
9.970394520000000482e-02
1.244562190000000068e-01
1.109973860000000034e-01
8.806908130000000445e-02
8.547228569999999748e-02
1.049353330000000056e-01
7.680361719999999337e-02
1.010498630000000037e-01
1.231843829999999945e-01
1.450581400000000021e-01
9.033995120000000434e-02
7.187307630000000502e-02
1.258633140000000039e-01
1.563067439999999975e-01
1.434216650000000037e-01
1.235751729999999965e-01
7.699403170000000685e-02
8.520849049999999758e-02
1.052938630000000014e-01
1.001310799999999973e-01
9.315267210000000020e-02
1.125995290000000038e-01
9.663803880000000623e-02
9.224458779999999969e-02
8.601958299999999669e-02
1.027418820000000066e-01
1.321812270000000122e-01
8.903800700000000234e-02
1.367913480000000070e-01
1.429425629999999947e-01
1.065922980000000020e-01
1.081028879999999942e-01
7.893841710000000511e-02
9.237948810000000399e-02
1.714631020000000061e-01
1.484905629999999921e-01
9.066830580000000139e-02
1.503472919999999935e-01
1.021931469999999981e-01
9.793839599999999701e-02
1.127430719999999997e-01
1.604989769999999871e-01
1.285816280000000034e-01
1.140583530000000012e-01
8.012928810000000124e-02
1.099781239999999966e-01
7.807945460000000060e-02
8.922854809999999914e-02
8.262685690000000360e-02
1.113916930000000000e-01
1.053108499999999975e-01
1.115221599999999952e-01
9.208577129999999389e-02
1.091693489999999989e-01
1.076664700000000002e-01
9.903012220000000088e-02
1.325068319999999911e-01
1.308073250000000021e-01
1.090526130000000066e-01
9.781485800000000452e-02
9.866651149999999815e-02
1.281994579999999884e-01
1.278552860000000124e-01
1.200851200000000035e-01
1.437263789999999875e-01
1.088886629999999967e-01
1.170455440000000014e-01
1.130568609999999946e-01
1.146557549999999981e-01
1.055417879999999975e-01
8.313708009999999649e-02
1.096536369999999982e-01
1.030389589999999994e-01
1.006146069999999948e-01
9.821262960000000375e-02
1.396128090000000044e-01
9.354899079999999534e-02
9.114158149999999903e-02
7.053833449999999394e-02
1.071414720000000015e-01
9.642085429999999735e-02
1.181724440000000015e-01
1.148241680000000042e-01
1.330349740000000003e-01
1.086636629999999937e-01
9.250593190000000465e-02
8.467669040000000424e-02
1.178753669999999948e-01
1.363141979999999975e-01
1.288679990000000108e-01
1.244968550000000035e-01
1.239164620000000050e-01
8.870203790000000255e-02
1.126443450000000068e-01
8.558208500000000218e-02
9.258599580000000107e-02
1.347909419999999969e-01
8.968568590000000618e-02
9.376357500000000178e-02
1.157869319999999952e-01
1.154469550000000039e-01
1.352815179999999895e-01
1.035613420000000007e-01
1.284078959999999936e-01
9.386395660000000640e-02
7.692398879999999550e-02
9.748005869999999684e-02
1.316390480000000085e-01
6.930270789999999625e-02
1.147373389999999937e-01
1.122034420000000005e-01
8.584677429999999776e-02
8.100572229999999929e-02
1.017537710000000067e-01
1.122034420000000005e-01
1.542234869999999924e-01
1.239490810000000026e-01
1.190434100000000023e-01
7.919227330000000453e-02
1.058496909999999958e-01
1.369223740000000133e-01
1.130254640000000060e-01
1.279804109999999884e-01
1.343853620000000082e-01
1.278811400000000043e-01
1.368082170000000097e-01
1.404064889999999954e-01
1.377999779999999896e-01
1.117036859999999965e-01
7.268244769999999966e-02
6.371710449999999637e-02
8.372890199999999394e-02
1.155760660000000051e-01
1.079279259999999935e-01
9.434130039999999440e-02
1.561627979999999916e-01
1.070491080000000039e-01
1.129343810000000004e-01
1.169098169999999992e-01
7.755471769999999765e-02
1.132403909999999958e-01
9.702862800000000565e-02
1.064129919999999979e-01
1.270345750000000107e-01
1.019248070000000062e-01
1.489171679999999887e-01
9.951040149999999807e-02
1.004721449999999988e-01
1.205411259999999984e-01
1.049554119999999979e-01
1.411630510000000116e-01
9.797278789999999682e-02
1.054911089999999996e-01
7.450302690000000505e-02
1.579382119999999945e-01
8.390539140000000118e-02
1.055629180000000056e-01
7.727921749999999701e-02
1.141704989999999947e-01
1.329299059999999866e-01
1.337572489999999947e-01
9.105528150000000154e-02
1.159458159999999932e-01
1.433456840000000010e-01
1.394602659999999994e-01
1.069421319999999953e-01
1.106392739999999958e-01
1.384646740000000098e-01
1.268971859999999952e-01
1.792388410000000099e-01
1.188240500000000005e-01
4.713595660000000076e-02
8.437875659999999334e-02
9.653843189999999908e-02
1.034122930000000024e-01
1.026963070000000006e-01
6.057187170000000176e-02
1.139652059999999995e-01
7.115296270000000256e-02
9.617686270000000426e-02
1.394407300000000127e-01
1.309180709999999970e-01
9.816394000000000508e-02
6.582821160000000560e-02
1.183575540000000037e-01
9.048850830000000622e-02
8.909645680000000123e-02
1.235492750000000001e-01
1.065043289999999948e-01
6.360290940000000448e-02
9.362453219999999909e-02
1.031051800000000046e-01
1.092653799999999953e-01
1.261335460000000130e-01
9.745216369999999684e-02
9.808091820000000571e-02
1.192738339999999952e-01
9.632793069999999458e-02
9.336454419999999643e-02
6.888015570000000087e-02
8.788555119999999499e-02
1.161268730000000055e-01
6.626004729999999954e-02
7.280954720000000491e-02
8.149200680000000252e-02
5.434362589999999771e-02
1.102492510000000064e-01
9.502932429999999542e-02
1.149773820000000030e-01
1.681811810000000129e-01
6.868905570000000127e-02
5.954706669999999813e-02
6.723460559999999697e-02
1.218561979999999989e-01
9.070652719999999780e-02
7.130761439999999673e-02
1.378719360000000005e-01
8.318959180000000397e-02
1.149799900000000041e-01
4.065153750000000121e-02
8.687395600000000218e-02
1.048388180000000003e-01
7.864509520000000087e-02
1.129167380000000026e-01
1.204168129999999975e-01
1.238393259999999996e-01
1.100119350000000051e-01
1.226854319999999970e-01
1.391731649999999876e-01
9.275185319999999789e-02
1.325668100000000071e-01
1.150983119999999943e-01
7.443863150000000484e-02
1.000484970000000001e-01
7.579995690000000674e-02
1.299074289999999909e-01
1.274018729999999988e-01
7.412151250000000025e-02
1.218269240000000031e-01
1.017872239999999956e-01
1.459729369999999971e-01
1.492977590000000021e-01
9.185262019999999861e-02
6.986533109999999713e-02
1.133406009999999992e-01
1.117658319999999955e-01
1.305070670000000044e-01
9.477557990000000376e-02
1.283560840000000092e-01
1.318019179999999901e-01
1.213461089999999937e-01
8.139732480000000381e-02
1.260810940000000047e-01
1.130776480000000028e-01
1.326380369999999864e-01
1.010607780000000039e-01
9.265666459999999383e-02
1.040360480000000060e-01
7.566334310000000229e-02
1.004995260000000057e-01
1.495945009999999908e-01
1.241227240000000037e-01
6.505753840000000343e-02
1.037010480000000040e-01
1.216294319999999957e-01
1.359158749999999916e-01
1.076739210000000058e-01
1.226853059999999940e-01
1.354442539999999862e-01
1.101895049999999932e-01
1.421684470000000033e-01
1.211532579999999998e-01
1.095978690000000005e-01
1.079122950000000053e-01
8.271620420000000418e-02
1.152767459999999994e-01
1.383815559999999889e-01
7.214415820000000257e-02
6.577161700000000444e-02
1.456196610000000113e-01
8.496940140000000530e-02
1.163366809999999973e-01
9.441748260000000503e-02
1.329766360000000092e-01
7.114081079999999557e-02
9.356179829999999864e-02
8.395089209999999358e-02
5.432216819999999974e-02
5.572623759999999898e-02
1.014726829999999941e-01
8.739873770000000652e-02
7.495322819999999941e-02
8.647501470000000523e-02
9.678011390000000602e-02
1.369838419999999946e-01
9.180784229999999768e-02
1.172504649999999982e-01
7.703911509999999963e-02
1.125361400000000067e-01
9.580800679999999792e-02
9.157981719999999659e-02
4.445451870000000083e-02
1.007357239999999987e-01
1.022187549999999945e-01
1.449608649999999943e-01
1.595724520000000035e-01
1.173936579999999980e-01
9.685444090000000505e-02
1.139697209999999961e-01
8.907996120000000184e-02
1.220885520000000030e-01
1.520729959999999881e-01
7.739664609999999390e-02
7.909155639999999876e-02
7.967004179999999380e-02
1.017810779999999971e-01
7.228277619999999570e-02
9.693062310000000181e-02
1.547538489999999989e-01
1.357221309999999959e-01
7.030288880000000462e-02
1.407535520000000040e-01
4.781976339999999964e-02
1.157285049999999954e-01
1.350845400000000029e-01
9.553946550000000371e-02
8.463810380000000300e-02
1.759415119999999944e-01
9.613733739999999472e-02
1.084071550000000050e-01
1.231870870000000007e-01
1.222639310000000062e-01
1.033798529999999938e-01
9.108635040000000183e-02
1.597801150000000003e-01
1.292013379999999989e-01
1.418758780000000108e-01
6.882603469999999668e-02
1.431695070000000014e-01
1.182751060000000048e-01
1.298990100000000092e-01
7.922010120000000377e-02
1.107431950000000026e-01
1.239640639999999988e-01
9.982003270000000539e-02
1.006912140000000011e-01
1.201955009999999963e-01
1.220402419999999932e-01
7.409378889999999884e-02
9.841611240000000538e-02
1.158106099999999944e-01
1.077448869999999975e-01
1.519808920000000063e-01
9.799322489999999497e-02
1.009006650000000005e-01
1.105865459999999939e-01
3.190862009999999999e-02
1.081680579999999975e-01
9.180899709999999769e-02
1.280408500000000116e-01
1.133801339999999935e-01
9.898546340000000110e-02
8.918856079999999686e-02
1.038519440000000016e-01
1.153282449999999959e-01
1.058027369999999939e-01
1.051857320000000040e-01
8.506780860000000277e-02
1.003856580000000026e-01
8.966515960000000229e-02
1.070593600000000062e-01
1.331950719999999977e-01
1.391751320000000069e-01
1.139649600000000040e-01
4.293972249999999935e-02
6.018800660000000330e-02
8.943510799999999927e-02
1.275596169999999863e-01
1.191220659999999987e-01
1.202931700000000048e-01
1.367356180000000032e-01
1.568044570000000082e-01
9.475610410000000206e-02
7.424615319999999796e-02
8.183128389999999586e-02
8.962552249999999887e-02
1.100315000000000043e-01
1.287884119999999910e-01
9.463638069999999458e-02
1.317492130000000039e-01
8.090993019999999369e-02
1.013643000000000044e-01
1.547930839999999975e-01
1.113677099999999948e-01
7.875657079999999477e-02
7.783535119999999974e-02
1.306927649999999885e-01
4.979114979999999663e-02
9.538912770000000652e-02
9.193683419999999773e-02
1.286274639999999969e-01
1.366544219999999976e-01
1.251057240000000015e-01
9.588702020000000603e-02
1.291013360000000110e-01
1.165775730000000038e-01
1.340854609999999891e-01
1.514727469999999909e-01
1.334568260000000006e-01
5.352127179999999901e-02
8.560007070000000273e-02
8.835118259999999446e-02
7.556165010000000237e-02
1.281993090000000113e-01
7.295920699999999814e-02
9.711629900000000315e-02
1.264622210000000135e-01
8.869586140000000618e-02
7.903160900000000266e-02
9.591422230000000437e-02
1.177956309999999979e-01
1.458065659999999986e-01
9.643221650000000089e-02
9.410509470000000265e-02
1.593090149999999983e-01
1.209608910000000009e-01
1.058106570000000024e-01
6.776220350000000670e-02
1.189853770000000033e-01
9.442528340000000409e-02
6.983479859999999761e-02
5.715426430000000030e-02
6.123679879999999881e-02
1.361551729999999905e-01
8.396749200000000468e-02
8.558285240000000627e-02
1.238776369999999988e-01
1.057887819999999979e-01
1.090130950000000043e-01
1.604716330000000024e-01
1.177572459999999960e-01
1.023750229999999956e-01
1.162842590000000009e-01
1.045338060000000069e-01
5.040039119999999845e-02
1.398501689999999964e-01
7.809756700000000662e-02
9.650173039999999924e-02
1.045338060000000069e-01
8.789081129999999631e-02
3.254147250000000158e-02
1.120321080000000052e-01
9.997614470000000531e-02
1.427533179999999902e-01
4.246494549999999674e-02
1.095140049999999976e-01
3.989260270000000164e-02
1.036731820000000026e-01
5.496636409999999806e-02
1.296792780000000089e-01
1.251955780000000018e-01
8.990014339999999327e-02
1.064367289999999938e-01
9.083264319999999337e-02
1.077299709999999938e-01
8.649164439999999787e-02
1.303090899999999885e-01
9.546582400000000468e-02
1.250868890000000067e-01
1.257331369999999948e-01
5.599806090000000042e-02
9.715521339999999562e-02
8.154081550000000234e-02
8.568377050000000605e-02
1.371189650000000093e-01
9.006927909999999649e-02
7.772659510000000382e-02
1.344062980000000074e-01
9.041731799999999653e-02
1.294544189999999872e-01
6.216323380000000204e-02
1.785236900000000126e-01
9.706042709999999907e-02
8.597385139999999537e-02
6.960365179999999929e-02
8.500337600000000549e-02
8.801870790000000666e-02
9.646367279999999711e-02
8.742000160000000519e-02
6.918247040000000125e-02
9.972129759999999454e-02
9.264899790000000190e-02
5.991816149999999730e-02
9.285591540000000255e-02
1.202972380000000008e-01
1.359546179999999993e-01
8.549539740000000609e-02
9.597734360000000076e-02
6.741078940000000408e-02
9.163947399999999854e-02
1.139064949999999965e-01
7.294999809999999640e-02
1.607481839999999884e-01
5.962468679999999993e-02
6.273163860000000036e-02
1.060016379999999953e-01
2.034405770000000113e-01
6.139998509999999854e-02
1.004745739999999971e-01
1.070678310000000022e-01
1.604104939999999868e-01
1.114907789999999982e-01
1.251924779999999959e-01
1.419910339999999882e-01
1.067242919999999984e-01
9.242445230000000123e-02
7.403539119999999474e-02
9.041649100000000161e-02
1.154442730000000000e-01
7.123817500000000080e-02
1.090021359999999995e-01
1.508224009999999948e-01
7.931067049999999952e-02
8.472109590000000134e-02
1.079845130000000042e-01
6.473759560000000302e-02
1.378892059999999864e-01
1.296492820000000046e-01
1.536614000000000035e-01
9.808536619999999595e-02
6.244540960000000140e-02
1.323759559999999891e-01
5.330550299999999714e-02
9.167966249999999484e-02
4.357600579999999779e-02
1.029847490000000004e-01
4.503351450000000339e-02
6.684108819999999562e-02
7.248386739999999884e-02
1.036594210000000016e-01
1.022401379999999943e-01
8.682314309999999979e-02
1.483349800000000052e-01
8.892290290000000319e-02
9.655308719999999845e-02
8.721841869999999441e-02
6.409599629999999937e-02
1.627067919999999890e-01
1.397610159999999879e-01
9.676176309999999503e-02
5.239657689999999840e-02
1.044195740000000011e-01
1.410246039999999978e-01
6.035100300000000029e-02
1.697053609999999990e-01
7.670076939999999344e-02
9.654322270000000039e-02
7.764261220000000241e-02
8.766230939999999916e-02
1.347720320000000138e-01
8.555605260000000156e-02
5.318390950000000117e-02
5.362495030000000162e-02
6.111368539999999933e-02
1.246520279999999981e-01
1.168889399999999967e-01
1.107304769999999938e-01
9.302295739999999480e-02
4.060564190000000295e-02
1.003308819999999962e-01
1.070697230000000055e-01
1.257251649999999998e-01
9.401264039999999989e-02
7.839712499999999806e-02
1.093416589999999938e-01
8.398359269999999821e-02
9.142076970000000136e-02
1.493189189999999944e-01
7.707034050000000081e-02
8.003251999999999589e-02
7.835413519999999410e-02
1.020278190000000057e-01
3.166160359999999757e-02
7.021778080000000422e-02
1.030565050000000066e-01
4.873954879999999740e-02
1.099789810000000034e-01
1.449651570000000111e-01
1.286128159999999909e-01
6.149424240000000291e-02
1.507260350000000082e-01
1.281577939999999916e-01
1.277034129999999879e-01
1.037888299999999986e-01
1.016669570000000022e-01
9.820681809999999567e-02
9.296832230000000308e-02
8.593609929999999897e-02
1.002501549999999936e-01
1.251264509999999996e-01
9.371998720000000033e-03
1.171043519999999949e-01
1.610078359999999875e-01
5.878505109999999922e-02
8.123243600000000508e-02
1.437974270000000054e-01
7.702369239999999617e-02
9.377470609999999374e-02
8.821497859999999358e-02
8.583659679999999792e-02
1.058873609999999993e-01
1.355804200000000070e-01
9.833022210000000318e-02
8.789142219999999950e-02
1.165338749999999951e-01
9.613181649999999467e-02
1.293696609999999969e-01
8.149246129999999921e-02
1.093924720000000045e-01
6.815452130000000663e-02
1.017010960000000047e-01
6.971769029999999590e-02
1.423634739999999899e-01
2.427463610000000008e-02
1.397143750000000018e-01
8.017464729999999873e-02
1.087127249999999962e-01
1.448095289999999924e-01
1.025748179999999982e-01
4.980849849999999940e-02
1.098879950000000022e-01
1.419942529999999870e-01
8.433420960000000133e-02
1.287931200000000109e-01
1.226301709999999962e-01
7.900404930000000381e-02
1.179131719999999967e-01
1.021287369999999972e-01
6.654964389999999674e-02
6.410796200000000444e-02
9.123115240000000126e-02
1.013151179999999957e-01
1.351553950000000115e-01
7.394235579999999808e-02
4.394594210000000306e-02
1.076911990000000013e-01
1.044550020000000051e-01
9.414568539999999819e-02
8.206907659999999882e-02
1.064393069999999969e-01
5.111958459999999677e-02
9.403356159999999575e-02
7.864233110000000415e-02
9.264470639999999868e-02
1.123441609999999979e-01
8.500342819999999466e-02
1.136884469999999980e-01
1.008481090000000052e-01
1.021216590000000035e-01
3.840460629999999792e-02
6.016093119999999655e-02
7.111035290000000675e-02
6.875651330000000228e-02
7.619998599999999733e-02
1.013409640000000056e-01
1.100609969999999938e-01
1.083110939999999967e-01
9.002422540000000473e-02
5.480967829999999763e-02
1.122757419999999978e-01
1.171666229999999975e-01
1.113163900000000012e-01
9.813711790000000101e-02
8.668756480000000542e-02
1.136695739999999955e-01
7.569623740000000489e-02
4.984335969999999921e-02
1.156030740000000001e-01
9.459976109999999883e-02
1.470233649999999892e-01
7.778068629999999872e-02
1.268302199999999935e-01
1.626183690000000126e-01
1.416825499999999904e-01
7.395619150000000419e-02
6.648770719999999579e-02
1.368367819999999901e-01
7.782235740000000013e-02
6.799007949999999467e-02
1.341851799999999872e-01
5.443770070000000100e-02
7.102274890000000174e-02
1.260846559999999894e-01
1.233718770000000048e-01
7.277883590000000513e-02
1.187609429999999938e-01
1.156256940000000011e-01
1.166652370000000050e-01
9.856231510000000584e-02
1.773869839999999976e-01
1.117303969999999952e-01
1.530167309999999892e-01
8.990480750000000298e-02
7.353646310000000463e-02
1.316480040000000129e-01
1.161533740000000037e-01
9.456030279999999566e-02
8.592611549999999709e-02
1.084623410000000038e-01
1.129847090000000026e-01
1.237076599999999971e-01
8.761513229999999541e-02
1.066133830000000060e-01
6.041626259999999943e-02
1.051703620000000033e-01
1.068607570000000007e-01
3.662912549999999823e-02
1.253509670000000076e-01
8.450575920000000241e-02
9.500086309999999923e-02
1.146653819999999963e-01
1.387344899999999881e-01
1.503504960000000001e-01
1.317906980000000117e-01
1.135354709999999989e-01
1.681341530000000084e-01
7.624438410000000665e-02
1.411493119999999990e-01
1.044599640000000024e-01
1.112168060000000014e-01
6.394720080000000639e-02
1.167340500000000059e-01
1.544833780000000045e-01
1.423759609999999953e-01
1.092160570000000053e-01
8.227152379999999599e-02
1.209826170000000006e-01
1.699326190000000070e-01
7.844457030000000219e-02
1.350933019999999984e-01
9.214978669999999983e-02
6.921617689999999545e-02
1.725055869999999880e-01
1.465051769999999864e-01
1.567288039999999993e-01
6.428088249999999726e-02
2.049937400000000076e-01
7.352956380000000292e-02
1.204097870000000042e-01
1.187823640000000014e-01
1.290396299999999885e-01
1.097347359999999994e-01
8.065089579999999703e-02
1.185289769999999937e-01
1.000706330000000061e-01
1.344556209999999974e-01
9.789008650000000089e-02
1.405249980000000121e-01
1.089073120000000061e-01
1.225859079999999934e-01
1.327649800000000047e-01
1.137352959999999996e-01
1.046675970000000011e-01
1.183619570000000037e-01
1.174135879999999993e-01
3.576931729999999893e-02
3.708938509999999689e-02
9.982107580000000591e-02
6.406329569999999474e-02
6.141727050000000271e-02
4.592733830000000211e-02
1.352089049999999903e-01
7.830281560000000585e-02
1.569449159999999899e-01
1.849282090000000101e-01
4.496647420000000200e-02
1.771315000000000042e-02
1.356443609999999911e-01
4.773113880000000309e-02
4.641818260000000335e-02
1.401520970000000033e-01
1.103364679999999931e-01
4.858181250000000173e-02
1.139904260000000058e-01
1.149682330000000030e-01
1.783337590000000084e-01
8.292108770000000684e-02
1.144157870000000049e-01
1.098624099999999937e-01
1.637556249999999880e-01
1.271389420000000048e-01
1.068271769999999954e-01
7.445270569999999644e-02
1.081401580000000001e-02
1.579342629999999914e-01
8.141136910000000559e-02
3.320772949999999807e-02
1.367820949999999924e-01
9.155419469999999393e-02
1.257524640000000082e-01
5.516442659999999665e-02
1.162971929999999932e-01
8.292030540000000505e-02
1.081084090000000025e-01
1.406560540000000026e-01
1.301935320000000007e-01
2.073515649999999877e-01
1.374644040000000123e-01
1.745696509999999924e-01
7.456848030000000349e-02
2.539562249999999938e-02
8.073388789999999537e-02
8.715524519999999498e-02
1.629968729999999866e-01
1.006289199999999967e-01
1.601533440000000030e-01
6.713752450000000371e-02
1.244649959999999944e-01
1.583579780000000103e-01
1.203605610000000048e-01
1.532606179999999874e-01
1.444210109999999880e-01
1.062421719999999958e-01
5.799365039999999916e-02
-2.240008300000000119e-02
1.164707390000000037e-01
1.381194739999999921e-01
1.499508019999999942e-01
6.330610070000000644e-02
1.240380330000000059e-01
1.247169820000000040e-01
1.417113989999999879e-01
9.358622880000000421e-02
6.332020459999999906e-02
1.445429030000000004e-01
1.471924039999999989e-01
8.960244059999999955e-02
7.731103899999999807e-02
1.446617540000000035e-01
1.629968729999999866e-01
5.722032490000000110e-02
1.432184430000000008e-01
9.867648780000000397e-02
5.448895320000000236e-02
1.402596379999999920e-01
5.740957330000000247e-02
9.493204210000000254e-02
1.645794210000000035e-01
4.038016309999999803e-03
1.556833980000000006e-01
9.995721279999999695e-03
1.133624909999999958e-01
1.015426519999999971e-01
1.544329819999999964e-01
8.849865939999999875e-02
1.207645829999999948e-01
9.391360729999999324e-02
1.153518929999999970e-01
1.288465860000000129e-01
1.467865710000000046e-01
8.407821510000000609e-02
4.371899370000000007e-02
1.180431839999999954e-01
9.075336159999999874e-02
1.151220049999999995e-01
8.863781390000000093e-02
1.522540300000000124e-01
1.291132570000000090e-01
6.902310999999999863e-02
7.923822849999999363e-02
1.393644510000000003e-01
2.805390209999999995e-02
1.451887189999999939e-01
3.546086329999999925e-02
1.323684750000000132e-01
1.503829959999999910e-01
9.819030019999999692e-02
1.565701220000000060e-01
4.656336829999999788e-02
2.122413519999999942e-01
8.830203120000000572e-02
1.153939070000000039e-01
1.103332560000000045e-01
9.952493010000000584e-02
1.185181960000000062e-01
1.136187169999999941e-01
3.661297260000000164e-02
2.343115399999999918e-02
1.249431740000000041e-01
8.252389729999999590e-02
1.126726569999999955e-01
5.741714309999999821e-02
1.876874119999999979e-01
8.331899339999999932e-02
8.893775939999999658e-02
1.404764950000000068e-01
2.348373269999999916e-02
4.874739420000000212e-02
7.357627149999999838e-02
1.439051480000000105e-01
3.421127050000000169e-02
4.637116189999999916e-02
1.410509789999999930e-01
9.425604340000000303e-02
7.569437469999999724e-02
9.523486350000000267e-02
8.050116150000000137e-02
5.762755130000000309e-02
1.383312640000000093e-01
1.690222919999999907e-01
4.933454470000000341e-02
1.144684259999999981e-01
6.510220469999999926e-02
8.126675340000000247e-02
8.455422519999999942e-02
1.273184270000000118e-01
1.441440139999999870e-01
6.022904069999999999e-02
1.084625119999999970e-01
7.763109360000000625e-02
1.207498909999999981e-01
1.553661379999999870e-01
1.057478490000000049e-01
2.913424749999999827e-02
1.125992160000000020e-01
1.620434520000000045e-01
7.728878409999999366e-02
9.153612699999999491e-02
7.121474299999999702e-02
1.410560009999999864e-01
1.346500959999999969e-01
7.171716540000000473e-02
6.491257250000000145e-02
1.158811750000000029e-01
1.209994929999999996e-01
1.605589089999999997e-01
1.114516710000000022e-01
1.643937380000000115e-01
1.077247489999999946e-01
9.960767630000000317e-02
7.298508289999999787e-02
8.339685950000000347e-02
4.141731559999999729e-02
2.437121979999999979e-02
1.119747829999999944e-01
1.361804010000000065e-01
1.167292890000000000e-01
1.240888460000000026e-01
1.140422819999999948e-01
1.252666859999999882e-01
6.158997489999999686e-02
1.224098059999999960e-01
3.200491419999999809e-03
9.040856360000000536e-02
2.064475790000000130e-02
8.155917379999999550e-02
8.708401770000000208e-02
1.135920359999999935e-01
7.899971309999999358e-02
5.943636599999999742e-02
5.040115490000000170e-02
1.652179810000000137e-01
1.361804010000000065e-01
1.339553149999999915e-01
8.736740049999999758e-02
1.077373769999999953e-01
2.674624509999999969e-02
1.077504680000000020e-01
1.187148620000000043e-01
1.249907019999999952e-01
1.365514250000000041e-01
1.529562319999999975e-01
7.569359239999999545e-02
1.102593240000000058e-01
1.311309340000000045e-01
3.267323230000000051e-02
8.197538549999999757e-02
1.284443439999999881e-01
1.438116730000000010e-01
9.276340900000000500e-02
1.163991759999999931e-01
1.479201019999999978e-01
9.577248249999999880e-03
1.159283150000000040e-01
7.331962879999999461e-02
7.608848810000000407e-02
5.082755159999999967e-02
1.049675719999999951e-01
1.783102380000000167e-02
7.137107850000000420e-02
1.040283290000000027e-01
1.553661379999999870e-01
1.325214650000000050e-01
2.375543119999999966e-02
1.750953939999999875e-01
3.489739449999999799e-02
7.290688160000000084e-02
9.850121289999999585e-02
1.268325299999999989e-01
7.244104149999999742e-02
1.198632869999999989e-01
1.045969650000000001e-01
7.213333249999999419e-02
5.465836450000000069e-02
1.088624450000000021e-01
1.535393300000000016e-01
8.705779909999999955e-02
1.311666669999999868e-01
7.221876829999999969e-02
1.439283789999999952e-01
1.325214650000000050e-01
5.644318830000000231e-02
6.729885189999999795e-02
5.283834789999999892e-02
1.074793119999999935e-01
7.252295320000000378e-02
1.369602530000000040e-01
3.617619720000000288e-02
1.342776420000000026e-01
1.367844189999999904e-01
1.123996079999999981e-01
-4.656858279999999579e-03
1.045465539999999999e-01
1.248401630000000040e-01
1.840543000000000040e-01
8.872510490000000416e-02
1.441035270000000090e-01
4.775774850000000238e-02
1.336659789999999903e-01
4.565369710000000136e-02
1.279055480000000078e-01
1.098723040000000040e-01
1.297980400000000034e-01
1.001351850000000016e-01
3.339554370000000216e-02
7.088892160000000164e-02
9.162159259999999583e-02
1.156097350000000051e-01
7.422973959999999705e-02
1.979923990000000134e-02
1.656604110000000074e-01
8.921258899999999492e-02
3.275864939999999920e-02
5.367082360000000052e-02
1.413976100000000069e-01
1.570920199999999989e-01
4.522529620000000083e-02
5.554744970000000115e-02
1.465621219999999926e-02
1.101094259999999964e-01
1.425505579999999939e-01
1.195321309999999998e-01
1.246802060000000018e-01
1.619237809999999889e-01
1.179893310000000063e-02
4.768690469999999765e-02
7.096646730000000236e-02
1.698530759999999917e-01
1.606879679999999866e-01
1.176410090000000047e-01
1.562478539999999916e-01
9.150705489999999553e-02
5.796382950000000117e-02
7.780472189999999844e-02
1.286783519999999958e-01
8.659510310000000100e-02
7.036846880000000026e-02
1.328761280000000100e-01
1.423734869999999930e-01
1.318935900000000050e-01
1.752904799999999985e-01
3.765123709999999846e-02
1.200647499999999979e-01
1.468152550000000056e-01
4.862563310000000277e-02
1.397175039999999924e-01
2.722660819999999857e-02
1.241508280000000047e-01
4.599366710000000330e-02
5.730857329999999861e-02
9.486614910000000511e-02
1.595696960000000109e-01
3.385988999999999666e-02
5.184673149999999980e-02
1.234692929999999939e-01
2.216165510000000019e-02
1.075095239999999952e-01
6.543944779999999461e-02
5.588730420000000143e-02
2.232193199999999919e-02
1.086498500000000061e-01
3.130894900000000258e-02
2.384902979999999895e-01
7.569311559999999939e-02
5.704777319999999874e-02
2.073714580000000085e-01
1.428980380000000050e-01
1.678779129999999897e-01
9.399057180000000566e-02
5.908003819999999712e-02
1.649361850000000129e-01
-7.977480069999999188e-03
1.350401639999999903e-01
9.857290979999999703e-02
4.454797130000000271e-02
1.491637530000000100e-01
1.249950680000000008e-01
1.284499319999999889e-01
1.681535989999999869e-01
1.071181890000000025e-01
1.365810779999999947e-01
7.264580580000000454e-02
1.340393280000000131e-01
1.666133109999999862e-01
2.771932449999999978e-02
1.251398469999999985e-01
1.030193789999999943e-01
6.754670290000000521e-02
1.185374039999999990e-01
9.213612229999999792e-02
-4.993582889999999969e-02
9.857290979999999703e-02
1.351361130000000021e-01
8.678051080000000195e-02
-4.809239879999999828e-02
1.612958760000000047e-01
6.975059209999999454e-02
1.616536530000000083e-01
8.484151210000000221e-02
2.066779139999999904e-01
5.942271279999999933e-02
5.772143600000000097e-02
1.330929550000000128e-01
1.009902510000000031e-01
1.019358340000000029e-01
9.764175860000000318e-02
1.501662430000000048e-01
1.248709929999999996e-01
2.765972540000000146e-02
1.533321739999999878e-01
5.550400540000000049e-02
1.103953419999999935e-01
1.256708649999999927e-01
1.033082010000000023e-01
-8.737588299999999794e-03
1.071297680000000002e-01
-1.092778519999999982e-02
1.113597600000000021e-01
4.504426200000000158e-02
1.346410070000000070e-01
9.210482239999999432e-02
7.934436949999999766e-02
1.439619060000000006e-01
1.071297680000000002e-01
1.338866059999999913e-01
1.814175550000000081e-01
8.705829079999999331e-02
7.906842980000000631e-02
9.976255890000000626e-02
1.549868289999999926e-01
7.991462950000000065e-02
1.509153990000000056e-01
7.261418549999999750e-02
5.760841070000000119e-02
4.157895589999999891e-02
6.097811090000000017e-02
1.776716710000000032e-01
1.206910010000000061e-01
2.855371129999999952e-02
1.275177600000000078e-01
4.037867769999999848e-04
-1.081516970000000015e-02
5.199587719999999857e-02
6.339953839999999674e-02
5.085502189999999839e-02
1.297675369999999884e-01
1.935805680000000084e-01
-3.981494339999999861e-03
7.132323090000000643e-02
-1.273482939999999973e-02
1.178619119999999992e-01
4.957700520000000305e-02
1.516913769999999884e-01
1.031205129999999970e-01
8.934267610000000415e-02
1.597851220000000017e-01
7.249918580000000445e-02
8.115979280000000518e-02
5.343268810000000035e-02
8.755730089999999577e-02
9.775502229999999404e-02
1.966015849999999954e-01
1.424661130000000053e-01
1.743838189999999955e-01
8.480470630000000454e-02
2.246892900000000137e-01
9.635894000000000403e-02
1.381877659999999897e-01
1.579294499999999990e-01
3.363402189999999820e-02
5.371284860000000161e-02
7.473322749999999903e-02
8.685328809999999511e-02
1.126749590000000051e-01
3.949167580000000066e-02
9.497704360000000512e-02
1.268647310000000084e-01
8.366842569999999313e-02
6.941593440000000392e-02
6.813125309999999712e-02
1.210460659999999938e-01
-3.634985909999999959e-02
6.856318560000000673e-02
5.155790970000000140e-02
1.184401139999999991e-01
9.614445269999999377e-02
1.307375129999999996e-01
1.103116870000000055e-01
9.101390839999999594e-02
1.091004760000000018e-01
6.964159759999999366e-02
6.029972060000000217e-02
1.027276369999999966e-01
2.938361280000000020e-02
1.057173539999999995e-01
2.389797379999999971e-02
9.822286669999999442e-02
5.997087809999999963e-02
1.071412709999999963e-01
1.607532349999999943e-01
7.066597039999999996e-02
8.775100859999999947e-02
1.966874669999999978e-02
5.877608060000000245e-02
1.619480550000000074e-01
1.043079570000000067e-01
1.587555109999999881e-01
1.001342610000000022e-01
1.382198480000000063e-01
1.419001370000000095e-01
1.761801540000000055e-01
1.366863399999999895e-01
1.451250169999999950e-01
8.170795440000000465e-02
4.906778039999999674e-02
4.982483389999999707e-02
1.516767890000000063e-01
1.297428310000000029e-01
1.656589360000000066e-01
1.153770310000000049e-01
6.137346479999999938e-02
8.422802390000000416e-02
-6.878961620000000055e-02
-3.634162989999999843e-02
4.392193259999999794e-02
1.048536379999999990e-01
4.794427009999999850e-02
-7.565353529999999972e-03
1.283901779999999937e-01
8.560081569999999918e-02
5.966173479999999779e-02
1.855022159999999976e-01
1.811763050000000097e-01
7.724227760000000609e-02
1.313813030000000048e-01
8.020164820000000305e-02
1.167205999999999973e-02
5.401265990000000267e-02
1.223900839999999962e-01
8.996599909999999922e-02
8.509512989999999666e-02
7.367965579999999348e-02
3.730858489999999694e-02
5.987305939999999771e-02
1.107966380000000028e-01
-3.077782319999999849e-02
1.809846310000000069e-01
1.030973270000000025e-01
1.756843920000000087e-02
1.664555819999999908e-01
1.438302099999999861e-01
-2.117787490000000092e-02
1.704860780000000131e-01
1.631225940000000096e-01
-6.264287050000000127e-03
1.705028409999999883e-01
8.524779979999999591e-02
6.351231779999999549e-02
1.326596740000000052e-01
8.877898010000000173e-02
9.145255389999999707e-02
-1.388651410000000044e-02
1.039827539999999967e-01
1.260052170000000027e-01
1.258151230000000009e-01
7.242925470000000088e-02
1.516979000000000070e-02
1.286790969999999923e-01
2.389797379999999971e-02
6.613958629999999728e-02
1.267258669999999920e-01
1.442958560000000001e-01
1.497264500000000109e-01
7.518284769999999950e-02
1.542809900000000067e-01
6.174769630000000176e-02
1.091004760000000018e-01
1.533245000000000025e-01
9.389089790000000602e-02
4.178299750000000201e-02
1.276812260000000088e-01
1.066048220000000019e-01
9.603919090000000158e-02
6.270580739999999376e-02
1.210417599999999982e-01
4.944356159999999806e-02
1.518542170000000135e-01
1.799452450000000037e-01
5.598659439999999904e-02
9.281825270000000627e-02
5.927230790000000138e-02
4.766735429999999912e-02
1.704340430000000073e-01
1.981612590000000063e-01
1.453803029999999885e-01
1.123887600000000042e-01
9.939474610000000043e-02
4.036616910000000169e-02
7.698780299999999355e-02
9.389089790000000602e-02
9.134890880000000324e-02
4.944356159999999806e-02
1.509354109999999916e-01
1.665055450000000048e-01
1.076848210000000000e-01
1.048483979999999954e-02
6.728948649999999532e-02
7.411830129999999461e-02
1.151406019999999947e-01
1.265739499999999906e-01
2.926548569999999974e-02
4.410349580000000325e-02
1.583518829999999988e-01
8.467879890000000465e-02
3.804049639999999843e-02
3.827876969999999962e-02
6.117930640000000114e-02
6.616053730000000244e-02
1.755039580000000016e-02
7.586082819999999394e-02
9.925218669999999466e-02
1.555017529999999926e-01
7.288376990000000610e-02
1.585282680000000000e-01
1.514962760000000130e-01
2.058108600000000121e-01
8.299129460000000125e-02
1.794428379999999934e-01
5.260420960000000007e-02
1.225194109999999947e-01
1.027855500000000033e-01
2.828977259999999883e-02
1.493305269999999907e-01
8.078363539999999787e-02
1.380301559999999872e-01
-1.707154699999999942e-02
8.963726460000000229e-02
1.076655239999999986e-01
9.796562790000000465e-02
1.656564620000000043e-01
1.018015220000000054e-01
3.579812500000000008e-02
1.431712659999999915e-01
-2.829295399999999863e-02
1.516697409999999968e-01
1.888846309999999973e-01
1.658451109999999895e-01
2.041546110000000136e-01
1.132309289999999941e-01
6.475791340000000562e-02
1.201352630000000060e-01
2.391959579999999863e-01
8.807776870000000313e-02
1.581741120000000056e-01
6.168050320000000031e-02
1.009440419999999977e-01
2.320025269999999862e-01
7.389979809999999705e-02
1.598329539999999993e-01
6.803036480000000663e-02
1.184997559999999978e-01
8.821450170000000313e-02
7.345470040000000311e-02
1.110139490000000007e-01
1.323141009999999895e-01
1.774496590000000096e-01
2.585560379999999880e-01
1.822604090000000121e-01
1.233346020000000015e-01
8.385557679999999792e-02
1.173503550000000034e-01
8.390939980000000631e-02
1.638191340000000051e-01
1.462380289999999916e-01
5.701883509999999822e-02
2.394804359999999979e-02
9.912717340000000432e-02
1.205557210000000046e-01
1.169687580000000060e-01
7.879098499999999394e-02
1.300993410000000072e-01
7.043758780000000663e-02
1.821635960000000110e-01
-1.184159190000000058e-03
5.990594999999999948e-02
1.313006429999999947e-01
2.058174309999999951e-01
1.520604339999999943e-01
8.136796949999999806e-02
4.116460680000000316e-02
1.813923569999999902e-02
7.666885110000000447e-02
8.140385149999999903e-02
5.449267099999999947e-02
8.216192569999999917e-02
1.345530149999999980e-01
7.490866629999999582e-02
1.014461090000000023e-04
1.248228700000000024e-01
2.103484870000000007e-01
5.528969319999999660e-02
6.683894249999999815e-02
1.461193859999999900e-01
9.039193389999999884e-02
1.769945470000000021e-01
1.879113170000000152e-02
1.782653479999999901e-01
1.782653479999999901e-01
1.274733249999999984e-01
4.738529030000000059e-02
1.965975309999999920e-01
1.196031349999999993e-01
1.799369160000000023e-01
5.767490249999999985e-03
2.634358220000000000e-02
3.684667870000000317e-02
7.511930910000000350e-02
7.805702089999999593e-02
1.270036850000000050e-01
1.382656250000000031e-01
6.771042939999999399e-02
6.098554660000000266e-02
8.921300620000000015e-02
5.376711490000000288e-02
8.665617559999999608e-02
1.052373719999999957e-01
1.169687580000000060e-01
4.622010509999999878e-02
6.728687140000000344e-02
5.496611819999999704e-02
7.763030379999999453e-02
1.914907990000000101e-02
1.623622180000000026e-01
1.093323830000000052e-01
1.846447439999999995e-01
4.297632349999999657e-02
1.277351830000000021e-01
9.548540410000000422e-02
5.908410620000000002e-02
7.857265319999999498e-02
2.278788389999999997e-01
2.781587090000000109e-02
1.751877520000000021e-01
1.248228700000000024e-01
1.462629290000000137e-01
4.095025360000000003e-02
6.602801379999999332e-02
6.454394759999999842e-02
6.894014780000000397e-02
6.392139199999999355e-02
1.583518829999999988e-01
2.212288600000000133e-02
8.521014820000000559e-03
1.165590209999999988e-01
1.375602930000000002e-01
9.312139449999999596e-02
8.902155609999999608e-02
5.823548139999999707e-02
3.956331689999999929e-02
1.643449660000000090e-01
1.752474760000000131e-01
2.597451770000000146e-02
1.673993920000000080e-01
7.666885110000000447e-02
1.057055219999999962e-01
1.257901790000000020e-01
2.195186730000000044e-02
1.400226260000000077e-02
6.475791340000000562e-02
8.954051879999999630e-02
1.024611740000000021e-01
1.675053979999999998e-01
7.231858369999999425e-02
1.092429679999999959e-01
3.059049510000000013e-02
9.811106320000000103e-02
6.816736419999999729e-04
7.366382330000000034e-02
8.521014820000000559e-03
9.744784979999999985e-02
1.079299819999999938e-01
-7.241896539999999327e-02
9.197963030000000373e-02
7.555321319999999848e-03
1.057055219999999962e-01
-5.756623300000000137e-02
2.035228609999999994e-01
7.699397210000000213e-02
-1.646000710000000006e-02
1.320164799999999916e-01
2.146831009999999873e-01
4.114250469999999882e-02
8.411202580000000373e-02
-9.653532879999999344e-03
1.762391419999999927e-03
2.257989199999999863e-01
1.316960900000000052e-02
1.623622180000000026e-01
1.210968050000000018e-01
4.548808189999999779e-02
1.473397610000000135e-01
-1.964690720000000085e-02
2.389530470000000156e-02
1.324625459999999866e-01
1.542603369999999974e-01
4.346454520000000293e-02
1.670523289999999994e-01
1.280546489999999926e-01
9.440194070000000603e-02
1.932852720000000080e-01
2.423655690000000029e-01
1.444197600000000081e-01
7.303702089999999925e-02
1.222897540000000005e-01
1.306165009999999960e-01
-2.572968419999999840e-02
1.579226699999999872e-01
1.949269620000000092e-01
9.878828380000000131e-02
1.004733290000000001e-01
1.175935939999999957e-01
1.038594840000000019e-01
2.256340830000000131e-01
1.310938150000000024e-01
2.563084480000000012e-03
2.198753950000000013e-01
1.237157289999999965e-01
1.507231739999999875e-01
3.239903229999999829e-02
1.178881299999999938e-01
9.610741590000000667e-02
5.381301790000000279e-02
2.136376949999999886e-01
2.087331269999999905e-01
1.260800509999999985e-01
1.389993130000000132e-01
2.087331269999999905e-01
-4.159910979999999897e-02
1.004622949999999931e-01
1.310938150000000024e-01
1.582663509999999996e-01
1.126087679999999980e-01
1.223679929999999944e-01
-3.857147879999999959e-03
1.204934049999999979e-01
-3.323388840000000150e-02
1.301403640000000084e-01
7.091257719999999320e-02
1.205370500000000067e-01
2.212288600000000133e-02
1.164850149999999973e-01
2.195186730000000044e-02
1.444197600000000081e-01
9.089644249999999370e-02
1.213029870000000010e-02
1.415165070000000136e-01
1.277457919999999969e-01
9.791582819999999909e-02
1.087821350000000020e-01
7.784433200000000393e-03
1.064392630000000062e-01
-8.829761300000000743e-03
1.307167409999999974e-01
5.889985340000000041e-02
3.594994919999999761e-02
1.246956879999999990e-01
1.269398629999999861e-01
6.728355589999999997e-02
7.052393260000000552e-02
1.584321559999999907e-01
1.726431700000000125e-01
1.869129389999999932e-02
9.913584590000000529e-02
4.383222390000000163e-02
6.204948200000000302e-02
1.349642869999999883e-01
7.193443920000000547e-02
3.060030190000000150e-02
1.787821049999999967e-01
1.920733149999999945e-01
2.044131010000000137e-01
3.068286179999999974e-01
1.833487000000000033e-01
3.235600520000000285e-02
1.726129499999999872e-01
1.072311180000000003e-01
2.691211179999999925e-02
9.559348230000000446e-02
1.029640809999999990e-01
1.469912379999999963e-01
9.811196480000000664e-02
9.855053569999999707e-02
7.750286909999999641e-02
1.080113500000000060e-01
1.601584259999999926e-01
1.279118210000000089e-01
1.311486870000000068e-02
3.779505939999999731e-02
-4.199236630000000026e-02
6.349679079999999420e-02
9.131328760000000100e-02
1.237793709999999991e-01
1.211424470000000003e-01
-7.976869490000000618e-02
2.631388599999999744e-01
3.062871660000000135e-02
-1.733730550000000051e-02
1.453891960000000018e-02
2.462173699999999910e-01
-4.632481559999999943e-02
5.979878079999999957e-02
1.451258360000000081e-01
3.661989050000000190e-02
7.640463109999999503e-02
1.134505940000000018e-01
9.398279340000000037e-02
1.822015640000000103e-01
1.696414049999999951e-01
5.528450010000000164e-02
1.476466359999999978e-01
3.062252890000000116e-02
4.486797000000000007e-02
2.184111920000000040e-01
1.333061309999999944e-01
6.204948200000000302e-02
8.567303419999999781e-02
1.055124699999999971e-01
1.567839679999999958e-01
2.705883049999999873e-02
1.090151819999999987e-02
3.583278129999999811e-02
7.150970399999999338e-02
1.631885020000000130e-01
1.556892539999999991e-01
6.207806619999999692e-02
3.270167479999999682e-02
2.197954209999999908e-01
4.237808660000000338e-02
3.647337850000000048e-02
6.349679079999999420e-02
3.424852160000000159e-03
6.131924689999999900e-02
7.618091259999999754e-02
5.219741540000000235e-02
9.215337780000000534e-02
1.949269620000000092e-01
1.908447000000000060e-01
4.959684980000000215e-02
2.273898420000000087e-01
-3.735965000000000271e-04
1.455707549999999961e-01
1.257676630000000018e-01
1.726302359999999925e-01
1.338749079999999869e-01
9.440535310000000568e-02
5.219741540000000235e-02
1.104166139999999963e-01
5.662953109999999818e-02
3.253994510000000201e-02
1.688459659999999862e-01
2.041217539999999886e-01
2.027671409999999910e-02
-9.379012139999999553e-02
1.373434510000000053e-01
1.195537150000000048e-01
-1.774293180000000025e-02
1.275504080000000040e-01
1.301545649999999998e-01
9.359005089999999916e-02
7.396304609999999891e-02
-8.236716689999999674e-02
1.606382240000000031e-02
1.448277679999999956e-01
2.962995469999999965e-01
1.236403919999999948e-02
1.301711349999999934e-01
1.074608040000000000e-02
3.162216540000000187e-01
1.736356130000000011e-02
1.933890430000000105e-01
1.426623760000000074e-01
1.510154750000000101e-01
6.377562139999999602e-02
1.295450479999999960e-01
3.063519300000000153e-02
1.653441939999999999e-01
8.876205980000000106e-02
2.627654559999999945e-02
1.382303830000000122e-01
-5.865581329999999469e-04
1.435556259999999917e-01
4.158592600000000222e-02
1.463002559999999896e-01
1.114090680000000000e-01
1.999909729999999886e-01
-3.263518960000000302e-02
1.762409060000000027e-01
1.188672630000000008e-01
1.311486870000000068e-02
1.132768470000000000e-01
3.067267690000000102e-02
2.352163049999999866e-01
1.015038270000000048e-01
-1.435425130000000105e-01
9.215337780000000534e-02
1.308528330000000017e-01
6.281498069999999490e-02
2.299866530000000131e-01
8.619207140000000045e-02
9.167749429999999533e-02
7.003731280000000115e-02
8.619207140000000045e-02
1.481226979999999971e-01
4.988522459999999992e-02
-2.470052799999999937e-02
7.234422860000000455e-02
6.285323950000000492e-02
3.830993180000000220e-02
9.465919439999999352e-02
1.412139829999999874e-01
1.581355180000000027e-01
5.191902439999999952e-02
3.911845390000000255e-02
5.152659860000000092e-02
1.640843150000000084e-01
1.431158040000000131e-01
6.695979829999999799e-02
1.273171160000000079e-01
5.807022380000000095e-02
-1.691281050000000008e-02
4.833165560000000222e-02
-2.634081989999999956e-02
1.359263209999999888e-01
2.418092789999999881e-01
-3.526408970000000087e-02
2.639831599999999945e-01
1.308528330000000017e-01
8.852072810000000125e-02
-1.980129159999999972e-03
1.529666630000000027e-01
2.997936609999999891e-01
1.421947329999999898e-01
1.406577380000000044e-01
1.835113610000000117e-01
1.338749079999999869e-01
1.321167500000000050e-01
9.781292830000000438e-02
1.253613080000000046e-01
5.327681079999999764e-02
8.763209730000000308e-02
1.011865809999999977e-01
1.082971469999999964e-01
3.310921039999999843e-02
8.156287669999999490e-02
3.068138850000000015e-02
2.160844019999999879e-02
1.243152839999999981e-01
2.192480709999999888e-01
1.882448200000000071e-01
1.772331450000000086e-01
1.253613080000000046e-01
-1.360983550000000042e-01
8.876205980000000106e-02
1.579181249999999925e-01
8.017143609999999310e-02
1.336138839999999883e-01
1.237793709999999991e-01
2.378818390000000116e-01
-6.032119319999999785e-02
1.463624540000000029e-01
4.039368410000000048e-02
2.592603120000000136e-02
1.028669400000000039e-01
1.532780679999999895e-01
-3.295257320000000156e-02
2.083009109999999983e-02
9.963255379999999550e-02
1.726839390000000085e-01
4.297130930000000321e-02
-3.818640110000000309e-02
1.926974800000000043e-01
1.688459659999999862e-01
1.867030110000000021e-01
1.678294840000000010e-01
1.572244610000000098e-01
2.555218940000000272e-01
-1.837371960000000091e-04
4.385514650000000084e-03
3.303834500000000229e-01
1.726582050000000090e-01
1.749280140000000067e-03
3.573382650000000299e-02
4.607316849999999742e-02
1.899290680000000064e-01
4.171609510000000298e-02
6.792331490000000360e-02
1.887689529999999893e-01
3.319127110000000269e-02
1.810853030000000030e-01
5.823613700000000032e-02
1.022748349999999945e-01
1.051457080000000044e-01
1.561896500000000132e-01
2.434018109999999957e-01
1.084638160000000046e-01
1.384594739999999990e-01
1.766794919999999935e-01
2.691855129999999874e-01
1.378492560000000033e-01
1.401915400000000068e-02
1.099498500000000017e-01
1.683276150000000138e-01
1.428890379999999960e-01
1.036032590000000031e-01
1.359263209999999888e-01
9.997044500000000500e-02
1.294615570000000049e-01
3.319127110000000269e-02
3.337097170000000168e-02
8.810726550000000379e-02
5.107918749999999786e-02
2.342160979999999976e-02
5.046450350000000057e-02
2.391164749999999950e-01
7.183019820000000055e-02
4.710245500000000141e-02
1.924128380000000027e-01
8.004562560000000326e-02
1.727018800000000021e-01
6.387293339999999819e-02
1.072960049999999999e-01
1.448655869999999901e-01
1.278728990000000121e-01
9.150847049999999427e-02
1.264483299999999942e-02
-5.284725869999999659e-02
3.803107650000000020e-03
-1.476314380000000055e-03
1.073349190000000009e-01
6.688609719999999426e-02
-1.342509310000000039e-02
1.817284520000000125e-01
2.176696810000000037e-01
2.038029279999999943e-01
1.169369070000000066e-01
3.167916089999999862e-03
2.372295110000000040e-01
1.561896500000000132e-01
7.819050549999999322e-02
1.084638160000000046e-01
-6.167672569999999715e-02
1.624966260000000051e-01
-5.878874099999999679e-03
1.838520170000000065e-01
1.520258640000000105e-01
1.999695599999999907e-01
2.578961850000000000e-01
1.425805390000000061e-01
1.202133670000000015e-01
1.726798710000000125e-01
2.119812819999999931e-01
1.359263209999999888e-01
5.547719450000000024e-02
1.412899639999999901e-01
1.238579509999999982e-03
1.546800879999999934e-01
1.916339400000000026e-01
1.191650409999999993e-01
1.736225929999999848e-02
1.889215710000000104e-01
1.114927829999999981e-01
7.496919479999999969e-02
-7.709658149999999710e-02
3.744241970000000003e-02
2.164312449999999943e-01
-1.699598730000000113e-01
9.475005420000000289e-02
4.514532160000000321e-02
1.909135580000000110e-01
5.958828699999999673e-02
1.089743519999999966e-01
-1.839734239999999896e-02
1.791000520000000096e-01
-3.045122139999999894e-02
1.993653180000000136e-01
9.500027449999999540e-02
-1.676054670000000010e-02
1.086806579999999994e-01
1.311816279999999946e-01
2.305113229999999902e-01
8.694487069999999596e-02
1.824752239999999914e-01
3.914517909999999656e-02
-2.536981829999999938e-03
5.396592990000000090e-02
7.939677689999999344e-02
-6.308992210000000100e-02
1.139538660000000009e-01
-6.027856470000000216e-02
1.671947990000000051e-01
2.373804449999999955e-01
-5.235130710000000104e-02
1.775175479999999972e-01
8.672657609999999406e-02
3.803107650000000020e-03
9.883271899999999943e-02
5.769553410000000104e-02
2.044869810000000121e-01
2.020189609999999969e-01
5.929749460000000028e-02
1.876747609999999955e-02
1.419488939999999921e-01
7.455825060000000060e-02
1.477521659999999903e-01
2.052739409999999876e-01
6.093524019999999736e-02
2.238696370000000102e-01
1.928265090000000070e-01
2.811201619999999842e-03
5.633451040000000271e-02
4.514532160000000321e-02
8.997490260000000351e-02
1.220874640000000066e-01
-3.024085420000000024e-02
-2.181931590000000046e-02
1.613238600000000134e-01
1.212868690000000055e-01
3.914517909999999656e-02
-2.371701780000000023e-02
6.725065410000000132e-02
1.466916799999999910e-01
1.634459050000000024e-01
8.125390109999999777e-02
1.453832690000000094e-01
1.169369070000000066e-01
1.425847690000000070e-02
2.411055860000000106e-01
-5.041480529999999710e-03
8.902803809999999818e-02
7.794419680000000406e-02
1.775175479999999972e-01
2.302480189999999982e-01
1.045437899999999976e-01
-8.604943750000000613e-02
1.063279250000000002e-02
5.311698840000000227e-02
8.526750650000000653e-02
3.380167780000000177e-01
1.566224689999999864e-01
-1.773580160000000072e-01
1.302787360000000061e-01
1.569653900000000102e-01
6.290424619999999967e-02
1.123184859999999952e-01
8.526750650000000653e-02
-1.346891469999999917e-02
1.313522310000000137e-01
4.296147449999999923e-02
-2.027908809999999940e-03
1.169369070000000066e-01
1.276274470000000050e-01
-5.178872500000000073e-02
5.481777709999999942e-02
2.500642460000000039e-02
-1.346891469999999917e-02
-9.648237380000000696e-03
1.971923110000000090e-01
2.334144119999999878e-01
1.909823569999999915e-01
2.757366900000000065e-01
2.784008090000000268e-01
1.043277529999999953e-01
1.957199420000000079e-01
1.666652710000000037e-01
-3.577671709999999915e-03
1.455360800000000121e-01
-6.187680360000000213e-02
2.783738669999999971e-01
2.480573950000000139e-01
3.407838939999999900e-02
2.481465409999999983e-02
1.036032590000000031e-01
-4.280130940000000106e-02
1.618246140000000055e-01
3.084020130000000165e-02
2.708239849999999893e-01
2.594540419999999958e-01
-3.868214410000000297e-02
9.983304140000000271e-02
-1.676054670000000010e-02
3.805361689999999658e-02
3.307368159999999890e-01
2.291610689999999950e-01
2.447163159999999893e-01
1.357386110000000090e-01
2.725892070000000000e-01
-1.900292929999999880e-01
-1.075669379999999974e-02
1.003574950000000049e-01
-1.609067809999999848e-02
1.336723860000000041e-01
3.080394310000000163e-02
1.864086839999999912e-01
1.736225929999999848e-02
-7.724060859999999640e-02
1.860280480000000014e-01
1.043277529999999953e-01
5.723074820000000063e-02
7.302057739999999464e-02
2.506349379999999738e-01
1.924865990000000082e-01
2.161802800000000024e-01
1.995716090000000109e-01
1.358194199999999963e-01
-5.041480529999999710e-03
2.095435260000000077e-01
2.666937110000000000e-01
-6.954757120000000514e-02
9.811413289999999787e-02
1.660173090000000018e-01
5.304526539999999957e-02
8.560355009999999487e-02
1.123184859999999952e-01
2.044869810000000121e-01
