2.238432281418748782e-01
2.220526638669457764e-01
2.199546249809244125e-01
2.175639831272519475e-01
2.149000026446742373e-01
2.119859296730720322e-01
2.088485044502601806e-01
2.055174097583984671e-01
2.020246698461843349e-01
1.984040152182638683e-01
1.946902292496769937e-01
1.909184926614760636e-01
1.871237414935630339e-01
1.833400533586372061e-01
1.796000754985190850e-01
1.759345065458079727e-01
1.723716419852855675e-01
1.689369911839499749e-01
1.656529715939969449e-01
1.625386834089564136e-01
1.596097656475025106e-01
1.568783324257066458e-01
1.543529861232374734e-01
1.520389023096121728e-01
1.499379797196414565e-01
1.480490472873058350e-01
1.463681192865295411e-01
1.448886889951854495e-01
1.436020509925540201e-01
1.424976422065807602e-01
1.415633921219645319e-01
1.407860732014923066e-01
1.401516426950013272e-01
1.396455699525392391e-01
1.392531410121334023e-01
1.389597369098381774e-01
1.387510811887381623e-01
1.386134540240032964e-01
1.385338714280613948e-01
1.385002290828936111e-01
1.385014113290864990e-01
1.385273667027951960e-01
1.385691521377618307e-01
1.386189485318143344e-01
1.386700508135234322e-01
1.387168359379120641e-01
1.387547123978739028e-01
1.387800548716186799e-01
1.387901275502921306e-01
1.387829995202025102e-01
1.387574553282840961e-01
1.387129035553749667e-01
1.386492858770734249e-01
1.385669887229277752e-01
1.384667592666268821e-01
1.383496271060347671e-01
1.382168326336425390e-01
1.380697627644229264e-01
1.379098943861036541e-01
1.377387456313305947e-01
1.375578348448896482e-01
1.373686469331292792e-01
1.371726066364476471e-01
1.369710581573765629e-01
1.367652505035747701e-01
1.365563278633725730e-01
1.363453243173216867e-01
1.361331621981800855e-01
1.359206534395276389e-01
1.357085032955074877e-01
1.354973158670199906e-01
1.352876009294154969e-01
1.350797816201236845e-01
1.348742026089812807e-01
1.346711384370086750e-01
1.344708017692649304e-01
1.342733513628467934e-01
1.340788996011809675e-01
1.338875194899416254e-01
1.336992510479832197e-01
1.335141070586385315e-01
1.333320781728381255e-01
1.331531373761503934e-01
1.329772438475254059e-01
1.328043462488228132e-01
1.326343854917084730e-01
1.324672970328258093e-01
1.323030127498632802e-01
1.321414624507903368e-01
1.319825750666188124e-01
1.318262795749914340e-01
1.316725056980876662e-01
1.315211844140728725e-01
1.313722483168622834e-01
1.312256318545197975e-01
1.310812714723208205e-01
1.309391056824794897e-01
1.307990750788495804e-01
1.306611223115956288e-01
1.305251920339107197e-01
1.303912308303318279e-01
1.302591871340513796e-01
1.301290111388251070e-01
1.300006547095943765e-01
1.298740712947433762e-01
1.297492158419609742e-01
1.296260447189377107e-01
1.295045156395669972e-01
1.293845875959059311e-01
1.292662207958541198e-01
1.291493766063095960e-01
1.290340175014327018e-01
1.289201070155775175e-01
1.288076097004212661e-01
1.286964910858197642e-01
1.285867176439392245e-01
1.284782567562440247e-01
1.283710766829615213e-01
1.282651465346864306e-01
1.281604362458305113e-01
1.280569165496635020e-01
1.279545589547295970e-01
1.278533357224577727e-01
1.277532198458135038e-01
1.276541850288673285e-01
1.275562056671751265e-01
1.274592568288868688e-01
1.273633142365130366e-01
1.272683542492930309e-01
1.271743538461184986e-01
1.270812906089743011e-01
1.269891427068647882e-01
1.268978888802001492e-01
1.268075084256200802e-01
1.267179811812363388e-01
1.266292875122776718e-01
1.265414082971225707e-01
1.264543249137072833e-01
1.263680192262970348e-01
1.262824735726096881e-01
1.261976707512816320e-01
1.261135940096663466e-01
1.260302270319565709e-01
1.259475539276212475e-01
1.258655592201487483e-01
1.257842278360883637e-01
1.257035450943820021e-01
1.256234966959786370e-01
1.255440687137236722e-01
1.254652475825164815e-01
1.253870200897285181e-01
1.253093733658754150e-01
1.252322948755364707e-01
1.251557724085142764e-01
1.250797940712295442e-01
1.250043482783431414e-01
1.249294237446007261e-01
1.248550094768934859e-01
1.247810947665292380e-01
1.247076691817084887e-01
1.246347225601999731e-01
1.245622450022104005e-01
1.244902268634430487e-01
1.244186587483405299e-01
1.243475315035067891e-01
1.242768362113031988e-01
1.242065641836147816e-01
1.241367069557812869e-01
1.240672562806895141e-01
1.239982041230220794e-01
1.239295426536586725e-01
1.238612642442256939e-01
1.237933614617904299e-01
1.237258270636959756e-01
1.236586539925327854e-01
1.235918353712438245e-01
1.235253644983594218e-01
1.234592348433581760e-01
1.233934400421512617e-01
1.233279738926860714e-01
1.232628303506665968e-01
1.231980035253871925e-01
1.231334876756766672e-01
1.230692772059502060e-01
1.230053666623655284e-01
1.229417507290812006e-01
1.228784242246141467e-01
1.228153820982934574e-01
1.227526194268084708e-01
1.226901314108482383e-01
1.226279133718299191e-01
1.225659607487141894e-01
1.225042690949048191e-01
1.224428340752304334e-01
1.223816514630064467e-01
1.223207171371746421e-01
1.222600270795187044e-01
1.221995773719535411e-01
1.221393641938863517e-01
1.220793838196477521e-01
1.220196326159908445e-01
1.219601070396566789e-01
1.219008036350042734e-01
1.218417190317031690e-01
1.217828499424874478e-01
1.217241931609691907e-01
1.216657455595096804e-01
1.216075040871472390e-01
1.215494657675798978e-01
1.214916276972014819e-01
1.214339870431898200e-01
1.213765410416454832e-01
1.213192869957799985e-01
1.212622222741519123e-01
1.212053443089496918e-01
1.211486505943200759e-01
1.210921386847407799e-01
1.210358061934360963e-01
1.209796507908348917e-01
1.209236702030689198e-01
1.208678622105113648e-01
1.208122246463539107e-01
1.207567553952214323e-01
1.207014523918235327e-01
1.206463136196418012e-01
1.205913371096515446e-01
1.205365209390779485e-01
1.204818632301845188e-01
1.204273621490941776e-01
1.203730159046411674e-01
1.203188227472536953e-01
1.202647809678658170e-01
1.202108888968585337e-01
1.201571449030286315e-01
1.201035473925848862e-01
1.200500948081709013e-01
1.199967856279138129e-01
1.199436183644982529e-01
1.198905915642646119e-01
1.198377038063312972e-01
1.197849537017404986e-01
1.197323398926259802e-01
1.196798610514034911e-01
1.196275158799822158e-01
1.195753031089972634e-01
1.195232214970625567e-01
1.194712698300431086e-01
1.194194469203472692e-01
1.193677516062367772e-01
1.193161827511559497e-01
1.192647392430779968e-01
1.192134199938690992e-01
1.191622239386687793e-01
1.191111500352873276e-01
1.190601972636185085e-01
1.190093646250682952e-01
1.189586511419985088e-01
1.189080558571851826e-01
1.188575778332912058e-01
1.188072161523531373e-01
1.187569699152813130e-01
1.187068382413733053e-01
1.186568202678403433e-01
1.186069151493459872e-01
1.185571220575572932e-01
1.185074401807077876e-01
1.184578687231716554e-01
1.184084069050497512e-01
1.183590539617660614e-01
1.183098091436751986e-01
1.182606717156798881e-01
1.182116409568589460e-01
1.181627161601048887e-01
1.181138966317710759e-01
1.180651816913282359e-01
1.180165706710302742e-01
1.179680629155883953e-01
1.179196577818544672e-01
1.178713546385121297e-01
1.178231528657765759e-01
1.177750518551019671e-01
1.177270510088966327e-01
1.176791497402458614e-01
1.176313474726417979e-01
1.175836436397208612e-01
1.175360376850076438e-01
1.174885290616658751e-01
1.174411172322558372e-01
1.173938016684982905e-01
1.173465818510443653e-01
1.172994572692517418e-01
1.172524274209669065e-01
1.172054918123125178e-01
1.171586499574812229e-01
1.171119013785341112e-01
1.170652456052051205e-01
1.170186821747101202e-01
1.169722106315613241e-01
1.169258305273864901e-01
1.168795414207528111e-01
1.168333428769956217e-01
1.167872344680514485e-01
1.167412157722955007e-01
1.166952863743834362e-01
1.166494458650974564e-01
1.166036938411961071e-01
1.165580299052682706e-01
1.165124536655911119e-01
1.164669647359914545e-01
1.164215627357108873e-01
1.163762472892747174e-01
1.163310180263638222e-01
1.162858745816904571e-01
1.162408165948768113e-01
1.161958437103372266e-01
1.161509555771629842e-01
1.161061518490105471e-01
1.160614321839926744e-01
1.160167962445720902e-01
1.159722436832148068e-01
1.159277741992900401e-01
1.158833874534313940e-01
1.158390831244953123e-01
1.157948608951981095e-01
1.157507204520253768e-01
1.157066614851438857e-01
1.156626836883158371e-01
1.156187867588151785e-01
1.155749703973463355e-01
1.155312343079649834e-01
1.154875781980007204e-01
1.154440017779820443e-01
1.154005047615631330e-01
1.153570868654524989e-01
1.153137478093435725e-01
1.152704873158471727e-01
1.152273051104255180e-01
1.151842009213282225e-01
1.151411744795297898e-01
1.150982255186686898e-01
1.150553537749882949e-01
1.150125589872789400e-01
1.149698408968218982e-01
1.149271992473345771e-01
1.148846337849171451e-01
1.148421442580006557e-01
1.147997304172964500e-01
1.147573920157468064e-01
1.147151288084770626e-01
1.146729405527488060e-01
1.146308270079142572e-01
1.145887879353720273e-01
1.145468230985238062e-01
1.145049322627323535e-01
1.144631151952804071e-01
1.144213716653307567e-01
1.143797014438873855e-01
1.143381043037574318e-01
1.142965800195143850e-01
1.142551283674620305e-01
1.142137491255993675e-01
1.141724420735865247e-01
1.141312069927114120e-01
1.140900436658573297e-01
1.140489518774713829e-01
1.140079314135337141e-01
1.139669820615274581e-01
1.139261036104095154e-01
1.138852958505821994e-01
1.138445585738653565e-01
1.138038915734693457e-01
1.137632946439687126e-01
1.137227675812765570e-01
1.136823101826194560e-01
1.136419222465130108e-01
1.136016035727383244e-01
1.135613539623184509e-01
1.135211732174962185e-01
1.134810611417119836e-01
1.134410175395822451e-01
1.134010422168787585e-01
1.133611349805081492e-01
1.133212956384920395e-01
1.132815239999477586e-01
1.132418198750693022e-01
1.132021830751091390e-01
1.131626134123601274e-01
1.131231107001380992e-01
1.130836747527647901e-01
1.130443053855511998e-01
1.130050024147814247e-01
1.129657656576967956e-01
1.129265949324805562e-01
1.128874900582427371e-01
1.128484508550055831e-01
1.128094771436891908e-01
1.127705687460976575e-01
1.127317254849053985e-01
1.126929471836439628e-01
1.126542336666890576e-01
1.126155847592479747e-01
1.125770002873472259e-01
1.125384800778206212e-01
1.125000239582974737e-01
1.124616317571912744e-01
1.124233033036884516e-01
1.123850384277375325e-01
1.123468369600386235e-01
1.123086987320328911e-01
1.122706235758925974e-01
1.122326113245111362e-01
1.121946618114935262e-01
1.121567748711469192e-01
1.121189503384714542e-01
1.120811880491513757e-01
1.120434878395462214e-01
1.120058495466823151e-01
1.119682730082444816e-01
1.119307580625678727e-01
1.118933045486300570e-01
1.118559123060432481e-01
1.118185811750467828e-01
1.117813109964996277e-01
1.117441016118733560e-01
1.117069528632448489e-01
1.116698645932896056e-01
1.116328366452749299e-01
1.115958688630533518e-01
1.115589610910562857e-01
1.115221131742876320e-01
1.114853249583177414e-01
1.114485962892773907e-01
1.114119270138519274e-01
1.113753169792755932e-01
1.113387660333258200e-01
1.113022740243178321e-01
1.112658408010993305e-01
1.112294662130452472e-01
1.111931501100525133e-01
1.111568923425352851e-01
1.111206927614198509e-01
1.110845512181399680e-01
1.110484675646321168e-01
1.110124416533309621e-01
1.109764733371648854e-01
1.109405624695515985e-01
1.109047089043938006e-01
1.108689124960750699e-01
1.108331730994557007e-01
1.107974905698687201e-01
1.107618647631158776e-01
1.107262955354639117e-01
1.106907827436407060e-01
1.106553262448315561e-01
1.106199258966756721e-01
1.105845815572625290e-01
1.105492930851284111e-01
1.105140603392530535e-01
1.104788831790562836e-01
1.104437614643947740e-01
1.104086950555588226e-01
1.103736838132692022e-01
1.103387275986741356e-01
1.103038262733462282e-01
1.102689796992795263e-01
1.102341877388866714e-01
1.101994502549959731e-01
1.101647671108486742e-01
1.101301381700962034e-01
1.100955632967974968e-01
1.100610423554163469e-01
1.100265752108188083e-01
1.099921617282706987e-01
1.099578017734351432e-01
1.099234952123699927e-01
1.098892419115255342e-01
1.098550417377421179e-01
1.098208945582478391e-01
1.097868002406562210e-01
1.097527586529640081e-01
1.097187696635490151e-01
1.096848331411678784e-01
1.096509489549540445e-01
1.096171169744155349e-01
1.095833370694330594e-01
1.095496091102579062e-01
1.095159329675099574e-01
1.094823085121758022e-01
1.094487356156067237e-01
1.094152141495168817e-01
1.093817439859814250e-01
1.093483249974347565e-01
1.093149570566685769e-01
1.092816400368301494e-01
1.092483738114207042e-01
1.092151582542935928e-01
1.091819932396525389e-01
1.091488786420501123e-01
1.091158143363860772e-01
1.090828001979056022e-01
1.090498361021978724e-01
1.090169219251944654e-01
1.089840575431677006e-01
1.089512428327292365e-01
1.089184776708284896e-01
1.088857619347511768e-01
1.088530955021178581e-01
1.088204782508825352e-01
1.087879100593310971e-01
1.087553908060800434e-01
1.087229203700749991e-01
1.086904986305894799e-01
1.086581254672233654e-01
1.086258007599017195e-01
1.085935243888733470e-01
1.085612962347095867e-01
1.085291161783029645e-01
1.084969841008660008e-01
1.084648998839298495e-01
1.084328634093430915e-01
1.084008745592706102e-01
1.083689332161922175e-01
1.083370392629015716e-01
1.083051925825049555e-01
1.082733930584200560e-01
1.082416405743749505e-01
1.082099350144067884e-01
1.081782762628607647e-01
1.081466642043889675e-01
1.081150987239492683e-01
1.080835797068042115e-01
1.080521070385199872e-01
1.080206806049652662e-01
1.079893002923101725e-01
1.079579659870252700e-01
1.079266775758804531e-01
1.078954349459439743e-01
1.078642379845813626e-01
1.078330865794544235e-01
1.078019806185202684e-01
1.077709199900302589e-01
1.077399045825290919e-01
1.077089342848537717e-01
1.076780089861326256e-01
1.076471285757844010e-01
1.076162929435172666e-01
1.075855019793278272e-01
1.075547555735002908e-01
1.075240536166055111e-01
1.074933959994999882e-01
1.074627826133249947e-01
1.074322133495057424e-01
1.074016880997503420e-01
1.073712067560490396e-01
1.073407692106732730e-01
1.073103753561747697e-01
1.072800250853847004e-01
1.072497182914128183e-01
1.072194548676466269e-01
1.071892347077503943e-01
1.071590577056645011e-01
1.071289237556044549e-01
1.070988327520600719e-01
1.070687845897946994e-01
1.070387791638443692e-01
1.070088163695168959e-01
1.069788961023912521e-01
1.069490182583165555e-01
1.069191827334113470e-01
1.068893894240628556e-01
1.068596382269260958e-01
1.068299290389231465e-01
1.068002617572423596e-01
1.067706362793375274e-01
1.067410525029271612e-01
1.067115103259937414e-01
1.066820096467828993e-01
1.066525503638026950e-01
1.066231323758227434e-01
1.065937555818737004e-01
1.065644198812462640e-01
1.065351251734905913e-01
1.065058713584155076e-01
1.064766583360876873e-01
1.064474860068311268e-01
1.064183542712261871e-01
1.063892630301089964e-01
1.063602121845707155e-01
1.063312016359568429e-01
1.063022312858663554e-01
1.062733010361512215e-01
1.062444107889155276e-01
1.062155604465148395e-01
1.061867499115554947e-01
1.061579790868938528e-01
1.061292478756357266e-01
1.061005561811355496e-01
1.060719039069957931e-01
1.060432909570662441e-01
1.060147172354432843e-01
1.059861826464692652e-01
1.059576870947318700e-01
1.059292304850633498e-01
1.059008127225398582e-01
1.058724337124808818e-01
1.058440933604485185e-01
1.058157915722467840e-01
1.057875282539210010e-01
1.057593033117571191e-01
1.057311166522811041e-01
1.057029681822582307e-01
1.056748578086924573e-01
1.056467854388258298e-01
1.056187509801377322e-01
1.055907543403444004e-01
1.055627954273981317e-01
1.055348741494866877e-01
1.055069904150328086e-01
1.054791441326933671e-01
1.054513352113588820e-01
1.054235635601528526e-01
1.053958290884310783e-01
1.053681317057812150e-01
1.053404713220219696e-01
1.053128478472025453e-01
1.052852611916020448e-01
1.052577112657289149e-01
1.052301979803201698e-01
1.052027212463409883e-01
1.051752809749839507e-01
1.051478770776685667e-01
1.051205094660405404e-01
1.050931780519712699e-01
1.050658827475571960e-01
1.050386234651193157e-01
1.050114001172023637e-01
1.049842126165745071e-01
1.049570608762265683e-01
1.049299448093714421e-01
1.049028643294436375e-01
1.048758193500985564e-01
1.048488097852120077e-01
1.048218355488795966e-01
1.047948965554161144e-01
1.047679927193550520e-01
1.047411239554478790e-01
1.047142901786636965e-01
1.046874913041884181e-01
1.046607272474244094e-01
1.046339979239897938e-01
1.046073032497179395e-01
1.045806431406568898e-01
1.045540175130688226e-01
1.045274262834294393e-01
1.045008693684274792e-01
1.044743466849640950e-01
1.044478581501523812e-01
1.044214036813167074e-01
1.043949831959923025e-01
1.043685966119246161e-01
1.043422438470687497e-01
1.043159248195890815e-01
1.042896394478584621e-01
1.042633876504578949e-01
1.042371693461758841e-01
1.042109844540079489e-01
1.041848328931560541e-01
1.041587145830280975e-01
1.041326294432373401e-01
1.041065773936018929e-01
1.040805583541442314e-01
1.040545722450905985e-01
1.040286189868705469e-01
1.040026985001163001e-01
1.039768107056623925e-01
1.039509555245450023e-01
1.039251328780014944e-01
1.038993426874698922e-01
1.038735848745883511e-01
1.038478593611946582e-01
1.038221660693257331e-01
1.037965049212170449e-01
1.037708758393021680e-01
1.037452787462122827e-01
1.037197135647755231e-01
1.036941802180167266e-01
1.036686786291566575e-01
1.036432087216117015e-01
1.036177704189932408e-01
1.035923636451071689e-01
1.035669883239535155e-01
1.035416443797257530e-01
1.035163317368104213e-01
1.034910503197866288e-01
1.034658000534254829e-01
1.034405808626896878e-01
1.034153926727330169e-01
1.033902354088997305e-01
1.033651089967242698e-01
1.033400133619306188e-01
1.033149484304318882e-01
1.032899141283297600e-01
1.032649103819140851e-01
1.032399371176624392e-01
1.032149942622393735e-01
1.031900817424963313e-01
1.031651994854708293e-01
1.031403474183862079e-01
1.031155254686509926e-01
1.030907335638585332e-01
1.030659716317864627e-01
1.030412396003962394e-01
1.030165373978327303e-01
1.029918649524236146e-01
1.029672221926790782e-01
1.029426090472912031e-01
1.029180254451335513e-01
1.028934713152607899e-01
1.028689465869080388e-01
1.028444511894905655e-01
1.028199850526033132e-01
1.027955481060202902e-01
1.027711402796943480e-01
1.027467615037564869e-01
1.027224117085155514e-01
1.026980908244577440e-01
1.026737987822461395e-01
1.026495355127202691e-01
1.026253009468955923e-01
1.026010950159632062e-01
1.025769176512892067e-01
1.025527687844143554e-01
1.025286483470536081e-01
1.025045562710956426e-01
1.024804924886024843e-01
1.024564569318089785e-01
1.024324495331223744e-01
1.024084702251219225e-01
1.023845189405584166e-01
1.023605956123536664e-01
1.023367001736002480e-01
1.023128325575609066e-01
1.022889926976681130e-01
1.022651805275237857e-01
1.022413959808987222e-01
1.022176389917321682e-01
1.021939094941314852e-01
1.021702074223715812e-01
1.021465327108946608e-01
1.021228852943095872e-01
1.020992651073916596e-01
1.020756720850820309e-01
1.020521061624873604e-01
1.020285672748793837e-01
1.020050553576944963e-01
1.019815703465332818e-01
1.019581121771601651e-01
1.019346807855029263e-01
1.019112761076523543e-01
1.018878980798617467e-01
1.018645466385465770e-01
1.018412217202840087e-01
1.018179232618125346e-01
1.017946512000315468e-01
1.017714054720008920e-01
1.017481860149405809e-01
1.017249927662301490e-01
1.017018256634085183e-01
1.016786846441734005e-01
1.016555696463809499e-01
1.016324806080454168e-01
1.016094174673386197e-01
1.015863801625896540e-01
1.015633686322844204e-01
1.015403828150653054e-01
1.015174226497306542e-01
1.014944880752344930e-01
1.014715790306860849e-01
1.014486954553495135e-01
1.014258372886433085e-01
1.014030044701400568e-01
1.013801969395660280e-01
1.013574146368007023e-01
1.013346575018764517e-01
1.013119254749781512e-01
1.012892184964427483e-01
1.012665365067589168e-01
1.012438794465666120e-01
1.012212472566567240e-01
1.011986398779707169e-01
1.011760572516002127e-01
1.011534993187865744e-01
1.011309660209205874e-01
1.011084572995420566e-01
1.010859730963393766e-01
1.010635133531492397e-01
1.010410780119562202e-01
1.010186670148923299e-01
1.009962803042367546e-01
1.009739178224153960e-01
1.009515795120005249e-01
1.009292653157104480e-01
1.009069751764090223e-01
1.008847090371054328e-01
1.008624668409536934e-01
1.008402485312523827e-01
1.008180540514441170e-01
1.007958833451153696e-01
1.007737363559960408e-01
1.007516130279589861e-01
1.007295133050198355e-01
1.007074371313364108e-01
1.006853844512085872e-01
1.006633552090777789e-01
1.006413493495266209e-01
1.006193668172786354e-01
1.005974075571978155e-01
1.005754715142883199e-01
1.005535586336940845e-01
1.005316688606985032e-01
1.005098021407239833e-01
1.004879584193317243e-01
1.004661376422212454e-01
1.004443397552300526e-01
1.004225647043333891e-01
1.004008124356437631e-01
1.003790828954106429e-01
1.003573760300200679e-01
1.003356917859943992e-01
1.003140301099918891e-01
1.002923909488063064e-01
1.002707742493667425e-01
1.002491799587370280e-01
1.002276080241156497e-01
1.002060583928351956e-01
1.001845310123621463e-01
1.001630258302964455e-01
1.001415427943711939e-01
1.001200818524524000e-01
1.000986429525384108e-01
1.000772260427598426e-01
1.000558310713790811e-01
1.000344579867898931e-01
1.000131067375173571e-01
9.999177727221721101e-02
9.997046953967568539e-02
9.994918348880917069e-02
9.992791906866384244e-02
9.990667622841534201e-02
9.988545491736851301e-02
9.986425508495687386e-02
9.984307668074253461e-02
9.982191965441572501e-02
9.980078395579451700e-02
9.977966953482442225e-02
9.975857634157822562e-02
9.973750432625549944e-02
9.971645343918229820e-02
9.969542363081097813e-02
9.967441485171971149e-02
9.965342705261223677e-02
9.963246018431756723e-02
9.961151419778957461e-02
9.959058904410680868e-02
9.956968467447202542e-02
9.954880104021199272e-02
9.952793809277712955e-02
9.950709578374114517e-02
9.948627406480083091e-02
9.946547288777561613e-02
9.944469220460737391e-02
9.942393196736001859e-02
9.940319212821928374e-02
9.938247263949229193e-02
9.936177345360734658e-02
9.934109452311362665e-02
9.932043580068077027e-02
9.929979723909869438e-02
9.927917879127719225e-02
9.925858041024569756e-02
9.923800204915290968e-02
9.921744366126654391e-02
9.919690519997306777e-02
9.917638661877724304e-02
9.915588787130198700e-02
9.913540891128796995e-02
9.911494969259342092e-02
9.909451016919365585e-02
9.907409029518093879e-02
9.905369002476414886e-02
9.903330931226839162e-02
9.901294811213483260e-02
9.899260637892029480e-02
9.897228406729703665e-02
9.895198113205243284e-02
9.893169752808862738e-02
9.891143321042232539e-02
9.889118813418446008e-02
9.887096225461992904e-02
9.885075552708724733e-02
9.883056790705826988e-02
9.881039935011796949e-02
9.879024981196411759e-02
9.877011924840689572e-02
9.875000761536878446e-02
9.872991486888409163e-02
9.870984096509886896e-02
9.868978586027042643e-02
9.866974951076720735e-02
9.864973187306837199e-02
9.862973290376365887e-02
9.860975255955294061e-02
9.858979079724608519e-02
9.856984757376262285e-02
9.854992284613139919e-02
9.853001657149042247e-02
9.851012870708648894e-02
9.849025921027493302e-02
9.847040803851940527e-02
9.845057514939144216e-02
9.843076050057039672e-02
9.841096404984299439e-02
9.839118575510313880e-02
9.837142557435167578e-02
9.835168346569599096e-02
9.833195938734982933e-02
9.831225329763307319e-02
9.829256515497133972e-02
9.827289491789578668e-02
9.825324254504289034e-02
9.823360799515407082e-02
9.821399122707548390e-02
9.819439219975775734e-02
9.817481087225572722e-02
9.815524720372810485e-02
9.813570115343731026e-02
9.811617268074918075e-02
9.809666174513259618e-02
9.807716830615942349e-02
9.805769232350403097e-02
9.803823375694324660e-02
9.801879256635585846e-02
9.799936871172261477e-02
9.797996215312569646e-02
9.796057285074868948e-02
9.794120076487616844e-02
9.792184585589354395e-02
9.790250808428671569e-02
9.788318741064189199e-02
9.786388379564529838e-02
9.784459720008288619e-02
9.782532758484017987e-02
9.780607491090188843e-02
9.778683913935180827e-02
9.776762023137243462e-02
9.774841814824475339e-02
9.772923285134800520e-02
9.771006430215944949e-02
9.769091246225408698e-02
9.767177729330439595e-02
9.765265875708011023e-02
9.763355681544798326e-02
9.761447143037149665e-02
9.759540256391066593e-02
9.757635017822167967e-02
9.755731423555691340e-02
9.753829469826433285e-02
9.751929152878753559e-02
9.750030468966533470e-02
9.748133414353163384e-02
9.746237985311512197e-02
9.744344178123900968e-02
9.742451989082084873e-02
9.740561414487225456e-02
9.738672450649868417e-02
9.736785093889917253e-02
9.734899340536612433e-02
9.733015186928502260e-02
9.731132629413426216e-02
9.729251664348485817e-02
9.727372288100023801e-02
9.725494497043604691e-02
9.723618287563974560e-02
9.721743656055062410e-02
9.719870598919935767e-02
9.717999112570786802e-02
9.716129193428904576e-02
9.714260837924663938e-02
9.712394042497483893e-02
9.710528803595817882e-02
9.708665117677127421e-02
9.706802981207854342e-02
9.704942390663406915e-02
9.703083342528127930e-02
9.701225833295278045e-02
9.699369859467010802e-02
9.697515417554350425e-02
9.695662504077165456e-02
9.693811115564156256e-02
9.691961248552816155e-02
9.690112899589431450e-02
9.688266065229031443e-02
9.686420742035391218e-02
9.684576926580998335e-02
9.682734615447022297e-02
9.680893805223314552e-02
9.679054492508362695e-02
9.677216673909282141e-02
9.675380346041792534e-02
9.673545505530192767e-02
9.671712149007337389e-02
9.669880273114624114e-02
9.668049874501957741e-02
9.666220949827745990e-02
9.664393495758857866e-02
9.662567508970620889e-02
9.660742986146785005e-02
9.658919923979511490e-02
9.657098319169345191e-02
9.655278168425193708e-02
9.653459468464310744e-02
9.651642216012268349e-02
9.649826407802938877e-02
9.648012040578475557e-02
9.646199111089291678e-02
9.644387616094031446e-02
9.642577552359558879e-02
9.640768916660931442e-02
9.638961705781383393e-02
9.637155916512296638e-02
9.635351545653188243e-02
9.633548590011692392e-02
9.631747046403527079e-02
9.629946911652477459e-02
9.628148182590388904e-02
9.626350856057128147e-02
9.624554928900573569e-02
9.622760397976590219e-02
9.620967260149010380e-02
9.619175512289616925e-02
9.617385151278116939e-02
9.615596174002127849e-02
9.613808577357146889e-02
9.612022358246545550e-02
9.610237513581540436e-02
9.608454040281169672e-02
9.606671935272284579e-02
9.604891195489517752e-02
9.603111817875271961e-02
9.601333799379699330e-02
9.599557136960670811e-02
9.597781827583769243e-02
9.596007868222272696e-02
9.594235255857117006e-02
9.592463987476887444e-02
9.590694060077807614e-02
9.588925470663701989e-02
9.587158216245983411e-02
9.585392293843650324e-02
9.583627700483235423e-02
9.581864433198811204e-02
9.580102489031966373e-02
9.578341865031779478e-02
9.576582558254803645e-02
9.574824565765047146e-02
9.573067884633962299e-02
9.571312511940407997e-02
9.569558444770649708e-02
9.567805680218331721e-02
9.566054215384456327e-02
9.564304047377372719e-02
9.562555173312747847e-02
9.560807590313560866e-02
9.559061295510071221e-02
9.557316286039807540e-02
9.555572559047550985e-02
9.553830111685307491e-02
9.552088941112300835e-02
9.550349044494942097e-02
9.548610419006826888e-02
9.546873061828700657e-02
9.545136970148450362e-02
9.543402141161083652e-02
9.541668572068705279e-02
9.539936260080518482e-02
9.538205202412777806e-02
9.536475396288791873e-02
9.534746838938901181e-02
9.533019527600458676e-02
9.531293459517808930e-02
9.529568631942271495e-02
9.527845042132133957e-02
9.526122687352613083e-02
9.524401564875857595e-02
9.522681671980917639e-02
9.520963005953732294e-02
9.519245564087115696e-02
9.517529343680725118e-02
9.515814342041063745e-02
9.514100556481447368e-02
9.512387984321990508e-02
9.510676622889595311e-02
9.508966469517930731e-02
9.507257521547406165e-02
9.505549776325175615e-02
9.503843231205098829e-02
9.502137883547728814e-02
9.500433730720309056e-02
9.498730770096742992e-02
9.497028999057570420e-02
9.495328414989975818e-02
9.493629015287746720e-02
9.491930797351265381e-02
9.490233758587496293e-02
9.488537896409963979e-02
9.486843208238739111e-02
9.485149691500419089e-02
9.483457343628112768e-02
9.481766162061425196e-02
9.480076144246439573e-02
9.478387287635700598e-02
9.476699589688201975e-02
9.475013047869360050e-02
9.473327659651008259e-02
9.471643422511374921e-02
9.469960333935066588e-02
9.468278391413058326e-02
9.466597592442667353e-02
9.464917934527547483e-02
9.463239415177661373e-02
9.461562031909273585e-02
9.459885782244932539e-02
9.458210663713455257e-02
9.456536673849902375e-02
9.454863810195578144e-02
9.453192070297998517e-02
9.451521451710888366e-02
9.449851951994157895e-02
9.448183568713884595e-02
9.446516299442309084e-02
9.444850141757808737e-02
9.443185093244883810e-02
9.441521151494144948e-02
9.439858314102293757e-02
9.438196578672115866e-02
9.436535942812451783e-02
9.434876404138189954e-02
9.433217960270257052e-02
9.431560608835586057e-02
9.429904347467116255e-02
9.428249173803771033e-02
9.426595085490444004e-02
9.424942080177980963e-02
9.423290155523170175e-02
9.421639309188724332e-02
9.419989538843265287e-02
9.418340842161306015e-02
9.416693216823239510e-02
9.415046660515329069e-02
9.413401170929677764e-02
9.411756745764229826e-02
9.410113382722748443e-02
9.408471079514796331e-02
9.406829833855730183e-02
9.405189643466682625e-02
9.403550506074541404e-02
9.401912419411945221e-02
9.400275381217261528e-02
9.398639389234572650e-02
9.397004441213664683e-02
9.395370534910009452e-02
9.393737668084752024e-02
9.392105838504698212e-02
9.390475043942293765e-02
9.388845282175613260e-02
9.387216550988349006e-02
9.385588848169791609e-02
9.383962171514820261e-02
9.382336518823890248e-02
9.380711887903001034e-02
9.379088276563710136e-02
9.377465682623098431e-02
9.375844103903761828e-02
9.374223538233800168e-02
9.372603983446799181e-02
9.370985437381816607e-02
9.369367897883371099e-02
9.367751362801425563e-02
9.366135829991378836e-02
9.364521297314043480e-02
9.362907762635634679e-02
9.361295223827763301e-02
9.359683678767406756e-02
9.358073125336917319e-02
9.356463561423987441e-02
9.354854984921649741e-02
9.353247393728254810e-02
9.351640785747464268e-02
9.350035158888232723e-02
9.348430511064793891e-02
9.346826840196655051e-02
9.345224144208573447e-02
9.343622421030546576e-02
9.342021668597803863e-02
9.340421884850780287e-02
9.338823067735120553e-02
9.337225215201652717e-02
9.335628325206379863e-02
9.334032395710463448e-02
9.332437424680216365e-02
9.330843410087086287e-02
9.329250349907640405e-02
9.327658242123555710e-02
9.326067084721605116e-02
9.324476875693643585e-02
9.322887613036597021e-02
9.321299294752444231e-02
9.319711918848207211e-02
9.318125483335949755e-02
9.316539986232741377e-02
9.314955425560661473e-02
9.313371799346784052e-02
9.311789105623156926e-02
9.310207342426801702e-02
9.308626507799692973e-02
9.307046599788741659e-02
9.305467616445793622e-02
9.303889555827608848e-02
9.302312415995854511e-02
9.300736195017082764e-02
9.299160890962732129e-02
9.297586501909105294e-02
9.296013025937355234e-02
9.294440461133479658e-02
9.292868805588309911e-02
9.291298057397487375e-02
9.289728214661463479e-02
9.288159275485476096e-02
9.286591237979552327e-02
9.285024100258480739e-02
9.283457860441805820e-02
9.281892516653821035e-02
9.280328067023548011e-02
9.278764509684729600e-02
9.277201842775813223e-02
9.275640064439946708e-02
9.274079172824954698e-02
9.272519166083342812e-02
9.270960042372267118e-02
9.269401799853541069e-02
9.267844436693606358e-02
9.266287951063528761e-02
9.264732341138996741e-02
9.263177605100286760e-02
9.261623741132271603e-02
9.260070747424399562e-02
9.258518622170684720e-02
9.256967363569694462e-02
9.255416969824536988e-02
9.253867439142857143e-02
9.252318769736811443e-02
9.250770959823069461e-02
9.249224007622793009e-02
9.247677911361631975e-02
9.246132669269706283e-02
9.244588279581603119e-02
9.243044740536353332e-02
9.241502050377430055e-02
9.239960207352736210e-02
9.238419209714587854e-02
9.236879055719707243e-02
9.235339743629210341e-02
9.233801271708597103e-02
9.232263638227738989e-02
9.230726841460867860e-02
9.229190879686562099e-02
9.227655751187742450e-02
9.226121454251652587e-02
9.224587987169859116e-02
9.223055348238226592e-02
9.221523535756916135e-02
9.219992548030371549e-02
9.218462383367310997e-02
9.216933040080713124e-02
9.215404516487805953e-02
9.213876810910058557e-02
9.212349921673165798e-02
9.210823847107044160e-02
9.209298585545817872e-02
9.207774135327803644e-02
9.206250494795509276e-02
9.204727662295611457e-02
9.203205636178954374e-02
9.201684414800541389e-02
9.200163996519510057e-02
9.198644379699136286e-02
9.197125562706819080e-02
9.195607543914062487e-02
9.194090321696476997e-02
9.192573894433767046e-02
9.191058260509711586e-02
9.189543418312157153e-02
9.188029366233019246e-02
9.186516102668253192e-02
9.185003626017858303e-02
9.183491934685864000e-02
9.181981027080311775e-02
9.180470901613256574e-02
9.178961556700745983e-02
9.177452990762823004e-02
9.175945202223501074e-02
9.174438189510761288e-02
9.172931951056545463e-02
9.171426485296742259e-02
9.169921790671171913e-02
9.168417865623590401e-02
9.166914708601664463e-02
9.165412318056964658e-02
9.163910692444968142e-02
9.162409830225033691e-02
9.160909729860394757e-02
9.159410389818156695e-02
9.157911808569281498e-02
9.156413984588573918e-02
9.154916916354680079e-02
9.153420602350079149e-02
9.151925041061059751e-02
9.150430230977722734e-02
9.148936170593964523e-02
9.147442858407479893e-02
9.145950292919732827e-02
9.144458472635960677e-02
9.142967396065163066e-02
9.141477061720083841e-02
9.139987468117219405e-02
9.138498613776782631e-02
9.137010497222719518e-02
9.135523116982684211e-02
9.134036471588037609e-02
9.132550559573823779e-02
9.131065379478786603e-02
9.129580929845332316e-02
9.128097209219535046e-02
9.126614216151125725e-02
9.125131949193485137e-02
9.123650406903627275e-02
9.122169587842196559e-02
9.120689490573451186e-02
9.119210113665267292e-02
9.117731455689115361e-02
9.116253515220058834e-02
9.114776290836743011e-02
9.113299781121389498e-02
9.111823984659772613e-02
9.110348900041236042e-02
9.108874525858658144e-02
9.107400860708460277e-02
9.105927903190588757e-02
9.104455651908505143e-02
9.102984105469190401e-02
9.101513262483114375e-02
9.100043121564246884e-02
9.098573681330038299e-02
9.097104940401408435e-02
9.095636897402752108e-02
9.094169550961909987e-02
9.092702899710176923e-02
9.091236942282282518e-02
9.089771677316386966e-02
9.088307103454075497e-02
9.086843219340341726e-02
9.085380023623583490e-02
9.083917514955590355e-02
9.082455691991549174e-02
9.080994553390009383e-02
9.079534097812905213e-02
9.078074323925518219e-02
9.076615230396488376e-02
9.075156815897800211e-02
9.073699079104766141e-02
9.072242018696032029e-02
9.070785633353563304e-02
9.069329921762622759e-02
9.067874882611788590e-02
9.066420514592921087e-02
9.064966816401170968e-02
9.063513786734961331e-02
9.062061424295984879e-02
9.060609727789190049e-02
9.059158695922781002e-02
9.057708327408200977e-02
9.056258620960128125e-02
9.054809575296464408e-02
9.053361189138335596e-02
9.051913461210070455e-02
9.050466390239202130e-02
9.049019974956457046e-02
9.047574214095747969e-02
9.046129106394160124e-02
9.044684650591952590e-02
9.043240845432540254e-02
9.041797689662497972e-02
9.040355182031536985e-02
9.038913321292510461e-02
9.037472106201396849e-02
9.036031535517299873e-02
9.034591608002429108e-02
9.033152322422109692e-02
9.031713677544747632e-02
9.030275672141854781e-02
9.028838304988011376e-02
9.027401574860879907e-02
9.025965480541181529e-02
9.024530020812697451e-02
9.023095194462259216e-02
9.021661000279740383e-02
9.020227437058046804e-02
9.018794503593113854e-02
9.017362198683893937e-02
9.015930521132352327e-02
9.014499469743451898e-02
9.013069043325157292e-02
9.011639240688419650e-02
9.010210060647169672e-02
9.008781502018312071e-02
9.007353563621718628e-02
9.005926244280214321e-02
9.004499542819574542e-02
9.003073458068520940e-02
9.001647988858711702e-02
9.000223134024726290e-02
8.998798892404068217e-02
8.997375262837155330e-02
8.995952244167305933e-02
8.994529835240741567e-02
8.993108034906571735e-02
8.991686842016789749e-02
8.990266255426263009e-02
8.988846273992727454e-02
8.987426896576786173e-02
8.986008122041888591e-02
8.984589949254331853e-02
8.983172377083255278e-02
8.981755404400632026e-02
8.980339030081253837e-02
8.978923253002735194e-02
8.977508072045500831e-02
8.976093486092774631e-02
8.974679494030579630e-02
8.973266094747731070e-02
8.971853287135819754e-02
8.970441070089216207e-02
8.969029442505055405e-02
8.967618403283235395e-02
8.966207951326404801e-02
8.964798085539965600e-02
8.963388804832053691e-02
8.961980108113537513e-02
8.960571994298011100e-02
8.959164462301791310e-02
8.957757511043906717e-02
8.956351139446080967e-02
8.954945346432749420e-02
8.953540130931031404e-02
8.952135491870728823e-02
8.950731428184324767e-02
8.949327938806972416e-02
8.947925022676488094e-02
8.946522678733340173e-02
8.945120905920660170e-02
8.943719703184210834e-02
8.942319069472394466e-02
8.940919003736244597e-02
8.939519504929423210e-02
8.938120572008197151e-02
8.936722203931454778e-02
8.935324399660678207e-02
8.933927158159957194e-02
8.932530478395958595e-02
8.931134359337941642e-02
8.929738799957739892e-02
8.928343799229757072e-02
8.926949356130962909e-02
8.925555469640877870e-02
8.924162138741581485e-02
8.922769362417688754e-02
8.921377139656362643e-02
8.919985469447289095e-02
8.918594350782677038e-02
8.917203782657263933e-02
8.915813764068289404e-02
8.914424294015503569e-02
8.913035371501153159e-02
8.911646995529980131e-02
8.910259165109210566e-02
8.908871879248551895e-02
8.907485136960184569e-02
8.906098937258756509e-02
8.904713279161374784e-02
8.903328161687608377e-02
8.901943583859465992e-02
8.900559544701402981e-02
8.899176043240310252e-02
8.897793078505510100e-02
8.896410649528745107e-02
8.895028755344176752e-02
8.893647394988382637e-02
8.892266567500337060e-02
8.890886271921419337e-02
8.889506507295398541e-02
8.888127272668434886e-02
8.886748567089064466e-02
8.885370389608202024e-02
8.883992739279127082e-02
8.882615615157485323e-02
8.881239016301274714e-02
8.879862941770851059e-02
8.878487390628908571e-02
8.877112361940479868e-02
8.875737854772935975e-02
8.874363868195965510e-02
8.872990401281585782e-02
8.871617453104127526e-02
8.870245022740227969e-02
8.868873109268830823e-02
8.867501711771172412e-02
8.866130829330780283e-02
8.864760461033474592e-02
8.863390605967348679e-02
8.862021263222771839e-02
8.860652431892382386e-02
8.859284111071075163e-02
8.857916299856012643e-02
8.856548997346594398e-02
8.855182202644477918e-02
8.853815914853552238e-02
8.852450133079942107e-02
8.851084856431998271e-02
8.849720084020297473e-02
8.848355814957631349e-02
8.846992048358999494e-02
8.845628783341610846e-02
8.844266019024872583e-02
8.842903754530385962e-02
8.841541988981939382e-02
8.840180721505506989e-02
8.838819951229237581e-02
8.837459677283451831e-02
8.836099898800638119e-02
8.834740614915442825e-02
8.833381824764674484e-02
8.832023527487281589e-02
8.830665722224362302e-02
8.829308408119154739e-02
8.827951584317024480e-02
8.826595249965474288e-02
8.825239404214121897e-02
8.823884046214702792e-02
8.822529175121063272e-02
8.821174790089161832e-02
8.819820890277055292e-02
8.818467474844889076e-02
8.817114542954911094e-02
8.815762093771439822e-02
8.814410126460885120e-02
8.813058640191728799e-02
8.811707634134514910e-02
8.810357107461859461e-02
8.809007059348433755e-02
8.807657488970957460e-02
8.806308395508206932e-02
8.804959778140994398e-02
8.803611636052172118e-02
8.802263968426626839e-02
8.800916774451267299e-02
8.799570053315028395e-02
8.798223804208861465e-02
8.796878026325725963e-02
8.795532718860592236e-02
8.794187881010431806e-02
8.792843511974207660e-02
8.791499610952878407e-02
8.790156177149389960e-02
8.788813209768664425e-02
8.787470708017607046e-02
8.786128671105083998e-02
8.784787098241937653e-02
8.783445988640964375e-02
8.782105341516920072e-02
8.780765156086509093e-02
8.779425431568385618e-02
8.778086167183141164e-02
8.776747362153307364e-02
8.775409015703340698e-02
8.774071127059629438e-02
8.772733695450482538e-02
8.771396720106121314e-02
8.770060200258686378e-02
8.768724135142216825e-02
8.767388523992655780e-02
8.766053366047849016e-02
8.764718660547529683e-02
8.763384406733312759e-02
8.762050603848708930e-02
8.760717251139094053e-02
8.759384347851725816e-02
8.758051893235725693e-02
8.756719886542077558e-02
8.755388327023627681e-02
8.754057213935076409e-02
8.752726546532964280e-02
8.751396324075690070e-02
8.750066545823483033e-02
8.748737211038408457e-02
8.747408318984366271e-02
8.746079868927077172e-02
8.744751860134088173e-02
8.743424291874758725e-02
8.742097163420257944e-02
8.740770474043568772e-02
8.739444223019471325e-02
8.738118409624548444e-02
8.736793033137174591e-02
8.735468092837506138e-02
8.734143588007495240e-02
8.732819517930866249e-02
8.731495881893125421e-02
8.730172679181535944e-02
8.728849909085144299e-02
8.727527570894749731e-02
8.726205663902907028e-02
8.724884187403927904e-02
8.723563140693869900e-02
8.722242523070534992e-02
8.720922333833468210e-02
8.719602572283943753e-02
8.718283237724966384e-02
8.716964329461274197e-02
8.715645846799316421e-02
8.714327789047268680e-02
8.713010155515014954e-02
8.711692945514148967e-02
8.710376158357968635e-02
8.709059793361471902e-02
8.707743849841348416e-02
8.706428327115987853e-02
8.705113224505457714e-02
8.703798541331513039e-02
8.702484276917586692e-02
8.701170430588783811e-02
8.699857001671880419e-02
8.698543989495319262e-02
8.697231393389200094e-02
8.695919212685286614e-02
8.694607446716987043e-02
8.693296094819365216e-02
8.691985156329128104e-02
8.690674630584618865e-02
8.689364516925819626e-02
8.688054814694344541e-02
8.686745523233435629e-02
8.685436641887955833e-02
8.684128170004393188e-02
8.682820106930844162e-02
8.681512452017019210e-02
8.680205204614241388e-02
8.678898364075424143e-02
8.677591929755090749e-02
8.676285901009357648e-02
8.674980277195928902e-02
8.673675057674094802e-02
8.672370241804733260e-02
8.671065828950294541e-02
8.669761818474808202e-02
8.668458209743873377e-02
8.667155002124653229e-02
8.665852194985876333e-02
8.664549787697831129e-02
8.663247779632354817e-02
8.661946170162841685e-02
8.660644958664229232e-02
8.659344144512998165e-02
8.658043727087171015e-02
8.656743705766301034e-02
8.655444079931473578e-02
8.654144848965303338e-02
8.652846012251927399e-02
8.651547569176998298e-02
8.650249519127692355e-02
8.648951861492686077e-02
8.647654595662175592e-02
8.646357721027853049e-02
8.645061236982914954e-02
8.643765142922048283e-02
8.642469438241441593e-02
8.641174122338762809e-02
8.639879194613171720e-02
8.638584654465306101e-02
8.637290501297280321e-02
8.635996734512683959e-02
8.634703353516574864e-02
8.633410357715480543e-02
8.632117746517384282e-02
8.630825519331734863e-02
8.629533675569434070e-02
8.628242214642826979e-02
8.626951135965719997e-02
8.625660438953354492e-02
8.624370123022413737e-02
8.623080187591014578e-02
8.621790632078711603e-02
8.620501455906487420e-02
8.619212658496745727e-02
8.617924239273318243e-02
8.616636197661453611e-02
8.615348533087809069e-02
8.614061244980458776e-02
8.612774332768885488e-02
8.611487795883970842e-02
8.610201633757999518e-02
8.608915845824655078e-02
8.607630431519007475e-02
8.606345390277521379e-02
8.605060721538050628e-02
8.603776424739822959e-02
8.602492499323451114e-02
8.601208944730921735e-02
8.599925760405595365e-02
8.598642945792198122e-02
8.597360500336821698e-02
8.596078423486917808e-02
8.594796714691305128e-02
8.593515373400142932e-02
8.592234399064951900e-02
8.590953791138596085e-02
8.589673549075287073e-02
8.588393672330575657e-02
8.587114160361346282e-02
8.585835012625823992e-02
8.584556228583561932e-02
8.583277807695435802e-02
8.581999749423650792e-02
8.580722053231733260e-02
8.579444718584522400e-02
8.578167744948174411e-02
8.576891131790152778e-02
8.575614878579231048e-02
8.574338984785487283e-02
8.573063449880294340e-02
8.571788273336330977e-02
8.570513454627559646e-02
8.569238993229241763e-02
8.567964888617922437e-02
8.566691140271429084e-02
8.565417747668872817e-02
8.564144710290642892e-02
8.562872027618396997e-02
8.561599699135072350e-02
8.560327724324864884e-02
8.559056102673243127e-02
8.557784833666930158e-02
8.556513916793909158e-02
8.555243351543423413e-02
8.553973137405959659e-02
8.552703273873257794e-02
8.551433760438301168e-02
8.550164596595316580e-02
8.548895781839771502e-02
8.547627315668360204e-02
8.546359197579023181e-02
8.545091427070920787e-02
8.543824003644440168e-02
8.542556926801199435e-02
8.541290196044025451e-02
8.540023810876971877e-02
8.538757770805299741e-02
8.537492075335482988e-02
8.536226723975208486e-02
8.534961716233356588e-02
8.533697051620021956e-02
8.532432729646487191e-02
8.531168749825238096e-02
8.529905111669945639e-02
8.528641814695474277e-02
8.527378858417879182e-02
8.526116242354390973e-02
8.524853966023422658e-02
8.523592028944569632e-02
8.522330430638593024e-02
8.521069170627436351e-02
8.519808248434197762e-02
8.518547663583156404e-02
8.517287415599737732e-02
8.516027504010539873e-02
8.514767928343312808e-02
8.513508688126955604e-02
8.512249782891524730e-02
8.510991212168218800e-02
8.509732975489385509e-02
8.508475072388513305e-02
8.507217502400225839e-02
8.505960265060293068e-02
8.504703359905603499e-02
8.503446786474185004e-02
8.502190544305193720e-02
8.500934632938907110e-02
8.499679051916723960e-02
8.498423800781162996e-02
8.497168879075857328e-02
8.495914286345558619e-02
8.494660022136121813e-02
8.493406085994513466e-02
8.492152477468804805e-02
8.490899196108160629e-02
8.489646241462861509e-02
8.488393613084267708e-02
8.487141310524842774e-02
8.485889333338139662e-02
8.484637681078791016e-02
8.483386353302527216e-02
8.482135349566151394e-02
8.480884669427549150e-02
8.479634312445685773e-02
8.478384278180593758e-02
8.477134566193388066e-02
8.475885176046236980e-02
8.474636107302389865e-02
8.473387359526150797e-02
8.472138932282884116e-02
8.470890825139017200e-02
8.469643037662026586e-02
8.468395569420444913e-02
8.467148419983853980e-02
8.465901588922880583e-02
8.464655075809202067e-02
8.463408880215526897e-02
8.462163001715612698e-02
8.460917439884246827e-02
8.459672194297251924e-02
8.458427264531488687e-02
8.457182650164835058e-02
8.455938350776201484e-02
8.454694365945523982e-02
8.453450695253751646e-02
8.452207338282856364e-02
8.450964294615828654e-02
8.449721563836665172e-02
8.448479145530377044e-02
8.447237039282981530e-02
8.445995244681503422e-02
8.444753761313966711e-02
8.443512588769400140e-02
8.442271726637821938e-02
8.441031174510257862e-02
8.439790931978709276e-02
8.438550998636187850e-02
8.437311374076673920e-02
8.436072057895144249e-02
8.434833049687552597e-02
8.433594349050838046e-02
8.432355955582908347e-02
8.431117868882656574e-02
8.429880088549938921e-02
8.428642614185588577e-02
8.427405445391401850e-02
8.426168581770140942e-02
8.424932022925532560e-02
8.423695768462262368e-02
8.422459817985972208e-02
8.421224171103260103e-02
8.419988827421680255e-02
8.418753786549734719e-02
8.417519048096867851e-02
8.416284611673478799e-02
8.415050476890904851e-02
8.413816643361428371e-02
8.412583110698261535e-02
8.411349878515561596e-02
8.410116946428414231e-02
8.408884314052836317e-02
8.407651981005778707e-02
8.406419946905110963e-02
8.405188211369632456e-02
8.403956774019064047e-02
8.402725634474042526e-02
8.401494792356124786e-02
8.400264247287780872e-02
8.399033998892395381e-02
8.397804046794260513e-02
8.396574390618577466e-02
8.395345029991452268e-02
8.394115964539897168e-02
8.392887193891818143e-02
8.391658717676027390e-02
8.390430535522229449e-02
8.389202647061025364e-02
8.387975051923905745e-02
8.386747749743249380e-02
8.385520740152321850e-02
8.384294022785282463e-02
8.383067597277163441e-02
8.381841463263882408e-02
8.380615620382229902e-02
8.379390068269877700e-02
8.378164806565370493e-02
8.376939834908123106e-02
8.375715152938420505e-02
8.374490760297413627e-02
8.373266656627119386e-02
8.372042841570417893e-02
8.370819314771048292e-02
8.369596075873607377e-02
8.368373124523552364e-02
8.367150460367189790e-02
8.365928083051679676e-02
8.364705992225031361e-02
8.363484187536099346e-02
8.362262668634592999e-02
8.361041435171050196e-02
8.359820486796862293e-02
8.358599823164250542e-02
8.357379443926278573e-02
8.356159348736845460e-02
8.354939537250673232e-02
8.353720009123329071e-02
8.352500764011197565e-02
8.351281801571490415e-02
8.350063121462246440e-02
8.348844723342326024e-02
8.347626606871406951e-02
8.346408771709989960e-02
8.345191217519380700e-02
8.343973943961713324e-02
8.342756950699921348e-02
8.341540237397755686e-02
8.340323803719762452e-02
8.339107649331314875e-02
8.337891773898564729e-02
8.336676177088483963e-02
8.335460858568831399e-02
8.334245818008173545e-02
8.333031055075859617e-02
8.331816569442046516e-02
8.330602360777671078e-02
8.329388428754458396e-02
8.328174773044931534e-02
8.326961393322389327e-02
8.325748289260917478e-02
8.324535460535381626e-02
8.323322906821425948e-02
8.322110627795475946e-02
8.320898623134723171e-02
8.319686892517141885e-02
8.318475435621473790e-02
8.317264252127226642e-02
8.316053341714681191e-02
8.314842704064882850e-02
8.313632338859637538e-02
8.312422245781508900e-02
8.311212424513829411e-02
8.310002874740685108e-02
8.308793596146915594e-02
8.307584588418114036e-02
8.306375851240629937e-02
8.305167384301558042e-02
8.303959187288745269e-02
8.302751259890782387e-02
8.301543601796999849e-02
8.300336212697480287e-02
8.299129092283039077e-02
8.297922240245231285e-02
8.296715656276351658e-02
8.295509340069427695e-02
8.294303291318218252e-02
8.293097509717216320e-02
8.291891994961643475e-02
8.290686746747447100e-02
8.289481764771300387e-02
8.288277048730599561e-02
8.287072598323466655e-02
8.285868413248739794e-02
8.284664493205974589e-02
8.283460837895445517e-02
8.282257447018140373e-02
8.281054320275760272e-02
8.279851457370715484e-02
8.278648858006130984e-02
8.277446521885831188e-02
8.276244448714346891e-02
8.275042638196919431e-02
8.273841090039485424e-02
8.272639803948686477e-02
8.271438779631855309e-02
8.270238016797028247e-02
8.269037515152934115e-02
8.267837274408994241e-02
8.266637294275319681e-02
8.265437574462718151e-02
8.264238114682671832e-02
8.263038914647360955e-02
8.261839974069645764e-02
8.260641292663069291e-02
8.259442870141853188e-02
8.258244706220899123e-02
8.257046800615788773e-02
8.255849153042776889e-02
8.254651763218789906e-02
8.253454630861434271e-02
8.252257755688978402e-02
8.251061137420363789e-02
8.249864775775193892e-02
8.248668670473749409e-02
8.247472821236959128e-02
8.246277227786426300e-02
8.245081889844409206e-02
8.243886807133821160e-02
8.242691979378240219e-02
8.241497406301892537e-02
8.240303087629664847e-02
8.239109023087089201e-02
8.237915212400352682e-02
8.236721655296287692e-02
8.235528351502374722e-02
8.234335300746739583e-02
8.233142502758154790e-02
8.231949957266029849e-02
8.230757664000418194e-02
8.229565622692007476e-02
8.228373833072130661e-02
8.227182294872746604e-02
8.225991007826456702e-02
8.224799971666491016e-02
8.223609186126705495e-02
8.222418650941593077e-02
8.221228365846271202e-02
8.220038330576483199e-02
8.218848544868598283e-02
8.217659008459600456e-02
8.216469721087105160e-02
8.215280682489344011e-02
8.214091892405163409e-02
8.212903350574028705e-02
8.211715056736024199e-02
8.210527010631839262e-02
8.209339212002779440e-02
8.208151660590759513e-02
8.206964356138306271e-02
8.205777298388548802e-02
8.204590487085225425e-02
8.203403921972673984e-02
8.202217602795836005e-02
8.201031529300260858e-02
8.199845701232090500e-02
8.198660118338063629e-02
8.197474780365521241e-02
8.196289687062391360e-02
8.195104838177202922e-02
8.193920233459074665e-02
8.192735872657712359e-02
8.191551755523411582e-02
8.190367881807061878e-02
8.189184251260128722e-02
8.188000863634666004e-02
8.186817718683313261e-02
8.185634816159285954e-02
8.184452155816386576e-02
8.183269737408990774e-02
8.182087560692052897e-02
8.180905625421099059e-02
8.179723931352235466e-02
8.178542478242138702e-02
8.177361265848051564e-02
8.176180293927798326e-02
8.174999562239755602e-02
8.173819070542881482e-02
8.172638818596690558e-02
8.171458806161265020e-02
8.170279032997246338e-02
8.169099498865840803e-02
8.167920203528809819e-02
8.166741146748481006e-02
8.165562328287728766e-02
8.164383747909988165e-02
8.163205405379249380e-02
8.162027300460053536e-02
8.160849432917489932e-02
8.159671802517202976e-02
8.158494409025385252e-02
8.157317252208767799e-02
8.156140331834635382e-02
8.154963647670816773e-02
8.153787199485681980e-02
8.152610987048140856e-02
8.151435010127644487e-02
8.150259268494181031e-02
8.149083761918281266e-02
8.147908490171007490e-02
8.146733453023953520e-02
8.145558650249254407e-02
8.144384081619569782e-02
8.143209746908094959e-02
8.142035645888552609e-02
8.140861778335189980e-02
8.139688144022785843e-02
8.138514742726643547e-02
8.137341574222586860e-02
8.136168638286962740e-02
8.134995934696642728e-02
8.133823463229013229e-02
8.132651223661985229e-02
8.131479215773981806e-02
8.130307439343940901e-02
8.129135894151323649e-02
8.127964579976092174e-02
8.126793496598730404e-02
8.125622643800228806e-02
8.124452021362089937e-02
8.123281629066317344e-02
8.122111466695432214e-02
8.120941534032449782e-02
8.119771830860900153e-02
8.118602356964806088e-02
8.117433112128701056e-02
8.116264096137612571e-02
8.115095308777071914e-02
8.113926749833103025e-02
8.112758419092232220e-02
8.111590316341477092e-02
8.110422441368349278e-02
8.109254793960855856e-02
8.108087373907493789e-02
8.106920180997249925e-02
8.105753215019602387e-02
8.104586475764512243e-02
8.103419963022433226e-02
8.102253676584300623e-02
8.101087616241534062e-02
8.099921781786040276e-02
8.098756173010200621e-02
8.097590789706878012e-02
8.096425631669422474e-02
8.095260698691654488e-02
8.094095990567873322e-02
8.092931507092852861e-02
8.091767248061841611e-02
8.090603213270565475e-02
8.089439402515215261e-02
8.088275815592457785e-02
8.087112452299427545e-02
8.085949312433728109e-02
8.084786395793426561e-02
8.083623702177065995e-02
8.082461231383640532e-02
8.081298983212616138e-02
8.080136957463923686e-02
8.078975153937946463e-02
8.077813572435538214e-02
8.076652212758003713e-02
8.075491074707104311e-02
8.074330158085070430e-02
8.073169462694573806e-02
8.072008988338746915e-02
8.070848734821176040e-02
8.069688701945895715e-02
8.068528889517394276e-02
8.067369297340608314e-02
8.066209925220928223e-02
8.065050772964182935e-02
8.063891840376652409e-02
8.062733127265062083e-02
8.061574633436584258e-02
8.060416358698824224e-02
8.059258302859839684e-02
8.058100465728124107e-02
8.056942847112613659e-02
8.055785446822674722e-02
8.054628264668120541e-02
8.053471300459198734e-02
8.052314554006587133e-02
8.051158025121400719e-02
8.050001713615187460e-02
8.048845619299928311e-02
8.047689741988031664e-02
8.046534081492337509e-02
8.045378637626117435e-02
8.044223410203062141e-02
8.043068399037298088e-02
8.041913603943369460e-02
8.040759024736247873e-02
8.039604661231332383e-02
8.038450513244432827e-02
8.037296580591793416e-02
8.036142863090067756e-02
8.034989360556335503e-02
8.033836072808087092e-02
8.032682999663234846e-02
8.031530140940106033e-02
8.030377496457441477e-02
8.029225066034396951e-02
8.028072849490537621e-02
8.026920846645840824e-02
8.025769057320701616e-02
8.024617481335913349e-02
8.023466118512681544e-02
8.022314968672625279e-02
8.021164031637761926e-02
8.020013307230516864e-02
8.018862795273723476e-02
8.017712495590609278e-02
8.016562408004812568e-02
8.015412532340367158e-02
8.014262868421712094e-02
8.013113416073683326e-02
8.011964175121512322e-02
8.010815145390827452e-02
8.009666326707660933e-02
8.008517718898430782e-02
8.007369321789953309e-02
8.006221135209440343e-02
8.005073158984488124e-02
8.003925392943092576e-02
8.002777836913635423e-02
8.001630490724882805e-02
8.000483354206000541e-02
7.999336427186534704e-02
7.998189709496413002e-02
7.997043200965957277e-02
7.995896901425866843e-02
7.994750810707230981e-02
7.993604928641513674e-02
7.992459255060563317e-02
7.991313789796614109e-02
7.990168532682266622e-02
7.989023483550511395e-02
7.987878642234716442e-02
7.986734008568616150e-02
7.985589582386327934e-02
7.984445363522346684e-02
7.983301351811532276e-02
7.982157547089126226e-02
7.981013949190729484e-02
7.979870557952330190e-02
7.978727373210273144e-02
7.977584394801276457e-02
7.976441622562428779e-02
7.975299056331180969e-02
7.974156695945354423e-02
7.973014541243131359e-02
7.971872592063061758e-02
7.970730848244057809e-02
7.969589309625393914e-02
7.968447976046705294e-02
7.967306847347989385e-02
7.966165923369603052e-02
7.965025203952261212e-02
7.963884688937034051e-02
7.962744378165352577e-02
7.961604271479004458e-02
7.960464368720129857e-02
7.959324669731222823e-02
7.958185174355131286e-02
7.957045882435055673e-02
7.955906793814551681e-02
7.954767908337519178e-02
7.953629225848213302e-02
7.952490746191233362e-02
7.951352469211531160e-02
7.950214394754399894e-02
7.949076522665486644e-02
7.947938852790778497e-02
7.946801384976608096e-02
7.945664119069649478e-02
7.944527054916925013e-02
7.943390192365795688e-02
7.942253531263961108e-02
7.941117071459463661e-02
7.939980812800688514e-02
7.938844755136352516e-02
7.937708898315509742e-02
7.936573242187561217e-02
7.935437786602229926e-02
7.934302531409587189e-02
7.933167476460027678e-02
7.932032621604283296e-02
7.930897966693424561e-02
7.929763511578842572e-02
7.928629256112262880e-02
7.927495200145749654e-02
7.926361343531684867e-02
7.925227686122782167e-02
7.924094227772084109e-02
7.922960968332959375e-02
7.921827907659104162e-02
7.920695045604533857e-02
7.919562382023595526e-02
7.918429916770954036e-02
7.917297649701601769e-02
7.916165580670844748e-02
7.915033709534316508e-02
7.913902036147969776e-02
7.912770560368075079e-02
7.911639282051222133e-02
7.910508201054318456e-02
7.909377317234586591e-02
7.908246630449566883e-02
7.907116140557114703e-02
7.905985847415401835e-02
7.904855750882908150e-02
7.903725850818429932e-02
7.902596147081075717e-02
7.901466639530264902e-02
7.900337328025727746e-02
7.899208212427506759e-02
7.898079292595942824e-02
7.896950568391700176e-02
7.895822039675734483e-02
7.894693706309323378e-02
7.893565568154041479e-02
7.892437625071765939e-02
7.891309876924684774e-02
7.890182323575287149e-02
7.889054964886363375e-02
7.887927800721007687e-02
7.886800830942614082e-02
7.885674055414877703e-02
7.884547474001794842e-02
7.883421086567654612e-02
7.882294892977052825e-02
7.881168893094875338e-02
7.880043086786309159e-02
7.878917473916838277e-02
7.877792054352233952e-02
7.876666827958571371e-02
7.875541794602212986e-02
7.874416954149815462e-02
7.873292306468331059e-02
7.872167851424997920e-02
7.871043588887349784e-02
7.869919518723207663e-02
7.868795640800682611e-02
7.867671954988171568e-02
7.866548461154364291e-02
7.865425159168232261e-02
7.864302048899038389e-02
7.863179130216324531e-02
7.862056402989925363e-02
7.860933867089955895e-02
7.859811522386810079e-02
7.858689368751170523e-02
7.857567406054000170e-02
7.856445634166545067e-02
7.855324052960327430e-02
7.854202662307151195e-02
7.853081462079100628e-02
7.851960452148538938e-02
7.850839632388102729e-02
7.849719002670713097e-02
7.848598562869557593e-02
7.847478312858106875e-02
7.846358252510106379e-02
7.845238381699574937e-02
7.844118700300796443e-02
7.842999208188340676e-02
7.841879905237042481e-02
7.840760791322010093e-02
7.839641866318620977e-02
7.838523130102523218e-02
7.837404582549635512e-02
7.836286223536144402e-02
7.835168052938504268e-02
7.834050070633435947e-02
7.832932276497930890e-02
7.831814670409240065e-02
7.830697252244886442e-02
7.829580021882652507e-02
7.828462979200587202e-02
7.827346124077004530e-02
7.826229456390478012e-02
7.825112976019842070e-02
7.823996682844197581e-02
7.822880576742902159e-02
7.821764657595574322e-02
7.820648925282093489e-02
7.819533379682593044e-02
7.818418020677471436e-02
7.817302848147376915e-02
7.816187861973224182e-02
7.815073062036172191e-02
7.813958448217644959e-02
7.812844020399314915e-02
7.811729778463115392e-02
7.810615722291226748e-02
7.809501851766084690e-02
7.808388166770377503e-02
7.807274667187046047e-02
7.806161352899280981e-02
7.805048223790522766e-02
7.803935279744461662e-02
7.802822520645033566e-02
7.801709946376435278e-02
7.800597556823095358e-02
7.799485351869701877e-02
7.798373331401181607e-02
7.797261495302711121e-02
7.796149843459711237e-02
7.795038375757849802e-02
7.793927092083031971e-02
7.792815992321415475e-02
7.791705076359392579e-02
7.790594344083606737e-02
7.789483795380930387e-02
7.788373430138491316e-02
7.787263248243650460e-02
7.786153249584004676e-02
7.785043434047396460e-02
7.783933801521904228e-02
7.782824351895849257e-02
7.781715085057780423e-02
7.780606000896488073e-02
7.779497099301005414e-02
7.778388380160589088e-02
7.777279843364741374e-02
7.776171488803192144e-02
7.775063316365907196e-02
7.773955325943089634e-02
7.772847517425165997e-02
7.771739890702804299e-02
7.770632445666897370e-02
7.769525182208575353e-02
7.768418100219190436e-02
7.767311199590327953e-02
7.766204480213810546e-02
7.765097941981675966e-02
7.763991584786195110e-02
7.762885408519873409e-02
7.761779413075430012e-02
7.760673598345824153e-02
7.759567964224228787e-02
7.758462510604048623e-02
7.757357237378913195e-02
7.756252144442669916e-02
7.755147231689400733e-02
7.754042499013397149e-02
7.752937946309182426e-02
7.751833573471497707e-02
7.750729380395304791e-02
7.749625366975791685e-02
7.748521533108358728e-02
7.747417878688628301e-02
7.746314403612446220e-02
7.745211107775870629e-02
7.744107991075178943e-02
7.743005053406867844e-02
7.741902294667653284e-02
7.740799714754459382e-02
7.739697313564432302e-02
7.738595090994930537e-02
7.737493046943529074e-02
7.736391181308015230e-02
7.735289493986391429e-02
7.734187984876869648e-02
7.733086653877879746e-02
7.731985500888056972e-02
7.730884525806254459e-02
7.729783728531533504e-02
7.728683108963160797e-02
7.727582667000619521e-02
7.726482402543602412e-02
7.725382315492002050e-02
7.724282405745933056e-02
7.723182673205701565e-02
7.722083117771835759e-02
7.720983739345060881e-02
7.719884537826308957e-02
7.718785513116725727e-02
7.717686665117649836e-02
7.716587993730632256e-02
7.715489498857429351e-02
7.714391180399994552e-02
7.713293038260488066e-02
7.712195072341275492e-02
7.711097282544915332e-02
7.709999668774177028e-02
7.708902230932022925e-02
7.707804968921624922e-02
7.706707882646347818e-02
7.705610972009759030e-02
7.704514236915620262e-02
7.703417677267895836e-02
7.702321292970749911e-02
7.701225083928539550e-02
7.700129050045821655e-02
7.699033191227344641e-02
7.697937507378059541e-02
7.696841998403111673e-02
7.695746664207835097e-02
7.694651504697763711e-02
7.693556519778628477e-02
7.692461709356344934e-02
7.691367073337028459e-02
7.690272611626983168e-02
7.689178324132707465e-02
7.688084210760891268e-02
7.686990271418416010e-02
7.685896506012349083e-02
7.684802914449954947e-02
7.683709496638682634e-02
7.682616252486169917e-02
7.681523181900246078e-02
7.680430284788929141e-02
7.679337561060423090e-02
7.678245010623116484e-02
7.677152633385590785e-02
7.676060429256609252e-02
7.674968398145121107e-02
7.673876539960260146e-02
7.672784854611351679e-02
7.671693342007897265e-02
7.670602002059585811e-02
7.669510834676290800e-02
7.668419839768064739e-02
7.667329017245147482e-02
7.666238367017960686e-02
7.665147888997102255e-02
7.664057583093357440e-02
7.662967449217687743e-02
7.661877487281237853e-02
7.660787697195334256e-02
7.659698078871474136e-02
7.658608632221342027e-02
7.657519357156797324e-02
7.656430253589883994e-02
7.655341321432808377e-02
7.654252560597969712e-02
7.653163970997936549e-02
7.652075552545455073e-02
7.650987305153446327e-02
7.649899228735006218e-02
7.648811323203406898e-02
7.647723588472096767e-02
7.646636024454693537e-02
7.645548631064996714e-02
7.644461408216964016e-02
7.643374355824743283e-02
7.642287473802643338e-02
7.641200762065147867e-02
7.640114220526914024e-02
7.639027849102768275e-02
7.637941647707705006e-02
7.636855616256893464e-02
7.635769754665669429e-02
7.634684062849537989e-02
7.633598540724174930e-02
7.632513188205423960e-02
7.631428005209296705e-02
7.630342991651971329e-02
7.629258147449793914e-02
7.628173472519275689e-02
7.627088966777095802e-02
7.626004630140101326e-02
7.624920462525301701e-02
7.623836463849871514e-02
7.622752634031151886e-02
7.621668972986644919e-02
7.620585480634020636e-02
7.619502156891111433e-02
7.618419001675910684e-02
7.617336014906572750e-02
7.616253196501421296e-02
7.615170546378935423e-02
7.614088064457757987e-02
7.613005750656691439e-02
7.611923604894700601e-02
7.610841627090908501e-02
7.609759817164599149e-02
7.608678175035214764e-02
7.607596700622361319e-02
7.606515393845793283e-02
7.605434254625435819e-02
7.604353282881359810e-02
7.603272478533802670e-02
7.602191841503155856e-02
7.601111371709962095e-02
7.600031069074929257e-02
7.598950933518915096e-02
7.597870964962934182e-02
7.596791163328157903e-02
7.595711528535906143e-02
7.594632060507661153e-02
7.593552759165056454e-02
7.592473624429874057e-02
7.591394656224054183e-02
7.590315854469689705e-02
7.589237219089023379e-02
7.588158750004449227e-02
7.587080447138516703e-02
7.586002310413922367e-02
7.584924339753518208e-02
7.583846535080301932e-02
7.582768896317421126e-02
7.581691423388180195e-02
7.580614116216020937e-02
7.579536974724544740e-02
7.578459998837497325e-02
7.577383188478772902e-02
7.576306543572410013e-02
7.575230064042601241e-02
7.574153749813680725e-02
7.573077600810132481e-02
7.572001616956582082e-02
7.570925798177809141e-02
7.569850144398733438e-02
7.568774655544419083e-02
7.567699331540077290e-02
7.566624172311060825e-02
7.565549177782870949e-02
7.564474347881151861e-02
7.563399682531687929e-02
7.562325181660409235e-02
7.561250845193383252e-02
7.560176673056830110e-02
7.559102665177103164e-02
7.558028821480701487e-02
7.556955141894261541e-02
7.555881626344565505e-02
7.554808274758534337e-02
7.553735087063223608e-02
7.552662063185838770e-02
7.551589203053715726e-02
7.550516506594337485e-02
7.549443973735318891e-02
7.548371604404417734e-02
7.547299398529525027e-02
7.546227356038674727e-02
7.545155476860038180e-02
7.544083760921917181e-02
7.543012208152757858e-02
7.541940818481138176e-02
7.540869591835773489e-02
7.539798528145516543e-02
7.538727627339350534e-02
7.537656889346400213e-02
7.536586314095919392e-02
7.535515901517297888e-02
7.534445651540061517e-02
7.533375564093867938e-02
7.532305639108508033e-02
7.531235876513905914e-02
7.530166276240118917e-02
7.529096838217334831e-02
7.528027562375874671e-02
7.526958448646194066e-02
7.525889496958874936e-02
7.524820707244631035e-02
7.523752079434309348e-02
7.522683613458888696e-02
7.521615309249470027e-02
7.520547166737293066e-02
7.519479185853719660e-02
7.518411366530246276e-02
7.517343708698495663e-02
7.516276212290216863e-02
7.515208877237290752e-02
7.514141703471724498e-02
7.513074690925651555e-02
7.512007839531334441e-02
7.510941149221161961e-02
7.509874619927646433e-02
7.508808251583432014e-02
7.507742044121282210e-02
7.506675997474089590e-02
7.505610111574875787e-02
7.504544386356776231e-02
7.503478821753065131e-02
7.502413417697126330e-02
7.501348174122483836e-02
7.500283090962768517e-02
7.499218168151745856e-02
7.498153405623302070e-02
7.497088803311441341e-02
7.496024361150296911e-02
7.494960079074122761e-02
7.493895957017289444e-02
7.492831994914295191e-02
7.491768192699753415e-02
7.490704550308406595e-02
7.489641067675109620e-02
7.488577744734843666e-02
7.487514581422705096e-02
7.486451577673913782e-02
7.485388733423806173e-02
7.484326048607843618e-02
7.483263523161592934e-02
7.482201157020755555e-02
7.481138950121139775e-02
7.480076902398677396e-02
7.479015013789418187e-02
7.477953284229524322e-02
7.476891713655280103e-02
7.475830302003082239e-02
7.474769049209446792e-02
7.473707955211005005e-02
7.472647019944506086e-02
7.471586243346810263e-02
7.470525625354894339e-02
7.469465165905857240e-02
7.468404864936901977e-02
7.467344722385350908e-02
7.466284738188641579e-02
7.465224912284325332e-02
7.464165244610061756e-02
7.463105735103635341e-02
7.462046383702927721e-02
7.460987190345946818e-02
7.459928154970806025e-02
7.458869277515733920e-02
7.457810557919067329e-02
7.456751996119259651e-02
7.455693592054869756e-02
7.454635345664571699e-02
7.453577256887149172e-02
7.452519325661501048e-02
7.451461551926626126e-02
7.450403935621641160e-02
7.449346476685771157e-02
7.448289175058346590e-02
7.447232030678810344e-02
7.446175043486717715e-02
7.445118213421723918e-02
7.444061540423600742e-02
7.443005024432222672e-02
7.441948665387572437e-02
7.440892463229745180e-02
7.439836417898937349e-02
7.438780529335452252e-02
7.437724797479706995e-02
7.436669222272218605e-02
7.435613803653606801e-02
7.434558541564610656e-02
7.433503435946062221e-02
7.432448486738900406e-02
7.431393693884179308e-02
7.430339057323043228e-02
7.429284576996753042e-02
7.428230252846668158e-02
7.427176084814252066e-02
7.426122072841075117e-02
7.425068216868806192e-02
7.424014516839222422e-02
7.422960972694200854e-02
7.421907584375725397e-02
7.420854351825874329e-02
7.419801274986836948e-02
7.418748353800901085e-02
7.417695588210453106e-02
7.416642978157987620e-02
7.415590523586094995e-02
7.414538224437466907e-02
7.413486080654897725e-02
7.412434092181283130e-02
7.411382258959617331e-02
7.410330580932994460e-02
7.409279058044607180e-02
7.408227690237752239e-02
7.407176477455819363e-02
7.406125419642300978e-02
7.405074516740789425e-02
7.404023768694972807e-02
7.402973175448637755e-02
7.401922736945670822e-02
7.400872453130054318e-02
7.399822323945867697e-02
7.398772349337291721e-02
7.397722529248597356e-02
7.396672863624158267e-02
7.395623352408445261e-02
7.394573995546019352e-02
7.393524792981542859e-02
7.392475744659771086e-02
7.391426850525556480e-02
7.390378110523844468e-02
7.389329524599680399e-02
7.388281092698199826e-02
7.387232814764636835e-02
7.386184690744317105e-02
7.385136720582657910e-02
7.384088904225177830e-02
7.383041241617481487e-02
7.381993732705273425e-02
7.380946377434349781e-02
7.379899175750591345e-02
7.378852127599985766e-02
7.377805232928603962e-02
7.376758491682609831e-02
7.375711903808263026e-02
7.374665469251913408e-02
7.373619187959999655e-02
7.372573059879056201e-02
7.371527084955703524e-02
7.370481263136659245e-02
7.369435594368728415e-02
7.368390078598807680e-02
7.367344715773879726e-02
7.366299505841024386e-02
7.365254448747403371e-02
7.364209544440274147e-02
7.363164792866981612e-02
7.362120193974960869e-02
7.361075747711733064e-02
7.360031454024910935e-02
7.358987312862194652e-02
7.357943324171371813e-02
7.356899487900318835e-02
7.355855803996999565e-02
7.354812272409466667e-02
7.353768893085860237e-02
7.352725665974405023e-02
7.351682591023414592e-02
7.350639668181289943e-02
7.349596897396516726e-02
7.348554278617666635e-02
7.347511811793405734e-02
7.346469496872469473e-02
7.345427333803694614e-02
7.344385322535994243e-02
7.343343463018371653e-02
7.342301755199912017e-02
7.341260199029786548e-02
7.340218794457252505e-02
7.339177541431647633e-02
7.338136439902398500e-02
7.337095489819012162e-02
7.336054691131081718e-02
7.335014043788283533e-02
7.333973547740374466e-02
7.332933202937198802e-02
7.331893009328679933e-02
7.330852966864827291e-02
7.329813075495732189e-02
7.328773335171565040e-02
7.327733745842582302e-02
7.326694307459118150e-02
7.325655019971596960e-02
7.324615883330513888e-02
7.323576897486451520e-02
7.322538062390072933e-02
7.321499377992124469e-02
7.320460844243423248e-02
7.319422461094880761e-02
7.318384228497479271e-02
7.317346146402282925e-02
7.316308214760439133e-02
7.315270433523170246e-02
7.314232802641781883e-02
7.313195322067658766e-02
7.312157991752264719e-02
7.311120811647137119e-02
7.310083781703897998e-02
7.309046901874247104e-02
7.308010172109961899e-02
7.306973592362897563e-02
7.305937162584989764e-02
7.304900882728244949e-02
7.303864752744758382e-02
7.302828772586687778e-02
7.301792942206283832e-02
7.300757261555863853e-02
7.299721730587825641e-02
7.298686349254643324e-02
7.297651117508865970e-02
7.296616035303123138e-02
7.295581102590113776e-02
7.294546319322617323e-02
7.293511685453489546e-02
7.292477200935658377e-02
7.291442865722128075e-02
7.290408679765980615e-02
7.289374643020368749e-02
7.288340755438525720e-02
7.287307016973751383e-02
7.286273427579428863e-02
7.285239987209009282e-02
7.284206695816015931e-02
7.283173553354053975e-02
7.282140559776797972e-02
7.281107715037990480e-02
7.280075019091460098e-02
7.279042471891095101e-02
7.278010073390865642e-02
7.276977823544807100e-02
7.275945722307038122e-02
7.274913769631741189e-02
7.273881965473170952e-02
7.272850309785661160e-02
7.271818802523606629e-02
7.270787443641484049e-02
7.269756233093836728e-02
7.268725170835280136e-02
7.267694256820500520e-02
7.266663491004253517e-02
7.265632873341369702e-02
7.264602403786747653e-02
7.263572082295355337e-02
7.262541908822235659e-02
7.261511883322492589e-02
7.260482005751310586e-02
7.259452276063939336e-02
7.258422694215693749e-02
7.257393260161963677e-02
7.256363973858206973e-02
7.255334835259952264e-02
7.254305844322792018e-02
7.253277001002392255e-02
7.252248305254485605e-02
7.251219757034872704e-02
7.250191356299422185e-02
7.249163103004074848e-02
7.248134997104829780e-02
7.247107038557765168e-02
7.246079227319021654e-02
7.245051563344802326e-02
7.244024046591389376e-02
7.242996677015119122e-02
7.241969454572404208e-02
7.240942379219716951e-02
7.239915450913604611e-02
7.238888669610671345e-02
7.237862035267593475e-02
7.236835547841113936e-02
7.235809207288036726e-02
7.234783013565238008e-02
7.233756966629653617e-02
7.232731066438287393e-02
7.231705312948208397e-02
7.230679706116552308e-02
7.229654245900514475e-02
7.228628932257361028e-02
7.227603765144420545e-02
7.226578744519085440e-02
7.225553870338811968e-02
7.224529142561122996e-02
7.223504561143603842e-02
7.222480126043899495e-02
7.221455837219727114e-02
7.220431694628863528e-02
7.219407698229143855e-02
7.218383847978472601e-02
7.217360143834819497e-02
7.216336585756205624e-02
7.215313173700731164e-02
7.214289907626544873e-02
7.213266787491860732e-02
7.212243813254963498e-02
7.211220984874190665e-02
7.210198302307946339e-02
7.209175765514692913e-02
7.208153374452959394e-02
7.207131129081333076e-02
7.206109029358460927e-02
7.205087075243053751e-02
7.204065266693886194e-02
7.203043603669787021e-02
7.202022086129650225e-02
7.201000714032430861e-02
7.199979487337142270e-02
7.198958406002857469e-02
7.197937469988713310e-02
7.196916679253902160e-02
7.195896033757680221e-02
7.194875533459361983e-02
7.193855178318321608e-02
7.192834968293988773e-02
7.191814903345859766e-02
7.190794983433487775e-02
7.189775208516477334e-02
7.188755578554500980e-02
7.187736093507289536e-02
7.186716753334626562e-02
7.185697557996359452e-02
7.184678507452389729e-02
7.183659601662678584e-02
7.182640840587248277e-02
7.181622224186172410e-02
7.180603752419591201e-02
7.179585425247694830e-02
7.178567242630731760e-02
7.177549204529011517e-02
7.176531310902897753e-02
7.175513561712812405e-02
7.174495956919234307e-02
7.173478496482699196e-02
7.172461180363796929e-02
7.171444008523175651e-02
7.170426980921540405e-02
7.169410097519651748e-02
7.168393358278328520e-02
7.167376763158443687e-02
7.166360312120920173e-02
7.165344005126746130e-02
7.164327842136959668e-02
7.163311823112658572e-02
7.162295948014989200e-02
7.161280216805156196e-02
7.160264629444422491e-02
7.159249185894102363e-02
7.158233886115565603e-02
7.157218730070234736e-02
7.156203717719589186e-02
7.155188849025161113e-02
7.154174123948536801e-02
7.153159542451359432e-02
7.152145104495322148e-02
7.151130810042176378e-02
7.150116659053720736e-02
7.149102651491812122e-02
7.148088787318358783e-02
7.147075066495324480e-02
7.146061488984725707e-02
7.145048054748626143e-02
7.144034763749150529e-02
7.143021615948472181e-02
7.142008611308818533e-02
7.140995749792466984e-02
7.139983031361749055e-02
7.138970455979047613e-02
7.137958023606798263e-02
7.136945734207490732e-02
7.135933587743660544e-02
7.134921584177901510e-02
7.133909723472854625e-02
7.132898005591215007e-02
7.131886430495724960e-02
7.130874998149186461e-02
7.129863708514441734e-02
7.128852561554391287e-02
7.127841557231985592e-02
7.126830695510222302e-02
7.125819976352153196e-02
7.124809399720878622e-02
7.123798965579550280e-02
7.122788673891368438e-02
7.121778524619587492e-02
7.120768517727504854e-02
7.119758653178476226e-02
7.118748930935900332e-02
7.117739350963227241e-02
7.116729913223956983e-02
7.115720617681639548e-02
7.114711464299874888e-02
7.113702453042310136e-02
7.112693583872638226e-02
7.111684856754611761e-02
7.110676271652019431e-02
7.109667828528706823e-02
7.108659527348565321e-02
7.107651368075534881e-02
7.106643350673601256e-02
7.105635475106804322e-02
7.104627741339228364e-02
7.103620149335000689e-02
7.102612699058306889e-02
7.101605390473372803e-02
7.100598223544472842e-02
7.099591198235932765e-02
7.098584314512119964e-02
7.097577572337451790e-02
7.096570971676395556e-02
7.095564512493458820e-02
7.094558194753204650e-02
7.093552018420236360e-02
7.092545983459204451e-02
7.091540089834810767e-02
7.090534337511794627e-02
7.089528726454952245e-02
7.088523256629118696e-02
7.087517927999176237e-02
7.086512740530059862e-02
7.085507694186737870e-02
7.084502788934236850e-02
7.083498024737622245e-02
7.082493401562002522e-02
7.081488919372541657e-02
7.080484578134439710e-02
7.079480377812945313e-02
7.078476318373347342e-02
7.077472399780992962e-02
7.076468622001259867e-02
7.075464984999575713e-02
7.074461488741416726e-02
7.073458133192295216e-02
7.072454918317777617e-02
7.071451844083466443e-02
7.070448910455016944e-02
7.069446117398120455e-02
7.068443464878512716e-02
7.067440952861979431e-02
7.066438581314345158e-02
7.065436350201484417e-02
7.064434259489303647e-02
7.063432309143764798e-02
7.062430499130864514e-02
7.061428829416652175e-02
7.060427299967207693e-02
7.059425910748666488e-02
7.058424661727197291e-02
7.057423552869020178e-02
7.056422584140389920e-02
7.055421755507608472e-02
7.054421066937022200e-02
7.053420518395012162e-02
7.052420109848012153e-02
7.051419841262492050e-02
7.050419712604960587e-02
7.049419723841977847e-02
7.048419874940135832e-02
7.047420165866076502e-02
7.046420596586482066e-02
7.045421167068070811e-02
7.044421877277606825e-02
7.043422727181898602e-02
7.042423716747787943e-02
7.041424845942166610e-02
7.040426114731961060e-02
7.039427523084139382e-02
7.038429070965716849e-02
7.037430758343743431e-02
7.036432585185309341e-02
7.035434551457550589e-02
7.034436657127642045e-02
7.033438902162790496e-02
7.032441286530256852e-02
7.031443810197333943e-02
7.030446473131356233e-02
7.029449275299699817e-02
7.028452216669776875e-02
7.027455297209045382e-02
7.026458516884998007e-02
7.025461875665169054e-02
7.024465373517133071e-02
7.023469010408502078e-02
7.022472786306928338e-02
7.021476701180105751e-02
7.020480754995762906e-02
7.019484947721672807e-02
7.018489279325643149e-02
