2.289569354845354676e-01
2.283373398251514197e-01
2.277208679551403492e-01
2.271075069418287962e-01
2.264972446378083204e-01
2.258900694470339088e-01
2.252859700470359328e-01
2.246849351248094984e-01
2.240869531401357972e-01
2.234920121318894337e-01
2.229000995775526628e-01
2.223112023103430979e-01
2.217253064927815764e-01
2.211423976407707048e-01
2.205624606887464090e-01
2.199854800844118496e-01
2.194114399009630678e-01
2.188403239553924906e-01
2.182721159231087726e-01
2.177067994413786900e-01
2.171443581966082115e-01
2.165847759929242222e-01
2.160280368016433417e-01
2.154741247928783077e-01
2.149230243516656313e-01
2.143747200816231990e-01
2.138291967993250220e-01
2.132864395224232656e-01
2.127464334541561697e-01
2.122091639663710172e-01
2.116746165826454695e-01
2.111427770304781237e-01
2.106136309554144104e-01
2.100871643176472903e-01
2.095633631096127381e-01
2.090422134164277856e-01
2.085237014097877095e-01
2.080078133432942677e-01
2.074945355489357102e-01
2.069838544344639042e-01
2.064757564814493351e-01
2.059702282438340415e-01
2.054672563468416813e-01
2.049668274861370931e-01
2.044689284271572760e-01
2.039735460045561943e-01
2.034806671217260776e-01
2.029902787503665984e-01
2.025023679300864965e-01
2.020169217680239937e-01
2.015339274384808921e-01
2.010533721825642217e-01
2.005752433078339947e-01
2.000995281879542620e-01
1.996262142623478342e-01
1.991552890358528893e-01
1.986867400783820237e-01
1.982205550245830505e-01
1.977567215735019091e-01
1.972952274882470158e-01
1.968360605956557541e-01
1.963792087859626001e-01
1.959246600124687487e-01
1.954724022912138204e-01
1.950224237006489836e-01
1.945747123813120205e-01
1.941292565355039468e-01
1.936860444269671300e-01
1.932450643805657675e-01
1.928063047819671416e-01
1.923697540773249282e-01
1.919354007729644762e-01
1.915032334350693088e-01
1.910732406893692614e-01
1.906454112208303964e-01
1.902197337733465832e-01
1.897961971494326328e-01
1.893747902099187364e-01
1.889555018736469583e-01
1.885383211171691442e-01
1.881232369744462729e-01
1.877102385365493620e-01
1.872993149513622335e-01
1.868904554232855286e-01
1.864836492129422763e-01
1.860788856368853494e-01
1.856761540673057542e-01
1.852754439317433333e-01
1.848767447127980801e-01
1.844800459478437571e-01
1.840853372287423184e-01
1.836926082015602202e-01
1.833018485662862573e-01
1.829130480765505939e-01
1.825261965393453478e-01
1.821412838147468405e-01
1.817582998156390128e-01
1.813772345074383674e-01
1.809980779078204927e-01
1.806208200864478086e-01
1.802454511646988111e-01
1.798719613153988428e-01
1.795003407625518355e-01
1.791305797810743283e-01
1.787626686965296807e-01
1.783965978848647271e-01
1.780323577721472095e-01
1.776699388343047914e-01
1.773093315968653494e-01
1.769505266346985961e-01
1.765935145717593691e-01
1.762382860808315299e-01
1.758848318832741398e-01
1.755331427487681062e-01
1.751832094950648011e-01
1.748350229877354833e-01
1.744885741399223311e-01
1.741438539120906959e-01
1.738008533117827159e-01
1.734595633933720127e-01
1.731199752578198026e-01
1.727820800524323130e-01
1.724458689706194203e-01
1.721113332516545080e-01
1.717784641804355750e-01
1.714472530872476197e-01
1.711176913475264960e-01
1.707897703816232682e-01
1.704634816545708420e-01
1.701388166758508735e-01
1.698157669991623708e-01
1.694943242221915725e-01
1.691744799863825754e-01
1.688562259767096840e-01
1.685395539214505356e-01
1.682244555919607532e-01
1.679109228024494027e-01
1.675989474097558385e-01
1.672885213131278526e-01
1.669796364540006017e-01
1.666722848157770331e-01
1.663664584236091426e-01
1.660621493441808705e-01
1.657593496854913584e-01
1.654580515966402043e-01
1.651582472676129953e-01
1.648599289290688386e-01
1.645630888521279755e-01
1.642677193481616171e-01
1.639738127685819447e-01
1.636813615046337489e-01
1.633903579871867906e-01
1.631007946865296598e-01
1.628126641121643292e-01
1.625259588126019561e-01
1.622406713751598784e-01
1.619567944257591374e-01
1.616743206287237777e-01
1.613932426865808678e-01
1.611135533398611042e-01
1.608352453669013304e-01
1.605583115836475006e-01
1.602827448434588076e-01
1.600085380369126453e-01
1.597356840916111242e-01
1.594641759719879759e-01
1.591940066791169006e-01
1.589251692505205538e-01
1.586576567599808918e-01
1.583914623173502678e-01
1.581265790683635541e-01
1.578630001944513195e-01
1.576007189125538388e-01
1.573397284749362413e-01
1.570800221690044907e-01
1.568215933171223375e-01
1.565644352764293534e-01
1.563085414386597982e-01
1.560539052299623475e-01
1.558005201107209303e-01
1.555483795753764553e-01
1.552974771522494246e-01
1.550478064033633807e-01
1.547993609242696023e-01
1.545521343438722994e-01
1.543061203242549473e-01
1.540613125605075351e-01
1.538177047805546482e-01
1.535752907449844662e-01
1.533340642468786208e-01
1.530940191116429705e-01
1.528551491968393183e-01
1.526174483920179348e-01
1.523809106185507189e-01
1.521455298294659697e-01
1.519113000092829902e-01
1.516782151738483575e-01
1.514462693701728313e-01
1.512154566762688446e-01
1.509857712009891328e-01
1.507572070838661960e-01
1.505297584949524259e-01
1.503034196346611229e-01
1.500781847336085106e-01
1.498540480524562790e-01
1.496310038817552646e-01
1.494090465417896307e-01
1.491881703824221861e-01
1.489683697829401743e-01
1.487496391519020911e-01
1.485319729269852507e-01
1.483153655748342403e-01
1.480998115909097912e-01
1.478853054993389815e-01
1.476718418527657173e-01
1.474594152322024065e-01
1.472480202468820776e-01
1.470376515341114965e-01
1.468283037591248397e-01
1.466199716149383936e-01
1.464126498222057537e-01
1.462063331290740231e-01
1.460010163110403991e-01
1.457966941708098985e-01
1.455933615381536927e-01
1.453910132697679991e-01
1.451896442491340533e-01
1.449892493863783050e-01
1.447898236181340281e-01
1.445913619074029599e-01
1.443938592434181600e-01
1.441973106415073147e-01
1.440017111429567898e-01
1.438070558148765998e-01
1.436133397500657938e-01
1.434205580668786451e-01
1.432287059090916470e-01
1.430377784457710355e-01
1.428477708711411720e-01
1.426586784044533707e-01
1.424704962898557525e-01
1.422832197962634604e-01
1.420968442172296231e-01
1.419113648708171249e-01
1.417267770994710130e-01
1.415430762698913492e-01
1.413602577729070331e-01
1.411783170233501528e-01
1.409972494599307791e-01
1.408170505451127874e-01
1.406377157649901788e-01
1.404592406291638451e-01
1.402816206706192781e-01
1.401048514456046945e-01
1.399289285335100219e-01
1.397538475367461341e-01
1.395796040806253080e-01
1.394061938132415690e-01
1.392336124053522861e-01
1.390618555502601272e-01
1.388909189636955976e-01
1.387207983837001057e-01
1.385514895705100558e-01
1.383829883064410238e-01
1.382152903957728218e-01
1.380483916646351172e-01
1.378822879608938012e-01
1.377169751540374132e-01
1.375524491350648970e-01
1.373887058163734132e-01
1.372257411316468168e-01
1.370635510357449960e-01
1.369021315045934883e-01
1.367414785350736794e-01
1.365815881449137514e-01
1.364224563725802419e-01
1.362640792771697973e-01
1.361064529383018418e-01
1.359495734560116909e-01
1.357934369506443584e-01
1.356380395627484470e-01
1.354833774529712875e-01
1.353294468019540786e-01
1.351762438102277475e-01
1.350237646981094775e-01
1.348720057055995125e-01
1.347209630922787948e-01
1.345706331372069076e-01
1.344210121388206003e-01
1.342720964148330365e-01
1.341238823021330406e-01
1.339763661566858166e-01
1.338295443534329443e-01
1.336834132861940139e-01
1.335379693675681212e-01
1.333932090288360850e-01
1.332491287198632468e-01
1.331057249090024652e-01
1.329629940829980816e-01
1.328209327468899692e-01
1.326795374239183589e-01
1.325388046554289434e-01
1.323987310007786466e-01
1.322593130372418380e-01
1.321205473599170177e-01
1.319824305816339471e-01
1.318449593328612224e-01
1.317081302616147087e-01
1.315719400333657807e-01
1.314363853309507002e-01
1.313014628544800499e-01
1.311671693212487499e-01
1.310335014656466290e-01
1.309004560390694127e-01
1.307680298098300442e-01
1.306362195630706713e-01
1.305050221006749112e-01
1.303744342411809198e-01
1.302444528196942675e-01
1.301150746464971031e-01
1.299862966723730751e-01
1.298581157401173525e-01
1.297305287502477089e-01
1.296035326194224790e-01
1.294771242803567091e-01
1.293513006817383348e-01
1.292260587881450817e-01
1.291013955799617252e-01
1.289773080532978233e-01
1.288537932199056713e-01
1.287308481070989219e-01
1.286084697576715674e-01
1.284866552298172815e-01
1.283654015970492612e-01
1.282447059481203189e-01
1.281245653869436119e-01
1.280049770325137615e-01
1.278859380188281936e-01
1.277674454948089788e-01
1.276494966242252282e-01
1.275320885856156550e-01
1.274152185722117192e-01
1.272988837918611338e-01
1.271830814669516474e-01
1.270678088343353551e-01
1.269530631452535085e-01
1.268388416652613260e-01
1.267251416741536074e-01
1.266119604658906550e-01
1.264992953485242211e-01
1.263871436441243723e-01
1.262755026887064091e-01
1.261643698321582296e-01
1.260537424381680260e-01
1.259436178841525367e-01
1.258339935611854365e-01
1.257248668739262554e-01
1.256162352405496285e-01
1.255080960926749645e-01
1.254004468752962231e-01
1.252932850467125270e-01
1.251866080784587443e-01
1.250804134552364610e-01
1.249746986748455774e-01
1.248694612481160149e-01
1.247646986988398543e-01
1.246604085637038062e-01
1.245565883922221395e-01
1.244532357466698186e-01
1.243503482020160006e-01
1.242479233458580190e-01
1.241459587783555196e-01
1.240444521121651794e-01
1.239434009723754393e-01
1.238428029964419030e-01
1.237426558341228888e-01
1.236429571474152445e-01
1.235437046104908843e-01
1.234448959096330622e-01
1.233465287431735058e-01
1.232486008214295770e-01
1.231511098666419335e-01
1.230540536129123008e-01
1.229574298061418963e-01
1.228612362039697148e-01
1.227654705757116327e-01
1.226701307022994986e-01
1.225752143762206536e-01
1.224807194014576883e-01
1.223866435934286845e-01
1.222929847789275964e-01
1.221997407960649790e-01
1.221069094942091315e-01
1.220144887339273954e-01
1.219224763869279082e-01
1.218308703360014567e-01
1.217396684749638969e-01
1.216488687085985620e-01
1.215584689525994466e-01
1.214684671335140437e-01
1.213788611886870150e-01
1.212896490662039028e-01
1.212008287248352578e-01
1.211123981339808503e-01
1.210243552736144645e-01
1.209366981342287484e-01
1.208494247167804375e-01
1.207625330326358853e-01
1.206760211035168284e-01
1.205898869614465130e-01
1.205041286486958907e-01
1.204187442177304668e-01
1.203337317311570231e-01
1.202490892616708690e-01
1.201648148920033410e-01
1.200809067148695258e-01
1.199973628329161490e-01
1.199141813586700051e-01
1.198313604144864986e-01
1.197488981324982549e-01
1.196667926545644661e-01
1.195850421322200430e-01
1.195036447266253354e-01
1.194225986085159646e-01
1.193419019581529184e-01
1.192615529652730350e-01
1.191815498290394876e-01
1.191018907579929342e-01
1.190225739700025154e-01
1.189435976922172539e-01
1.188649601610178158e-01
1.187866596219683407e-01
1.187086943297687436e-01
1.186310625482070863e-01
1.185537625501120740e-01
1.184767926173062313e-01
1.184001510405589541e-01
1.183238361195398380e-01
1.182478461627724936e-01
1.181721794875882497e-01
1.180968344200804543e-01
1.180218092950586634e-01
1.179471024560034831e-01
1.178727122550211337e-01
1.177986370527988186e-01
1.177248752185597463e-01
1.176514251300188330e-01
1.175782851733385564e-01
1.175054537430848256e-01
1.174329292421831816e-01
1.173607100818753884e-01
1.172887946816761340e-01
1.172171814693297592e-01
1.171458688807675702e-01
1.170748553600652331e-01
1.170041393594001139e-01
1.169337193390093815e-01
1.168635937671478192e-01
1.167937611200462189e-01
1.167242198818697202e-01
1.166549685446765378e-01
1.165860056083768831e-01
1.165173295806920528e-01
1.164489389771137112e-01
1.163808323208635059e-01
1.163130081428526835e-01
1.162454649816421354e-01
1.161782013834026517e-01
1.161112159018750367e-01
1.160445070983308763e-01
1.159780735415332914e-01
1.159119138076978583e-01
1.158460264804538897e-01
1.157804101508057848e-01
1.157150634170945047e-01
1.156499848849595613e-01
1.155851731673008809e-01
1.155206268842410428e-01
1.154563446630876566e-01
1.153923251382958926e-01
1.153285669514312883e-01
1.152650687511327793e-01
1.152018291930757971e-01
1.151388469399356185e-01
1.150761206613509641e-01
1.150136490338876244e-01
1.149514307410025304e-01
1.148894644730077824e-01
1.148277489270349283e-01
1.147662828069995061e-01
1.147050648235656278e-01
1.146440936941109934e-01
1.145833681426917522e-01
1.145228869000077948e-01
1.144626487033681694e-01
1.144026522966566928e-01
1.143428964302975470e-01
1.142833798612214458e-01
1.142241013528315918e-01
1.141650596749699681e-01
1.141062536038839059e-01
1.140476819221926813e-01
1.139893434188542776e-01
1.139312368891324395e-01
1.138733611345637831e-01
1.138157149629251547e-01
1.137582971882011990e-01
1.137011066305518570e-01
1.136441421162803916e-01
1.135874024778012470e-01
1.135308865536083373e-01
1.134745931882433084e-01
1.134185212322640912e-01
1.133626695422134956e-01
1.133070369805881661e-01
1.132516224158074125e-01
1.131964247221825259e-01
1.131414427798859840e-01
1.130866754749209890e-01
1.130321216990910344e-01
1.129777803499697891e-01
1.129236503308709699e-01
1.128697305508184617e-01
1.128160199245166195e-01
1.127625173723206253e-01
1.127092218202071228e-01
1.126561321997449072e-01
1.126032474480657825e-01
1.125505665078356393e-01
1.124980883272255761e-01
1.124458118598832823e-01
1.123937360649044925e-01
1.123418599068045920e-01
1.122901823554904172e-01
1.122387023862322225e-01
1.121874189796356058e-01
1.121363311216139191e-01
1.120854378033604576e-01
1.120347380213210370e-01
1.119842307771666545e-01
1.119339150777662328e-01
1.118837899351595444e-01
1.118338543665303442e-01
1.117841073941795438e-01
1.117345480454985246e-01
1.116851753529427282e-01
1.116359883540051223e-01
1.115869860911901240e-01
1.115381676119874127e-01
1.114895319688460479e-01
1.114410782191485039e-01
1.113928054251851207e-01
1.113447126541284304e-01
1.112967989780078160e-01
1.112490634736842121e-01
1.112015052228248480e-01
1.111541233118783084e-01
1.111069168320496514e-01
1.110598848792755389e-01
1.110130265541996730e-01
1.109663409621482327e-01
1.109198272131055457e-01
1.108734844216898163e-01
1.108273117071289227e-01
1.107813081932364774e-01
1.107354730083879302e-01
1.106898052854968229e-01
1.106443041619911416e-01
1.105989687797897802e-01
1.105537982852792117e-01
1.105087918292901455e-01
1.104639485670744770e-01
1.104192676582821803e-01
1.103747482669384106e-01
1.103303895614207858e-01
1.102861907144366271e-01
1.102421509030005325e-01
1.101982693084117976e-01
1.101545451162321970e-01
1.101109775162637666e-01
1.100675657025267373e-01
1.100243088732374835e-01
1.099812062307868044e-01
1.099382569817180660e-01
1.098954603367056776e-01
1.098528155105334136e-01
1.098103217220732508e-01
1.097679781942638433e-01
1.097257841540895118e-01
1.096837388325590940e-01
1.096418414646849748e-01
1.096000912894622842e-01
1.095584875498481353e-01
1.095170294927410026e-01
1.094757163689601687e-01
1.094345474332252682e-01
1.093935219441361101e-01
1.093526391641523599e-01
1.093118983595734311e-01
1.092712988005185432e-01
1.092308397609068338e-01
1.091905205184374589e-01
1.091503403545701079e-01
1.091102985545052140e-01
1.090703944071645393e-01
1.090306272051719400e-01
1.089909962448338265e-01
1.089515008261201789e-01
1.089121402526454091e-01
1.088729138316493761e-01
1.088338208739784985e-01
1.087948606940669916e-01
1.087560326099181879e-01
1.087173359430858993e-01
1.086787700186559874e-01
1.086403341652279614e-01
1.086020277148965901e-01
1.085638500032338749e-01
1.085258003692707446e-01
1.084878781554791949e-01
1.084500827077542889e-01
1.084124133753962965e-01
1.083748695110930832e-01
1.083374504709024022e-01
1.083001556142342697e-01
1.082629843038336176e-01
1.082259359057628906e-01
1.081890097893847269e-01
1.081522053273448469e-01
1.081155218955548863e-01
1.080789588731754652e-01
1.080425156425991323e-01
1.080061915894336977e-01
1.079699861024853436e-01
1.079338985737421375e-01
1.078979283983571985e-01
1.078620749746325436e-01
1.078263377040024201e-01
1.077907159910170831e-01
1.077552092433266273e-01
1.077198168716647919e-01
1.076845382898328346e-01
1.076493729146837108e-01
1.076143201661060173e-01
1.075793794670083237e-01
1.075445502433033246e-01
1.075098319238922823e-01
1.074752239406494281e-01
1.074407257284064610e-01
1.074063367249372403e-01
1.073720563709422288e-01
1.073378841100336156e-01
1.073038193887198011e-01
1.072698616563905055e-01
1.072360103653017260e-01
1.072022649705607900e-01
1.071686249301115473e-01
1.071350897047195216e-01
1.071016587579573243e-01
1.070683315561898885e-01
1.070351075685601061e-01
1.070019862669742000e-01
1.069689671260874303e-01
1.069360496232897445e-01
1.069032332386915113e-01
1.068705174551094345e-01
1.068379017580523560e-01
1.068053856357073089e-01
1.067729685789255284e-01
1.067406500812085879e-01
1.067084296386946185e-01
1.066763067501445839e-01
1.066442809169285549e-01
1.066123516430121654e-01
1.065805184349431500e-01
1.065487808018377863e-01
1.065171382553675855e-01
1.064855903097459838e-01
1.064541364817150892e-01
1.064227762905325114e-01
1.063915092579582750e-01
1.063603349082417743e-01
1.063292527681088256e-01
1.062982623667487470e-01
1.062673632358015069e-01
1.062365549093451100e-01
1.062058369238826350e-01
1.061752088183298415e-01
1.061446701340025417e-01
1.061142204146039991e-01
1.060838592062126190e-01
1.060535860572695693e-01
1.060234005185663464e-01
1.059933021432327566e-01
1.059632904867244957e-01
1.059333651068111865e-01
1.059035255635643463e-01
1.058737714193452584e-01
1.058441022387932307e-01
1.058145175888135642e-01
1.057850170385658400e-01
1.057556001594521650e-01
1.057262665251055139e-01
1.056970157113780867e-01
1.056678472963296922e-01
1.056387608602164241e-01
1.056097559854789619e-01
1.055808322567315105e-01
1.055519892607501842e-01
1.055232265864619323e-01
1.054945438249332984e-01
1.054659405693592206e-01
1.054374164150520266e-01
1.054089709594302898e-01
1.053806038020080743e-01
1.053523145443837766e-01
1.053241027902294125e-01
1.052959681452798057e-01
1.052679102173217918e-01
1.052399286161835867e-01
1.052120229537241436e-01
1.051841928438225493e-01
1.051564379023675472e-01
1.051287577472470036e-01
1.051011519983375830e-01
1.050736202774943118e-01
1.050461622085403224e-01
1.050187774172566396e-01
1.049914655313718276e-01
1.049642261805520810e-01
1.049370589963909417e-01
1.049099636123993484e-01
1.048829396639955752e-01
1.048559867884954200e-01
1.048291046251022957e-01
1.048022928148972382e-01
1.047755510008293450e-01
1.047488788277059352e-01
1.047222759421828908e-01
1.046957419927549982e-01
1.046692766297464411e-01
1.046428795053012256e-01
1.046165502733736874e-01
1.045902885897191242e-01
1.045640941118843731e-01
1.045379664991984703e-01
1.045119054127633812e-01
1.044859105154447992e-01
1.044599814718629310e-01
1.044341179483833648e-01
1.044083196131079527e-01
1.043825861358658458e-01
1.043569171882043761e-01
1.043313124433802447e-01
1.043057715763505422e-01
1.042802942637638813e-01
1.042548801839516259e-01
1.042295290169191341e-01
1.042042404443370013e-01
1.041790141495324007e-01
1.041538498174804650e-01
1.041287471347957377e-01
1.041037057897235413e-01
1.040787254721315946e-01
1.040538058735014648e-01
1.040289466869202817e-01
1.040041476070722309e-01
1.039794083302303246e-01
1.039547285542481575e-01
1.039301079785515669e-01
1.039055463041305555e-01
1.038810432335310896e-01
1.038565984708470225e-01
1.038322117217119200e-01
1.038078826932913035e-01
1.037836110942743501e-01
1.037593966348661773e-01
1.037352390267799185e-01
1.037111379832287711e-01
1.036870932189182942e-01
1.036631044500385679e-01
1.036391713942565046e-01
1.036152937707081334e-01
1.035914712999909115e-01
1.035677037041562304e-01
1.035439907067017273e-01
1.035203320325638193e-01
1.034967274081101396e-01
1.034731765611321685e-01
1.034496792208377952e-01
1.034262351178439204e-01
1.034028439841690739e-01
1.033795055532262669e-01
1.033562195598155126e-01
1.033329857401168311e-01
1.033098038316828671e-01
1.032866735734319086e-01
1.032635947056405740e-01
1.032405669699369977e-01
1.032175901092935305e-01
1.031946638680199535e-01
1.031717879917563585e-01
1.031489622274662787e-01
1.031261863234298332e-01
1.031034600292368431e-01
1.030807830957799764e-01
1.030581552752479618e-01
1.030355763211189268e-01
1.030130459881536120e-01
1.029905640323886401e-01
1.029681302111300489e-01
1.029457442829464497e-01
1.029234060076626434e-01
1.029011151463529589e-01
1.028788714613348004e-01
1.028566747161622219e-01
1.028345246756193349e-01
1.028124211057140497e-01
1.027903637736716502e-01
1.027683524479284238e-01
1.027463868981254302e-01
1.027244668951021317e-01
1.027025922108902173e-01
1.026807626187073719e-01
1.026589778929511421e-01
1.026372378091927051e-01
1.026155421441708460e-01
1.025938906757858232e-01
1.025722831830932907e-01
1.025507194462984273e-01
1.025291992467497193e-01
1.025077223669332710e-01
1.024862885904666010e-01
1.024648977020930496e-01
1.024435494876755892e-01
1.024222437341913150e-01
1.024009802297254079e-01
1.023797587634654310e-01
1.023585791256957089e-01
1.023374411077913604e-01
1.023163445022129137e-01
1.022952891025004363e-01
1.022742747032679561e-01
1.022533011001979797e-01
1.022323680900358162e-01
1.022114754705840262e-01
1.021906230406970373e-01
1.021698106002755235e-01
1.021490379502610762e-01
1.021283048926307224e-01
1.021076112303914984e-01
1.020869567675751904e-01
1.020663413092329080e-01
1.020457646614297970e-01
1.020252266312397516e-01
1.020047270267402523e-01
1.019842656570069811e-01
1.019638423321087423e-01
1.019434568631022164e-01
1.019231090620268954e-01
1.019027987418999193e-01
1.018825257167109838e-01
1.018622898014172329e-01
1.018420908119383184e-01
1.018219285651513067e-01
1.018018028788857665e-01
1.017817135719186888e-01
1.017616604639696998e-01
1.017416433756960364e-01
1.017216621286877037e-01
1.017017165454626587e-01
1.016818064494618978e-01
1.016619316650447108e-01
1.016420920174838927e-01
1.016222873329609283e-01
1.016025174385613572e-01
1.015827821622699578e-01
1.015630813329662097e-01
1.015434147804194359e-01
1.015237823352843349e-01
1.015041838290963033e-01
1.014846190942668563e-01
1.014650879640790898e-01
1.014455902726830866e-01
1.014261258550914341e-01
1.014066945471747277e-01
1.013872961856571719e-01
1.013679306081119447e-01
1.013485976529570481e-01
1.013292971594506459e-01
1.013100289676868437e-01
1.012907929185913464e-01
1.012715888539169606e-01
1.012524166162395295e-01
1.012332760489534356e-01
1.012141669962674656e-01
1.011950893032005083e-01
1.011760428155773495e-01
1.011570273800244946e-01
1.011380428439659918e-01
1.011190890556192407e-01
1.011001658639908707e-01
1.010812731188727165e-01
1.010624106708375575e-01
1.010435783712352598e-01
1.010247760721885157e-01
1.010060036265890276e-01
1.009872608880933165e-01
1.009685477111188917e-01
1.009498639508401158e-01
1.009312094631845264e-01
1.009125841048285899e-01
1.008939877331940793e-01
1.008754202064440220e-01
1.008568813834789107e-01
1.008383711239328601e-01
1.008198892881697617e-01
1.008014357372794961e-01
1.007830103330741855e-01
1.007646129380843220e-01
1.007462434155552145e-01
1.007279016294430479e-01
1.007095874444113581e-01
1.006913007258272708e-01
1.006730413397578239e-01
1.006548091529663319e-01
1.006366040329088191e-01
1.006184258477303695e-01
1.006002744662614357e-01
1.005821497580145080e-01
1.005640515931803536e-01
1.005459798426245194e-01
1.005279343778839318e-01
1.005099150711632472e-01
1.004919217953315069e-01
1.004739544239185850e-01
1.004560128311118017e-01
1.004380968917524125e-01
1.004202064813324163e-01
1.004023414759908500e-01
1.003845017525106936e-01
1.003666871883154149e-01
1.003488976614655415e-01
1.003311330506555382e-01
1.003133932352103241e-01
1.002956780950820942e-01
1.002779875108470442e-01
1.002603213637020679e-01
1.002426795354615513e-01
1.002250619085541944e-01
1.002074683660197779e-01
1.001898987915059575e-01
1.001723530692651271e-01
1.001548310841512968e-01
1.001373327216169146e-01
1.001198578677097578e-01
1.001024064090698384e-01
1.000849782329263221e-01
1.000675732270944751e-01
1.000501912799725834e-01
1.000328322805389136e-01
1.000154961183487567e-01
9.999818268353133366e-02
9.998089186678682516e-02
9.996362355938347155e-02
9.994637765315456113e-02
9.992915404049543260e-02
9.991195261436068564e-02
9.989477326826111392e-02
9.987761589626092951e-02
9.986048039297483470e-02
9.984336665356510765e-02
9.982627457373884072e-02
9.980920404974508164e-02
9.979215497837193305e-02
9.977512725694383244e-02
9.975812078331873500e-02
9.974113545588532415e-02
9.972417117356022209e-02
9.970722783578531145e-02
9.969030534252495968e-02
9.967340359426328511e-02
9.965652249200145085e-02
9.963966193725498632e-02
9.962282183205117825e-02
9.960600207892622571e-02
9.958920258092274214e-02
9.957242324158711855e-02
9.955566396496678960e-02
9.953892465560772174e-02
9.952220521855181801e-02
9.950550555933423968e-02
9.948882558398093601e-02
9.947216519900606291e-02
9.945552431140940175e-02
9.943890282867390296e-02
9.942230065876310474e-02
9.940571771011862123e-02
9.938915389165775549e-02
9.937260911277084885e-02
9.935608328331907435e-02
9.933957631363166119e-02
9.932308811450372976e-02
9.930661859719376594e-02
9.929016767342113692e-02
9.927373525536378751e-02
9.925732125565588093e-02
9.924092558738530079e-02
9.922454816409136125e-02
9.920818889976246169e-02
9.919184770883371360e-02
9.917552450618469240e-02
9.915921920713698101e-02
9.914293172745203275e-02
9.912666198332872880e-02
9.911040989140122714e-02
9.909417536873661725e-02
9.907795833283269960e-02
9.906175870161573749e-02
9.904557639343816722e-02
9.902941132707650251e-02
9.901326342172901696e-02
9.899713259701359291e-02
9.898101877296554274e-02
9.896492187003540220e-02
9.894884180908680715e-02
9.893277851139431478e-02
9.891673189864125249e-02
9.890070189291765013e-02
9.888468841671803344e-02
9.886869139293939790e-02
9.885271074487907150e-02
9.883674639623267477e-02
9.882079827109191417e-02
9.880486629394273634e-02
9.878895038966303832e-02
9.877305048352083561e-02
9.875716650117208339e-02
9.874129836865871979e-02
9.872544601240669515e-02
9.870960935922383495e-02
9.869378833629802172e-02
9.867798287119508571e-02
9.866219289185688968e-02
9.864641832659941378e-02
9.863065910411068782e-02
9.861491515344897318e-02
9.859918640404076451e-02
9.858347278567891614e-02
9.856777422852071313e-02
9.855209066308595611e-02
9.853642202025507391e-02
9.852076823126731941e-02
9.850512922771881286e-02
9.848950494156069602e-02
9.847389530509731426e-02
9.845830025098439853e-02
9.844271971222713635e-02
9.842715362217852038e-02
9.841160191453730832e-02
9.839606452334644093e-02
9.838054138299112683e-02
9.836503242819708004e-02
9.834953759402879914e-02
9.833405681588769376e-02
9.831859002951047477e-02
9.830313717096726689e-02
9.828769817665999886e-02
9.827227298332054384e-02
9.825686152800910955e-02
9.824146374811251747e-02
9.822607958134242645e-02
9.821070896573369513e-02
9.819535183964273051e-02
9.818000814174572544e-02
9.816467781103710433e-02
9.814936078682774678e-02
9.813405700874343329e-02
9.811876641672313826e-02
9.810348895101750344e-02
9.808822455218704772e-02
9.807297316110072383e-02
9.805773471893421134e-02
9.804250916716829301e-02
9.802729644758743921e-02
9.801209650227800385e-02
9.799690927362676718e-02
9.798173470431940923e-02
9.796657273733884452e-02
9.795142331596376484e-02
9.793628638376707107e-02
9.792116188461433279e-02
9.790604976266220616e-02
9.789094996235708779e-02
9.787586242843342166e-02
9.786078710591229746e-02
9.784572394009993790e-02
9.783067287658621380e-02
9.781563386124314530e-02
9.780060684022348627e-02
9.778559175995921171e-02
9.777058856716004664e-02
9.775559720881212000e-02
9.774061763217641030e-02
9.772564978478739950e-02
9.771069361445157420e-02
9.769574906924606561e-02
9.768081609751722016e-02
9.766589464787922559e-02
9.765098466921261211e-02
9.763608611066304510e-02
9.762119892163979851e-02
9.760632305181438095e-02
9.759145845111931450e-02
9.757660506974656645e-02
9.756176285814636973e-02
9.754693176702584900e-02
9.753211174734759126e-02
9.751730275032839679e-02
9.750250472743791919e-02
9.748771763039738858e-02
9.747294141117826549e-02
9.745817602200095020e-02
9.744342141533349211e-02
9.742867754389024360e-02
9.741394436063072204e-02
9.739922181875816654e-02
9.738450987171831663e-02
9.736980847319827437e-02
9.735511757712504710e-02
9.734043713766445116e-02
9.732576710921977958e-02
9.731110744643065025e-02
9.729645810417165974e-02
9.728181903755130089e-02
9.726719020191060272e-02
9.725257155282203414e-02
9.723796304608821328e-02
9.722336463774074178e-02
9.720877628403908066e-02
9.719419794146925973e-02
9.717962956674271180e-02
9.716507111679519026e-02
9.715052254878543680e-02
9.713598382009422383e-02
9.712145488832307771e-02
9.710693571129304369e-02
9.709242624704378377e-02
9.707792645383223062e-02
9.706343629013151897e-02
9.704895571462988924e-02
9.703448468622953571e-02
9.702002316404548243e-02
9.700557110740451461e-02
9.699112847584406838e-02
9.697669522911112061e-02
9.696227132716103703e-02
9.694785673015661465e-02
9.693345139846690217e-02
9.691905529266620078e-02
9.690466837353285678e-02
9.689029060204841504e-02
9.687592193939638385e-02
9.686156234696120804e-02
9.684721178632731131e-02
9.683287021927797222e-02
9.681853760779433882e-02
9.680421391405431841e-02
9.678989910043168943e-02
9.677559312949493564e-02
9.676129596400631638e-02
9.674700756692086734e-02
9.673272790138533195e-02
9.671845693073724548e-02
9.670419461850382481e-02
9.668994092840112187e-02
9.667569582433292730e-02
9.666145927038985453e-02
9.664723123084836831e-02
9.663301167016974391e-02
9.661880055299920667e-02
9.660459784416489115e-02
9.659040350867695301e-02
9.657621751172659752e-02
9.656203981868508035e-02
9.654787039510286106e-02
9.653370920670864552e-02
9.651955621940837282e-02
9.650541139928443812e-02
9.649127471259463795e-02
9.647714612577137916e-02
9.646302560542065196e-02
9.644891311832116954e-02
9.643480863142354920e-02
9.642071211184928547e-02
9.640662352688994519e-02
9.639254284400627926e-02
9.637847003082726516e-02
9.636440505514935750e-02
9.635034788493548885e-02
9.633629848831429254e-02
9.632225683357918677e-02
9.630822288918755580e-02
9.629419662375990341e-02
9.628017800607890919e-02
9.626616700508867919e-02
9.625216358989392706e-02
9.623816772975901657e-02
9.622417939410725374e-02
9.621019855251998487e-02
9.619622517473583323e-02
9.618225923064979699e-02
9.616830069031249983e-02
9.615434952392938606e-02
9.614040570185986012e-02
9.612646919461652339e-02
9.611253997286439699e-02
9.609861800742003357e-02
9.608470326925092064e-02
9.607079572947441193e-02
9.605689535935722778e-02
9.604300213031451150e-02
9.602911601390907992e-02
9.601523698185070177e-02
9.600136500599529277e-02
9.598750005834418009e-02
9.597364211104331133e-02
9.595979113638251901e-02
9.594594710679482663e-02
9.593210999485558832e-02
9.591827977328180876e-02
9.590445641493147710e-02
9.589063989280272038e-02
9.587683018003306801e-02
9.586302724989885504e-02
9.584923107581437562e-02
9.583544163133123073e-02
9.582165889013755100e-02
9.580788282605735839e-02
9.579411341304981675e-02
9.578035062520855181e-02
9.576659443676090178e-02
9.575284482206729286e-02
9.573910175562050373e-02
9.572536521204492999e-02
9.571163516609602906e-02
9.569791159265947367e-02
9.568419446675066609e-02
9.567048376351382222e-02
9.565677945822158301e-02
9.564308152627408466e-02
9.562938994319843122e-02
9.561570468464805628e-02
9.560202572640195962e-02
9.558835304436416602e-02
9.557468661456297587e-02
9.556102641315038226e-02
9.554737241640140488e-02
9.553372460071345162e-02
9.552008294260572185e-02
9.550644741871845700e-02
9.549281800581244095e-02
9.547919468076827842e-02
9.546557742058583984e-02
9.545196620238363683e-02
9.543836100339810058e-02
9.542476180098312388e-02
9.541116857260931172e-02
9.539758129586348168e-02
9.538399994844795615e-02
9.537042450818010442e-02
9.535685495299150993e-02
9.534329126092766504e-02
9.532973341014717994e-02
9.531618137892121367e-02
9.530263514563294680e-02
9.528909468877697075e-02
9.527555998695874662e-02
9.526203101889393898e-02
9.524850776340790248e-02
9.523499019943511279e-02
9.522147830601859764e-02
9.520797206230932619e-02
9.519447144756576495e-02
9.518097644115310063e-02
9.516748702254297643e-02
9.515400317131264551e-02
9.514052486714462409e-02
9.512705208982609462e-02
9.511358481924828134e-02
9.510012303540602008e-02
9.508666671839714757e-02
9.507321584842197415e-02
9.505977040578279802e-02
9.504633037088329461e-02
9.503289572422807252e-02
9.501946644642210449e-02
9.500604251817015844e-02
9.499262392027635338e-02
9.497921063364367367e-02
9.496580263927331678e-02
9.495239991826431858e-02
9.493900245181292885e-02
9.492561022121223657e-02
9.491222320785153155e-02
9.489884139321590195e-02
9.488546475888569309e-02
9.487209328653599394e-02
9.485872695793617915e-02
9.484536575494943722e-02
9.483200965953220152e-02
9.481865865373376168e-02
9.480531271969568075e-02
9.479197183965140661e-02
9.477863599592573074e-02
9.476530517093439965e-02
9.475197934718344872e-02
9.473865850726899407e-02
9.472534263387652476e-02
9.471203170978065300e-02
9.469872571784444804e-02
9.468542464101907530e-02
9.467212846234340784e-02
9.465883716494338795e-02
9.464555073203174962e-02
9.463226914690749114e-02
9.461899239295538944e-02
9.460572045364563920e-02
9.459245331253329780e-02
9.457919095325800773e-02
9.456593335954338597e-02
9.455268051519666317e-02
9.453943240410826732e-02
9.452618901025132414e-02
9.451295031768136568e-02
9.449971631053569188e-02
9.448648697303309307e-02
9.447326228947341975e-02
9.446004224423712459e-02
9.444682682178483224e-02
9.443361600665695077e-02
9.442040978347322755e-02
9.440720813693236069e-02
9.439401105181159657e-02
9.438081851296628577e-02
9.436763050532950836e-02
9.435444701391165756e-02
9.434126802380000953e-02
9.432809352015840421e-02
9.431492348822673177e-02
9.430175791332064128e-02
9.428859678083106877e-02
9.427544007622393196e-02
9.426228778503960293e-02
9.424913989289269989e-02
9.423599638547151824e-02
9.422285724853782241e-02
9.420972246792627680e-02
9.419659202954423771e-02
9.418346591937126755e-02
9.417034412345882954e-02
9.415722662792981590e-02
9.414411341897832575e-02
9.413100448286909616e-02
9.411789980593733562e-02
9.410479937458822441e-02
9.409170317529660932e-02
9.407861119460658728e-02
9.406552341913120008e-02
9.405243983555208742e-02
9.403936043061909833e-02
9.402628519114986094e-02
9.401321410402957435e-02
9.400014715621056449e-02
9.398708433471195112e-02
9.397402562661935632e-02
9.396097101908443272e-02
9.394792049932465527e-02
9.393487405462290496e-02
9.392183167232709406e-02
9.390879333984995803e-02
9.389575904466858358e-02
9.388272877432413122e-02
9.386970251642151597e-02
9.385668025862901886e-02
9.384366198867802322e-02
9.383064769436269548e-02
9.381763736353952721e-02
9.380463098412718248e-02
9.379162854410606764e-02
9.377863003151805377e-02
9.376563543446608806e-02
9.375264474111397184e-02
9.373965793968602744e-02
9.372667501846669580e-02
9.371369596580031436e-02
9.370072077009079792e-02
9.368774941980126392e-02
9.367478190345376876e-02
9.366181820962903026e-02
9.364885832696605295e-02
9.363590224416191987e-02
9.362294994997136244e-02
9.361000143320656608e-02
9.359705668273682333e-02
9.358411568748828402e-02
9.357117843644355282e-02
9.355824491864156434e-02
9.354531512317708353e-02
9.353238903920063629e-02
9.351946665591799601e-02
9.350654796259007251e-02
9.349363294853256512e-02
9.348072160311561574e-02
9.346781391576364229e-02
9.345490987595496402e-02
9.344200947322155171e-02
9.342911269714875011e-02
9.341621953737505590e-02
9.340332998359165972e-02
9.339044402554240454e-02
9.337756165302335543e-02
9.336468285588257754e-02
9.335180762401990018e-02
9.333893594738656985e-02
9.332606781598501433e-02
9.331320321986866229e-02
9.330034214914147139e-02
9.328748459395790060e-02
9.327463054452253544e-02
9.326177999108979655e-02
9.324893292396368993e-02
9.323608933349766814e-02
9.322324921009415843e-02
9.321041254420454891e-02
9.319757932632875830e-02
9.318474954701504165e-02
9.317192319685972668e-02
9.315910026650699172e-02
9.314628074664861590e-02
9.313346462802365999e-02
9.312065190141831372e-02
9.310784255766561823e-02
9.309503658764520240e-02
9.308223398228304690e-02
9.306943473255124832e-02
9.305663882946781096e-02
9.304384626409632764e-02
9.303105702754579931e-02
9.301827111097046852e-02
9.300548850556941693e-02
9.299270920258644046e-02
9.297993319330984108e-02
9.296716046907207986e-02
9.295439102124970765e-02
9.294162484126294865e-02
9.292886192057570049e-02
9.291610225069503459e-02
9.290334582317119616e-02
9.289059262959727115e-02
9.287784266160904745e-02
9.286509591088466797e-02
9.285235236914449186e-02
9.283961202815088631e-02
9.282687487970794904e-02
9.281414091566135560e-02
9.280141012789812349e-02
9.278868250834632070e-02
9.277595804897496856e-02
9.276323674179377810e-02
9.275051857885292794e-02
9.273780355224284233e-02
9.272509165409402454e-02
9.271238287657684873e-02
9.269967721190125465e-02
9.268697465231671984e-02
9.267427519011184334e-02
9.266157881761435955e-02
9.264888552719069414e-02
9.263619531124603346e-02
9.262350816222388039e-02
9.261082407260599891e-02
9.259814303491219201e-02
9.258546504170002411e-02
9.257279008556473787e-02
9.256011815913897656e-02
9.254744925509265918e-02
9.253478336613270294e-02
9.252212048500288444e-02
9.250946060448363151e-02
9.249680371739187057e-02
9.248414981658076295e-02
9.247149889493957997e-02
9.245885094539349480e-02
9.244620596090338815e-02
9.243356393446568176e-02
9.242092485911207467e-02
9.240828872790952941e-02
9.239565553395988340e-02
9.238302527039984891e-02
9.237039793040069391e-02
9.235777350716813106e-02
9.234515199394217888e-02
9.233253338399682875e-02
9.231991767064005872e-02
9.230730484721350049e-02
9.229469490709242552e-02
9.228208784368538420e-02
9.226948365043413647e-02
9.225688232081352691e-02
9.224428384833119332e-02
9.223168822652748344e-02
9.221909544897521904e-02
9.220650550927964040e-02
9.219391840107807323e-02
9.218133411803992872e-02
9.216875265386641203e-02
9.215617400229042522e-02
9.214359815707633128e-02
9.213102511201992639e-02
9.211845486094810687e-02
9.210588739771882749e-02
9.209332271622090726e-02
9.208076081037384897e-02
9.206820167412772815e-02
9.205564530146292945e-02
9.204309168639010497e-02
9.203054082295002158e-02
9.201799270521324181e-02
9.200544732728016539e-02
9.199290468328077952e-02
9.198036476737447842e-02
9.196782757374999395e-02
9.195529309662511808e-02
9.194276133024677222e-02
9.193023226889056321e-02
9.191770590686086650e-02
9.190518223849056256e-02
9.189266125814095354e-02
9.188014296020152738e-02
9.186762733908993006e-02
9.185511438925170191e-02
9.184260410516023598e-02
9.183009648131652825e-02
9.181759151224909432e-02
9.180508919251388622e-02
9.179258951669401478e-02
9.178009247939970805e-02
9.176759807526811696e-02
9.175510629896320436e-02
9.174261714517564781e-02
9.173013060862256207e-02
9.171764668404752685e-02
9.170516536622036474e-02
9.169268664993693307e-02
9.168021053001920717e-02
9.166773700131487790e-02
9.165526605869740717e-02
9.164279769706583367e-02
9.163033191134462019e-02
9.161786869648357035e-02
9.160540804745762045e-02
9.159294995926681171e-02
9.158049442693599884e-02
9.156804144551498881e-02
9.155559101007811063e-02
9.154314311572427088e-02
9.153069775757678717e-02
9.151825493078324936e-02
9.150581463051536690e-02
9.149337685196892722e-02
9.148094159036357365e-02
9.146850884094274992e-02
9.145607859897354752e-02
9.144365085974655305e-02
9.143122561857580655e-02
9.141880287079862111e-02
9.140638261177544410e-02
9.139396483688980166e-02
9.138154954154811827e-02
9.136913672117963348e-02
9.135672637123627704e-02
9.134431848719251623e-02
9.133191306454531422e-02
9.131951009881394965e-02
9.130710958553989176e-02
9.129471152028671710e-02
9.128231589864002626e-02
9.126992271620724961e-02
9.125753196861760563e-02
9.124514365152196216e-02
9.123275776059265596e-02
9.122037429152354826e-02
9.120799324002969166e-02
9.119561460184742729e-02
9.118323837273417665e-02
9.117086454846827503e-02
9.115849312484901323e-02
9.114612409769634604e-02
9.113375746285097556e-02
9.112139321617405974e-02
9.110903135354732341e-02
9.109667187087265583e-02
9.108431476407230498e-02
9.107196002908857224e-02
9.105960766188379851e-02
9.104725765844026708e-02
9.103491001476000932e-02
9.102256472686479083e-02
9.101022179079600039e-02
9.099788120261449731e-02
9.098554295840055595e-02
9.097320705425372689e-02
9.096087348629279534e-02
9.094854225065565623e-02
9.093621334349913377e-02
9.092388676099902312e-02
9.091156249934990996e-02
9.089924055476501785e-02
9.088692092347627760e-02
9.087460360173404972e-02
9.086228858580717993e-02
9.084997587198277713e-02
9.083766545656618563e-02
9.082535733588090188e-02
9.081305150626840794e-02
9.080074796408821314e-02
9.078844670571756259e-02
9.077614772755154826e-02
9.076385102600290078e-02
9.075155659750187842e-02
9.073926443849626711e-02
9.072697454545122775e-02
9.071468691484917135e-02
9.070240154318982839e-02
9.069011842698997128e-02
9.067783756278335883e-02
9.066555894712079178e-02
9.065328257656983524e-02
9.064100844771488807e-02
9.062873655715701637e-02
9.061646690151381467e-02
9.060419947741944757e-02
9.059193428152449712e-02
9.057967131049582399e-02
9.056741056101660914e-02
9.055515202978614564e-02
9.054289571351981092e-02
9.053064160894902512e-02
9.051838971282107071e-02
9.050614002189909246e-02
9.049389253296195867e-02
9.048164724280423343e-02
9.046940414823603782e-02
9.045716324608302217e-02
9.044492453318622727e-02
9.043268800640208438e-02
9.042045366260223482e-02
9.040822149867355773e-02
9.039599151151801737e-02
9.038376369805256605e-02
9.037153805520917182e-02
9.035931457993463811e-02
9.034709326919054817e-02
9.033487411995322347e-02
9.032265712921365430e-02
9.031044229397731937e-02
9.029822961126422742e-02
9.028601907810886174e-02
9.027381069155993032e-02
9.026160444868047694e-02
9.024940034654772847e-02
9.023719838225299772e-02
9.022499855290166959e-02
9.021280085561309003e-02
9.020060528752052442e-02
9.018841184577099102e-02
9.017622052752538586e-02
9.016403132995812197e-02
9.015184425025736525e-02
9.013965928562475693e-02
9.012747643327542746e-02
9.011529569043788546e-02
9.010311705435398999e-02
9.009094052227885341e-02
9.007876609148075808e-02
9.006659375924118416e-02
9.005442352285454588e-02
9.004225537962834425e-02
9.003008932688297272e-02
9.001792536195166172e-02
9.000576348218042311e-02
8.999360368492803630e-02
8.998144596756584013e-02
8.996929032747788546e-02
8.995713676206064380e-02
8.994498526872307664e-02
8.993283584488655225e-02
8.992068848798474845e-02
8.990854319546361106e-02
8.989639996478128448e-02
8.988425879340805613e-02
8.987211967882627328e-02
8.985998261853031521e-02
8.984784761002650999e-02
8.983571465083300955e-02
8.982358373847990074e-02
8.981145487050894161e-02
8.979932804447363082e-02
8.978720325793909662e-02
8.977508050848205523e-02
8.976295979369074141e-02
8.975084111116483909e-02
8.973872445851545365e-02
8.972660983336504248e-02
8.971449723334729009e-02
8.970238665610714979e-02
8.969027809930076034e-02
8.967817156059530725e-02
8.966606703766906439e-02
8.965396452821133844e-02
8.964186402992227465e-02
8.962976554051296785e-02
8.961766905770532365e-02
8.960557457923198910e-02
8.959348210283635261e-02
8.958139162627244689e-02
8.956930314730493503e-02
8.955721666370894396e-02
8.954513217327014774e-02
8.953304967378465651e-02
8.952096916305897489e-02
8.950889063890984931e-02
8.949681409916440677e-02
8.948473954165993283e-02
8.947266696424391319e-02
8.946059636477392274e-02
8.944852774111758387e-02
8.943646109115258036e-02
8.942439641276650475e-02
8.941233370385687218e-02
8.940027296233106491e-02
8.938821418610624903e-02
8.937615737310934672e-02
8.936410252127699461e-02
8.935204962855546051e-02
8.933999869290064344e-02
8.932794971227796255e-02
8.931590268466232940e-02
8.930385760803816186e-02
8.929181448039923141e-02
8.927977329974866316e-02
8.926773406409894973e-02
8.925569677147177083e-02
8.924366141989800716e-02
8.923162800741779588e-02
8.921959653208026697e-02
8.920756699194373751e-02
8.919553938507543411e-02
8.918351370955163171e-02
8.917148996345751477e-02
8.915946814488710792e-02
8.914744825194331757e-02
8.913543028273782087e-02
8.912341423539103802e-02
8.911140010803206279e-02
8.909938789879870424e-02
8.908737760583732013e-02
8.907536922730280304e-02
8.906336276135867758e-02
8.905135820617682274e-02
8.903935555993761075e-02
8.902735482082979601e-02
8.901535598705044572e-02
8.900335905680496762e-02
8.899136402830697123e-02
8.897937089977832337e-02
8.896737966944905096e-02
8.895539033555729946e-02
8.894340289634931895e-02
8.893141735007939475e-02
8.891943369500979188e-02
8.890745192941074126e-02
8.889547205156043963e-02
8.888349405974489692e-02
8.887151795225801953e-02
8.885954372740148544e-02
8.884757138348470251e-02
8.883560091882480858e-02
8.882363233174665751e-02
8.881166562058268044e-02
8.879970078367298292e-02
8.878773781936512288e-02
8.877577672601423553e-02
8.876381750198296394e-02
8.875186014564134807e-02
8.873990465536679695e-02
8.872795102954417201e-02
8.871599926656557888e-02
8.870404936483049230e-02
8.869210132274550629e-02
8.868015513872458400e-02
8.866821081118873848e-02
8.865626833856618538e-02
8.864432771929221799e-02
8.863238895180917953e-02
8.862045203456647702e-02
8.860851696602045635e-02
8.859658374463448560e-02
8.858465236887876071e-02
8.857272283723045814e-02
8.856079514817352671e-02
8.854886930019874314e-02
8.853694529180367034e-02
8.852502312149262975e-02
8.851310278777659024e-02
8.850118428917322366e-02
8.848926762420690484e-02
8.847735279140846176e-02
8.846543978931542540e-02
8.845352861647176601e-02
8.844161927142803192e-02
8.842971175274116913e-02
8.841780605897459067e-02
8.840590218869813499e-02
8.839400014048791332e-02
8.838209991292647616e-02
8.837020150460259127e-02
8.835830491411134080e-02
8.834641014005406578e-02
8.833451718103819961e-02
8.832262603567746229e-02
8.831073670259165231e-02
8.829884918040670216e-02
8.828696346775460890e-02
8.827507956327339256e-02
8.826319746560712387e-02
8.825131717340578552e-02
8.823943868532535539e-02
8.822756200002779270e-02
8.821568711618082981e-02
8.820381403245812491e-02
8.819194274753913709e-02
8.818007326010914027e-02
8.816820556885915372e-02
8.815633967248596992e-02
8.814447556969201569e-02
8.813261325918550493e-02
8.812075273968018874e-02
8.810889400989553588e-02
8.809703706855649685e-02
8.808518191439369815e-02
8.807332854614320639e-02
8.806147696254665314e-02
8.804962716235105458e-02
8.803777914430904739e-02
8.802593290717848629e-02
8.801408844972273549e-02
8.800224577071047438e-02
8.799040486891580859e-02
8.797856574311797850e-02
8.796672839210166461e-02
8.795489281465669607e-02
8.794305900957820332e-02
8.793122697566646551e-02
8.791939671172693815e-02
8.790756821657022546e-02
8.789574148901206641e-02
8.788391652787325148e-02
8.787209333197967820e-02
8.786027190016226784e-02
8.784845223125695157e-02
8.783663432410462879e-02
8.782481817755118103e-02
8.781300379044741644e-02
8.780119116164906978e-02
8.778938029001673304e-02
8.777757117441585544e-02
8.776576381371675728e-02
8.775395820679450509e-02
8.774215435252905038e-02
8.773035224980496594e-02
8.771855189751165405e-02
8.770675329454324931e-02
8.769495643979845212e-02
8.768316133218073682e-02
8.767136797059815745e-02
8.765957635396343095e-02
8.764778648119378457e-02
8.763599835121108073e-02
8.762421196294167824e-02
8.761242731531650174e-02
8.760064440727090285e-02
8.758886323774478511e-02
8.757708380568243745e-02
8.756530611003257580e-02
8.755353014974838477e-02
8.754175592378733717e-02
8.752998343111130508e-02
8.751821267068651822e-02
8.750644364148349452e-02
8.749467634247705405e-02
8.748291077264620796e-02
8.747114693097433891e-02
8.745938481644896512e-02
8.744762442806183755e-02
8.743586576480889827e-02
8.742410882569019714e-02
8.741235360970997514e-02
8.740060011587653943e-02
8.738884834320234662e-02
8.737709829070387790e-02
8.736534995740170839e-02
8.735360334232038226e-02
8.734185844448852376e-02
8.733011526293869842e-02
8.731837379670745469e-02
8.730663404483531009e-02
8.729489600636665403e-02
8.728315968034984496e-02
8.727142506583709936e-02
8.725969216188446398e-02
8.724796096755194075e-02
8.723623148190320920e-02
8.722450370400589015e-02
8.721277763293132368e-02
8.720105326775462462e-02
8.718933060755465481e-02
8.717760965141406471e-02
8.716589039841907138e-02
8.715417284765974992e-02
8.714245699822972813e-02
8.713074284922633916e-02
8.711903039975053831e-02
8.710731964890693069e-02
8.709561059580361864e-02
8.708390323955239598e-02
8.707219757926855375e-02
8.706049361407093568e-02
8.704879134308188271e-02
8.703709076542733014e-02
8.702539188023655781e-02
8.701369468664245377e-02
8.700199918378125064e-02
8.699030537079266434e-02
8.697861324681982476e-02
8.696692281100926181e-02
8.695523406251084997e-02
8.694354700047786377e-02
8.693186162406690842e-02
8.692017793243790591e-02
8.690849592475410890e-02
8.689681560018204520e-02
8.688513695789153168e-02
8.687345999705563260e-02
8.686178471685065960e-02
8.685011111645618564e-02
8.683843919505492004e-02
8.682676895183277788e-02
8.681510038597892165e-02
8.680343349668560859e-02
8.679176828314826009e-02
8.678010474456542001e-02
8.676844288013874085e-02
8.675678268907295598e-02
8.674512417057592129e-02
8.673346732385851798e-02
8.672181214813468042e-02
8.671015864262138217e-02
8.669850680653860830e-02
8.668685663910934147e-02
8.667520813955954806e-02
8.666356130711819206e-02
8.665191614101712403e-02
8.664027264049119215e-02
8.662863080477817279e-02
8.661699063311871505e-02
8.660535212475636846e-02
8.659371527893756915e-02
8.658208009491162593e-02
8.657044657193069259e-02
8.655881470924971233e-02
8.654718450612652880e-02
8.653555596182171961e-02
8.652392907559870727e-02
8.651230384672363438e-02
8.650068027446547458e-02
8.648905835809586606e-02
8.647743809688926420e-02
8.646581949012277502e-02
8.645420253707625236e-02
8.644258723703224234e-02
8.643097358927590013e-02
8.641936159309517029e-02
8.640775124778052318e-02
8.639614255262512144e-02
8.638453550692477834e-02
8.637293010997786069e-02
8.636132636108535821e-02
8.634972425955084185e-02
8.633812380468043612e-02
8.632652499578287453e-02
8.631492783216937470e-02
8.630333231315365228e-02
8.629173843805205968e-02
8.628014620618333630e-02
8.626855561686877505e-02
8.625696666943213908e-02
8.624537936319963405e-02
8.623379369749994972e-02
8.622220967166416283e-02
8.621062728502587591e-02
8.619904653692095353e-02
8.618746742668781380e-02
8.617588995366720628e-02
8.616431411720221201e-02
8.615273991663834063e-02
8.614116735132343328e-02
8.612959642060769028e-02
8.611802712384358793e-02
8.610645946038597565e-02
8.609489342959196490e-02
8.608332903082101251e-02
8.607176626343480963e-02
8.606020512679735113e-02
8.604864562027485231e-02
8.603708774323580444e-02
8.602553149505090535e-02
8.601397687509312884e-02
8.600242388273758587e-02
8.599087251736167725e-02
8.597932277834492709e-02
8.596777466506901055e-02
8.595622817691786488e-02
8.594468331327750898e-02
8.593314007353614059e-02
8.592159845708410848e-02
8.591005846331378759e-02
8.589852009161975943e-02
8.588698334139870105e-02
8.587544821204932954e-02
8.586391470297247142e-02
8.585238281357106260e-02
8.584085254324999581e-02
8.582932389141627316e-02
8.581779685747895070e-02
8.580627144084909674e-02
8.579474764093975026e-02
8.578322545716603187e-02
8.577170488894500511e-02
8.576018593569570414e-02
8.574866859683920317e-02
8.573715287179849154e-02
8.572563875999850147e-02
8.571412626086619135e-02
8.570261537383033756e-02
8.569110609832171488e-02
8.567959843377302709e-02
8.566809237961880985e-02
8.565658793529555559e-02
8.564508510024163024e-02
8.563358387389727322e-02
8.562208425570455583e-02
8.561058624510746451e-02
8.559908984155178979e-02
8.558759504448516797e-02
8.557610185335709496e-02
8.556461026761885691e-02
8.555312028672351632e-02
8.554163191012598144e-02
8.553014513728297852e-02
8.551865996765292688e-02
8.550717640069613323e-02
8.549569443587452799e-02
8.548421407265191507e-02
8.547273531049380535e-02
8.546125814886741667e-02
8.544978258724175713e-02
8.543830862508747237e-02
8.542683626187697055e-02
8.541536549708439452e-02
8.540389633018548310e-02
8.539242876065770982e-02
8.538096278798026906e-02
8.536949841163396502e-02
8.535803563110123948e-02
8.534657444586625508e-02
8.533511485541477037e-02
8.532365685923415377e-02
8.531220045681345288e-02
8.530074564764329736e-02
8.528929243121595449e-02
8.527784080702525971e-02
8.526639077456663052e-02
8.525494233333710814e-02
8.524349548283526035e-02
8.523205022256129249e-02
8.522060655201688095e-02
8.520916447070531197e-02
8.519772397813139830e-02
8.518628507380152093e-02
8.517484775722351797e-02
8.516341202790678189e-02
8.515197788536223167e-02
8.514054532910229900e-02
8.512911435864088661e-02
8.511768497349334051e-02
8.510625717317658878e-02
8.509483095720897505e-02
8.508340632511030011e-02
8.507198327640184965e-02
8.506056181060633881e-02
8.504914192724796762e-02
8.503772362585229616e-02
8.502630690594638330e-02
8.501489176705866180e-02
8.500347820871904936e-02
8.499206623045876818e-02
8.498065583181055316e-02
8.496924701230838817e-02
8.495783977148783916e-02
8.494643410888562396e-02
8.493503002404002855e-02
8.492362751649058794e-02
8.491222658577823879e-02
8.490082723144525001e-02
8.488942945303523668e-02
8.487803325009314614e-02
8.486663862216529963e-02
8.485524556879928126e-02
8.484385408954403518e-02
8.483246418394978228e-02
8.482107585156806184e-02
8.480968909195170380e-02
8.479830390465484258e-02
8.478692028923290325e-02
8.477553824524254600e-02
8.476415777224173553e-02
8.475277886978967168e-02
8.474140153744685877e-02
8.473002577477499464e-02
8.471865158133706775e-02
8.470727895669730168e-02
8.469590790042109962e-02
8.468453841207515542e-02
8.467317049122734252e-02
8.466180413744675559e-02
8.465043935030371058e-02
8.463907612936971692e-02
8.462771447421746362e-02
8.461635438442081936e-02
8.460499585955492952e-02
8.459363889919595259e-02
8.458228350292136544e-02
8.457092967030971353e-02
8.455957740094076358e-02
8.454822669439540639e-02
8.453687755025567074e-02
8.452552996810473729e-02
8.451418394752693852e-02
8.450283948810773105e-02
8.449149658943364005e-02
8.448015525109239809e-02
8.446881547267277857e-02
8.445747725376467896e-02
8.444614059395914862e-02
8.443480549284826386e-02
8.442347195002521121e-02
8.441213996508428741e-02
8.440080953762081617e-02
8.438948066723128694e-02
8.437815335351311896e-02
8.436682759606491111e-02
8.435550339448628920e-02
8.434418074837791990e-02
8.433285965734149681e-02
8.432154012097979601e-02
8.431022213889659278e-02
8.429890571069673100e-02
8.428759083598602597e-02
8.427627751437136161e-02
8.426496574546060714e-02
8.425365552886268650e-02
8.424234686418745344e-02
8.423103975104585806e-02
8.421973418904973863e-02
8.420843017781198814e-02
8.419712771694648490e-02
8.418582680606806479e-02
8.417452744479253512e-02
8.416322963273668856e-02
8.415193336951828917e-02
8.414063865475603088e-02
8.412934548806959290e-02
8.411805386907959814e-02
8.410676379740758546e-02
8.409547527267606515e-02
8.408418829450846343e-02
8.407290286252917799e-02
8.406161897636349467e-02
8.405033663563760138e-02
8.403905583997868523e-02
8.402777658901472435e-02
8.401649888237469610e-02
8.400522271968852150e-02
8.399394810058685712e-02
8.398267502470140033e-02
8.397140349166469508e-02
8.396013350111014573e-02
8.394886505267205867e-02
8.393759814598561464e-02
8.392633278068685476e-02
8.391506895641273611e-02
8.390380667280097904e-02
8.389254592949026146e-02
8.388128672612006620e-02
8.387002906233073651e-02
8.385877293776347607e-02
8.384751835206029347e-02
8.383626530486407158e-02
8.382501379581848433e-02
8.381376382456809382e-02
8.380251539075819767e-02
8.379126849403503718e-02
8.378002313404557533e-02
8.376877931043760772e-02
8.375753702285972102e-02
8.374629627096133455e-02
8.373505705439270030e-02
8.372381937280480579e-02
8.371258322584942957e-02
8.370134861317918284e-02
8.369011553444742624e-02
8.367888398930829752e-02
8.366765397741678101e-02
8.365642549842849940e-02
8.364519855199994969e-02
8.363397313778839215e-02
8.362274925545176707e-02
8.361152690464888904e-02
8.360030608503918326e-02
8.358908679628296312e-02
8.357786903804119427e-02
8.356665280997560563e-02
8.355543811174870328e-02
8.354422494302365942e-02
8.353301330346443732e-02
8.352180319273569409e-02
8.351059461050283628e-02
8.349938755643196431e-02
8.348818203018987250e-02
8.347697803144413231e-02
8.346577555986298136e-02
8.345457461511537889e-02
8.344337519687095028e-02
8.343217730480007033e-02
8.342098093857376606e-02
8.340978609786380005e-02
8.339859278234257323e-02
8.338740099168320818e-02
8.337621072555946589e-02
8.336502198364585670e-02
8.335383476561747385e-02
8.334264907115015997e-02
8.333146489992038219e-02
8.332028225160528767e-02
8.330910112588267580e-02
8.329792152243098435e-02
8.328674344092934501e-02
8.327556688105754168e-02
8.326439184249596892e-02
8.325321832492567353e-02
8.324204632802835457e-02
8.323087585148637724e-02
8.321970689498266183e-02
8.320853945820086417e-02
8.319737354082516745e-02
8.318620914254044874e-02
8.317504626303216797e-02
8.316388490198645123e-02
8.315272505908996581e-02
8.314156673403007292e-02
8.313040992649470273e-02
8.311925463617236831e-02
8.310810086275224884e-02
8.309694860592406473e-02
8.308579786537817480e-02
8.307464864080550682e-02
8.306350093189761308e-02
8.305235473834657323e-02
8.304121005984510528e-02
8.303006689608649626e-02
8.301892524676461604e-02
8.300778511157390349e-02
8.299664649020940810e-02
8.298550938236667895e-02
8.297437378774190353e-02
8.296323970603178277e-02
8.295210713693361437e-02
8.294097608014523726e-02
8.292984653536507322e-02
8.291871850229208529e-02
8.290759198062573609e-02
8.289646697006615439e-02
8.288534347031389915e-02
8.287422148107015385e-02
8.286310100203657381e-02
8.285198203291541108e-02
8.284086457340943122e-02
8.282974862322192711e-02
8.281863418205671901e-02
8.280752124961818228e-02
8.279640982561120577e-02
8.278529990974117792e-02
8.277419150171401452e-02
8.276308460123614485e-02
8.275197920801456719e-02
8.274087532175676551e-02
8.272977294217064015e-02
8.271867206896474367e-02
8.270757270184801724e-02
8.269647484052999875e-02
8.268537848472065632e-02
8.267428363413048542e-02
8.266319028847046724e-02
8.265209844745211032e-02
8.264100811078732567e-02
8.262991927818857940e-02
8.261883194936885111e-02
8.260774612404153672e-02
8.259666180192054563e-02
8.258557898272023134e-02
8.257449766615550246e-02
8.256341785194164229e-02
8.255233953979446149e-02
8.254126272943027032e-02
8.253018742056573986e-02
8.251911361291811020e-02
8.250804130620503773e-02
8.249697050014462296e-02
8.248590119445546598e-02
8.247483338885659709e-02
8.246376708306749070e-02
8.245270227680810693e-02
8.244163896979880835e-02
8.243057716176042937e-02
8.241951685241426240e-02
8.240845804148200227e-02
8.239740072868581566e-02
8.238634491374828561e-02
8.237529059639246698e-02
8.236423777634180321e-02
8.235318645332018184e-02
8.234213662705194836e-02
8.233108829726182298e-02
8.232004146367499775e-02
8.230899612601709492e-02
8.229795228401406981e-02
8.228690993739239123e-02
8.227586908587893044e-02
8.226482972920091952e-02
8.225379186708607626e-02
8.224275549926245155e-02
8.223172062545856809e-02
8.222068724540332330e-02
8.220965535882603092e-02
8.219862496545637942e-02
8.218759606502452908e-02
8.217656865726093163e-02
8.216554274189655227e-02
8.215451831866264765e-02
8.214349538729093236e-02
8.213247394751349573e-02
8.212145399906281562e-02
8.211043554167174463e-02
8.209941857507352392e-02
8.208840309900179710e-02
8.207738911319058250e-02
8.206637661737423151e-02
8.205536561128756734e-02
8.204435609466570467e-02
8.203334806724418837e-02
8.202234152875886863e-02
8.201133647894603973e-02
8.200033291754231513e-02
8.198933084428472462e-02
8.197833025891060332e-02
8.196733116115767492e-02
8.195633355076403781e-02
8.194533742746812344e-02
8.193434279100877959e-02
8.192334964112514550e-02
8.191235797755673509e-02
8.190136780004339534e-02
8.189037910832538958e-02
8.187939190214328644e-02
8.186840618123798763e-02
8.185742194535074179e-02
8.184643919422318614e-02
8.183545792759727711e-02
8.182447814521530416e-02
8.181349984681990373e-02
8.180252303215400367e-02
8.179154770096097593e-02
8.178057385298442838e-02
8.176960148796837136e-02
8.175863060565705109e-02
8.174766120579513018e-02
8.173669328812760426e-02
8.172572685239974655e-02
8.171476189835716331e-02
8.170379842574580775e-02
8.169283643431195230e-02
8.168187592380217465e-02
8.167091689396334397e-02
8.165995934454273186e-02
8.164900327528785973e-02
8.163804868594655428e-02
8.162709557626700307e-02
8.161614394599768507e-02
8.160519379488734293e-02
8.159424512268512175e-02
8.158329792914041645e-02
8.157235221400289948e-02
8.156140797702260414e-02
8.155046521794984127e-02
8.153952393653522701e-02
8.152858413252968284e-02
8.151764580568440777e-02
8.150670895575090613e-02
8.149577358248098757e-02
8.148483968562676705e-02
8.147390726494062319e-02
8.146297632017521217e-02
8.145204685108356490e-02
8.144111885741887880e-02
8.143019233893476760e-02
8.141926729538501162e-02
8.140834372652375195e-02
8.139742163210542114e-02
8.138650101188461827e-02
8.137558186561638651e-02
8.136466419305594944e-02
8.135374799395879430e-02
8.134283326808076919e-02
8.133192001517790259e-02
8.132100823500656994e-02
8.131009792732339647e-02
8.129918909188522946e-02
8.128828172844927702e-02
8.127737583677294153e-02
8.126647141661394458e-02
8.125556846773018815e-02
8.124466698987999058e-02
8.123376698282178121e-02
8.122286844631432245e-02
8.121197138011664041e-02
8.120107578398799708e-02
8.119018165768793205e-02
8.117928900097626244e-02
8.116839781361298578e-02
8.115750809535847432e-02
8.114661984597321132e-02
8.113573306521804085e-02
8.112484775285404293e-02
8.111396390864250572e-02
8.110308153234499495e-02
8.109220062372331228e-02
8.108132118253950915e-02
8.107044320855594233e-02
8.105956670153509347e-02
8.104869166123976343e-02
8.103781808743303061e-02
8.102694597987809833e-02
8.101607533833855845e-02
8.100520616257810003e-02
8.099433845236073126e-02
8.098347220745071018e-02
8.097260742761246133e-02
8.096174411261070070e-02
8.095088226221036631e-02
8.094002187617660438e-02
8.092916295427482476e-02
8.091830549627063163e-02
8.090744950192990670e-02
8.089659497101871211e-02
8.088574190330340141e-02
8.087489029855043920e-02
8.086404015652660926e-02
8.085319147699894515e-02
8.084234425973460536e-02
8.083149850450102591e-02
8.082065421106586489e-02
8.080981137919700241e-02
8.079897000866251289e-02
8.078813009923069277e-02
8.077729165067010220e-02
8.076645466274945395e-02
8.075561913523769675e-02
8.074478506790402910e-02
8.073395246051780216e-02
8.072312131284858916e-02
8.071229162466626861e-02
8.070146339574078842e-02
8.069063662584240182e-02
8.067981131474152856e-02
8.066898746220882432e-02
8.065816506801509744e-02
8.064734413193141993e-02
8.063652465372904421e-02
8.062570663317944475e-02
8.061489007005424867e-02
8.060407496412533290e-02
8.059326131516475478e-02
8.058244912294477980e-02
8.057163838723786775e-02
8.056082910781667272e-02
8.055002128445404308e-02
8.053921491692306311e-02
8.052841000499694202e-02
8.051760654844911103e-02
8.050680454705323730e-02
8.049600400058315453e-02
8.048520490881283518e-02
8.047440727151650153e-02
8.046361108846859789e-02
8.045281635944365184e-02
8.044202308421646852e-02
8.043123126256200572e-02
8.042044089425542941e-02
8.040965197907203044e-02
8.039886451678739110e-02
8.038807850717716308e-02
8.037729395001726174e-02
8.036651084508374121e-02
8.035572919215286380e-02
8.034494899100107224e-02
8.033417024140496188e-02
8.032339294314129463e-02
8.031261709598709608e-02
8.030184269971948896e-02
8.029106975411581804e-02
8.028029825895353910e-02
8.026952821401033000e-02
8.025875961906410450e-02
8.024799247389280410e-02
8.023722677827470340e-02
8.022646253198811861e-02
8.021569973481156024e-02
8.020493838652381635e-02
8.019417848690371664e-02
8.018342003573032672e-02
8.017266303278285100e-02
8.016190747784067427e-02
8.015115337068337564e-02
8.014040071109064522e-02
8.012964949884238131e-02
8.011889973371857931e-02
8.010815141549951224e-02
8.009740454396555021e-02
8.008665911889720213e-02
8.007591514007517119e-02
8.006517260728034102e-02
8.005443152029369236e-02
8.004369187889644188e-02
8.003295368286991729e-02
8.002221693199559893e-02
8.001148162605514758e-02
8.000074776483040440e-02
7.999001534810327996e-02
7.997928437565594850e-02
7.996855484727063978e-02
7.995782676272983336e-02
7.994710012181610592e-02
7.993637492431215907e-02
7.992565117000090258e-02
7.991492885866538498e-02
7.990420799008877972e-02
7.989348856405446841e-02
7.988277058034588818e-02
7.987205403874672593e-02
7.986133893904075187e-02
7.985062528101188883e-02
7.983991306444424008e-02
7.982920228912203375e-02
7.981849295482963680e-02
7.980778506135155492e-02
7.979707860847248813e-02
7.978637359597720580e-02
7.977567002365069937e-02
7.976496789127802967e-02
7.975426719864443792e-02
7.974356794553531802e-02
7.973287013173618876e-02
7.972217375703266606e-02
7.971147882121060180e-02
7.970078532405588945e-02
7.969009326535461679e-02
7.967940264489302427e-02
7.966871346245742169e-02
7.965802571783434094e-02
7.964733941081035551e-02
7.963665454117223319e-02
7.962597110870689443e-02
7.961528911320134294e-02
7.960460855444274897e-02
7.959392943221837990e-02
7.958325174631571131e-02
7.957257549652227424e-02
7.956190068262573856e-02
7.955122730441394063e-02
7.954055536167484175e-02
7.952988485419652809e-02
7.951921578176718297e-02
7.950854814417514238e-02
7.949788194120890883e-02
7.948721717265706810e-02
7.947655383830831699e-02
7.946589193795151884e-02
7.945523147137564801e-02
7.944457243836977600e-02
7.943391483872319636e-02
7.942325867222520264e-02
7.941260393866526879e-02
7.940195063783302143e-02
7.939129876951814269e-02
7.938064833351050897e-02
7.936999932960007997e-02
7.935935175757689863e-02
7.934870561723122995e-02
7.933806090835335278e-02
7.932741763073375418e-02
7.931677578416294894e-02
7.930613536843168776e-02
7.929549638333072137e-02
7.928485882865099477e-02
7.927422270418353623e-02
7.926358800971952667e-02
7.925295474505018867e-02
7.924232290996695294e-02
7.923169250426129184e-02
7.922106352772487203e-02
7.921043598014936016e-02
7.919980986132667267e-02
7.918918517104872601e-02
7.917856190910760317e-02
7.916794007529548427e-02
7.915731966940470210e-02
7.914670069122764495e-02
7.913608314055682602e-02
7.912546701718488340e-02
7.911485232090458009e-02
7.910423905150877621e-02
7.909362720879037356e-02
7.908301679254252370e-02
7.907240780255836432e-02
7.906180023863119966e-02
7.905119410055441720e-02
7.904058938812151547e-02
7.902998610112614564e-02
7.901938423936198663e-02
7.900878380262288392e-02
7.899818479070275234e-02
7.898758720339565942e-02
7.897699104049570040e-02
7.896639630179715097e-02
7.895580298709437006e-02
7.894521109618178600e-02
7.893462062885396591e-02
7.892403158490557402e-02
7.891344396413135787e-02
7.890285776632620374e-02
7.889227299128503956e-02
7.888168963880298756e-02
7.887110770867514220e-02
7.886052720069684774e-02
7.884994811466342068e-02
7.883937045037035796e-02
7.882879420761322586e-02
7.881821938618763235e-02
7.880764598588940739e-02
7.879707400651439486e-02
7.878650344785856352e-02
7.877593430971796540e-02
7.876536659188869416e-02
7.875480029416709327e-02
7.874423541634947843e-02
7.873367195823227638e-02
7.872310991961203874e-02
7.871254930028538654e-02
7.870199010004905182e-02
7.869143231869989152e-02
7.868087595603474871e-02
7.867032101185070236e-02
7.865976748594480372e-02
7.864921537811427055e-02
7.863866468815644550e-02
7.862811541586862962e-02
7.861756756104831823e-02
7.860702112349310378e-02
7.859647610300062037e-02
7.858593249936859926e-02
7.857539031239491045e-02
7.856484954187746561e-02
7.855431018761425965e-02
7.854377224940345403e-02
7.853323572704319633e-02
7.852270062033178677e-02
7.851216692906758110e-02
7.850163465304907384e-02
7.849110379207475952e-02
7.848057434594336856e-02
7.847004631445353429e-02
7.845951969740409815e-02
7.844899449459398488e-02
7.843847070582211922e-02
7.842794833088760631e-02
7.841742736958962068e-02
7.840690782172735074e-02
7.839638968710013756e-02
7.838587296550739159e-02
7.837535765674864818e-02
7.836484376062342883e-02
7.835433127693140765e-02
7.834382020547236980e-02
7.833331054604607269e-02
7.832280229845248187e-02
7.831229546249156293e-02
7.830179003796339243e-02
7.829128602466813025e-02
7.828078342240601950e-02
7.827028223097737269e-02
7.825978245018259949e-02
7.824928407982217893e-02
7.823878711969665944e-02
7.822829156960668662e-02
7.821779742935300317e-02
7.820730469873636570e-02
7.819681337755769734e-02
7.818632346561793511e-02
7.817583496271811316e-02
7.816534786865936280e-02
7.815486218324285694e-02
7.814437790626989344e-02
7.813389503754179788e-02
7.812341357686000687e-02
7.811293352402604029e-02
7.810245487884144577e-02
7.809197764110789586e-02
7.808150181062713246e-02
7.807102738720095303e-02
7.806055437063122437e-02
7.805008276071993822e-02
7.803961255726911406e-02
7.802914376008088237e-02
7.801867636895738756e-02
7.800821038370091276e-02
7.799774580411378277e-02
7.798728262999840566e-02
7.797682086115727274e-02
7.796636049739293084e-02
7.795590153850801007e-02
7.794544398430519605e-02
7.793498783458727153e-02
7.792453308915707477e-02
7.791407974781749957e-02
7.790362781037159234e-02
7.789317727662235791e-02
7.788272814637293984e-02
7.787228041942655110e-02
7.786183409558647406e-02
7.785138917465603270e-02
7.784094565643863428e-02
7.783050354073778321e-02
7.782006282735699776e-02
7.780962351609994887e-02
7.779918560677029360e-02
7.778874909917181391e-02
7.777831399310833338e-02
7.776788028838375888e-02
7.775744798480201114e-02
7.774701708216719132e-02
7.773658758028338667e-02
7.772615947895473998e-02
7.771573277798550505e-02
7.770530747717999120e-02
7.769488357634257714e-02
7.768446107527769706e-02
7.767403997378986846e-02
7.766362027168366433e-02
7.765320196876369929e-02
7.764278506483467124e-02
7.763236955970141684e-02
7.762195545316871725e-02
7.761154274504147854e-02
7.760113143512470391e-02
7.759072152322339655e-02
7.758031300914264294e-02
7.756990589268764058e-02
7.755950017366357307e-02
7.754909585187577670e-02
7.753869292712958772e-02
7.752829139923041180e-02
7.751789126798375174e-02
7.750749253319512422e-02
7.749709519467017083e-02
7.748669925221451926e-02
7.747630470563394989e-02
7.746591155473421531e-02
7.745551979932120690e-02
7.744512943920082992e-02
7.743474047417908679e-02
7.742435290406199377e-02
7.741396672865565043e-02
7.740358194776625345e-02
7.739319856120001340e-02
7.738281656876322412e-02
7.737243597026224884e-02
7.736205676550346466e-02
7.735167895429334584e-02
7.734130253643843600e-02
7.733092751174536206e-02
7.732055388002072316e-02
7.731018164107122947e-02
7.729981079470367444e-02
7.728944134072487926e-02
7.727907327894173450e-02
7.726870660916115852e-02
7.725834133119020841e-02
7.724797744483591355e-02
7.723761494990538656e-02
7.722725384620583722e-02
7.721689413354448916e-02
7.720653581172864932e-02
7.719617888056565236e-02
7.718582333986291621e-02
7.717546918942791434e-02
7.716511642906816182e-02
7.715476505859127088e-02
7.714441507780485374e-02
7.713406648651660591e-02
7.712371928453427838e-02
7.711337347166570544e-02
7.710302904771872134e-02
7.709268601250127140e-02
7.708234436582131477e-02
7.707200410748692165e-02
7.706166523730612061e-02
7.705132775508709286e-02
7.704099166063801962e-02
7.703065695376715150e-02
7.702032363428282236e-02
7.700999170199337995e-02
7.699966115670724143e-02
7.698933199823286555e-02
7.697900422637882212e-02
7.696867784095363929e-02
7.695835284176597013e-02
7.694802922862449546e-02
7.693770700133796547e-02
7.692738615971517202e-02
7.691706670356499020e-02
7.690674863269625350e-02
7.689643194691800354e-02
7.688611664603917095e-02
7.687580272986885288e-02
7.686549019821613260e-02
7.685517905089020441e-02
7.684486928770027647e-02
7.683456090845562636e-02
7.682425391296555939e-02
7.681394830103943638e-02
7.680364407248670144e-02
7.679334122711684030e-02
7.678303976473933867e-02
7.677273968516382108e-02
7.676244098819988426e-02
7.675214367365720824e-02
7.674184774134557019e-02
7.673155319107469174e-02
7.672126002265443334e-02
7.671096823589468316e-02
7.670067783060532940e-02
7.669038880659642676e-02
7.668010116367796059e-02
7.666981490166001334e-02
7.665953002035273689e-02
7.664924651956628310e-02
7.663896439911095648e-02
7.662868365879692278e-02
7.661840429843459754e-02
7.660812631783435467e-02
7.659784971680656807e-02
7.658757449516177818e-02
7.657730065271046993e-02
7.656702818926322540e-02
7.655675710463068218e-02
7.654648739862349172e-02
7.653621907105238875e-02
7.652595212172812189e-02
7.651568655046150913e-02
7.650542235706343785e-02
7.649515954134478157e-02
7.648489810311651094e-02
7.647463804218963823e-02
7.646437935837521738e-02
7.645412205148434392e-02
7.644386612132818282e-02
7.643361156771788512e-02
7.642335839046471291e-02
7.641310658937996991e-02
7.640285616427495985e-02
7.639260711496108358e-02
7.638235944124978360e-02
7.637211314295247466e-02
7.636186821988072415e-02
7.635162467184611335e-02
7.634138249866019577e-02
7.633114170013464983e-02
7.632090227608120947e-02
7.631066422631158086e-02
7.630042755063759508e-02
7.629019224887104156e-02
7.627995832082384853e-02
7.626972576630791645e-02
7.625949458513524293e-02
7.624926477711782558e-02
7.623903634206773139e-02
7.622880927979709675e-02
7.621858359011803030e-02
7.620835927284277944e-02
7.619813632778353607e-02
7.618791475475261699e-02
7.617769455356232511e-02
7.616747572402507438e-02
7.615725826595325099e-02
7.614704217915931050e-02
7.613682746345577790e-02
7.612661411865521977e-02
7.611640214457021658e-02
7.610619154101336270e-02
7.609598230779737738e-02
7.608577444473499374e-02
7.607556795163894492e-02
7.606536282832206119e-02
7.605515907459718672e-02
7.604495669027719340e-02
7.603475567517507805e-02
7.602455602910376808e-02
7.601435775187630195e-02
7.600416084330577360e-02
7.599396530320522147e-02
7.598377113138785055e-02
7.597357832766683805e-02
7.596338689185541670e-02
7.595319682376684700e-02
7.594300812321450045e-02
7.593282079001167917e-02
7.592263482397179630e-02
7.591245022490830663e-02
7.590226699263467880e-02
7.589208512696445086e-02
7.588190462771117473e-02
7.587172549468849947e-02
7.586154772771003252e-02
7.585137132658946457e-02
7.584119629114055572e-02
7.583102262117705217e-02
7.582085031651276952e-02
7.581067937696156500e-02
7.580050980233736524e-02
7.579034159245402746e-02
7.578017474712558932e-02
7.577000926616608845e-02
7.575984514938949310e-02
7.574968239660996583e-02
7.573952100764162754e-02
7.572936098229862689e-02
7.571920232039523746e-02
7.570904502174567730e-02
7.569888908616423384e-02
7.568873451346525005e-02
7.567858130346309664e-02
7.566842945597221370e-02
7.565827897080705522e-02
7.564812984778203353e-02
7.563798208671179690e-02
7.562783568741085483e-02
7.561769064969381393e-02
7.560754697337532249e-02
7.559740465827011202e-02
7.558726370419285856e-02
7.557712411095836302e-02
7.556698587838139858e-02
7.555684900627682166e-02
7.554671349445953032e-02
7.553657934274446428e-02
7.552644655094652160e-02
7.551631511888072523e-02
7.550618504636211203e-02
7.549605633320577436e-02
7.548592897922679068e-02
7.547580298424035050e-02
7.546567834806160169e-02
7.545555507050577537e-02
7.544543315138818595e-02
7.543531259052406457e-02
7.542519338772879500e-02
7.541507554281773329e-02
7.540495905560627710e-02
7.539484392590993511e-02
7.538473015354413276e-02
7.537461773832444811e-02
7.536450668006643150e-02
7.535439697858564712e-02
7.534428863369777019e-02
7.533418164521843430e-02
7.532407601296342570e-02
7.531397173674841961e-02
7.530386881638921615e-02
7.529376725170168483e-02
7.528366704250162578e-02
7.527356818860496401e-02
7.526347068982762456e-02
7.525337454598558795e-02
7.524327975689482084e-02
7.523318632237141479e-02
7.522309424223140584e-02
7.521300351629092718e-02
7.520291414436613975e-02
7.519282612627320450e-02
7.518273946182833789e-02
7.517265415084783964e-02
7.516257019314796783e-02
7.515248758854506383e-02
7.514240633685549675e-02
7.513232643789564957e-02
7.512224789148197468e-02
7.511217069743095220e-02
7.510209485555907616e-02
7.509202036568286831e-02
7.508194722761896145e-02
7.507187544118391898e-02
7.506180500619442919e-02
7.505173592246715264e-02
7.504166818981881926e-02
7.503160180806615898e-02
7.502153677702599888e-02
7.501147309651513828e-02
7.500141076635044590e-02
7.499134978634880433e-02
7.498129015632717942e-02
7.497123187610249540e-02
7.496117494549175975e-02
7.495111936431203548e-02
7.494106513238034395e-02
7.493101224951380368e-02
7.492096071552957481e-02
7.491091053024481750e-02
7.490086169347671963e-02
7.489081420504253850e-02
7.488076806475953140e-02
7.487072327244502501e-02
7.486067982791637376e-02
7.485063773099090434e-02
7.484059698148606832e-02
7.483055757921930340e-02
7.482051952400808892e-02
7.481048281566993197e-02
7.480044745402239514e-02
7.479041343888302718e-02
7.478038077006947393e-02
7.477034944739932576e-02
7.476031947069035344e-02
7.475029083976021671e-02
7.474026355442661695e-02
7.473023761450744984e-02
7.472021301982044450e-02
7.471018977018346885e-02
7.470016786541441856e-02
7.469014730533117541e-02
7.468012808975171835e-02
7.467011021849404018e-02
7.466009369137613372e-02
7.465007850821599178e-02
7.464006466883180146e-02
7.463005217304162497e-02
7.462004102066358002e-02
7.461003121151588147e-02
7.460002274541671641e-02
7.459001562218435522e-02
7.458000984163705438e-02
7.457000540359313978e-02
7.456000230787095118e-02
7.455000055428882832e-02
7.454000014266523588e-02
7.453000107281858300e-02
7.452000334456733432e-02
7.451000695772999616e-02
7.450001191212511642e-02
7.449001820757125691e-02
7.448002584388703495e-02
7.447003482089104009e-02
7.446004513840200068e-02
7.445005679623854788e-02
7.444006979421946557e-02
7.443008413216349595e-02
7.442009980988942286e-02
7.441011682721608567e-02
7.440013518396232373e-02
7.439015487994705966e-02
7.438017591498918835e-02
7.437019828890766016e-02
7.436022200152148098e-02
7.435024705264962896e-02
7.434027344211117938e-02
7.433030116972523527e-02
7.432033023531084415e-02
7.431036063868719233e-02
7.430039237967346610e-02
7.429042545808881015e-02
7.428045987375253567e-02
7.427049562648387060e-02
7.426053271610209838e-02
7.425057114242657186e-02
7.424061090527665774e-02
7.423065200447173662e-02
7.422069443983124459e-02
7.421073821117463165e-02
7.420078331832134777e-02
7.419082976109095395e-02
7.418087753930301120e-02
7.417092665277703889e-02
7.416097710133270904e-02
7.415102888478961041e-02
7.414108200296744278e-02
7.413113645568591981e-02
7.412119224276474128e-02
7.411124936402369023e-02
7.410130781928254973e-02
7.409136760836114444e-02
7.408142873107935455e-02
7.407149118725703252e-02
7.406155497671411403e-02
7.405162009927056255e-02
