4.389348930000000135e-03
4.349622590000000281e-03
4.381310450000000176e-03
4.380987410000000346e-03
4.430474400000000354e-03
4.441630949999999904e-03
4.445323979999999710e-03
4.491122739999999815e-03
4.496054010000000156e-03
4.519601929999999580e-03
4.537594469999999686e-03
4.555093789999999955e-03
4.546306140000000266e-03
4.560231050000000327e-03
4.562199840000000402e-03
4.605810800000000385e-03
4.607542059999999821e-03
4.589556360000000140e-03
4.593628370000000030e-03
4.586689449999999633e-03
4.606912250000000202e-03
4.612916499999999628e-03
4.619330050000000285e-03
4.628977460000000162e-03
4.630465210000000303e-03
4.620029169999999644e-03
4.616660370000000117e-03
4.612040159999999771e-03
4.641546939999999580e-03
4.598066250000000348e-03
4.593636340000000276e-03
4.634361899999999909e-03
4.645488649999999706e-03
4.642752620000000115e-03
4.656335420000000218e-03
4.654530750000000078e-03
4.649260480000000362e-03
4.643667500000000364e-03
4.650354609999999937e-03
4.635770679999999880e-03
4.680712210000000095e-03
4.682039649999999824e-03
4.656040010000000139e-03
4.672645339999999953e-03
4.682701800000000324e-03
4.661710109999999893e-03
4.678156030000000035e-03
4.710453019999999782e-03
4.692877029999999693e-03
4.671240450000000051e-03
4.679919830000000419e-03
4.703963180000000389e-03
4.719539170000000214e-03
4.716949049999999595e-03
4.740726130000000142e-03
4.720607639999999973e-03
4.723516849999999725e-03
4.713081079999999722e-03
4.725863989999999799e-03
4.753593819999999727e-03
4.732766159999999590e-03
4.752185320000000372e-03
4.748778399999999643e-03
4.752174240000000410e-03
4.747267829999999612e-03
4.754042539999999567e-03
4.765431149999999928e-03
4.775335300000000012e-03
4.779205560000000276e-03
4.778646029999999989e-03
4.759573510000000146e-03
4.792967419999999597e-03
4.791775649999999859e-03
4.801147389999999709e-03
4.781934080000000385e-03
4.803215799999999841e-03
4.786054399999999792e-03
4.797993000000000396e-03
4.765483319999999634e-03
4.815535220000000116e-03
4.812352320000000232e-03
4.813452569999999639e-03
4.835064990000000409e-03
4.819837080000000107e-03
4.844624530000000116e-03
4.828210070000000034e-03
4.840496229999999636e-03
4.841294250000000195e-03
4.816408060000000081e-03
4.828109760000000132e-03
4.844169689999999577e-03
4.841669780000000187e-03
4.841069299999999596e-03
4.855642989999999805e-03
4.872541460000000095e-03
4.874133099999999712e-03
4.893529140000000069e-03
4.874684540000000232e-03
4.879250889999999820e-03
4.911186520000000201e-03
4.886681850000000431e-03
4.868341079999999668e-03
4.883893109999999822e-03
4.905713719999999639e-03
4.902621599999999573e-03
4.897955879999999797e-03
4.899201490000000374e-03
4.891786050000000198e-03
4.928059660000000224e-03
4.896763759999999722e-03
4.945509590000000087e-03
4.942270179999999624e-03
4.891679450000000276e-03
4.923817680000000356e-03
4.928601769999999861e-03
4.947248070000000164e-03
4.956615610000000317e-03
4.937763070000000115e-03
4.962575850000000392e-03
4.962498130000000431e-03
4.959814189999999998e-03
4.944132199999999588e-03
4.953837049999999798e-03
4.976675929999999602e-03
4.966556450000000379e-03
4.980554370000000140e-03
4.964961129999999855e-03
4.993598580000000418e-03
4.996034649999999896e-03
4.991825200000000150e-03
4.986685480000000066e-03
5.004773009999999647e-03
4.991812570000000310e-03
5.010986860000000293e-03
5.008860670000000320e-03
5.000586179999999721e-03
4.999437110000000233e-03
5.040502349999999993e-03
5.030107419999999864e-03
5.034517910000000339e-03
5.006527559999999696e-03
5.020780649999999866e-03
5.052062950000000066e-03
5.024034079999999819e-03
5.021350659999999910e-03
5.049604969999999665e-03
5.012145489999999745e-03
5.058606769999999739e-03
5.066283769999999943e-03
5.057872770000000108e-03
5.074117539999999961e-03
5.093907330000000365e-03
5.079909399999999776e-03
5.071846639999999691e-03
5.075927130000000391e-03
5.066122529999999777e-03
5.091804079999999802e-03
5.076749690000000037e-03
5.112671010000000016e-03
5.115783819999999808e-03
5.110688979999999937e-03
5.089305280000000313e-03
5.100082859999999739e-03
5.116602480000000293e-03
5.138179239999999572e-03
5.118822389999999611e-03
5.116143360000000376e-03
5.118397920000000018e-03
5.157923099999999622e-03
5.149582899999999644e-03
5.133778290000000008e-03
5.135199509999999710e-03
5.161961839999999746e-03
5.184891710000000264e-03
5.180069849999999892e-03
5.138461670000000342e-03
5.156630770000000114e-03
5.189257190000000179e-03
5.166378699999999921e-03
5.194896370000000319e-03
5.194525749999999789e-03
5.172583970000000156e-03
5.176488140000000231e-03
5.178068039999999921e-03
5.190693040000000404e-03
5.228350330000000080e-03
5.202547820000000267e-03
5.221143600000000343e-03
5.242848219999999594e-03
5.202109019999999820e-03
5.224523830000000167e-03
5.231226509999999975e-03
5.256728100000000042e-03
5.237283369999999952e-03
5.243012919999999813e-03
5.250513489999999832e-03
5.219826749999999932e-03
5.243281130000000158e-03
5.249598319999999874e-03
5.236288979999999954e-03
5.268110179999999608e-03
5.209495609999999916e-03
5.284309069999999775e-03
5.281405450000000237e-03
5.294437019999999848e-03
5.302277489999999982e-03
5.303414880000000171e-03
5.289844539999999720e-03
5.294282009999999941e-03
5.288994059999999747e-03
5.304669360000000000e-03
5.320993609999999721e-03
5.342778230000000232e-03
5.312516710000000399e-03
5.305334220000000080e-03
5.304826930000000086e-03
5.326071249999999799e-03
5.314748640000000260e-03
5.316104609999999613e-03
5.364322900000000234e-03
5.355861899999999828e-03
5.329557629999999609e-03
5.339948320000000200e-03
5.335449990000000302e-03
5.359582530000000372e-03
5.356053589999999753e-03
5.371008049999999832e-03
5.397502190000000311e-03
5.375989829999999574e-03
5.383555209999999966e-03
5.368425290000000162e-03
5.384099629999999914e-03
5.402865379999999967e-03
5.399000610000000318e-03
5.383295669999999672e-03
5.416224709999999630e-03
5.405337950000000183e-03
5.402408469999999893e-03
5.389842100000000191e-03
5.440784570000000049e-03
5.436589250000000220e-03
5.401729039999999919e-03
5.388552149999999846e-03
5.446700429999999649e-03
5.429657069999999780e-03
5.429797010000000056e-03
5.454974859999999620e-03
5.443658889999999570e-03
5.441859870000000272e-03
5.405020320000000419e-03
5.444777250000000339e-03
5.457299720000000250e-03
5.494576370000000404e-03
5.481654659999999832e-03
5.476217579999999654e-03
5.457835030000000170e-03
5.494260019999999863e-03
5.495357559999999690e-03
5.499126590000000259e-03
5.477789690000000114e-03
5.513815919999999829e-03
5.506168110000000081e-03
5.488977090000000426e-03
5.468121949999999939e-03
5.521351510000000427e-03
5.516800320000000112e-03
5.510855920000000061e-03
5.524482140000000138e-03
5.525362029999999688e-03
5.561347920000000132e-03
5.487807540000000373e-03
5.552751719999999593e-03
5.536930740000000316e-03
5.526543099999999681e-03
5.552546729999999903e-03
5.568548660000000386e-03
5.579021969999999574e-03
5.564775810000000336e-03
5.537038220000000191e-03
5.579428879999999945e-03
5.548928580000000131e-03
5.574527590000000372e-03
5.598902430000000235e-03
5.571849099999999846e-03
5.574890610000000045e-03
5.588288559999999780e-03
5.615711919999999586e-03
5.625312280000000116e-03
5.595794749999999894e-03
5.603362290000000329e-03
5.632934969999999625e-03
5.594736500000000064e-03
5.623943170000000359e-03
5.651330349999999884e-03
5.649910390000000351e-03
5.638806879999999633e-03
5.653919450000000242e-03
5.626065660000000371e-03
5.645534039999999636e-03
5.621577620000000122e-03
5.622462380000000162e-03
5.674123199999999735e-03
5.654549410000000130e-03
5.652903840000000034e-03
5.675346419999999573e-03
5.666470300000000376e-03
5.667369989999999740e-03
5.666674899999999890e-03
5.679699939999999572e-03
5.706061430000000136e-03
5.703028019999999663e-03
5.683122680000000405e-03
5.699741730000000041e-03
5.695971539999999771e-03
5.724401209999999650e-03
5.733295119999999752e-03
5.724234519999999576e-03
5.761334669999999825e-03
5.757831889999999626e-03
5.725785960000000230e-03
5.761304459999999975e-03
5.766717610000000362e-03
5.744728470000000017e-03
5.779758430000000308e-03
5.733176579999999835e-03
5.746102319999999916e-03
5.776356560000000216e-03
5.768371240000000344e-03
5.790591119999999835e-03
5.763628990000000188e-03
5.780748829999999769e-03
5.758175780000000278e-03
5.785090579999999962e-03
5.831280159999999678e-03
5.860286299999999809e-03
5.796889119999999902e-03
5.797201559999999587e-03
5.852626690000000374e-03
5.813717169999999684e-03
5.838071319999999821e-03
5.831061309999999859e-03
5.858513810000000321e-03
5.803100060000000032e-03
5.864631060000000118e-03
5.871648699999999950e-03
5.851933190000000243e-03
5.826675889999999823e-03
5.826280149999999922e-03
5.886402879999999734e-03
5.892903819999999876e-03
5.856234450000000029e-03
5.842783269999999619e-03
5.843395139999999800e-03
5.947382279999999938e-03
5.896141589999999953e-03
5.883866050000000417e-03
5.884654110000000007e-03
5.880355620000000429e-03
5.902682369999999630e-03
5.907294300000000102e-03
5.892684040000000303e-03
5.894214669999999975e-03
5.927792720000000029e-03
5.943602329999999635e-03
5.915990290000000019e-03
5.946020340000000154e-03
5.910908240000000216e-03
5.951322799999999615e-03
5.938275009999999764e-03
5.975706580000000184e-03
5.948604330000000114e-03
5.905961579999999787e-03
5.952125049999999751e-03
5.992259080000000328e-03
6.001482029999999704e-03
5.967421330000000079e-03
5.980667880000000228e-03
6.020318810000000430e-03
6.008753000000000358e-03
5.996005290000000140e-03
6.011676560000000016e-03
6.034943899999999951e-03
5.994762899999999707e-03
5.972644879999999996e-03
6.025108159999999734e-03
6.031568830000000325e-03
6.005414649999999722e-03
6.056030629999999658e-03
6.011157450000000416e-03
6.061072500000000418e-03
6.025973559999999937e-03
6.073588549999999961e-03
6.041920339999999612e-03
6.090122970000000358e-03
6.070867869999999750e-03
6.054202269999999636e-03
6.087924199999999834e-03
6.047835809999999902e-03
6.062638769999999927e-03
6.080103180000000045e-03
6.062809720000000326e-03
6.105893329999999807e-03
6.087236119999999730e-03
6.085536370000000153e-03
6.070028760000000315e-03
6.094616659999999714e-03
6.125415579999999791e-03
6.141501330000000147e-03
6.127196589999999929e-03
6.148155570000000091e-03
6.116170819999999959e-03
6.103176699999999892e-03
6.142376770000000132e-03
6.147826850000000405e-03
6.166225289999999713e-03
6.189158150000000427e-03
6.145536959999999688e-03
6.203380219999999647e-03
6.161631199999999947e-03
6.194597080000000151e-03
6.189156309999999973e-03
6.178744429999999919e-03
6.166322249999999991e-03
6.196866720000000252e-03
6.201424819999999845e-03
6.193397350000000127e-03
6.180515949999999814e-03
6.242625709999999675e-03
6.198096519999999818e-03
6.247731010000000251e-03
6.231061139999999852e-03
6.255224610000000365e-03
6.271114500000000112e-03
6.259271660000000244e-03
6.222311710000000100e-03
6.283041950000000167e-03
6.246936600000000013e-03
6.272194329999999582e-03
6.260420600000000252e-03
6.241643340000000220e-03
6.256325880000000034e-03
6.287085300000000085e-03
6.211940800000000269e-03
6.304899220000000082e-03
6.318741679999999999e-03
6.319405040000000001e-03
6.288652139999999918e-03
6.311088289999999996e-03
6.354134049999999798e-03
6.283021980000000166e-03
6.345709389999999901e-03
6.314813719999999575e-03
6.275501900000000043e-03
6.335217389999999935e-03
6.328315430000000172e-03
6.373307750000000403e-03
6.310645410000000240e-03
6.353885580000000373e-03
6.363045440000000309e-03
6.335703049999999621e-03
6.403348950000000220e-03
6.405678300000000255e-03
6.341189009999999640e-03
6.358089960000000429e-03
6.426957340000000012e-03
6.448902870000000273e-03
6.404024240000000257e-03
6.377835650000000106e-03
6.368677270000000327e-03
6.356964009999999630e-03
6.459362819999999936e-03
6.372835799999999710e-03
6.467758060000000295e-03
6.446318720000000085e-03
6.405446199999999604e-03
6.471381990000000389e-03
6.435200470000000152e-03
6.462710350000000319e-03
6.443478620000000004e-03
6.452511569999999641e-03
6.478630790000000292e-03
6.493381619999999584e-03
6.484998720000000223e-03
6.475031509999999713e-03
6.423767700000000171e-03
6.527176420000000041e-03
6.458312760000000340e-03
6.516357589999999776e-03
6.480397720000000313e-03
6.483880039999999866e-03
6.517830110000000059e-03
6.494673289999999995e-03
6.494276480000000032e-03
6.504944619999999608e-03
6.534892859999999644e-03
6.572150780000000046e-03
6.553036729999999616e-03
6.513717090000000105e-03
6.512671539999999835e-03
6.547436769999999753e-03
6.568763200000000101e-03
6.555987029999999979e-03
6.582780509999999578e-03
6.578339160000000116e-03
6.585855550000000239e-03
6.595662549999999937e-03
6.566303039999999737e-03
6.609709420000000127e-03
6.601873339999999798e-03
6.643708360000000201e-03
6.584660449999999929e-03
6.595218929999999667e-03
6.600394629999999964e-03
6.665220040000000186e-03
6.624072550000000351e-03
6.634389380000000301e-03
6.673522210000000336e-03
6.649994390000000394e-03
6.662142599999999575e-03
6.635065489999999663e-03
6.651955820000000387e-03
6.665570539999999579e-03
6.652344079999999819e-03
6.635486619999999593e-03
6.662694569999999712e-03
6.669487709999999750e-03
6.652704649999999741e-03
6.686426349999999991e-03
6.695861800000000273e-03
6.711947670000000150e-03
6.704656469999999667e-03
6.720700050000000259e-03
6.730627969999999904e-03
6.746475820000000234e-03
6.717662400000000249e-03
6.716267469999999580e-03
6.694984240000000086e-03
6.731375640000000424e-03
6.709349629999999953e-03
6.681770660000000035e-03
6.702434269999999958e-03
6.722468219999999661e-03
6.784117269999999887e-03
6.773085209999999898e-03
6.732935750000000261e-03
6.761424860000000286e-03
6.775351199999999838e-03
6.701880260000000165e-03
6.796006860000000302e-03
6.751350730000000265e-03
6.760256549999999615e-03
6.850696199999999937e-03
6.793434380000000321e-03
6.811176010000000343e-03
6.805086119999999641e-03
6.836016099999999915e-03
6.777097499999999893e-03
6.800189540000000331e-03
6.794052929999999831e-03
6.847703820000000316e-03
6.844974410000000294e-03
6.856026450000000244e-03
6.834106210000000410e-03
6.854930260000000226e-03
6.836451880000000286e-03
6.808580120000000228e-03
6.923586760000000236e-03
6.898568649999999892e-03
6.875830470000000166e-03
6.901576839999999657e-03
6.927354259999999979e-03
6.907420820000000246e-03
6.966098129999999909e-03
6.952457220000000417e-03
6.952112669999999800e-03
6.882001220000000426e-03
6.873370959999999807e-03
6.903639050000000277e-03
6.949264479999999952e-03
6.963572670000000263e-03
6.954168180000000303e-03
6.917711200000000067e-03
6.908387470000000065e-03
6.937055400000000267e-03
6.968291599999999926e-03
6.998307599999999823e-03
6.967501539999999653e-03
6.968916979999999900e-03
6.983027030000000038e-03
7.000081830000000165e-03
6.942075689999999653e-03
7.018414350000000065e-03
7.033751530000000030e-03
7.004782539999999773e-03
7.031365549999999895e-03
7.001896569999999966e-03
6.975902540000000415e-03
7.054161189999999873e-03
7.025767219999999591e-03
7.017319699999999966e-03
7.111809329999999735e-03
7.008654219999999567e-03
7.070339860000000171e-03
7.041845700000000374e-03
7.028791609999999676e-03
7.054062380000000049e-03
7.068672649999999807e-03
7.099950879999999791e-03
7.079051260000000095e-03
7.088529310000000160e-03
7.055609140000000321e-03
7.116641949999999613e-03
7.140988979999999577e-03
7.159634629999999875e-03
7.116114449999999710e-03
7.134717609999999786e-03
7.135961809999999926e-03
7.183324569999999937e-03
7.114527399999999967e-03
7.186653250000000180e-03
7.146576209999999998e-03
7.179735680000000342e-03
7.153029630000000069e-03
7.184593440000000379e-03
7.186055989999999734e-03
7.232653989999999859e-03
7.220198060000000348e-03
7.170577039999999867e-03
7.152491890000000317e-03
7.203097270000000107e-03
7.224464740000000398e-03
7.228504260000000008e-03
7.248215740000000205e-03
7.218126039999999896e-03
7.265232519999999597e-03
7.251713719999999634e-03
7.208034630000000401e-03
7.238106529999999844e-03
7.244726889999999857e-03
7.255941299999999795e-03
7.230589899999999813e-03
7.235488580000000274e-03
7.264538509999999769e-03
7.302271019999999856e-03
7.331930149999999792e-03
7.226003570000000265e-03
7.319881949999999977e-03
7.314447770000000355e-03
7.322762699999999826e-03
7.347788469999999919e-03
7.260154109999999994e-03
7.324762779999999772e-03
7.338146759999999817e-03
7.316429479999999978e-03
7.320367369999999756e-03
7.334012190000000105e-03
7.354550040000000337e-03
7.287441189999999645e-03
7.334240760000000116e-03
7.388323409999999689e-03
7.421131810000000315e-03
7.400541279999999812e-03
7.309489839999999856e-03
7.429473629999999891e-03
7.396376629999999730e-03
7.373412820000000388e-03
7.330421789999999604e-03
7.392196149999999584e-03
7.366320009999999946e-03
7.407781080000000115e-03
7.389615629999999637e-03
7.440804819999999840e-03
7.442533510000000005e-03
7.473184960000000404e-03
7.450727080000000419e-03
7.487300960000000186e-03
7.452807930000000282e-03
7.387862749999999853e-03
7.460479459999999792e-03
7.417263569999999785e-03
7.519728929999999582e-03
7.556833179999999928e-03
7.468520400000000330e-03
7.533717579999999955e-03
7.534420289999999715e-03
7.514561999999999804e-03
7.510174839999999782e-03
7.535857309999999601e-03
7.541370720000000090e-03
7.511142440000000142e-03
7.521821360000000012e-03
7.519320819999999669e-03
7.557354730000000187e-03
7.519003600000000002e-03
7.594219069999999863e-03
7.609480299999999732e-03
7.569061460000000088e-03
7.586444359999999776e-03
7.606649049999999850e-03
7.552461810000000129e-03
7.617584030000000041e-03
7.615850769999999922e-03
7.584051030000000387e-03
7.571696509999999852e-03
7.627804149999999582e-03
7.596224910000000212e-03
7.637956809999999798e-03
7.652638720000000394e-03
7.596257969999999950e-03
7.655952809999999956e-03
7.601842230000000096e-03
7.600025340000000212e-03
7.629919050000000431e-03
7.671409169999999882e-03
7.664396670000000328e-03
7.690380450000000069e-03
7.700644169999999733e-03
7.676801250000000326e-03
7.674252379999999679e-03
7.654676860000000048e-03
7.740242090000000116e-03
7.711411859999999646e-03
7.744417439999999944e-03
7.751982549999999680e-03
7.761008100000000264e-03
7.727351920000000152e-03
7.697004989999999859e-03
7.748171279999999626e-03
7.725624569999999837e-03
7.740810360000000175e-03
7.806178339999999931e-03
7.701838820000000106e-03
7.754305230000000347e-03
7.778165549999999616e-03
7.811572440000000110e-03
7.729035559999999916e-03
7.777698300000000092e-03
7.778397949999999936e-03
7.783912720000000195e-03
7.785690750000000097e-03
7.818570889999999426e-03
7.780620299999999913e-03
7.863546540000000348e-03
7.793666959999999942e-03
7.813684700000000233e-03
7.786082040000000433e-03
7.845015920000000115e-03
7.886485760000000803e-03
7.914548279999999297e-03
7.809401720000000262e-03
7.868185369999999151e-03
7.908547970000000607e-03
7.827130329999999400e-03
7.870993019999999660e-03
7.836890009999999962e-03
7.884688140000000248e-03
7.851502419999999843e-03
7.892142169999999748e-03
7.905013109999999357e-03
7.831624540000000148e-03
8.007654330000000750e-03
7.914182710000000273e-03
7.931155999999999970e-03
7.896080669999999690e-03
7.935302179999999261e-03
7.957916489999999551e-03
7.977987270000000408e-03
7.968621060000000145e-03
8.006437740000000441e-03
7.981109740000000632e-03
8.015222580000000083e-03
7.965817249999999905e-03
7.959663829999999787e-03
8.037240060000000810e-03
8.038361149999999344e-03
8.006023770000000525e-03
8.006561849999999786e-03
8.029256159999999601e-03
7.961842789999999670e-03
8.029201919999999493e-03
8.128597870000000419e-03
8.037569560000000848e-03
8.025373009999999668e-03
8.042743800000000040e-03
7.982889820000000150e-03
8.044963500000000198e-03
8.056512789999999494e-03
8.008429859999999234e-03
8.005033079999999621e-03
8.127330329999999867e-03
8.144371149999999476e-03
8.131265069999999220e-03
8.103995220000000110e-03
8.118437699999999854e-03
8.145084119999999872e-03
8.091422670000000816e-03
8.218888699999999520e-03
8.075941780000000028e-03
8.161361129999999270e-03
8.070047279999999212e-03
8.191685820000000826e-03
8.187313179999999163e-03
8.136623350000000282e-03
8.123388369999999872e-03
8.153798029999999308e-03
8.131439909999999688e-03
8.179307769999999769e-03
8.148467620000000508e-03
8.235926370000000440e-03
8.232007989999999900e-03
8.274835410000000446e-03
8.212573069999999642e-03
8.232318409999999850e-03
8.198970649999999874e-03
8.206309769999999698e-03
8.288167779999999416e-03
8.169558320000000831e-03
8.237730489999999309e-03
8.174586200000000247e-03
8.324614470000000002e-03
8.186041740000000316e-03
8.191187460000000711e-03
8.199349349999999342e-03
8.264396800000000515e-03
8.301413599999999879e-03
8.330545079999999644e-03
8.337292970000000081e-03
8.348964579999999802e-03
8.309477710000000641e-03
8.294816179999999275e-03
8.311605749999999293e-03
8.327375559999999205e-03
8.319234639999999181e-03
8.261811869999999974e-03
8.356535939999999718e-03
8.397249210000000755e-03
8.354660769999999390e-03
8.330259030000000328e-03
8.346206030000000858e-03
8.422421169999999568e-03
8.371603919999999824e-03
8.430263170000000528e-03
8.359443260000000084e-03
8.451141520000000212e-03
8.383291949999999854e-03
8.440149569999999546e-03
8.427465570000000628e-03
8.416401730000000123e-03
8.440500610000000251e-03
8.465236430000000131e-03
8.516963290000000367e-03
8.421051739999999355e-03
8.466529500000000152e-03
8.403960389999999558e-03
8.415166369999999355e-03
8.498075620000000024e-03
8.484937419999999744e-03
8.502654999999999588e-03
8.460566839999999339e-03
8.544455109999999839e-03
8.552143919999999691e-03
8.548200230000000538e-03
8.583130689999999424e-03
8.471474160000000767e-03
8.560462160000000681e-03
8.612954449999999859e-03
8.542574909999999661e-03
8.535264840000000852e-03
8.502547699999999861e-03
8.544926309999999192e-03
8.603245460000000580e-03
8.552823739999999841e-03
8.478349260000000304e-03
8.596193990000000618e-03
8.493628709999999360e-03
8.550262600000000518e-03
8.563529279999999161e-03
8.675259919999999195e-03
8.554276109999999975e-03
8.527005849999999901e-03
8.641105640000000532e-03
8.607817639999999423e-03
8.645785870000000442e-03
8.648273439999999701e-03
8.602273330000000107e-03
8.776448399999999331e-03
8.689860239999999680e-03
8.600168450000000853e-03
8.693269289999999705e-03
8.766751580000000862e-03
8.712693820000000713e-03
8.683817660000000757e-03
8.682138409999999931e-03
8.718391429999999831e-03
8.682955100000000481e-03
8.675515879999999916e-03
8.756272880000000661e-03
8.679461680000000179e-03
8.624506219999999654e-03
8.665254940000000419e-03
8.821186490000000602e-03
8.846715030000000535e-03
8.769677749999999633e-03
8.814467459999999338e-03
8.646219499999999863e-03
8.780874160000000372e-03
8.820861459999999182e-03
8.753344119999999229e-03
8.823814089999999777e-03
8.798434909999999776e-03
8.813974480000000278e-03
8.814223569999999827e-03
8.874762740000000094e-03
8.874708250000000118e-03
8.850614930000000324e-03
8.913426579999999752e-03
8.758113260000000358e-03
8.878336500000000298e-03
8.867487190000000394e-03
8.887044040000000034e-03
8.773764030000000616e-03
8.885670700000000699e-03
8.930773879999999443e-03
8.842796939999999703e-03
8.962643699999999977e-03
9.047448269999999390e-03
9.005986509999999376e-03
8.923942120000000200e-03
8.925438160000000176e-03
8.922875530000000735e-03
8.982718690000000492e-03
8.991258460000000133e-03
8.920113170000000535e-03
8.984972739999999569e-03
8.892537089999999478e-03
8.967296839999999714e-03
8.958964769999999342e-03
8.961594030000000558e-03
8.897248329999999511e-03
9.006917490000000345e-03
8.937453959999999351e-03
9.074198530000000817e-03
9.001893409999999623e-03
9.038505489999999407e-03
9.032912940000000293e-03
9.131946789999999606e-03
9.025525709999999285e-03
9.111812650000000388e-03
9.117427500000000601e-03
9.125941329999999810e-03
9.135896089999999761e-03
9.055010900000000362e-03
9.147877990000000820e-03
9.051849400000000836e-03
9.194213359999999988e-03
9.076316980000000492e-03
9.116917130000000771e-03
9.076189300000000668e-03
9.183626179999999570e-03
9.068572849999999644e-03
9.190314570000000099e-03
9.158362240000000529e-03
9.237253029999999837e-03
9.192012410000000369e-03
9.211300760000000823e-03
9.216748179999999582e-03
9.269497260000000502e-03
9.127239279999999413e-03
9.247042389999999765e-03
9.154991089999999984e-03
9.211783629999999515e-03
9.241857710000000656e-03
9.175517220000000210e-03
9.241689020000000768e-03
9.294175890000000786e-03
9.242857590000000401e-03
9.195707310000000509e-03
9.241300279999999784e-03
9.290443239999999700e-03
9.323052499999999812e-03
9.397356580000000223e-03
9.277982730000000275e-03
9.278932349999999621e-03
9.281652569999999935e-03
9.302922220000000783e-03
9.316624549999999449e-03
9.333653639999999960e-03
9.357204640000000087e-03
9.267637719999999302e-03
9.391517880000000221e-03
9.240097500000000671e-03
9.321839099999999767e-03
9.369565729999999523e-03
9.349116350000000533e-03
9.309190570000000498e-03
9.428377610000000103e-03
9.453943039999999215e-03
9.360225090000000303e-03
9.450188510000000555e-03
9.406731879999999726e-03
9.521931650000000844e-03
9.409548070000000805e-03
9.460628360000000736e-03
9.414485079999999895e-03
9.474992539999999366e-03
9.393823889999999843e-03
9.424135059999999911e-03
9.472220910000000646e-03
9.639980209999999411e-03
9.386199280000000200e-03
9.461104700000000367e-03
9.430318890000000814e-03
9.539840310000000448e-03
9.447347849999999242e-03
9.529076830000000192e-03
9.432526709999999870e-03
9.493392019999999723e-03
9.581583960000000788e-03
9.556414319999999643e-03
9.567103999999999886e-03
9.572141689999999134e-03
9.557306519999999445e-03
9.562181370000000583e-03
9.471256140000000254e-03
9.591926489999999528e-03
9.658334500000000794e-03
9.553955859999999425e-03
9.589947530000000192e-03
9.564017890000000091e-03
9.596555839999999782e-03
9.716665910000000031e-03
9.715849920000000153e-03
9.713233389999999245e-03
9.680178229999999301e-03
9.578323370000000822e-03
9.679231159999999307e-03
9.690947860000000136e-03
9.596933970000000660e-03
9.664310080000000289e-03
9.705626210000000212e-03
9.730588539999999662e-03
9.734409810000000524e-03
9.729744760000000672e-03
9.599916800000000278e-03
9.653821240000000706e-03
9.773998710000000520e-03
9.676245860000000018e-03
9.813694050000000210e-03
9.757788139999999319e-03
9.731624700000000155e-03
9.746744559999999391e-03
9.695382799999999190e-03
9.843150219999999284e-03
9.840058929999999371e-03
9.648363289999999787e-03
9.881915530000000281e-03
9.782636540000000380e-03
9.796608899999999925e-03
9.789911650000000104e-03
9.875655579999999961e-03
9.793095990000000306e-03
9.859633390000000636e-03
9.909148629999999652e-03
9.865118620000000102e-03
9.931363889999999389e-03
9.876877129999999533e-03
1.009587049999999958e-02
9.894656159999999298e-03
9.915499700000000166e-03
9.798683779999999358e-03
9.892746830000000158e-03
9.885618949999999336e-03
1.003523979999999989e-02
9.937113600000000227e-03
9.924151969999999573e-03
9.832335310000000703e-03
9.881487580000000714e-03
9.965594729999999180e-03
9.975870240000000305e-03
9.934033340000000475e-03
1.003012760000000086e-02
1.011607739999999950e-02
1.006582079999999990e-02
9.978898720000000527e-03
1.000677730000000022e-02
1.009052000000000039e-02
1.000272800000000066e-02
1.005976750000000045e-02
1.002544319999999940e-02
1.010788949999999985e-02
1.000045840000000040e-02
9.916854489999999897e-03
9.975211160000000549e-03
1.006021009999999959e-02
1.018094540000000041e-02
1.010772539999999983e-02
1.022192899999999939e-02
1.019883209999999929e-02
1.021005770000000049e-02
1.024900089999999930e-02
1.013722159999999942e-02
1.015831449999999962e-02
1.011474239999999962e-02
1.025236319999999965e-02
1.012075550000000011e-02
1.016613369999999975e-02
1.014290690000000002e-02
1.020649120000000076e-02
1.019732599999999961e-02
1.015384880000000031e-02
1.017235610000000005e-02
1.025194140000000066e-02
1.031998100000000064e-02
1.029070659999999950e-02
1.019634099999999939e-02
1.019548479999999972e-02
1.024806999999999975e-02
1.016689859999999994e-02
1.027529150000000037e-02
1.025627869999999955e-02
1.024370670000000066e-02
1.026269089999999953e-02
1.039208139999999933e-02
1.024470469999999925e-02
1.041064870000000045e-02
1.030309960000000066e-02
1.046009829999999981e-02
1.030148910000000008e-02
1.037899429999999956e-02
1.035388840000000046e-02
1.041168550000000012e-02
1.034843310000000023e-02
1.031051380000000059e-02
1.044550250000000034e-02
1.037256320000000051e-02
1.039841889999999942e-02
1.030026000000000032e-02
1.038939699999999987e-02
1.043736559999999987e-02
1.046276110000000058e-02
1.047522289999999918e-02
1.049057169999999956e-02
1.041570099999999943e-02
1.040181150000000013e-02
1.045525469999999957e-02
1.055927469999999938e-02
1.064515629999999990e-02
1.047978739999999923e-02
1.047238720000000060e-02
1.051784620000000003e-02
1.062465209999999965e-02
1.040616089999999924e-02
1.040197890000000083e-02
1.063550970000000026e-02
1.060113589999999925e-02
1.055054230000000010e-02
1.054059350000000062e-02
1.058032040000000083e-02
1.061474360000000047e-02
1.045769059999999973e-02
1.060980859999999942e-02
1.049243239999999959e-02
1.066588320000000020e-02
1.065393920000000036e-02
1.069352139999999937e-02
1.052499720000000041e-02
1.058296700000000042e-02
1.071415260000000043e-02
1.063711250000000039e-02
1.060293550000000057e-02
1.070294790000000072e-02
1.083235559999999945e-02
1.063100479999999973e-02
1.067626409999999915e-02
1.065818089999999961e-02
1.071840370000000028e-02
1.071974350000000006e-02
1.068320059999999967e-02
1.067717259999999974e-02
1.076682110000000067e-02
1.074974759999999981e-02
1.083745740000000013e-02
1.076739290000000050e-02
1.080883260000000019e-02
1.079621639999999924e-02
1.073460400000000002e-02
1.090501120000000011e-02
1.082544740000000033e-02
1.080772139999999944e-02
1.098435549999999920e-02
1.079700199999999999e-02
1.093226119999999961e-02
1.089050419999999970e-02
1.072411740000000016e-02
1.085291529999999997e-02
1.079259290000000003e-02
1.085834729999999963e-02
1.075605550000000021e-02
1.090249119999999947e-02
1.100755649999999967e-02
1.085493289999999930e-02
1.096925479999999974e-02
1.094022780000000056e-02
1.098495130000000028e-02
1.091869110000000080e-02
1.088912679999999925e-02
1.089808689999999941e-02
1.102421460000000027e-02
1.091510310000000025e-02
1.094303289999999998e-02
1.093559340000000053e-02
1.102326359999999950e-02
1.104117609999999937e-02
1.085227249999999935e-02
1.110498709999999979e-02
1.092038759999999949e-02
1.108642510000000005e-02
1.106497499999999946e-02
1.103249589999999968e-02
1.099577390000000023e-02
1.099406009999999954e-02
1.098852649999999993e-02
1.106498650000000035e-02
1.110589000000000021e-02
1.117903280000000048e-02
1.099636369999999926e-02
1.113729289999999990e-02
1.116899009999999977e-02
1.111709640000000006e-02
1.116049220000000022e-02
1.115340020000000001e-02
1.108672540000000054e-02
1.123476500000000072e-02
1.125638630000000071e-02
1.117773050000000004e-02
1.122960190000000039e-02
1.121183910000000082e-02
1.119175239999999939e-02
1.120069980000000000e-02
1.117050649999999992e-02
1.122257810000000001e-02
1.125586620000000072e-02
1.125505230000000030e-02
1.124374419999999916e-02
1.122910700000000032e-02
1.129290919999999948e-02
1.121229269999999938e-02
1.126420069999999919e-02
1.129576669999999942e-02
1.126456129999999986e-02
1.123134829999999917e-02
1.123200109999999974e-02
1.119724769999999939e-02
1.124900520000000036e-02
1.132347069999999935e-02
1.136872149999999977e-02
1.138703010000000071e-02
1.137133520000000071e-02
1.127851629999999938e-02
1.126523119999999975e-02
1.141907829999999971e-02
1.150295100000000084e-02
1.147224709999999925e-02
1.145492790000000004e-02
1.146695539999999930e-02
1.131125499999999923e-02
1.139218479999999992e-02
1.133873850000000072e-02
1.146791200000000024e-02
1.146885540000000016e-02
1.140307899999999999e-02
1.154356240000000040e-02
1.150379110000000066e-02
1.155610009999999931e-02
1.144513620000000079e-02
1.152149809999999941e-02
1.148733340000000075e-02
1.159262540000000064e-02
1.158490929999999967e-02
1.153750020000000008e-02
1.145042800000000034e-02
1.158146279999999924e-02
1.146002900000000005e-02
1.163486679999999919e-02
1.164815400000000084e-02
1.144709300000000020e-02
1.152876650000000079e-02
1.169573200000000035e-02
1.165954309999999924e-02
1.158117479999999991e-02
1.168510499999999945e-02
1.174952670000000039e-02
1.173550630000000025e-02
1.180120919999999921e-02
1.156946030000000070e-02
1.153006269999999958e-02
1.175759510000000049e-02
1.176749350000000013e-02
1.181863269999999973e-02
1.166956939999999956e-02
1.182111930000000026e-02
1.175343650000000052e-02
1.182089130000000057e-02
1.182210300000000047e-02
1.166905979999999926e-02
1.176548579999999941e-02
1.175712469999999968e-02
1.170085740000000041e-02
1.195801110000000063e-02
1.187647409999999931e-02
1.159750030000000071e-02
1.201496139999999949e-02
1.182592829999999998e-02
1.182036250000000066e-02
1.193083600000000022e-02
1.172007249999999952e-02
1.203953150000000062e-02
1.186933599999999943e-02
1.194732480000000076e-02
1.179851020000000084e-02
1.191192140000000080e-02
1.182715590000000053e-02
1.191564099999999939e-02
1.202955869999999990e-02
1.187618699999999985e-02
1.202181979999999983e-02
1.188500280000000069e-02
1.200472470000000028e-02
1.201582690000000016e-02
1.193586869999999946e-02
1.209125179999999931e-02
1.212898920000000068e-02
1.193348429999999995e-02
1.202282380000000046e-02
1.209403099999999988e-02
1.197269970000000051e-02
1.196742349999999934e-02
1.202709979999999970e-02
1.199938239999999955e-02
1.214689830000000026e-02
1.203757169999999932e-02
1.206275639999999927e-02
1.197066379999999972e-02
1.205507180000000081e-02
1.199993629999999978e-02
1.209661339999999925e-02
1.227834359999999993e-02
1.211057519999999936e-02
1.207663630000000050e-02
1.205706410000000062e-02
1.214324880000000086e-02
1.214496200000000047e-02
1.228951759999999914e-02
1.214039689999999935e-02
1.222812679999999916e-02
1.230616650000000006e-02
1.227805289999999924e-02
1.228214589999999939e-02
1.241672499999999998e-02
1.218273180000000074e-02
1.222834759999999986e-02
1.231934519999999984e-02
1.221645709999999961e-02
1.236767220000000063e-02
1.229689959999999936e-02
1.214486939999999925e-02
1.241087410000000016e-02
1.248916859999999948e-02
1.236692000000000000e-02
1.254143110000000005e-02
1.246172549999999962e-02
1.245997060000000010e-02
1.231749040000000052e-02
1.242831749999999923e-02
1.243131580000000035e-02
1.240879699999999919e-02
1.223916499999999977e-02
1.242706929999999946e-02
1.250625950000000021e-02
1.247707730000000015e-02
1.257637229999999939e-02
1.242128349999999971e-02
1.215674949999999942e-02
1.240576439999999982e-02
1.229555899999999931e-02
1.240066480000000075e-02
1.255713320000000077e-02
1.257301079999999932e-02
1.236571780000000030e-02
1.239326250000000011e-02
1.256012840000000040e-02
1.260098840000000060e-02
1.261166109999999931e-02
1.261040419999999961e-02
1.260814860000000065e-02
1.246687169999999983e-02
1.248513379999999923e-02
1.269759749999999944e-02
1.231801620000000028e-02
1.265398520000000047e-02
1.275302889999999946e-02
1.265311530000000004e-02
1.284605940000000009e-02
1.259446770000000049e-02
1.266270549999999953e-02
1.269100909999999922e-02
1.274445840000000031e-02
1.274110560000000017e-02
1.283034960000000065e-02
1.279566690000000055e-02
1.277666409999999968e-02
1.271427600000000005e-02
1.290912200000000030e-02
1.272528269999999989e-02
1.277881439999999959e-02
1.279309189999999936e-02
1.265194409999999964e-02
1.276363179999999951e-02
1.266381039999999944e-02
1.264776469999999951e-02
1.280987310000000073e-02
1.280294899999999923e-02
1.285957190000000007e-02
1.295655629999999982e-02
1.279319689999999961e-02
1.302764420000000062e-02
1.294647110000000066e-02
1.279046980000000076e-02
1.290243160000000000e-02
1.292389990000000072e-02
1.287032519999999937e-02
1.302114769999999921e-02
1.314499390000000052e-02
1.301516389999999961e-02
1.287653889999999975e-02
1.301408530000000043e-02
1.297018980000000030e-02
1.301278909999999990e-02
1.285838369999999994e-02
1.300315210000000006e-02
1.276251599999999979e-02
1.308673320000000063e-02
1.309785100000000063e-02
1.292228150000000048e-02
1.305631399999999942e-02
1.311351539999999934e-02
1.309423420000000067e-02
1.307111269999999999e-02
1.309367500000000080e-02
1.311509760000000024e-02
1.289836779999999940e-02
1.312452090000000050e-02
1.329854249999999974e-02
1.306325740000000013e-02
1.313311829999999972e-02
1.307399239999999969e-02
1.312295980000000029e-02
1.318219820000000007e-02
1.315728139999999997e-02
1.321661470000000047e-02
1.318095579999999968e-02
1.317402659999999948e-02
1.310587969999999977e-02
1.306291350000000039e-02
1.338531249999999964e-02
1.318430349999999938e-02
1.330914239999999964e-02
1.327441080000000065e-02
1.319159729999999989e-02
1.326724049999999933e-02
1.324397339999999930e-02
1.331853529999999994e-02
1.353443409999999930e-02
1.330691020000000085e-02
1.318550500000000014e-02
1.322951890000000075e-02
1.340336859999999991e-02
1.316799909999999928e-02
1.331459370000000024e-02
1.348113570000000067e-02
1.328000820000000033e-02
1.344507170000000008e-02
1.335445009999999995e-02
1.345629090000000083e-02
1.336461989999999933e-02
1.345395800000000024e-02
1.361393919999999945e-02
1.349566989999999994e-02
1.352893420000000034e-02
1.353369190000000034e-02
1.337864329999999963e-02
1.348231870000000075e-02
1.358884139999999921e-02
1.351616859999999962e-02
1.356880960000000046e-02
1.345729009999999982e-02
1.356052819999999971e-02
1.367485409999999978e-02
1.370507210000000003e-02
1.359097390000000086e-02
1.347411549999999979e-02
1.347271140000000020e-02
1.358347310000000002e-02
1.362973049999999936e-02
1.338963609999999950e-02
1.365139219999999924e-02
1.382049940000000011e-02
1.384394960000000056e-02
1.375191599999999945e-02
1.380053860000000042e-02
1.365960769999999963e-02
1.378959939999999974e-02
1.373357589999999948e-02
1.365123990000000065e-02
1.368167749999999946e-02
1.359166640000000065e-02
1.374679059999999939e-02
1.377514139999999956e-02
1.390409949999999936e-02
1.397518149999999945e-02
1.368718340000000047e-02
1.374039999999999984e-02
1.378708610000000008e-02
1.381619350000000065e-02
1.378556809999999938e-02
1.378413000000000034e-02
1.396806610000000080e-02
1.391201899999999943e-02
1.405939080000000001e-02
1.379909839999999936e-02
1.391096940000000060e-02
1.392963189999999948e-02
1.387027990000000086e-02
1.378806569999999933e-02
1.409580690000000053e-02
1.401355139999999923e-02
1.400835729999999960e-02
1.410041589999999970e-02
1.384719210000000082e-02
1.372035739999999913e-02
1.409754799999999968e-02
1.396926050000000044e-02
1.408566820000000004e-02
1.370084750000000011e-02
1.377012480000000018e-02
1.387925930000000023e-02
1.401186100000000045e-02
1.411889640000000071e-02
1.409469120000000041e-02
1.412157730000000028e-02
1.404319910000000060e-02
1.417950249999999981e-02
1.429522220000000073e-02
1.424080269999999926e-02
1.407204169999999935e-02
1.374824290000000067e-02
1.426269550000000032e-02
1.426328800000000070e-02
1.410743759999999979e-02
1.419126289999999950e-02
1.431755680000000065e-02
1.418580799999999940e-02
1.412823279999999952e-02
1.445212189999999994e-02
1.425097460000000066e-02
1.420900639999999986e-02
1.427446609999999914e-02
1.401042759999999998e-02
1.412177709999999989e-02
1.432247260000000036e-02
1.421877920000000003e-02
1.422010330000000010e-02
1.422669589999999915e-02
1.426064689999999996e-02
1.418179730000000000e-02
1.431767599999999967e-02
1.415066700000000045e-02
1.434746280000000034e-02
1.434694989999999934e-02
1.449971040000000086e-02
1.454293209999999933e-02
1.461365459999999956e-02
1.419740499999999975e-02
1.427676389999999948e-02
1.429785379999999953e-02
1.439065399999999925e-02
1.466114739999999951e-02
1.443754170000000059e-02
1.464893310000000073e-02
1.452424310000000052e-02
1.450044170000000000e-02
1.459170079999999939e-02
1.463022570000000085e-02
1.460135629999999990e-02
1.458885610000000034e-02
1.447842870000000046e-02
1.461503840000000047e-02
1.473476259999999954e-02
1.438268409999999935e-02
1.454238979999999959e-02
1.473893469999999935e-02
1.449864499999999924e-02
1.467768789999999990e-02
1.451080639999999949e-02
1.462928800000000071e-02
1.466633330000000068e-02
1.481198499999999973e-02
1.500443360000000038e-02
1.474887610000000064e-02
1.481344539999999987e-02
1.464934160000000082e-02
1.455015949999999975e-02
1.464151780000000000e-02
1.469447890000000027e-02
1.467537980000000082e-02
1.498200019999999973e-02
1.507443510000000021e-02
1.482512859999999925e-02
1.476214669999999923e-02
1.482242859999999968e-02
1.486859700000000076e-02
1.481367280000000022e-02
1.466114739999999951e-02
1.468687270000000079e-02
1.482283419999999921e-02
1.494368979999999986e-02
1.478871950000000025e-02
1.486506230000000060e-02
1.494543729999999945e-02
1.494112189999999979e-02
1.507120810000000047e-02
1.508347519999999990e-02
1.497835590000000036e-02
1.504252290000000075e-02
1.505474019999999968e-02
1.506813060000000010e-02
1.510657219999999960e-02
1.488242120000000078e-02
1.509401389999999975e-02
1.533667399999999979e-02
1.518091050000000032e-02
1.499005330000000025e-02
1.488470429999999914e-02
1.491039360000000029e-02
1.507858240000000023e-02
1.511276739999999931e-02
1.491385190000000041e-02
1.503307819999999927e-02
1.495445959999999914e-02
1.517152840000000023e-02
1.533174120000000036e-02
1.531316570000000078e-02
1.496861459999999922e-02
1.501513739999999972e-02
1.526517420000000035e-02
1.532541909999999945e-02
1.517811969999999927e-02
1.544679179999999992e-02
1.545428759999999992e-02
1.516546799999999966e-02
1.530453380000000065e-02
1.525601350000000030e-02
1.542365969999999996e-02
1.541352659999999965e-02
1.528355080000000019e-02
1.548345370000000013e-02
1.519232520000000052e-02
1.543361520000000042e-02
1.540164729999999975e-02
1.553290830000000032e-02
1.541873350000000018e-02
1.559686849999999958e-02
1.530694550000000036e-02
1.542768419999999974e-02
1.531677080000000066e-02
1.556434429999999959e-02
1.534107799999999931e-02
1.553130999999999956e-02
1.547200410000000061e-02
1.547819159999999986e-02
1.568227339999999845e-02
1.543875930000000035e-02
1.555304329999999957e-02
1.548522169999999934e-02
1.552867380000000005e-02
1.587551930000000167e-02
1.558987440000000023e-02
1.566832160000000002e-02
1.561720940000000009e-02
1.557550670000000005e-02
1.552940270000000011e-02
1.596392820000000143e-02
1.554489839999999984e-02
1.563179909999999964e-02
1.568949379999999907e-02
1.592428779999999905e-02
1.574940910000000027e-02
1.570206340000000061e-02
1.553995820000000048e-02
1.564720140000000134e-02
1.575068489999999904e-02
1.581852980000000158e-02
1.599002199999999957e-02
1.566026140000000011e-02
1.596301749999999922e-02
1.592493080000000061e-02
1.582022840000000055e-02
1.584941800000000053e-02
1.623615759999999866e-02
1.591032790000000002e-02
1.594566249999999907e-02
1.594081090000000131e-02
1.592993289999999895e-02
1.570792819999999868e-02
1.592178920000000136e-02
1.606456800000000129e-02
1.592609130000000039e-02
1.590710589999999938e-02
1.572012420000000119e-02
1.609360569999999935e-02
1.596446190000000084e-02
1.584594979999999834e-02
1.613296300000000016e-02
1.628093259999999903e-02
1.617883089999999982e-02
1.592351319999999945e-02
1.576989880000000122e-02
1.619645529999999903e-02
1.611769470000000079e-02
1.632283580000000109e-02
1.612395009999999934e-02
1.639069929999999869e-02
1.604254280000000019e-02
1.629741690000000021e-02
1.615836400000000145e-02
1.606656830000000036e-02
1.624210460000000134e-02
1.626555379999999884e-02
1.648655330000000155e-02
1.642880299999999877e-02
1.609474929999999901e-02
1.618372969999999980e-02
1.623858359999999848e-02
1.604771829999999955e-02
1.590958170000000144e-02
1.623559819999999959e-02
1.615677689999999930e-02
1.619294069999999836e-02
1.626311479999999893e-02
1.628232350000000106e-02
1.638104500000000033e-02
1.640051530000000146e-02
1.624629480000000167e-02
1.634488710000000025e-02
1.649314749999999941e-02
1.644679760000000018e-02
1.630577969999999835e-02
1.645748910000000009e-02
1.672157490000000107e-02
1.642030610000000043e-02
1.640837729999999883e-02
1.626146350000000004e-02
1.627958040000000023e-02
1.635544900000000107e-02
1.675418390000000049e-02
1.628276089999999843e-02
1.637695219999999938e-02
1.668524860000000082e-02
1.661736360000000065e-02
1.674443009999999898e-02
1.697873719999999989e-02
1.629363899999999865e-02
1.640482340000000080e-02
1.651109970000000024e-02
1.676449610000000159e-02
1.669167640000000091e-02
1.663903179999999885e-02
1.674682820000000100e-02
1.667652530000000161e-02
1.668813770000000113e-02
1.669101300000000107e-02
1.689818049999999849e-02
1.670911519999999928e-02
1.650539170000000014e-02
1.677777370000000171e-02
1.687282179999999993e-02
1.701362149999999934e-02
1.703725229999999979e-02
1.684748280000000070e-02
1.694085320000000144e-02
1.666308719999999924e-02
1.676683539999999917e-02
1.667200289999999988e-02
1.704652740000000069e-02
1.705856879999999992e-02
1.682883729999999980e-02
1.703151829999999950e-02
1.699871130000000022e-02
1.679628340000000053e-02
1.682570259999999901e-02
1.711399450000000017e-02
1.686842909999999862e-02
1.700592399999999865e-02
1.665772319999999848e-02
1.689335310000000118e-02
1.721886430000000093e-02
1.699447249999999979e-02
1.680524690000000099e-02
1.677723580000000173e-02
1.695531379999999991e-02
1.715804979999999841e-02
1.721349260000000145e-02
1.713725409999999894e-02
1.713229659999999932e-02
1.721297299999999947e-02
1.705792609999999890e-02
1.726356470000000101e-02
1.753225040000000109e-02
1.726745639999999887e-02
1.713610900000000006e-02
1.714611560000000104e-02
1.722846730000000132e-02
1.719712550000000034e-02
1.724717500000000001e-02
1.763599529999999860e-02
1.742885669999999845e-02
1.727607589999999999e-02
1.741260559999999874e-02
1.757787510000000109e-02
1.725305710000000006e-02
1.752819679999999963e-02
1.712572710000000165e-02
1.694391699999999931e-02
1.762624930000000062e-02
1.726627080000000050e-02
1.734210209999999946e-02
1.762107610000000074e-02
1.729404199999999905e-02
1.758616409999999922e-02
1.762841589999999958e-02
1.732692120000000127e-02
1.749968580000000121e-02
1.741251369999999993e-02
1.752081540000000048e-02
1.755709100000000036e-02
1.747933860000000159e-02
1.776752020000000112e-02
1.793861500000000150e-02
1.739315779999999964e-02
1.744855039999999857e-02
1.729404199999999905e-02
1.761163170000000153e-02
1.774211989999999878e-02
1.760996940000000149e-02
1.747636140000000116e-02
1.760137380000000029e-02
1.790845820000000130e-02
1.768756869999999967e-02
1.778794800000000134e-02
1.773398979999999889e-02
1.766620389999999999e-02
1.780322260000000156e-02
1.785692620000000133e-02
1.786114990000000138e-02
1.793679039999999947e-02
1.797785520000000012e-02
1.798101620000000164e-02
1.776329600000000133e-02
1.758834119999999959e-02
1.786294769999999948e-02
1.775117400000000151e-02
1.786569030000000058e-02
1.785601709999999967e-02
1.775413220000000153e-02
1.791408270000000025e-02
1.790288409999999872e-02
1.787781210000000121e-02
1.793958550000000068e-02
1.775670899999999899e-02
1.808700480000000055e-02
1.829841720000000005e-02
1.791955069999999831e-02
1.800427890000000017e-02
1.807476889999999961e-02
1.771061139999999950e-02
1.857396219999999862e-02
1.824550260000000132e-02
1.876397280000000056e-02
1.809783449999999988e-02
1.828198220000000138e-02
1.835802799999999846e-02
1.818159670000000019e-02
1.811386560000000090e-02
1.850895340000000000e-02
1.873406749999999982e-02
1.837197449999999899e-02
1.837328640000000096e-02
1.841606529999999936e-02
1.820471840000000008e-02
1.833706469999999908e-02
1.827137020000000125e-02
1.796249119999999977e-02
1.820155099999999984e-02
1.843165059999999841e-02
1.797305169999999924e-02
1.871282360000000103e-02
1.870273409999999997e-02
1.843307240000000014e-02
1.868464619999999840e-02
1.826246030000000173e-02
1.861088519999999982e-02
1.838114240000000149e-02
1.865909259999999972e-02
1.831710090000000096e-02
1.857355330000000013e-02
1.847498989999999883e-02
1.886012030000000159e-02
1.861116720000000058e-02
1.842598540000000076e-02
1.859086739999999890e-02
1.872518559999999943e-02
1.922737730000000089e-02
1.840973740000000081e-02
1.808431099999999875e-02
1.838038020000000092e-02
1.879123690000000096e-02
1.849899870000000154e-02
1.868524850000000126e-02
1.844952919999999844e-02
1.878101529999999866e-02
1.911276829999999927e-02
1.876117880000000016e-02
1.880927599999999977e-02
1.867711390000000027e-02
1.864873850000000124e-02
1.842544000000000126e-02
1.901909599999999922e-02
1.855693610000000091e-02
1.845881740000000076e-02
1.900247130000000048e-02
1.832240590000000155e-02
1.888824880000000012e-02
1.864629740000000105e-02
1.897569299999999834e-02
1.869146110000000083e-02
1.905168949999999986e-02
1.884729190000000026e-02
1.889393810000000035e-02
1.876542700000000119e-02
1.872797829999999983e-02
1.898069089999999959e-02
1.901780540000000061e-02
1.853970090000000084e-02
1.898867179999999891e-02
1.896236739999999921e-02
1.889794469999999879e-02
1.937715740000000089e-02
1.880989770000000144e-02
1.899157019999999849e-02
1.904944069999999975e-02
1.911616790000000149e-02
1.904220100000000165e-02
1.919858350000000144e-02
1.941656250000000153e-02
1.929177149999999896e-02
1.938420680000000132e-02
1.938139389999999837e-02
1.909123069999999964e-02
1.957852510000000074e-02
1.916949880000000037e-02
1.929720539999999970e-02
1.925589100000000067e-02
1.942800719999999981e-02
1.924093940000000044e-02
1.896208460000000165e-02
1.994707249999999946e-02
1.963555410000000084e-02
1.946843610000000002e-02
1.923544729999999980e-02
1.954828949999999968e-02
1.973446010000000014e-02
1.937693149999999975e-02
1.910116959999999878e-02
1.930014290000000091e-02
1.935492670000000040e-02
1.943830530000000001e-02
1.937845670000000117e-02
1.960740069999999946e-02
1.988401539999999981e-02
1.968307710000000155e-02
1.938742670000000168e-02
1.969730189999999853e-02
1.915715659999999917e-02
1.968875449999999902e-02
1.958840129999999888e-02
1.914550599999999964e-02
1.964804100000000150e-02
1.947951090000000010e-02
1.940636800000000023e-02
1.959729580000000096e-02
1.987389889999999909e-02
1.941278069999999994e-02
1.948195310000000111e-02
1.954639509999999900e-02
1.973888580000000142e-02
1.968608289999999872e-02
2.056770509999999996e-02
2.001742689999999950e-02
1.999984999999999957e-02
1.996737040000000005e-02
2.031490440000000008e-02
2.037454039999999841e-02
1.996503560000000010e-02
1.993588010000000091e-02
1.998806789999999986e-02
1.982103169999999831e-02
1.939879799999999835e-02
1.962998969999999940e-02
2.022067699999999940e-02
1.999204419999999968e-02
2.053965040000000145e-02
2.053102789999999844e-02
1.996500279999999933e-02
1.997413940000000027e-02
1.981572280000000116e-02
2.014586469999999838e-02
2.011147870000000101e-02
1.995269220000000024e-02
2.054820519999999914e-02
1.969573460000000054e-02
2.016665419999999834e-02
2.015593859999999932e-02
2.063303580000000123e-02
2.042877010000000021e-02
2.018425540000000004e-02
1.986980669999999921e-02
2.026214750000000092e-02
2.034023880000000034e-02
2.047939169999999851e-02
2.057110330000000084e-02
2.056215390000000129e-02
2.034080870000000082e-02
2.038780800000000032e-02
2.053016430000000059e-02
2.052313509999999924e-02
2.030678190000000105e-02
2.040767510000000146e-02
2.044284140000000166e-02
2.028136859999999861e-02
2.024375549999999843e-02
2.088383209999999934e-02
2.024388610000000047e-02
2.031232129999999830e-02
2.067322259999999912e-02
2.057307729999999918e-02
2.049978839999999983e-02
2.025364990000000018e-02
2.064255850000000156e-02
2.048257720000000101e-02
2.099114170000000029e-02
2.058601599999999865e-02
2.132082000000000074e-02
2.044886389999999929e-02
2.080713370000000090e-02
2.104714809999999950e-02
2.088856219999999861e-02
2.087503959999999908e-02
2.027937100000000090e-02
2.099301669999999870e-02
2.046605489999999902e-02
2.049012979999999956e-02
2.080187069999999902e-02
2.078392329999999982e-02
2.077231020000000136e-02
2.098635500000000167e-02
2.086560770000000023e-02
2.092529370000000000e-02
2.069031589999999893e-02
2.099773610000000082e-02
2.068290970000000173e-02
2.093786279999999833e-02
2.111471449999999944e-02
2.143259210000000164e-02
2.089323140000000009e-02
2.098989739999999882e-02
2.135216319999999959e-02
2.092450280000000135e-02
2.107486230000000030e-02
2.086086649999999848e-02
2.085056279999999984e-02
2.146756199999999906e-02
2.101221439999999968e-02
2.088423619999999967e-02
2.181549600000000019e-02
2.107203360000000150e-02
2.104932849999999883e-02
2.112465430000000019e-02
2.080317630000000015e-02
2.140450719999999890e-02
2.154673970000000119e-02
2.098602860000000139e-02
2.129900709999999961e-02
2.162299969999999932e-02
2.149082780000000081e-02
2.131001130000000077e-02
2.101892530000000134e-02
2.156288660000000093e-02
2.099312700000000032e-02
2.147208609999999920e-02
2.113145359999999903e-02
2.139754030000000015e-02
2.177170689999999992e-02
2.138051620000000139e-02
2.090258459999999943e-02
2.143843990000000171e-02
2.098597680000000021e-02
2.146187100000000042e-02
2.147348920000000105e-02
2.111008959999999962e-02
2.139539570000000002e-02
2.196474259999999998e-02
2.162694069999999968e-02
2.179770899999999845e-02
2.170105770000000170e-02
2.130600309999999831e-02
2.210117379999999854e-02
2.143962859999999984e-02
2.195200900000000149e-02
2.130740370000000147e-02
2.216784490000000066e-02
2.204694689999999943e-02
2.160067510000000107e-02
2.180212059999999882e-02
2.182746409999999915e-02
2.208448610000000173e-02
2.230635480000000073e-02
2.212460499999999858e-02
2.118401589999999862e-02
2.186263520000000099e-02
2.221767369999999922e-02
2.237615659999999881e-02
2.202117509999999834e-02
2.189630039999999889e-02
2.188565829999999934e-02
2.230097660000000120e-02
2.231749660000000024e-02
2.217740879999999942e-02
2.261896509999999916e-02
2.217660290000000173e-02
2.192354999999999998e-02
2.240137799999999957e-02
2.193958320000000128e-02
2.180507079999999959e-02
2.173759709999999873e-02
2.217992729999999912e-02
2.249084999999999973e-02
2.237846589999999830e-02
2.194811829999999964e-02
2.249341050000000161e-02
2.242802199999999885e-02
2.231287889999999940e-02
2.201389620000000075e-02
2.281250029999999998e-02
2.190655689999999878e-02
2.205454979999999995e-02
2.191307530000000114e-02
2.246310459999999870e-02
2.224791159999999976e-02
2.277868409999999830e-02
2.224296980000000160e-02
2.203575140000000113e-02
2.232494540000000069e-02
2.274132900000000110e-02
2.222341209999999928e-02
2.207963500000000023e-02
2.248872299999999866e-02
2.272131059999999911e-02
2.202802179999999860e-02
2.292450340000000072e-02
2.270965640000000008e-02
2.272795799999999949e-02
2.294326879999999957e-02
2.257340489999999991e-02
2.247739480000000151e-02
2.315104379999999989e-02
2.244232070000000065e-02
2.254863780000000012e-02
2.349681450000000102e-02
2.252459810000000118e-02
2.249514160000000082e-02
2.268663060000000037e-02
2.247820580000000137e-02
2.217375419999999958e-02
2.267880909999999903e-02
2.331160170000000018e-02
2.286551980000000109e-02
2.295267830000000120e-02
2.313249569999999838e-02
2.320905950000000037e-02
2.330255000000000173e-02
2.286350369999999924e-02
2.294767550000000045e-02
2.302937990000000074e-02
2.297050739999999952e-02
2.321135270000000000e-02
2.367638680000000093e-02
2.335472569999999873e-02
2.296655510000000094e-02
2.297949009999999959e-02
2.297382330000000139e-02
2.335757839999999877e-02
2.289679429999999863e-02
2.301300709999999985e-02
2.322672510000000148e-02
2.315281240000000018e-02
2.310973050000000167e-02
2.371058950000000040e-02
2.311797050000000131e-02
2.291534430000000122e-02
2.332075639999999991e-02
2.356718899999999881e-02
2.309294770000000149e-02
2.245276300000000058e-02
2.278479339999999950e-02
2.322809370000000068e-02
2.315383110000000105e-02
2.352888179999999829e-02
2.368586519999999959e-02
2.318691000000000155e-02
2.285481899999999844e-02
2.390771779999999874e-02
2.360821030000000154e-02
2.306090770000000095e-02
2.383374099999999857e-02
2.380172620000000142e-02
2.352473420000000121e-02
2.309226790000000126e-02
2.416748319999999922e-02
2.374441940000000112e-02
2.360467100000000068e-02
2.406743130000000078e-02
2.417868360000000050e-02
2.388736160000000039e-02
2.369578829999999942e-02
2.384163820000000100e-02
2.390419709999999989e-02
2.353913969999999953e-02
2.346351400000000129e-02
2.426491180000000039e-02
2.385621959999999903e-02
2.407877430000000124e-02
2.446819730000000109e-02
2.379304549999999852e-02
2.385276550000000120e-02
2.377229109999999881e-02
2.362324299999999863e-02
2.372358689999999951e-02
2.425292999999999893e-02
2.403394940000000077e-02
2.360004489999999872e-02
2.398572549999999914e-02
2.389846979999999885e-02
2.432019369999999930e-02
2.429210869999999869e-02
2.421662609999999938e-02
2.382376430000000128e-02
2.404041460000000061e-02
2.425928460000000009e-02
2.374496159999999953e-02
2.403385309999999872e-02
2.476280789999999940e-02
2.464111160000000134e-02
2.434080770000000143e-02
2.405092249999999862e-02
2.422286239999999966e-02
2.407311759999999912e-02
2.517784509999999865e-02
2.411352809999999999e-02
2.510454250000000026e-02
2.428364179999999845e-02
2.428946510000000100e-02
2.420244109999999949e-02
2.417545169999999952e-02
2.388022589999999959e-02
2.487806570000000023e-02
2.402954549999999911e-02
2.447820109999999938e-02
2.430334209999999995e-02
2.496444000000000094e-02
2.479831290000000105e-02
2.389873689999999842e-02
2.449521119999999857e-02
2.494112709999999830e-02
2.478027220000000169e-02
2.445519310000000140e-02
2.497251420000000041e-02
2.479657650000000046e-02
2.448945149999999862e-02
2.446655559999999854e-02
2.479282149999999935e-02
2.401100139999999897e-02
2.513732769999999991e-02
2.451696000000000084e-02
2.468735730000000059e-02
2.440150199999999853e-02
2.492875420000000009e-02
2.478775680000000134e-02
2.489379599999999929e-02
2.538508919999999877e-02
2.485802059999999911e-02
2.526845319999999895e-02
2.494077980000000000e-02
2.518424210000000038e-02
2.475123770000000126e-02
2.517183029999999974e-02
2.460347980000000129e-02
2.510042449999999939e-02
2.488652330000000121e-02
2.476762869999999880e-02
2.561900799999999867e-02
2.517533580000000035e-02
2.481947530000000110e-02
2.471373820000000165e-02
2.536282930000000047e-02
2.482450339999999964e-02
2.553940799999999955e-02
2.544393730000000034e-02
2.503335979999999836e-02
2.595988479999999932e-02
2.506729530000000039e-02
2.485918950000000002e-02
2.562319180000000030e-02
2.509315299999999999e-02
2.524141920000000025e-02
2.582843909999999951e-02
2.571593399999999932e-02
2.628232410000000061e-02
2.590953450000000116e-02
2.558461719999999967e-02
2.571645410000000104e-02
2.581488950000000032e-02
2.559119749999999929e-02
2.559624909999999934e-02
2.597711769999999989e-02
2.523670180000000055e-02
2.589314209999999880e-02
2.555248120000000109e-02
2.510344839999999883e-02
2.577868850000000073e-02
2.530801679999999942e-02
2.528592119999999860e-02
2.605256400000000028e-02
2.577394989999999900e-02
2.589247940000000137e-02
2.572028789999999954e-02
2.647927140000000054e-02
2.618145159999999902e-02
2.623473509999999995e-02
2.587778740000000119e-02
2.614631460000000143e-02
2.604308890000000057e-02
2.549455470000000154e-02
2.629254099999999914e-02
2.562239919999999976e-02
2.584570209999999951e-02
2.648480380000000148e-02
2.609824159999999879e-02
2.568467049999999946e-02
2.585917219999999891e-02
2.595767449999999976e-02
2.716060359999999951e-02
2.583244009999999952e-02
2.633079899999999848e-02
2.637430010000000116e-02
2.614575280000000154e-02
2.639271170000000166e-02
2.551343450000000124e-02
2.591381029999999946e-02
2.640739099999999881e-02
2.636481339999999923e-02
2.701973629999999960e-02
2.618422550000000168e-02
2.689697710000000033e-02
2.634436440000000046e-02
2.685380830000000038e-02
2.577344419999999872e-02
2.677209570000000163e-02
2.662378619999999918e-02
2.659681250000000066e-02
2.625650959999999839e-02
2.595489169999999970e-02
2.609482059999999881e-02
2.690964720000000102e-02
2.695939890000000061e-02
2.695431490000000166e-02
2.677260320000000166e-02
2.650060850000000162e-02
2.676349810000000148e-02
2.619967960000000110e-02
2.796144030000000114e-02
2.678927970000000158e-02
2.597151210000000002e-02
2.667394010000000149e-02
2.602030970000000082e-02
2.706941289999999917e-02
2.778362579999999957e-02
2.662125469999999938e-02
2.637380879999999886e-02
2.644965800000000089e-02
2.772783670000000117e-02
2.688681110000000138e-02
2.771448279999999889e-02
2.701781240000000056e-02
2.704764969999999893e-02
2.711268439999999988e-02
2.656287389999999887e-02
2.697260300000000124e-02
2.708603349999999868e-02
2.665854739999999959e-02
2.789968519999999966e-02
2.769146100000000055e-02
2.659234619999999855e-02
2.757309819999999995e-02
2.759356469999999992e-02
2.775980700000000093e-02
2.746893970000000018e-02
2.749090980000000115e-02
2.745254139999999884e-02
2.776783260000000031e-02
2.752379459999999833e-02
2.745903709999999998e-02
2.740823469999999901e-02
2.688160079999999882e-02
2.804895250000000173e-02
2.771239259999999996e-02
2.771232859999999895e-02
2.734526799999999896e-02
2.789513869999999882e-02
2.754791460000000081e-02
2.682555350000000172e-02
2.723674939999999947e-02
2.773163340000000046e-02
2.798724140000000138e-02
2.765469289999999969e-02
2.842265370000000152e-02
2.721423150000000166e-02
2.695043349999999907e-02
2.737599849999999835e-02
2.785849149999999885e-02
2.740969780000000050e-02
2.714345270000000088e-02
2.797617950000000006e-02
2.808033030000000110e-02
2.838758200000000148e-02
2.781250069999999935e-02
2.728797020000000087e-02
2.892488600000000035e-02
2.810134029999999949e-02
2.769339859999999862e-02
2.728833979999999854e-02
2.863000549999999977e-02
2.819961389999999998e-02
2.796443020000000113e-02
2.786788399999999902e-02
2.867821980000000159e-02
2.822274909999999970e-02
2.795164140000000116e-02
2.812480490000000138e-02
2.799807949999999837e-02
2.818239859999999847e-02
2.894013969999999908e-02
2.773254169999999838e-02
2.746167860000000085e-02
2.841029260000000126e-02
2.896689909999999868e-02
2.784918070000000009e-02
2.864695089999999902e-02
2.819482140000000026e-02
2.854237849999999993e-02
2.899638439999999845e-02
2.957796589999999934e-02
2.951476349999999915e-02
2.904501179999999932e-02
2.811778989999999881e-02
2.836057360000000110e-02
2.907085489999999828e-02
2.873070200000000032e-02
2.914227289999999845e-02
2.841440500000000022e-02
2.909936540000000044e-02
2.936895860000000164e-02
2.803235369999999838e-02
2.934448879999999871e-02
2.875931929999999900e-02
2.825842370000000020e-02
2.899570939999999986e-02
2.866445709999999869e-02
2.849368399999999829e-02
2.862047230000000150e-02
2.838400560000000142e-02
2.829148420000000136e-02
2.836395729999999921e-02
2.867468290000000156e-02
2.823651259999999941e-02
2.967593300000000156e-02
2.919658560000000166e-02
2.912721600000000091e-02
2.969213440000000037e-02
2.947937659999999918e-02
2.898011169999999831e-02
2.906400619999999907e-02
2.862687980000000118e-02
2.934379770000000026e-02
2.863980370000000081e-02
2.868858139999999959e-02
2.903060439999999992e-02
2.868748479999999948e-02
2.945349959999999864e-02
2.980628600000000128e-02
2.838739610000000010e-02
3.081303999999999987e-02
2.938670510000000041e-02
3.042018319999999915e-02
2.980166039999999905e-02
2.975546369999999829e-02
2.909060880000000071e-02
2.928672959999999853e-02
2.992412259999999852e-02
2.953078079999999980e-02
2.901327420000000129e-02
2.931719559999999836e-02
2.932434880000000035e-02
2.936899399999999896e-02
3.061079879999999837e-02
2.964914860000000124e-02
2.979812210000000114e-02
2.913994199999999854e-02
2.942485749999999844e-02
2.924744500000000039e-02
3.140832219999999814e-02
2.972577859999999891e-02
2.929702740000000166e-02
2.934478130000000087e-02
2.970715540000000085e-02
2.953934579999999838e-02
3.061918690000000123e-02
2.936593740000000008e-02
3.064002769999999917e-02
3.055524089999999901e-02
3.130357670000000203e-02
2.967062469999999855e-02
3.036103160000000120e-02
2.891082370000000110e-02
2.986665339999999835e-02
3.048975149999999870e-02
3.001979940000000166e-02
3.089618709999999990e-02
3.137731889999999940e-02
3.100828690000000110e-02
2.982445660000000026e-02
3.067888400000000002e-02
3.155246779999999751e-02
2.952916770000000093e-02
2.973672360000000070e-02
3.126778830000000176e-02
3.086414770000000043e-02
3.003245480000000037e-02
3.223053160000000084e-02
3.142832110000000345e-02
3.078836459999999969e-02
3.050444009999999859e-02
3.120542810000000167e-02
2.997757510000000070e-02
3.110103430000000016e-02
2.964002359999999905e-02
3.073493160000000113e-02
3.067328919999999862e-02
3.057607879999999986e-02
3.175985950000000113e-02
3.230243099999999951e-02
3.030176500000000134e-02
3.062161559999999894e-02
3.134911809999999660e-02
3.050444009999999859e-02
3.106851149999999978e-02
3.106536060000000127e-02
3.061921500000000171e-02
3.013326679999999910e-02
3.171000339999999890e-02
3.152581089999999947e-02
3.123562850000000113e-02
3.138992980000000071e-02
3.198567549999999787e-02
3.142058820000000197e-02
3.105324370000000014e-02
3.107979519999999954e-02
3.179182800000000114e-02
3.110144949999999950e-02
3.180386469999999660e-02
2.984517860000000106e-02
3.193638039999999872e-02
3.211546319999999954e-02
3.159870499999999777e-02
3.233771979999999768e-02
3.107096180000000138e-02
3.247275160000000216e-02
3.093961530000000071e-02
3.140372040000000142e-02
3.113939450000000053e-02
3.219531769999999654e-02
3.280179190000000189e-02
3.144487619999999928e-02
3.221853320000000326e-02
3.061921500000000171e-02
3.199477120000000091e-02
3.189591609999999772e-02
3.164649209999999963e-02
3.245544949999999707e-02
3.274195819999999729e-02
3.176987299999999709e-02
3.124563240000000075e-02
3.309164719999999754e-02
3.208418489999999984e-02
3.253870269999999815e-02
3.286499639999999889e-02
3.187346089999999743e-02
3.098350039999999903e-02
3.198601830000000201e-02
3.227632240000000152e-02
3.329735780000000339e-02
3.258803069999999941e-02
3.191189679999999890e-02
3.100860130000000076e-02
3.222114210000000256e-02
3.334055579999999769e-02
3.183701180000000214e-02
3.280959430000000149e-02
3.238731859999999935e-02
3.284044929999999779e-02
3.137311809999999979e-02
3.269165269999999707e-02
3.241073230000000166e-02
3.179880289999999915e-02
3.271734650000000105e-02
3.294262839999999998e-02
3.103531890000000085e-02
3.251845030000000136e-02
3.250585339999999962e-02
3.217370370000000035e-02
3.119044199999999878e-02
3.228780149999999766e-02
3.298775059999999731e-02
3.266251569999999854e-02
3.453191850000000146e-02
3.295482560000000116e-02
3.262344059999999768e-02
3.344685750000000318e-02
3.295336139999999886e-02
3.484548819999999658e-02
3.438264049999999877e-02
3.194805180000000189e-02
3.221916500000000100e-02
3.252882769999999868e-02
3.404363600000000212e-02
3.408712779999999859e-02
3.290530249999999712e-02
3.287350420000000051e-02
3.156529830000000258e-02
3.313178700000000282e-02
3.361594999999999861e-02
3.369793530000000231e-02
3.288041099999999828e-02
3.363943390000000144e-02
3.256323789999999996e-02
3.308034590000000219e-02
3.446397770000000221e-02
3.268978220000000323e-02
3.472397910000000337e-02
3.349198140000000240e-02
3.372365869999999904e-02
3.333694339999999923e-02
3.193055709999999964e-02
3.292360810000000138e-02
3.256111479999999891e-02
3.284556179999999909e-02
3.308295499999999723e-02
3.369329330000000317e-02
3.385102460000000146e-02
3.330171719999999724e-02
3.466032250000000009e-02
3.327400760000000235e-02
3.424110519999999658e-02
3.278627249999999799e-02
3.376385459999999700e-02
3.471314849999999896e-02
3.381651100000000049e-02
3.352221090000000181e-02
3.442715620000000309e-02
3.309390079999999928e-02
3.458478759999999985e-02
3.462553959999999792e-02
3.507828360000000284e-02
3.336517969999999722e-02
3.420813439999999955e-02
3.341552789999999856e-02
3.472830729999999699e-02
3.526485000000000036e-02
3.479852759999999684e-02
3.393205259999999834e-02
3.417539950000000187e-02
3.399888179999999843e-02
3.409881029999999730e-02
3.360986760000000267e-02
3.383451020000000087e-02
3.545448439999999979e-02
3.473880830000000003e-02
3.417608200000000346e-02
3.316595809999999672e-02
3.594127490000000036e-02
3.448239160000000220e-02
3.328875180000000211e-02
3.521186889999999847e-02
3.393803830000000077e-02
3.532739690000000210e-02
3.584838750000000213e-02
3.508397220000000066e-02
3.379019999999999940e-02
3.404305729999999863e-02
3.549429829999999758e-02
3.499805450000000040e-02
3.613300490000000142e-02
3.688510510000000270e-02
3.613775379999999843e-02
3.448473860000000196e-02
3.488734770000000152e-02
3.463287730000000342e-02
3.380719950000000279e-02
3.382529640000000309e-02
3.426497049999999850e-02
3.562177309999999680e-02
3.455025440000000087e-02
3.541605710000000212e-02
3.607660769999999906e-02
3.548195879999999774e-02
3.656051980000000340e-02
3.695161420000000335e-02
3.490288369999999807e-02
3.496827079999999949e-02
3.442103529999999967e-02
3.542399000000000242e-02
3.640623419999999832e-02
3.617537700000000161e-02
3.596784189999999853e-02
3.592399179999999914e-02
3.611789010000000105e-02
3.564849120000000010e-02
3.523776220000000153e-02
3.616631940000000073e-02
3.738518019999999970e-02
3.412844610000000112e-02
3.660327669999999950e-02
3.587185970000000140e-02
3.589196079999999733e-02
3.531510229999999806e-02
3.446506419999999932e-02
3.418467010000000167e-02
3.582946690000000239e-02
3.570715719999999899e-02
3.637308749999999813e-02
3.461027140000000335e-02
3.639213079999999850e-02
3.494471829999999668e-02
3.441507640000000118e-02
3.870308150000000003e-02
3.531205650000000112e-02
3.605173049999999685e-02
3.664087180000000221e-02
3.591616589999999803e-02
3.563950190000000212e-02
3.771228320000000189e-02
3.728804859999999832e-02
3.725970759999999715e-02
3.566756010000000227e-02
3.702555789999999875e-02
3.640034520000000329e-02
3.574431639999999660e-02
3.604159400000000318e-02
3.708618329999999880e-02
3.490695080000000283e-02
3.669581620000000183e-02
3.791551110000000030e-02
3.767790979999999929e-02
3.804176539999999662e-02
3.807063320000000223e-02
3.612476209999999910e-02
3.681281439999999766e-02
3.680885689999999905e-02
3.632523010000000135e-02
3.909597919999999865e-02
3.830864070000000038e-02
3.707361320000000099e-02
3.704306889999999658e-02
3.568768940000000001e-02
3.559551130000000035e-02
3.663207240000000003e-02
3.728484659999999756e-02
3.665600279999999683e-02
3.800386979999999942e-02
3.548642009999999902e-02
3.708490309999999679e-02
3.633268530000000052e-02
3.700380899999999862e-02
3.830870000000000108e-02
3.669689050000000258e-02
3.757220850000000251e-02
3.713656430000000092e-02
3.714833049999999998e-02
3.671075940000000093e-02
3.726760860000000175e-02
3.791378120000000324e-02
3.717076369999999796e-02
3.687778059999999997e-02
3.802354819999999996e-02
3.922708770000000317e-02
3.760540359999999666e-02
3.655073899999999876e-02
3.649689569999999689e-02
3.740272170000000229e-02
3.686474270000000136e-02
3.940352789999999883e-02
3.958714800000000256e-02
3.772727640000000243e-02
3.819839309999999849e-02
3.750349399999999833e-02
3.716457229999999695e-02
3.896598329999999971e-02
3.896171369999999745e-02
3.705219099999999821e-02
3.669472039999999852e-02
3.745778639999999826e-02
3.820767939999999974e-02
3.780327700000000318e-02
3.874526219999999826e-02
3.802508920000000070e-02
3.648330450000000086e-02
3.821158510000000064e-02
3.979689849999999696e-02
3.652108059999999851e-02
3.709467469999999656e-02
3.860543219999999776e-02
3.787498770000000126e-02
3.794771410000000178e-02
3.736093039999999893e-02
3.798474920000000088e-02
4.028760900000000200e-02
3.941498709999999989e-02
3.892760790000000110e-02
3.939158059999999656e-02
3.818823739999999828e-02
3.960090329999999686e-02
3.930312999999999862e-02
3.999022919999999787e-02
3.889419229999999811e-02
3.953253500000000059e-02
4.066323470000000190e-02
3.898377199999999987e-02
3.886344879999999863e-02
3.828685810000000134e-02
3.856796380000000052e-02
3.735680899999999777e-02
3.963277939999999833e-02
4.024652649999999748e-02
4.018133809999999834e-02
3.874864940000000146e-02
4.040261109999999933e-02
3.967982130000000107e-02
3.855494100000000229e-02
3.986570059999999804e-02
3.988252639999999988e-02
3.756856950000000278e-02
4.022856660000000140e-02
3.903996920000000342e-02
3.945878829999999865e-02
4.040175609999999834e-02
3.811362670000000008e-02
3.868850740000000232e-02
3.938872780000000212e-02
3.982074139999999818e-02
4.030141620000000230e-02
3.969002790000000086e-02
3.929399880000000039e-02
3.850622320000000182e-02
4.049185980000000185e-02
4.023244399999999915e-02
4.124920929999999902e-02
3.987616179999999705e-02
4.016982999999999665e-02
3.937584019999999796e-02
4.032621790000000261e-02
3.945562309999999656e-02
3.824336469999999738e-02
4.018133809999999834e-02
4.274626919999999913e-02
4.069323169999999878e-02
4.113201479999999827e-02
3.840978009999999887e-02
4.021129600000000054e-02
4.084906459999999850e-02
3.915236200000000305e-02
3.968672489999999775e-02
4.090606079999999783e-02
3.957466099999999709e-02
4.204440670000000185e-02
3.935487499999999750e-02
4.124204060000000172e-02
4.181186750000000230e-02
4.079044829999999705e-02
3.987173430000000296e-02
4.228065429999999791e-02
4.081270249999999905e-02
4.115196200000000026e-02
4.057473279999999904e-02
3.973831939999999951e-02
4.135426789999999825e-02
4.120981769999999822e-02
4.056317859999999942e-02
4.151333179999999734e-02
4.032302239999999843e-02
3.988504930000000281e-02
4.067059600000000330e-02
4.045609000000000011e-02
4.014541850000000189e-02
4.225187350000000203e-02
4.117631060000000176e-02
3.838353729999999936e-02
4.275401289999999910e-02
4.271384749999999897e-02
4.316008579999999761e-02
4.308865259999999919e-02
4.166336300000000187e-02
4.119590790000000197e-02
4.117132999999999904e-02
4.084025749999999760e-02
4.239274590000000065e-02
4.188484519999999961e-02
4.302809860000000181e-02
4.194243009999999716e-02
4.316891600000000162e-02
4.247191639999999685e-02
4.109496420000000039e-02
4.285839250000000183e-02
4.285839250000000183e-02
4.219615730000000203e-02
4.270514250000000123e-02
4.196083119999999972e-02
4.252360730000000200e-02
4.311066429999999700e-02
4.314793969999999868e-02
4.312842659999999856e-02
4.296986690000000053e-02
4.060067080000000217e-02
4.048029849999999763e-02
4.233672950000000323e-02
4.151906930000000273e-02
4.205201070000000318e-02
4.096095439999999921e-02
4.278837309999999894e-02
4.320221679999999842e-02
4.150422749999999744e-02
4.167439900000000086e-02
4.469914450000000289e-02
4.285588259999999899e-02
4.339234299999999989e-02
4.664281079999999663e-02
4.266902460000000091e-02
4.354032950000000235e-02
4.042957640000000019e-02
4.352862469999999734e-02
4.197716499999999684e-02
4.318150180000000088e-02
4.238745270000000148e-02
4.132994439999999881e-02
4.364657429999999755e-02
4.162160589999999716e-02
4.271202749999999937e-02
4.276352650000000283e-02
4.408120959999999727e-02
4.265837339999999783e-02
4.477350690000000272e-02
4.104586479999999815e-02
4.432348269999999979e-02
4.454397809999999930e-02
4.405990500000000337e-02
4.232299440000000107e-02
4.364600760000000162e-02
4.214659059999999874e-02
4.346710239999999892e-02
4.217878540000000176e-02
4.511343629999999688e-02
4.468024789999999746e-02
4.434628320000000290e-02
4.206536539999999880e-02
4.299735970000000129e-02
4.398690610000000056e-02
4.471317000000000347e-02
4.373982919999999663e-02
4.252531620000000318e-02
4.513538100000000219e-02
4.617784770000000344e-02
4.487188660000000079e-02
4.324899890000000191e-02
4.310940480000000075e-02
4.360589919999999925e-02
4.318426329999999758e-02
4.491244710000000251e-02
4.263376430000000161e-02
4.229945789999999678e-02
4.592913869999999676e-02
4.588661940000000189e-02
4.371499510000000088e-02
4.541941640000000252e-02
4.592819940000000128e-02
4.335965039999999798e-02
4.465966849999999932e-02
4.549687749999999781e-02
4.613275780000000020e-02
4.533328949999999857e-02
4.182895539999999940e-02
4.530967830000000307e-02
4.576410990000000234e-02
4.562087249999999955e-02
4.450139010000000311e-02
4.410166229999999687e-02
4.766860130000000195e-02
4.606133540000000026e-02
4.703951289999999674e-02
4.777106739999999879e-02
4.589838179999999879e-02
4.493707370000000340e-02
4.551719270000000039e-02
4.596227089999999765e-02
4.471317000000000347e-02
4.426419420000000243e-02
4.526205280000000081e-02
4.575388040000000212e-02
4.112039149999999893e-02
4.556150040000000317e-02
4.671097329999999992e-02
4.441491919999999982e-02
4.659302369999999971e-02
4.453154709999999905e-02
4.918638489999999780e-02
4.624553420000000054e-02
4.544798340000000270e-02
4.474106490000000214e-02
4.386518980000000262e-02
4.669806469999999987e-02
4.642228279999999901e-02
4.728373190000000059e-02
4.663265429999999961e-02
4.647276990000000219e-02
4.692501159999999671e-02
4.677358639999999734e-02
4.459816020000000047e-02
4.765875039999999813e-02
4.646521499999999721e-02
4.456748569999999937e-02
4.477653610000000006e-02
4.579896490000000264e-02
4.581405780000000205e-02
4.724578880000000064e-02
4.722799569999999725e-02
4.796128790000000336e-02
4.961410799999999705e-02
4.530801720000000171e-02
4.309644189999999736e-02
4.710801209999999906e-02
4.613230990000000142e-02
4.828614430000000013e-02
4.687247509999999812e-02
4.908419680000000035e-02
4.746258059999999834e-02
4.794753279999999784e-02
4.588790119999999750e-02
4.826098489999999797e-02
4.715053529999999743e-02
4.649858970000000230e-02
4.615574730000000098e-02
4.870024779999999887e-02
4.690683300000000194e-02
4.679637729999999718e-02
4.638075559999999681e-02
4.601661779999999952e-02
4.610096450000000096e-02
4.674841309999999694e-02
4.802678059999999916e-02
4.638022640000000196e-02
4.742196960000000239e-02
4.791229479999999791e-02
4.679637729999999718e-02
4.753286240000000051e-02
4.932084099999999721e-02
4.658290519999999657e-02
4.540893740000000178e-02
4.909557249999999679e-02
4.635939659999999823e-02
4.806819679999999734e-02
4.617337450000000287e-02
4.767482609999999787e-02
4.985648169999999657e-02
4.947440940000000231e-02
4.703421940000000051e-02
4.734021120000000277e-02
4.751242409999999888e-02
4.924865030000000199e-02
4.615620869999999959e-02
4.772822890000000262e-02
4.953526729999999795e-02
4.797071420000000030e-02
4.962754159999999831e-02
4.461412599999999701e-02
4.773800400000000055e-02
4.695072819999999980e-02
4.737175469999999750e-02
4.743738489999999725e-02
5.006089100000000319e-02
5.009086890000000181e-02
4.768827509999999659e-02
4.743738489999999725e-02
4.880817719999999693e-02
4.946548270000000053e-02
5.283107459999999977e-02
4.723377320000000240e-02
5.298860569999999659e-02
4.897211440000000249e-02
4.932298060000000345e-02
4.887784170000000067e-02
4.984928660000000067e-02
5.080328729999999959e-02
4.718851610000000113e-02
5.091029620000000339e-02
5.049330400000000274e-02
4.877921169999999834e-02
4.759926390000000090e-02
4.872653970000000168e-02
