2.329532649999999927e-01
2.193962780000000001e-01
2.036694290000000129e-01
2.077895399999999948e-01
1.971366549999999940e-01
1.750811339999999994e-01
1.820036319999999985e-01
1.605530830000000131e-01
1.559170039999999979e-01
1.587477330000000020e-01
1.513476669999999913e-01
1.509719489999999942e-01
1.268193569999999937e-01
1.413960009999999934e-01
1.418952790000000130e-01
1.419313399999999892e-01
1.454773550000000026e-01
1.329286100000000026e-01
1.397187410000000074e-01
1.354981510000000111e-01
1.354442240000000020e-01
1.374759229999999999e-01
1.375351850000000042e-01
1.312565509999999991e-01
1.361938570000000015e-01
1.454602479999999864e-01
1.542761920000000064e-01
1.326773460000000016e-01
1.420083189999999940e-01
1.439482870000000081e-01
1.380122749999999898e-01
1.520236879999999902e-01
1.402662100000000023e-01
1.437551980000000007e-01
1.377902629999999962e-01
1.496836689999999914e-01
1.505191029999999874e-01
1.453963520000000065e-01
1.486030220000000013e-01
1.484894449999999977e-01
1.438960129999999893e-01
1.265203360000000110e-01
1.434977349999999874e-01
1.299547849999999893e-01
1.487110110000000041e-01
1.361026320000000012e-01
1.441857960000000050e-01
1.339614990000000116e-01
1.494617910000000105e-01
1.316570639999999903e-01
1.440691649999999990e-01
1.362804469999999990e-01
1.424086390000000035e-01
1.338684860000000088e-01
1.427951600000000043e-01
1.303341389999999878e-01
1.292661730000000120e-01
1.327192339999999915e-01
1.342764939999999962e-01
1.433180569999999987e-01
1.385754640000000093e-01
1.441440880000000035e-01
1.243051139999999943e-01
1.332629170000000085e-01
1.439163980000000009e-01
1.274404530000000091e-01
1.266089230000000121e-01
1.458455919999999961e-01
1.207992360000000043e-01
1.465860900000000022e-01
1.445435290000000039e-01
1.398376819999999909e-01
1.404329539999999987e-01
1.273189779999999993e-01
1.284077319999999967e-01
1.256137790000000087e-01
1.266593639999999965e-01
1.231851729999999950e-01
1.507281809999999889e-01
1.322515459999999976e-01
1.475968209999999892e-01
1.355413789999999896e-01
1.280410439999999928e-01
1.420193909999999948e-01
1.287568209999999935e-01
1.437999460000000118e-01
1.399467139999999998e-01
1.210837510000000034e-01
1.316614449999999881e-01
1.462159450000000138e-01
1.343128979999999861e-01
1.256600619999999890e-01
1.223358959999999995e-01
1.165149359999999995e-01
1.305760589999999943e-01
1.313013289999999944e-01
1.377388240000000097e-01
1.317158340000000039e-01
1.341145629999999922e-01
1.384317730000000080e-01
1.336325409999999936e-01
1.335507039999999923e-01
1.268101040000000068e-01
1.204301420000000039e-01
1.396641730000000026e-01
1.285524520000000115e-01
1.356783360000000105e-01
1.325175170000000013e-01
1.192804130000000018e-01
1.291182939999999946e-01
1.091099600000000058e-01
1.361140309999999964e-01
1.383553889999999953e-01
1.415996399999999988e-01
1.198065430000000015e-01
1.392522900000000008e-01
1.306473910000000016e-01
1.199200970000000033e-01
1.314328009999999880e-01
1.379130040000000057e-01
1.316241770000000089e-01
1.323873849999999963e-01
1.359451409999999916e-01
1.274959149999999874e-01
1.209723949999999965e-01
1.285985410000000106e-01
1.188565869999999997e-01
1.153345330000000030e-01
1.264160569999999983e-01
1.257521809999999907e-01
1.278800220000000099e-01
1.330288649999999961e-01
1.245004759999999988e-01
1.355812100000000076e-01
1.189512979999999970e-01
1.223668309999999954e-01
1.503478739999999925e-01
1.389650109999999994e-01
1.417107579999999922e-01
1.174245629999999957e-01
1.189554109999999970e-01
1.333978030000000092e-01
1.358032819999999974e-01
1.195613739999999980e-01
1.265905950000000002e-01
1.272336099999999970e-01
1.364252719999999863e-01
1.255200059999999895e-01
1.237939889999999932e-01
1.289905010000000074e-01
1.127008800000000033e-01
1.382369099999999906e-01
1.330159310000000039e-01
1.387962550000000073e-01
1.329141709999999976e-01
1.379359960000000052e-01
1.281351599999999979e-01
1.385625299999999893e-01
1.153022050000000048e-01
1.286492049999999887e-01
1.423186210000000063e-01
1.388834710000000083e-01
1.319397840000000044e-01
1.223475410000000041e-01
1.208561660000000010e-01
1.208014859999999996e-01
1.255099769999999948e-01
1.266943959999999869e-01
1.337425409999999926e-01
1.228836999999999985e-01
1.320721810000000107e-01
1.193715999999999944e-01
1.417107430000000001e-01
1.195776540000000054e-01
1.290378570000000058e-01
1.357116250000000024e-01
1.323124619999999918e-01
1.240675519999999976e-01
1.149669960000000019e-01
1.220713330000000041e-01
1.197369320000000043e-01
1.250026969999999960e-01
1.427831499999999976e-01
1.298650799999999939e-01
1.375302230000000070e-01
1.241933999999999955e-01
1.171168390000000004e-01
1.377924980000000132e-01
1.174249799999999982e-01
1.358700389999999980e-01
1.283349689999999932e-01
1.300240609999999963e-01
1.083016470000000009e-01
1.267315149999999890e-01
1.251574749999999903e-01
1.288233400000000084e-01
1.178908500000000054e-01
1.216756779999999954e-01
1.340420840000000058e-01
1.094963770000000058e-01
1.224218529999999971e-01
1.221686450000000063e-01
1.331029980000000001e-01
1.438575239999999866e-01
1.235161719999999935e-01
1.151462570000000019e-01
1.166158389999999989e-01
1.047970430000000064e-01
1.221354379999999989e-01
1.337890479999999938e-01
1.138047199999999981e-01
1.197841689999999959e-01
1.247659099999999938e-01
1.135938759999999964e-01
1.212041680000000010e-01
1.379002029999999990e-01
1.259419019999999945e-01
1.350046550000000012e-01
1.111449899999999991e-01
1.271991429999999867e-01
1.242928950000000005e-01
1.308867039999999926e-01
1.364925800000000022e-01
1.305766849999999979e-01
1.231679390000000041e-01
1.110929179999999988e-01
1.294573990000000008e-01
1.092180759999999973e-01
1.178490299999999935e-01
1.212989170000000061e-01
1.399195189999999922e-01
1.193629060000000047e-01
1.241826270000000038e-01
1.284103689999999964e-01
1.088092249999999955e-01
1.195443199999999956e-01
1.133298949999999999e-01
1.275682599999999889e-01
1.224473269999999947e-01
1.119259449999999989e-01
1.291559039999999881e-01
1.184623320000000035e-01
1.120201650000000049e-01
1.180487129999999996e-01
1.185206320000000008e-01
1.221403999999999962e-01
1.231772010000000001e-01
1.235100179999999992e-01
1.033252030000000043e-01
1.175977220000000018e-01
1.192747730000000006e-01
1.165644680000000044e-01
1.116525609999999974e-01
1.062829789999999996e-01
1.242615360000000058e-01
1.252473440000000104e-01
1.216606199999999971e-01
1.167518270000000025e-01
1.221033329999999945e-01
1.266936959999999945e-01
1.175562440000000042e-01
1.134535369999999932e-01
1.128708719999999971e-01
1.194291489999999983e-01
1.069510649999999979e-01
1.212881130000000030e-01
1.325098429999999883e-01
1.282093079999999941e-01
1.211332600000000065e-01
1.278602030000000056e-01
1.192549990000000004e-01
1.174609880000000023e-01
1.199087580000000042e-01
1.129172370000000036e-01
1.229307429999999951e-01
1.254177089999999883e-01
1.124564410000000042e-01
1.136012819999999979e-01
1.272088739999999996e-01
1.251962480000000100e-01
1.320564449999999945e-01
1.207390349999999946e-01
1.260688899999999890e-01
1.139765159999999999e-01
1.152382420000000046e-01
1.222543190000000002e-01
1.239569559999999931e-01
1.228151539999999958e-01
1.281390340000000128e-01
1.152003999999999945e-01
1.216365989999999980e-01
9.882916510000000487e-02
1.304393709999999984e-01
1.228388400000000047e-01
1.068852470000000027e-01
1.179458500000000049e-01
1.212981719999999958e-01
1.277088969999999879e-01
1.002080520000000058e-01
1.087362240000000063e-01
1.138358409999999932e-01
1.255679429999999874e-01
1.345050630000000080e-01
9.931801260000000520e-02
9.365174919999999514e-02
1.057423499999999988e-01
1.166750270000000006e-01
1.252148150000000071e-01
1.164983879999999944e-01
1.095185649999999983e-01
1.417160630000000032e-01
9.980253880000000688e-02
1.186329349999999949e-01
1.169039610000000007e-01
9.712061290000000013e-02
1.250912100000000082e-01
1.141283440000000066e-01
1.049426720000000007e-01
1.197520489999999993e-01
1.239634829999999993e-01
1.115188299999999993e-01
1.246959120000000060e-01
1.064356790000000053e-01
1.248003240000000041e-01
1.087078600000000034e-01
1.098322350000000003e-01
1.045016420000000057e-01
1.201094760000000067e-01
1.275477110000000081e-01
1.258138570000000012e-01
1.031134870000000037e-01
1.188917609999999986e-01
1.157690730000000001e-01
1.120833309999999944e-01
1.162156020000000012e-01
1.100150419999999934e-01
1.006212529999999938e-01
1.151415479999999963e-01
1.347957100000000130e-01
1.137296559999999984e-01
1.314205970000000001e-01
9.084486960000000277e-02
1.183169040000000005e-01
1.219442710000000069e-01
9.754639119999999886e-02
1.153862330000000047e-01
1.254909339999999984e-01
1.110951450000000063e-01
1.075328069999999941e-01
1.199687350000000069e-01
1.094186459999999944e-01
1.249395090000000041e-01
1.234205220000000047e-01
1.169409829999999983e-01
1.044426559999999948e-01
1.368501930000000089e-01
9.465837480000000026e-02
1.313478949999999923e-01
1.225445940000000067e-01
9.635976699999999895e-02
1.224360020000000021e-01
1.303904349999999990e-01
1.257141380000000030e-01
1.043945399999999940e-01
1.120096819999999993e-01
1.245562659999999988e-01
1.222369600000000056e-01
1.113210919999999965e-01
1.152592380000000000e-01
1.128631090000000031e-01
1.150337899999999969e-01
1.196240340000000041e-01
1.124210429999999983e-01
1.167189029999999988e-01
1.092944589999999966e-01
9.867461030000000688e-02
1.171045750000000024e-01
1.244647950000000031e-01
1.120696890000000001e-01
1.231451999999999963e-01
1.150701269999999943e-01
1.075251329999999950e-01
1.140697299999999942e-01
1.119172350000000038e-01
1.072730350000000027e-01
1.028512490000000057e-01
1.288253809999999888e-01
1.094605099999999970e-01
1.054879130000000026e-01
1.131160179999999987e-01
1.175544409999999956e-01
8.770150690000000360e-02
1.090038420000000036e-01
1.142051439999999946e-01
1.076094209999999968e-01
1.229176820000000003e-01
1.087510659999999935e-01
1.128286569999999989e-01
1.015489400000000042e-01
1.148871179999999964e-01
1.061389449999999984e-01
1.110159160000000061e-01
1.315952989999999989e-01
1.123420150000000034e-01
1.191058529999999976e-01
1.184004319999999999e-01
1.109326630000000008e-01
1.198727859999999951e-01
1.097600390000000037e-01
1.113067870000000043e-01
7.745295759999999696e-02
1.164849550000000011e-01
1.129776839999999949e-01
1.100531000000000009e-01
1.037607640000000053e-01
1.010904980000000009e-01
1.101814809999999978e-01
1.126399409999999934e-01
1.297248010000000007e-01
9.424440559999999745e-02
1.073048260000000059e-01
1.084657759999999999e-01
1.123111839999999945e-01
9.858109800000000589e-02
1.005448399999999964e-01
1.082153539999999997e-01
9.898235649999999330e-02
1.035819050000000019e-01
1.018598450000000044e-01
1.119860490000000042e-01
9.763340650000000565e-02
1.163420379999999948e-01
9.716336429999999913e-02
1.023042950000000034e-01
1.093070059999999982e-01
1.131047079999999982e-01
1.128202749999999976e-01
8.915779740000000231e-02
1.105068480000000047e-01
1.124481479999999978e-01
1.146474479999999990e-01
1.016806890000000047e-01
1.028748599999999985e-01
1.078240280000000023e-01
1.028202700000000053e-01
1.124129590000000067e-01
1.145449429999999963e-01
1.118233950000000060e-01
1.152085139999999980e-01
1.116929200000000011e-01
1.113040299999999982e-01
9.271544219999999781e-02
1.089371519999999954e-01
1.001250300000000037e-01
1.071178089999999944e-01
1.171417309999999989e-01
1.083950850000000021e-01
1.074697450000000054e-01
1.160942610000000041e-01
1.114926410000000034e-01
1.006873850000000042e-01
1.051502230000000010e-01
9.762443599999999500e-02
9.744618830000000009e-02
1.175374309999999978e-01
1.046795699999999996e-01
1.176703800000000050e-01
1.131620110000000068e-01
9.270690380000000397e-02
1.043287519999999968e-01
9.581013019999999603e-02
1.001745539999999990e-01
9.016304460000000576e-02
9.538301080000000098e-02
9.396944940000000190e-02
1.167488470000000028e-01
1.101125480000000045e-01
1.048646049999999996e-01
1.060714420000000019e-01
1.107257459999999999e-01
1.037325860000000016e-01
1.119339689999999943e-01
1.100800479999999998e-01
1.015023659999999966e-01
1.021009610000000040e-01
1.196048930000000038e-01
1.117783779999999977e-01
1.259566099999999966e-01
1.200585140000000051e-01
1.145425070000000017e-01
1.101210710000000009e-01
1.020587010000000017e-01
9.737591449999999371e-02
1.248659190000000058e-01
1.185358610000000062e-01
1.139367069999999982e-01
1.094481270000000062e-01
1.113577780000000045e-01
1.202615570000000050e-01
9.964690360000000302e-02
1.049375159999999946e-01
1.046563239999999950e-01
1.018002930000000000e-01
1.096562449999999994e-01
1.140205039999999947e-01
1.232914850000000062e-01
9.988559040000000167e-02
9.784951059999999479e-02
8.938070389999999699e-02
9.882641579999999759e-02
1.122321190000000052e-01
1.150231439999999938e-01
1.137441990000000042e-01
9.755084660000000463e-02
1.189135760000000069e-01
1.065790280000000062e-01
1.010525149999999955e-01
8.866171539999999351e-02
1.039979679999999962e-01
1.107389629999999958e-01
1.033428980000000025e-01
1.164832709999999993e-01
9.011819960000000407e-02
9.823916109999999979e-02
9.252714369999999466e-02
9.692365679999999373e-02
1.046595649999999961e-01
1.135205249999999971e-01
1.056931609999999938e-01
9.592695530000000526e-02
1.066007540000000059e-01
1.201936529999999975e-01
1.101284329999999978e-01
7.197788360000000052e-02
1.013256389999999951e-01
1.029874910000000005e-01
9.633509070000000063e-02
1.135819329999999960e-01
1.263866280000000009e-01
1.167615209999999931e-01
1.093605309999999969e-01
1.194292079999999950e-01
1.199979929999999972e-01
1.180901449999999936e-01
1.105112139999999965e-01
1.138206499999999954e-01
1.012965370000000059e-01
1.043013109999999938e-01
9.716968239999999868e-02
1.045367199999999996e-01
1.121589540000000051e-01
9.399963919999999862e-02
1.076510100000000053e-01
1.077751670000000050e-01
1.079004560000000057e-01
1.032922490000000026e-01
8.912562579999999679e-02
1.016794290000000017e-01
9.869972620000000418e-02
9.190891680000000397e-02
1.091686260000000047e-01
9.951826179999999356e-02
9.332537650000000129e-02
1.010081689999999949e-01
1.087653709999999996e-01
1.116527840000000049e-01
1.164393279999999947e-01
9.398607159999999849e-02
1.182634760000000063e-01
8.848476410000000181e-02
8.569817990000000441e-02
1.212246419999999936e-01
1.149857489999999982e-01
1.080739049999999979e-01
9.614249319999999821e-02
9.861857440000000585e-02
1.259799149999999979e-01
1.074462379999999995e-01
9.415907410000000366e-02
1.133392299999999991e-01
1.054566059999999944e-01
9.854926170000000152e-02
1.152687740000000044e-01
1.069673669999999938e-01
9.654090549999999604e-02
1.189409490000000041e-01
1.213072389999999973e-01
1.153574210000000017e-01
1.027419420000000028e-01
1.024533440000000017e-01
9.410940859999999963e-02
1.070572139999999978e-01
1.085355280000000061e-01
1.043303089999999961e-01
8.999345450000000024e-02
1.243079380000000067e-01
8.899495749999999927e-02
8.750744909999999543e-02
1.057143059999999940e-01
1.129451620000000017e-01
8.292488010000000076e-02
1.190497949999999999e-01
9.709294139999999351e-02
1.009188439999999937e-01
8.890456709999999818e-02
9.239886699999999564e-02
1.055589470000000002e-01
1.101317109999999933e-01
9.325859699999999863e-02
9.900748730000000219e-02
1.060116509999999984e-01
1.279282419999999976e-01
1.109002899999999986e-01
8.429005000000000525e-02
9.417002650000000363e-02
1.239979940000000003e-01
8.760997650000000581e-02
9.402426329999999388e-02
1.000053580000000025e-01
1.018820549999999991e-01
1.083455090000000065e-01
1.019533350000000060e-01
1.050127369999999949e-01
1.081520319999999952e-01
1.151448119999999992e-01
1.102349090000000059e-01
9.801856429999999953e-02
8.830164370000000151e-02
1.074933190000000038e-01
8.184509719999999433e-02
1.078840269999999935e-01
1.107270350000000014e-01
9.115143119999999377e-02
8.957193049999999379e-02
8.974614740000000368e-02
1.126540600000000003e-01
8.183619379999999832e-02
1.032145399999999935e-01
1.048019230000000052e-01
1.112413180000000057e-01
9.697401519999999941e-02
9.692752359999999567e-02
8.702145520000000023e-02
1.261746139999999905e-01
9.683004770000000483e-02
9.412593390000000004e-02
1.061687389999999981e-01
8.686476199999999814e-02
8.236695080000000502e-02
8.104247600000000218e-02
9.945192190000000376e-02
9.595514830000000106e-02
8.337688449999999807e-02
7.397818570000000427e-02
1.153211519999999962e-01
1.210086570000000056e-01
1.067125280000000009e-01
9.117978070000000435e-02
9.618352350000000661e-02
1.040180770000000005e-01
1.080035790000000023e-01
9.237553179999999364e-02
9.082369510000000423e-02
1.038593200000000050e-01
9.613349290000000602e-02
1.017985639999999942e-01
7.054745410000000383e-02
7.768104970000000442e-02
8.037812260000000431e-02
9.440791610000000278e-02
1.121091250000000039e-01
9.906557200000000452e-02
8.946930620000000112e-02
9.583609549999999588e-02
1.030171140000000068e-01
9.056244049999999379e-02
1.050084079999999975e-01
9.613587710000000286e-02
1.018565069999999989e-01
1.014925609999999950e-01
8.899793770000000159e-02
9.835176909999999995e-02
1.069019590000000047e-01
8.899537470000000450e-02
9.939622130000000388e-02
9.598331899999999750e-02
8.000374590000000619e-02
9.089586139999999981e-02
8.105739950000000194e-02
8.384090660000000084e-02
1.063499599999999934e-01
9.563914689999999941e-02
1.120300889999999994e-01
8.820452539999999730e-02
1.006021279999999990e-01
1.090907829999999967e-01
6.323126699999999378e-02
7.673363390000000062e-02
8.810097719999999966e-02
1.043648789999999937e-01
8.869650960000000084e-02
1.085663139999999971e-01
8.655263480000000009e-02
9.418688710000000519e-02
1.076220350000000048e-01
1.110129509999999986e-01
9.877529000000000170e-02
9.586001930000000171e-02
1.091959849999999954e-01
1.190682869999999949e-01
1.045976879999999942e-01
1.005461889999999942e-01
1.001690699999999989e-01
6.948034470000000185e-02
1.057041289999999939e-01
6.955881419999999926e-02
1.060026810000000014e-01
1.173690039999999990e-01
1.272816959999999997e-01
9.486853330000000195e-02
9.272234890000000118e-02
8.291909840000000198e-02
8.450816569999999861e-02
7.489682729999999622e-02
8.738885070000000643e-02
7.903482759999999607e-02
9.513499590000000505e-02
1.003156969999999953e-01
9.285603459999999809e-02
9.393777700000000008e-02
9.497436880000000026e-02
1.049665209999999932e-01
9.998697789999999586e-02
1.090982630000000009e-01
8.197476709999999833e-02
8.786290880000000025e-02
1.002565700000000032e-01
1.058513080000000051e-01
1.046649139999999978e-01
1.022901090000000041e-01
8.741229770000000232e-02
7.802692059999999374e-02
8.418704570000000442e-02
9.636870770000000030e-02
8.454299719999999740e-02
9.739749129999999977e-02
8.540647480000000680e-02
1.092395480000000058e-01
8.482637260000000512e-02
1.127238420000000046e-01
9.444543719999999587e-02
9.065694359999999785e-02
1.151861700000000044e-01
1.051301429999999953e-01
8.943320070000000677e-02
8.586356039999999690e-02
9.079922740000000159e-02
1.082006390000000012e-01
9.868582339999999731e-02
9.293858709999999745e-02
8.529338240000000626e-02
7.877867669999999434e-02
8.426901700000000162e-02
8.995427189999999351e-02
9.977735579999999493e-02
7.915669679999999542e-02
1.098819080000000004e-01
9.079434720000000014e-02
8.114961530000000534e-02
8.051830529999999542e-02
9.071946890000000263e-02
9.935534000000000032e-02
8.684226870000000265e-02
9.261175250000000525e-02
9.762402620000000530e-02
1.024948880000000062e-01
1.224983330000000009e-01
8.506610239999999601e-02
9.966984389999999916e-02
9.049691260000000681e-02
9.369207920000000023e-02
8.121407029999999638e-02
8.330281820000000337e-02
7.771742339999999916e-02
1.110130770000000017e-01
9.225735810000000592e-02
8.867025380000000123e-02
8.371518549999999725e-02
1.029611079999999956e-01
7.759413869999999547e-02
1.020964459999999935e-01
9.348194299999999790e-02
8.196327840000000586e-02
7.533102479999999324e-02
8.863094450000000291e-02
8.437211070000000257e-02
9.503123160000000180e-02
1.060557369999999971e-01
8.974498509999999374e-02
1.032745909999999989e-01
8.445638419999999813e-02
1.027110370000000050e-01
9.098027649999999855e-02
8.473326270000000604e-02
8.985439689999999424e-02
9.030579780000000389e-02
1.004940269999999997e-01
1.010603010000000052e-01
1.136619450000000003e-01
7.259846479999999824e-02
1.099239219999999934e-01
7.869247349999999863e-02
9.300355609999999551e-02
1.021653639999999946e-01
9.543357040000000069e-02
9.075498579999999316e-02
7.797886430000000590e-02
7.778058949999999694e-02
9.279751029999999679e-02
1.123436540000000011e-01
7.608959079999999542e-02
1.006048840000000055e-01
8.508336539999999948e-02
8.637665960000000254e-02
1.012896820000000059e-01
6.556386499999999895e-02
1.177969130000000031e-01
5.313799899999999826e-02
1.170336309999999991e-01
7.372216880000000139e-02
8.601307869999999522e-02
1.013135460000000043e-01
7.564390449999999766e-02
1.031472380000000022e-01
1.009155739999999940e-01
9.649647029999999792e-02
1.230487749999999991e-01
7.471035419999999538e-02
1.065751840000000034e-01
1.038302849999999944e-01
1.053177269999999999e-01
1.166577339999999990e-01
7.831510899999999387e-02
9.009295700000000129e-02
7.545419779999999743e-02
8.974457530000000405e-02
7.575560359999999882e-02
1.016509909999999961e-01
7.735827570000000653e-02
6.238392000000000243e-02
9.437731650000000250e-02
1.095068750000000035e-01
6.520458310000000479e-02
7.974474130000000494e-02
9.190826859999999543e-02
8.653100580000000486e-02
1.098932469999999995e-01
9.248894450000000322e-02
8.209767939999999820e-02
9.243322160000000398e-02
9.231260419999999522e-02
7.396154110000000004e-02
8.455855399999999411e-02
1.171966269999999977e-01
6.816381959999999463e-02
9.707282479999999880e-02
8.137369899999999379e-02
8.938977119999999554e-02
9.325611590000000561e-02
8.045240489999999633e-02
9.837184100000000153e-02
8.047042040000000618e-02
1.070840809999999976e-01
1.107632219999999945e-01
1.006997230000000049e-01
8.889091009999999793e-02
1.124629899999999988e-01
1.043361280000000002e-01
8.839317409999999930e-02
1.001993939999999972e-01
9.274625779999999542e-02
7.799477130000000147e-02
8.512848620000000588e-02
7.913145420000000652e-02
8.679561319999999636e-02
9.540238980000000091e-02
8.219706270000000370e-02
9.237472709999999809e-02
7.676624510000000512e-02
9.861089289999999674e-02
1.034675320000000009e-01
5.923808369999999934e-02
7.689602669999999474e-02
8.483310789999999602e-02
7.001277059999999608e-02
9.409413490000000102e-02
1.033020320000000020e-01
1.043292730000000001e-01
8.449982109999999713e-02
9.154026960000000157e-02
6.819334629999999897e-02
1.041545350000000064e-01
1.067960859999999984e-01
7.394343609999999567e-02
8.538144079999999969e-02
9.342239049999999378e-02
9.538979079999999888e-02
1.261399689999999907e-01
7.100082929999999848e-02
7.747136059999999713e-02
6.890515980000000429e-02
9.551564599999999572e-02
9.498430039999999908e-02
1.074034719999999998e-01
9.476656469999999999e-02
1.091397550000000050e-01
9.572798759999999463e-02
7.793901860000000681e-02
8.215044439999999448e-02
1.006367499999999970e-01
9.052839129999999679e-02
7.727099960000000101e-02
9.411310400000000298e-02
1.115593170000000051e-01
8.282101149999999967e-02
8.667343850000000516e-02
9.997166690000000577e-02
6.684749569999999530e-02
9.091891350000000371e-02
8.504044260000000188e-02
8.774480219999999941e-02
8.974369620000000047e-02
9.666132930000000123e-02
7.810220869999999482e-02
8.259540049999999911e-02
7.919649780000000139e-02
8.947730060000000374e-02
9.042033550000000419e-02
1.056869329999999968e-01
8.920601009999999664e-02
6.232435630000000143e-02
7.767465710000000245e-02
6.568493690000000440e-02
9.946275499999999992e-02
8.822462709999999431e-02
8.309489489999999368e-02
8.669155839999999336e-02
7.752385740000000691e-02
8.891379089999999763e-02
7.292369009999999374e-02
1.027257889999999979e-01
9.397585690000000158e-02
9.441414480000000220e-02
8.271931109999999809e-02
1.084385219999999955e-01
9.609267119999999329e-02
8.739662920000000612e-02
1.003994639999999938e-01
8.149848880000000462e-02
5.362573269999999781e-02
6.703449039999999359e-02
8.151946960000000519e-02
1.030997710000000067e-01
9.124737230000000421e-02
8.225920800000000033e-02
9.551573539999999585e-02
7.190994920000000346e-02
8.683779090000000311e-02
9.335345770000000321e-02
9.410531819999999603e-02
7.991607489999999481e-02
8.020243790000000650e-02
8.236529680000000131e-02
8.418605479999999308e-02
8.069754390000000166e-02
6.803616140000000312e-02
1.025371699999999969e-01
6.846520300000000225e-02
7.901431620000000378e-02
9.087110310000000302e-02
8.187285810000000108e-02
9.902773049999999411e-02
9.160401669999999885e-02
8.857179430000000631e-02
7.924310860000000067e-02
9.847001730000000397e-02
1.043115780000000020e-01
9.831420329999999985e-02
8.666799960000000358e-02
7.831564550000000291e-02
8.688216660000000480e-02
1.055701150000000060e-01
1.092618479999999948e-01
7.969652119999999507e-02
6.860951329999999404e-02
8.603961020000000515e-02
1.148534570000000060e-01
7.899148759999999325e-02
7.065337150000000621e-02
8.929643029999999315e-02
7.177440079999999889e-02
9.687905759999999866e-02
1.019469350000000024e-01
7.317332179999999631e-02
8.646224439999999900e-02
8.521973339999999730e-02
8.304642889999999666e-02
8.288766440000000513e-02
9.415245060000000665e-02
8.023473620000000361e-02
1.164876739999999994e-01
8.900477739999999860e-02
9.878621249999999798e-02
9.306550030000000640e-02
1.024476960000000048e-01
7.475079599999999436e-02
1.002214399999999950e-01
8.898047359999999850e-02
8.913113179999999913e-02
6.799136100000000016e-02
9.082096069999999466e-02
7.662689690000000498e-02
8.070494979999999485e-02
8.296607429999999783e-02
1.173576340000000023e-01
7.912901040000000497e-02
6.552508469999999974e-02
7.476208360000000108e-02
1.001810360000000011e-01
7.170005890000000215e-02
7.687747479999999800e-02
8.989880229999999695e-02
7.557326559999999471e-02
4.476591199999999798e-02
9.334056079999999977e-02
8.125518260000000326e-02
8.257976919999999998e-02
1.202637629999999958e-01
7.589401299999999628e-02
5.925674360000000168e-02
6.720496709999999874e-02
8.912959689999999657e-02
8.323652300000000670e-02
8.555421979999999760e-02
8.342670650000000299e-02
9.146147220000000466e-02
8.959060159999999995e-02
9.802077709999999777e-02
1.006736829999999999e-01
1.020064650000000045e-01
9.823030979999999857e-02
9.037906680000000470e-02
6.566760689999999456e-02
6.828706710000000124e-02
9.241647270000000192e-02
7.151099290000000053e-02
1.018636079999999944e-01
9.153806420000000499e-02
7.983805979999999969e-02
7.924301920000000055e-02
8.927710349999999628e-02
6.210531670000000309e-02
8.941862729999999759e-02
8.237057180000000034e-02
9.153454010000000585e-02
8.218429979999999913e-02
1.100686710000000068e-01
1.095458869999999946e-01
4.987101260000000036e-02
1.024725209999999970e-01
9.353387359999999762e-02
6.045619769999999865e-02
1.125849629999999962e-01
1.057937369999999988e-01
6.235431129999999961e-02
9.382151810000000092e-02
6.715154650000000613e-02
7.952660320000000393e-02
1.118159960000000008e-01
8.407073469999999660e-02
1.042210459999999977e-01
9.371118250000000371e-02
1.054382700000000006e-01
9.587113560000000423e-02
9.872536360000000455e-02
9.405472130000000486e-02
9.222022439999999488e-02
8.352924139999999553e-02
1.051051320000000039e-01
9.344834829999999759e-02
7.829151299999999314e-02
8.470772209999999358e-02
8.626621959999999922e-02
1.032491330000000068e-01
7.133545730000000196e-02
6.802714619999999934e-02
7.718803729999999808e-02
6.454759089999999311e-02
4.336348179999999913e-02
9.655527769999999732e-02
8.480957150000000000e-02
9.643588960000000487e-02
8.027362820000000232e-02
8.263979850000000016e-02
7.611355929999999437e-02
7.645428179999999574e-02
8.315005899999999839e-02
6.707276400000000693e-02
7.631330940000000118e-02
7.396290449999999572e-02
7.604253290000000109e-02
4.892653599999999964e-02
9.794515369999999554e-02
9.863246230000000114e-02
6.796185670000000345e-02
9.567253289999999577e-02
9.870217739999999351e-02
9.324073049999999363e-02
8.445321020000000345e-02
1.100357029999999986e-01
8.393779399999999613e-02
1.013656780000000007e-01
8.388762919999999401e-02
7.123113420000000418e-02
8.991622920000000296e-02
5.525176600000000077e-02
5.954626200000000258e-02
7.620451599999999992e-02
7.669711860000000270e-02
1.151362429999999992e-01
9.451617299999999500e-02
1.023061799999999966e-01
6.256843360000000076e-02
7.939504090000000514e-02
7.236669960000000068e-02
7.583194229999999647e-02
1.069142450000000050e-01
5.429496989999999662e-02
7.171545919999999796e-02
8.717164400000000646e-02
7.846150550000000057e-02
8.810800309999999858e-02
9.155312929999999405e-02
7.059419159999999471e-02
9.545502810000000560e-02
6.741501390000000093e-02
6.577379260000000560e-02
7.611099629999999727e-02
9.115239980000000575e-02
8.903949710000000350e-02
6.419210879999999453e-02
8.249870689999999618e-02
7.916125659999999342e-02
4.546102879999999735e-02
7.491558049999999525e-02
8.309446280000000462e-02
1.048359650000000032e-01
7.127220930000000010e-02
5.387339000000000017e-02
8.863513169999999441e-02
1.013298710000000019e-01
1.059910800000000014e-01
9.925839300000000032e-02
7.664673780000000325e-02
1.052998009999999984e-01
7.909250260000000310e-02
8.228317649999999928e-02
6.573918460000000019e-02
7.826279099999999822e-02
8.936821670000000273e-02
8.430129290000000497e-02
7.542509590000000264e-02
6.173527990000000215e-02
9.454184770000000071e-02
1.211937139999999941e-01
5.882697550000000331e-02
8.787820490000000651e-02
7.831800730000000599e-02
7.472482319999999845e-02
8.190770449999999758e-02
9.554547820000000580e-02
9.959861640000000627e-02
9.244292969999999554e-02
7.939235869999999862e-02
8.484850080000000405e-02
4.844545950000000295e-02
7.031598690000000207e-02
1.122219259999999996e-01
9.277125449999999718e-02
1.038486510000000002e-01
6.376697870000000434e-02
8.063954859999999947e-02
5.656317620000000240e-02
9.655513609999999414e-02
7.011399420000000160e-02
8.134584870000000079e-02
1.064826180000000011e-01
8.540356899999999862e-02
5.555013939999999678e-02
6.181137639999999961e-02
7.363950460000000253e-02
6.366670879999999921e-02
1.034286840000000068e-01
5.682222919999999761e-02
7.479923959999999761e-02
7.003907110000000269e-02
9.665361790000000231e-02
6.709248569999999579e-02
6.872719530000000188e-02
8.245190230000000453e-02
7.443983110000000625e-02
8.836614339999999956e-02
6.045816090000000198e-02
1.064999549999999934e-01
6.358457359999999947e-02
7.487948240000000255e-02
7.002091409999999794e-02
8.380202949999999984e-02
1.032131689999999935e-01
9.412258119999999950e-02
4.749651249999999741e-02
7.173330340000000360e-02
6.075278669999999853e-02
8.217513560000000439e-02
8.994724599999999459e-02
5.093546580000000296e-02
9.571214020000000378e-02
5.693623800000000013e-02
7.060027870000000483e-02
6.592060630000000365e-02
6.386935709999999600e-02
6.656473879999999510e-02
9.579781440000000037e-02
5.943541229999999703e-02
7.620687040000000134e-02
6.643214819999999909e-02
5.430866780000000171e-02
1.176443030000000056e-01
8.973993360000000197e-02
5.584011970000000297e-02
9.349133819999999595e-02
9.495501970000000402e-02
7.055015119999999418e-02
5.918128789999999723e-02
1.059100030000000026e-01
7.745400819999999353e-02
8.500155060000000318e-02
8.329883220000000588e-02
7.266684619999999595e-02
9.939946230000000493e-02
6.309365479999999582e-02
8.433028310000000027e-02
5.931692570000000192e-02
9.581961479999999420e-02
6.801815329999999493e-02
7.628434900000000130e-02
6.250993159999999882e-02
4.336778449999999924e-02
6.765180079999999485e-02
7.728654890000000166e-02
8.058850469999999377e-02
1.074068170000000016e-01
1.031060959999999943e-01
7.348188760000000375e-02
6.837482749999999887e-02
6.449367849999999847e-02
9.569679200000000274e-02
6.088040769999999990e-02
6.852029260000000455e-02
5.791874229999999929e-02
5.767546219999999946e-02
6.802505999999999831e-02
1.018551070000000003e-01
9.509436790000000417e-02
3.741629789999999928e-02
5.750326439999999678e-02
8.888289330000000155e-02
9.713400160000000561e-02
8.379612860000000552e-02
9.387561680000000575e-02
6.194646279999999755e-02
8.709808439999999763e-02
6.582427770000000289e-02
1.025253680000000056e-01
1.109002379999999982e-01
6.293545659999999486e-02
8.194414529999999308e-02
1.015862149999999936e-01
5.720195919999999934e-02
8.107671889999999715e-02
4.271629450000000161e-02
6.935926530000000034e-02
5.630958829999999776e-02
4.236340150000000165e-02
9.594663979999999703e-02
6.695800270000000498e-02
5.459542950000000061e-02
8.261726799999999371e-02
6.470088659999999325e-02
2.418620700000000123e-02
6.484461580000000502e-02
9.349828209999999640e-02
7.389771940000000594e-02
8.376958219999999788e-02
6.266812239999999812e-02
6.334854659999999971e-02
4.398902510000000238e-02
7.426027209999999656e-02
1.150674000000000002e-01
9.066825359999999834e-02
6.948565689999999795e-02
7.952634249999999960e-02
1.047657129999999964e-01
7.397093620000000369e-02
8.516986669999999926e-02
9.599439049999999862e-02
8.022570610000000213e-02
8.463499700000000348e-02
6.365693360000000689e-02
7.789329439999999327e-02
7.997289300000000323e-02
3.742800649999999951e-02
7.169023160000000117e-02
5.533138659999999737e-02
8.140426870000000426e-02
7.614599169999999861e-02
7.271255549999999790e-02
8.669269079999999961e-02
8.742809299999999839e-02
9.066654000000000380e-02
1.010785919999999949e-01
5.007907749999999936e-02
7.226856800000000525e-02
5.415390800000000060e-02
8.218977600000000605e-02
8.566640320000000475e-02
1.052125539999999998e-01
6.285013259999999713e-02
8.172146230000000566e-02
7.263380290000000239e-02
1.005596889999999938e-01
8.691162619999999450e-02
9.936068210000000012e-02
6.385006009999999455e-02
9.959953280000000131e-02
5.022571239999999715e-02
4.622754450000000209e-02
6.771429630000000421e-02
7.179786259999999809e-02
8.441018309999999414e-02
8.460853990000000158e-02
7.549018409999999624e-02
7.780885699999999516e-02
1.185459489999999977e-01
7.517978549999999871e-02
7.408930360000000326e-02
6.327789279999999905e-02
9.166590870000000668e-02
1.012011470000000052e-01
1.006702109999999956e-01
5.440254879999999876e-02
9.822662919999999853e-02
6.712456790000000117e-02
5.084157739999999731e-02
6.916230919999999394e-02
7.085806879999999308e-02
8.579619970000000595e-02
8.231161530000000170e-02
8.617358649999999620e-02
7.516346129999999792e-02
8.631128070000000652e-02
1.019954899999999942e-01
1.161573530000000049e-01
8.386769149999999395e-02
5.886976420000000071e-02
8.697382359999999979e-02
8.727099000000000661e-02
4.331901300000000343e-02
9.401935340000000529e-02
7.537197319999999756e-02
9.897748380000000179e-02
6.516442449999999831e-02
7.765170189999999473e-02
4.774336140000000339e-02
5.026816580000000034e-02
6.265648449999999814e-02
8.326689149999999540e-02
7.437925039999999932e-02
5.383881930000000010e-02
7.208207249999999677e-02
7.128549369999999386e-02
7.019191980000000219e-02
8.849617090000000408e-02
1.061943020000000043e-01
1.016700640000000044e-01
9.283637999999999613e-02
3.970529140000000207e-02
9.481705729999999333e-02
6.946630030000000566e-02
5.988094959999999689e-02
8.973753449999999354e-02
6.556647270000000305e-02
8.841881899999999572e-02
1.030040760000000000e-01
7.284444569999999619e-02
5.743736769999999853e-02
1.028317059999999949e-01
5.119438839999999880e-02
4.738609120000000091e-02
5.861824749999999806e-02
6.164427100000000048e-02
6.965345890000000650e-02
5.956446010000000096e-02
5.813993509999999809e-02
7.343390580000000445e-02
4.454679040000000118e-02
2.563435580000000130e-02
8.973702040000000602e-02
9.261775760000000302e-02
6.065545600000000342e-02
8.212748910000000624e-02
7.720645519999999595e-02
4.584202920000000209e-02
5.393119899999999911e-02
5.454925079999999732e-02
1.083185670000000045e-01
1.003702429999999979e-01
9.938009829999999711e-02
7.186572250000000661e-02
8.419177680000000663e-02
8.298443260000000488e-02
5.764460190000000178e-02
7.505498080000000405e-02
6.977909799999999774e-02
4.694885759999999769e-02
8.004517110000000657e-02
4.326959329999999909e-02
1.234404070000000020e-01
5.451292919999999737e-02
7.471509279999999364e-02
1.016284449999999978e-01
5.342991279999999982e-02
3.722254559999999685e-02
1.115872259999999977e-01
8.167458330000000599e-02
8.891735970000000377e-02
6.861354410000000681e-02
6.459807600000000427e-02
9.598222369999999393e-02
1.249818580000000012e-01
1.097849530000000046e-01
5.901721489999999654e-02
6.090829150000000303e-02
7.758536189999999666e-02
8.640653639999999747e-02
7.443621749999999870e-02
6.387053430000000365e-02
1.025607359999999996e-01
6.754344700000000645e-02
6.868448850000000161e-02
7.317863400000000629e-02
6.979673359999999382e-02
7.579420509999999778e-02
6.490220870000000530e-02
7.840203490000000053e-02
6.938263029999999776e-02
7.664565739999999738e-02
4.391915720000000301e-02
5.011438210000000032e-02
5.739138650000000230e-02
7.604218270000000224e-02
8.246038849999999532e-02
5.161876230000000260e-02
1.159644650000000027e-01
1.282418820000000015e-01
9.571709479999999937e-02
5.837054550000000258e-02
8.141288160000000051e-02
5.113421010000000072e-02
5.782947690000000279e-02
1.145806689999999961e-01
7.666067779999999332e-02
6.888563929999999558e-02
8.734149489999999683e-02
4.654063659999999741e-02
6.236558040000000219e-02
9.446836259999999430e-02
6.400384750000000234e-02
5.458619819999999817e-02
6.198300419999999700e-02
8.545479920000000063e-02
7.520005109999999826e-02
5.957569179999999687e-02
1.032415930000000065e-01
8.189968760000000680e-02
6.590479609999999600e-02
8.329160509999999906e-02
8.461148290000000682e-02
1.161955890000000019e-01
1.025721730000000026e-01
2.979441359999999983e-02
7.132952659999999834e-02
6.994394959999999939e-02
9.317458419999999353e-02
9.741925449999999653e-02
5.502583829999999759e-02
5.079604690000000256e-02
7.716418060000000689e-02
8.461476860000000100e-02
5.433198060000000301e-02
9.243258090000000538e-02
6.967694309999999946e-02
8.057052639999999488e-02
4.727191480000000195e-02
9.153954679999999622e-02
7.153434309999999463e-02
1.195646969999999976e-01
1.001411970000000012e-01
1.059130880000000025e-01
5.848313499999999859e-02
8.161289989999999384e-02
7.157955320000000676e-02
7.337779549999999540e-02
6.545633080000000381e-02
9.618011120000000136e-02
7.164558020000000305e-02
8.181808140000000618e-02
9.752908350000000226e-02
2.884298000000000070e-02
8.123323320000000458e-02
8.379129320000000547e-02
9.582836929999999365e-02
5.712990460000000326e-02
5.812350289999999864e-02
5.955408510000000100e-02
5.381644520000000015e-02
1.129772960000000048e-01
5.631077290000000013e-02
5.080538240000000150e-02
5.845172330000000110e-02
6.853495539999999997e-02
9.230010210000000326e-02
6.401457639999999505e-02
5.595077200000000278e-02
4.827272889999999900e-02
1.066538320000000040e-01
4.037517680000000247e-02
7.295987010000000439e-02
1.056595740000000061e-01
7.986417410000000439e-02
5.207183580000000062e-02
9.811791029999999969e-02
6.116980310000000309e-02
5.277866500000000238e-02
8.083713800000000282e-02
9.005247800000000524e-02
6.976830959999999471e-02
7.149887829999999889e-02
8.875381949999999742e-02
9.692217409999999422e-02
7.400713120000000644e-02
7.895147060000000383e-02
9.266123919999999514e-02
1.075487579999999943e-01
3.873749819999999788e-02
4.154623670000000268e-02
2.703788689999999870e-02
5.384106560000000152e-02
5.277059230000000212e-02
3.707408160000000286e-02
3.992732239999999960e-02
5.772584680000000107e-02
1.263017800000000024e-01
1.065211590000000041e-01
7.076274600000000137e-02
6.527251010000000020e-02
1.110254680000000022e-01
5.267208810000000019e-02
4.070833699999999722e-02
7.747273150000000275e-02
9.587410840000000489e-02
6.683824959999999649e-02
1.281608939999999974e-01
8.422675729999999639e-02
1.047221869999999944e-01
7.775085419999999692e-02
5.896816779999999869e-02
9.275583919999999538e-02
9.764278680000000599e-02
7.108872380000000324e-02
5.871083590000000102e-02
6.960939620000000660e-02
2.811368369999999936e-02
1.090147119999999997e-01
4.614415389999999839e-02
8.573196080000000663e-02
8.203300830000000154e-02
5.523332949999999741e-02
7.719643410000000261e-02
1.066124809999999951e-01
7.886709270000000216e-02
8.866982160000000390e-02
8.871987459999999825e-02
8.406907319999999684e-02
5.741263929999999849e-02
5.532263960000000091e-02
1.036162530000000054e-01
7.953904570000000507e-02
4.504772650000000295e-02
7.435580340000000343e-02
5.089331049999999690e-02
8.841078730000000163e-02
1.083911280000000033e-01
5.719225110000000084e-02
8.902325480000000679e-02
9.394619610000000398e-02
4.439254110000000197e-02
6.225713339999999762e-02
9.708579629999999905e-02
5.764007940000000219e-02
6.175279620000000136e-02
5.514818059999999911e-02
4.649459940000000291e-02
5.549295249999999791e-02
6.303436310000000431e-02
5.778304489999999682e-02
4.619867350000000233e-02
7.564072310000000132e-02
8.866205069999999466e-02
8.509651569999999998e-02
5.539604649999999714e-02
7.664480059999999317e-02
5.855667590000000061e-02
7.932563870000000628e-02
7.590667900000000468e-02
8.679168669999999530e-02
6.194469710000000129e-02
1.141291930000000038e-01
5.308280890000000030e-02
4.752123729999999796e-02
8.241206410000000149e-02
9.161751719999999821e-02
6.364159290000000191e-02
5.292339620000000022e-02
5.759340899999999819e-02
9.411297740000000578e-02
6.981582940000000126e-02
1.008187829999999952e-01
6.546627730000000034e-02
3.727383170000000273e-02
7.801444829999999719e-02
3.604640810000000334e-02
1.087196470000000026e-01
7.074362039999999852e-02
7.226147500000000556e-02
5.145858970000000143e-03
4.129306230000000244e-02
4.445514080000000090e-02
5.719785759999999886e-02
7.967016849999999928e-02
5.728814380000000345e-02
2.726936530000000081e-02
1.006895379999999951e-01
7.410798220000000547e-02
4.228962590000000243e-02
9.048889579999999655e-02
3.854701669999999886e-02
5.372195689999999940e-02
6.295990199999999815e-02
5.647318440000000106e-02
6.540869180000000171e-02
4.918518659999999987e-02
3.235530109999999737e-02
3.735295680000000340e-02
9.241853649999999532e-02
3.841530900000000165e-02
3.719249370000000249e-02
8.894364539999999320e-02
7.750830799999999798e-02
5.411596970000000228e-02
1.039553430000000056e-01
9.167610850000000589e-02
7.088040560000000156e-02
9.736468639999999730e-02
4.380364719999999684e-02
7.663605360000000366e-02
6.352320309999999470e-02
8.294508609999999560e-02
1.020418550000000008e-01
6.109342720000000143e-02
2.846700510000000142e-02
5.520033459999999781e-02
7.045762240000000287e-02
8.668353780000000522e-03
4.817488040000000166e-02
2.152659000000000170e-02
4.400694000000000133e-02
4.337055979999999977e-02
7.030817120000000531e-02
6.756794450000000452e-02
5.250578000000000189e-02
9.396682680000000010e-02
9.892606739999999788e-02
8.164576440000000102e-02
5.038597809999999927e-02
6.819413600000000242e-02
7.238552719999999385e-02
1.964817380000000169e-02
3.820831329999999776e-02
4.780482039999999801e-03
6.289783120000000394e-02
7.079217579999999566e-02
8.102433380000000074e-02
6.494527310000000608e-02
8.812192829999999921e-02
9.874778239999999763e-02
5.872069299999999742e-02
9.456676990000000005e-02
5.613357199999999964e-02
6.538034980000000107e-02
4.963798080000000196e-02
7.201604550000000049e-02
6.892450899999999492e-02
2.687384560000000144e-02
1.024213360000000017e-01
1.055471230000000066e-01
5.946075919999999765e-02
4.990685360000000209e-02
4.823987560000000258e-02
3.434321280000000171e-02
4.240844030000000264e-02
1.194535749999999993e-02
8.675664660000000084e-02
1.113114599999999975e-02
7.044146210000000463e-02
4.733525589999999783e-02
9.854652730000000582e-02
8.669383819999999796e-02
6.098446999999999896e-02
5.810908599999999730e-02
7.192924620000000491e-02
9.356734160000000633e-02
4.871783779999999675e-02
3.335608539999999900e-02
7.891167699999999952e-02
3.809592869999999659e-02
1.195454670000000025e-01
4.200530799999999815e-02
1.014888810000000030e-01
9.189853820000000451e-02
1.457281319999999963e-02
9.226536750000000064e-02
7.626174389999999803e-02
1.010786220000000069e-01
5.391601099999999980e-02
5.757570270000000184e-02
8.501703289999999746e-02
7.959169889999999359e-02
1.027717219999999959e-01
2.754340690000000105e-02
7.678538560000000568e-02
5.723734199999999661e-02
4.199396820000000224e-02
7.210111619999999555e-02
4.778778179999999820e-02
5.717967449999999952e-02
5.550512300000000343e-02
5.312397330000000195e-02
3.296988459999999899e-02
6.359576429999999614e-02
8.470319210000000487e-02
5.909194799999999831e-02
1.047440389999999971e-01
5.835850909999999725e-02
3.983930869999999930e-02
8.059585839999999779e-02
5.057513339999999968e-02
4.666084050000000177e-02
6.243945659999999842e-02
6.788183750000000016e-02
5.850060280000000251e-02
8.387048539999999996e-02
1.540662799999999999e-01
3.727015479999999659e-02
4.204354059999999838e-02
9.433893860000000520e-02
1.140970290000000026e-01
1.092894380000000026e-01
3.934041039999999767e-02
6.178360430000000292e-02
3.476192429999999667e-02
4.363911969999999946e-02
1.489207799999999957e-02
4.799951610000000035e-02
7.199257609999999696e-02
3.956314920000000152e-02
8.094925429999999533e-02
5.050641300000000000e-02
9.245434399999999386e-02
9.239142390000000538e-02
6.087682209999999670e-03
7.365721460000000664e-02
6.586703659999999794e-02
3.095961919999999992e-02
1.191321389999999980e-01
9.868159890000000045e-02
4.424845799999999746e-02
4.056716710000000253e-02
4.500826449999999895e-02
4.302356389999999892e-02
3.258993849999999859e-02
5.930406230000000167e-02
4.439032450000000157e-02
2.996558880000000161e-02
3.193213419999999664e-02
3.758141400000000049e-02
5.404921990000000065e-02
8.738529679999999800e-02
7.764435560000000625e-02
1.235614939999999939e-01
7.338999209999999551e-02
8.972535280000000502e-02
6.665214149999999782e-02
8.447992799999999580e-02
4.617868359999999922e-02
2.873179689999999856e-02
7.295066860000000430e-02
4.164081809999999745e-02
8.684983100000000233e-02
2.030027100000000168e-02
1.013160349999999987e-01
2.241433040000000154e-02
5.207294970000000273e-02
1.006810669999999991e-01
6.380382930000000341e-02
8.503192660000000180e-02
1.192449549999999997e-01
3.358136860000000140e-02
8.040982480000000154e-02
3.984920680000000187e-02
3.629688550000000069e-02
9.609021249999999403e-02
8.638172600000000589e-02
6.996811930000000623e-02
7.822357859999999607e-02
1.057664450000000006e-01
7.797320929999999872e-02
1.039417460000000015e-01
6.765855099999999733e-02
4.967316990000000126e-02
2.331890539999999928e-02
7.466737930000000301e-02
7.459725439999999319e-02
5.583697180000000287e-02
1.104561389999999949e-01
3.586848830000000099e-02
1.322492959999999884e-01
4.065231419999999936e-03
5.401011180000000328e-02
1.021051780000000048e-01
5.185163019999999845e-02
9.783320130000000558e-02
6.674886489999999617e-02
4.957006500000000343e-02
6.679613140000000004e-02
5.870128420000000208e-02
5.088565500000000186e-02
1.228844300000000028e-01
4.633104059999999802e-02
6.810621919999999829e-02
6.651492420000000572e-02
8.665218950000000420e-02
6.347312030000000493e-02
7.927162949999999597e-02
4.716965559999999891e-02
-2.048423699999999889e-02
1.278468969999999871e-01
9.475801890000000449e-02
1.153515499999999971e-01
6.697576489999999827e-02
5.833048750000000005e-02
3.183546660000000084e-02
1.050592209999999943e-01
1.091822310000000046e-01
2.816100789999999993e-02
9.885524960000000028e-02
1.287574770000000091e-01
1.097173320000000007e-01
6.207102540000000029e-02
7.218415290000000650e-02
7.057210060000000673e-02
7.189287249999999629e-02
7.894771550000000138e-02
1.028751059999999939e-01
8.863111590000000151e-02
-4.151081080000000264e-04
3.941496459999999785e-02
3.241603450000000303e-02
4.532808809999999689e-02
7.537382839999999529e-02
2.169420940000000089e-02
5.158156529999999990e-02
3.471595420000000293e-02
7.032053169999999409e-02
4.716629160000000015e-02
4.623818770000000244e-02
6.738058480000000405e-02
1.039597089999999974e-01
6.570075449999999984e-02
4.718424379999999752e-02
4.431041329999999695e-02
7.219880069999999594e-02
8.420214060000000278e-02
9.881666299999999903e-02
2.822499540000000112e-02
4.217793050000000210e-02
3.883413229999999744e-02
7.083103059999999729e-02
1.256982680000000019e-01
7.647950950000000081e-02
4.930192600000000286e-02
2.045360209999999915e-02
5.909006299999999823e-02
7.200884070000000692e-02
1.004998980000000042e-01
3.876986350000000137e-02
4.497533659999999878e-02
7.091303170000000378e-02
2.116292339999999855e-02
4.078863929999999860e-02
3.748964519999999773e-02
5.977510290000000170e-02
2.201827799999999877e-02
1.178563200000000075e-02
1.143876169999999970e-01
3.180340680000000309e-02
5.657444889999999754e-02
5.452414970000000333e-02
1.219158770000000058e-01
-9.167787619999999416e-03
8.194039020000000451e-02
4.554297780000000212e-02
1.255965229999999877e-01
6.243207679999999982e-02
7.078961469999999791e-03
1.131604019999999933e-01
5.902552600000000177e-02
5.909579250000000089e-02
9.365025159999999793e-02
3.416888419999999926e-02
1.101239489999999988e-02
2.125338649999999885e-02
3.332602979999999687e-02
5.294168369999999874e-02
3.201268239999999904e-02
-5.865384009999999705e-04
5.451912059999999838e-02
7.334229350000000258e-02
7.592581959999999963e-02
5.424001070000000063e-02
5.354002489999999670e-02
6.031366440000000134e-02
3.170623260000000193e-02
7.438598570000000409e-02
2.950500699999999976e-02
4.946167020000000192e-02
7.778384539999999570e-02
6.130450590000000033e-02
9.246964010000000012e-02
6.603471190000000102e-02
1.053895279999999962e-01
4.886592180000000341e-02
8.264674249999999500e-02
6.230678779999999917e-02
8.493696900000000105e-02
8.361911769999999522e-02
3.105514310000000167e-02
6.800663469999999877e-02
2.549600789999999922e-02
1.188197730000000035e-01
1.379864219999999975e-01
3.828395529999999852e-02
8.493696900000000105e-02
4.876947400000000016e-02
7.856442030000000687e-02
6.872263550000000387e-02
6.595871600000000057e-02
8.316217360000000003e-02
9.322483839999999577e-02
7.253149899999999928e-02
7.312975080000000405e-02
3.934369609999999878e-02
7.130770390000000514e-02
7.398910820000000055e-02
5.895307660000000116e-02
8.067987109999999462e-02
5.708906429999999893e-02
5.747514959999999729e-02
1.357714680000000063e-01
5.194962770000000063e-02
7.717858249999999531e-02
6.055344270000000140e-02
9.404908870000000531e-02
4.370399190000000267e-02
4.823169480000000231e-02
7.345278560000000068e-02
9.155257049999999952e-02
3.883419190000000215e-02
5.532423780000000207e-02
3.699667749999999838e-02
4.412818329999999845e-02
6.585641209999999746e-02
1.475273170000000050e-02
1.329139320000000124e-01
1.017334159999999932e-01
2.648022579999999987e-02
5.788009990000000243e-02
4.493996869999999921e-02
4.204335060000000124e-02
1.025197429999999965e-01
4.930524900000000238e-02
1.525177150000000008e-03
6.109863890000000186e-02
1.136651489999999931e-01
6.137477229999999812e-02
4.168796169999999801e-02
8.452090619999999555e-02
5.076529829999999743e-02
6.600148979999999332e-02
8.353839070000000644e-02
4.416124899999999964e-02
1.004290280000000035e-01
6.641142819999999725e-02
8.407542110000000568e-02
4.350328450000000291e-02
1.813128220000000124e-02
7.997651399999999855e-02
6.479974089999999964e-02
9.099119159999999318e-02
6.325124949999999524e-02
8.904913070000000652e-02
4.390231890000000081e-02
-2.713826110000000166e-02
3.817848859999999761e-02
5.692958089999999860e-02
4.373812679999999897e-02
3.194539250000000274e-02
1.008228590000000008e-01
1.049982460000000034e-01
5.562597889999999767e-02
8.122043310000000294e-02
4.452548919999999716e-02
4.814415050000000335e-02
9.442199019999999998e-02
6.168207900000000077e-02
7.572802160000000060e-02
3.411190580000000167e-02
1.231469439999999943e-01
8.033679430000000010e-02
3.560229389999999827e-02
9.802190959999999842e-02
7.247149199999999847e-02
4.062442480000000300e-02
2.215871209999999841e-02
4.289689470000000032e-03
7.061727339999999964e-02
9.811531010000000552e-02
9.670625630000000139e-02
8.512528240000000190e-02
4.271747919999999837e-02
5.708178509999999733e-02
4.458928849999999749e-02
5.446357279999999856e-02
4.653419179999999933e-02
1.008189919999999962e-01
1.940844020000000170e-02
3.262240069999999825e-02
5.114126210000000117e-02
2.009984659999999868e-02
7.451707120000000684e-02
-1.460500179999999924e-03
5.391342939999999723e-02
8.125303690000000578e-02
1.330449619999999993e-02
1.116528140000000030e-01
8.536696430000000058e-02
2.431261909999999846e-02
4.910318930000000248e-02
2.687061900000000010e-03
5.540108309999999814e-02
7.823316750000000597e-02
8.222088959999999946e-02
7.233172659999999310e-02
1.135058099999999986e-01
2.300385200000000172e-02
4.716789720000000297e-02
4.924176260000000249e-02
4.093935709999999700e-02
1.242757810000000018e-01
4.497923329999999748e-02
2.069024740000000029e-02
8.285052330000000631e-02
7.268157599999999774e-02
2.779580280000000167e-02
9.115324169999999837e-02
6.444597239999999561e-02
6.429049370000000652e-02
8.532101289999999977e-03
8.131724599999999581e-02
3.173416479999999901e-02
2.937327699999999972e-02
8.051799240000000191e-02
5.770225080000000034e-03
3.698705000000000048e-03
1.171800270000000060e-01
9.821084139999999851e-02
4.326708989999999977e-02
7.394467289999999415e-02
7.408515359999999494e-02
9.541241079999999986e-02
9.043795620000000257e-02
1.097475660000000047e-01
1.169778869999999957e-02
2.818874270000000168e-02
5.349470299999999762e-02
5.534799399999999758e-02
8.134859799999999419e-02
7.520439480000000454e-02
4.812661559999999866e-02
2.180786059999999943e-02
1.057504189999999983e-01
8.971209080000000502e-02
5.614076180000000110e-02
-1.747615259999999934e-02
5.929030849999999964e-02
5.869432170000000309e-02
4.310630260000000019e-02
5.586569759999999996e-02
8.605108409999999430e-02
7.925981279999999574e-02
6.000049410000000277e-02
7.052649560000000262e-02
7.136626540000000352e-02
2.888087560000000137e-02
4.497923329999999748e-02
1.143033209999999994e-01
4.085856680000000268e-02
7.271358370000000071e-02
8.891677859999999600e-02
4.564227540000000138e-02
6.413897870000000168e-02
8.161757140000000521e-02
3.257789839999999937e-02
5.129806700000000275e-02
3.104792909999999975e-02
9.749197960000000052e-02
6.121557209999999721e-02
7.312788809999999640e-02
1.278207169999999926e-03
8.734951169999999321e-02
1.042079479999999947e-01
8.063068989999999658e-02
3.678591920000000293e-02
2.052571439999999886e-02
2.213435429999999898e-02
1.910372260000000114e-02
6.208551300000000189e-02
9.419921790000000683e-02
9.200197459999999439e-02
1.640925739999999841e-02
4.720546679999999828e-02
1.149311660000000047e-02
6.035735460000000302e-02
6.765592099999999387e-02
7.096085700000000218e-02
1.598590050000000054e-02
6.961753219999999853e-02
3.113874980000000056e-02
-1.590827009999999967e-04
7.691110669999999538e-02
9.801033139999999755e-02
3.224074100000000331e-02
1.030525790000000053e-01
5.383454640000000235e-02
6.120209769999999938e-02
6.553857030000000139e-02
3.047594240000000079e-02
9.547775980000000606e-02
7.253538069999999893e-02
1.410976800000000031e-01
2.024698109999999995e-01
2.571871129999999880e-02
5.646004159999999661e-02
7.344923170000000612e-02
1.450894329999999899e-01
2.190648580000000012e-02
7.990998770000000417e-02
7.078158110000000447e-02
9.131184970000000289e-02
3.003723169999999998e-02
1.293840860000000093e-01
8.223132789999999803e-02
5.971264839999999852e-02
7.424989340000000271e-02
2.591018189999999902e-02
8.566497269999999442e-02
8.399961139999999327e-02
-1.811938360000000039e-02
6.016280129999999893e-02
2.165276929999999933e-02
4.852253940000000182e-02
6.109726800000000319e-02
2.939947139999999834e-02
1.121520550000000005e-01
8.399961139999999327e-02
3.868468480000000070e-02
8.719546350000000057e-02
6.841364499999999516e-02
6.251834330000000106e-02
6.438481059999999478e-02
5.484702069999999874e-02
8.970321709999999615e-02
7.914145290000000610e-02
8.450963350000000041e-02
7.102140040000000376e-02
-3.561220360000000220e-04
2.908159230000000040e-02
5.227868260000000100e-02
1.365691569999999966e-01
2.774595839999999952e-02
9.853834660000000689e-02
2.407529209999999947e-02
6.989762189999999820e-02
4.800777509999999693e-02
1.464114039999999950e-01
1.054856779999999994e-01
-5.671083180000000001e-02
1.060019880000000053e-01
-2.344306930000000094e-02
1.379303040000000036e-01
7.950516050000000501e-02
6.439384820000000620e-02
6.165961179999999986e-02
8.195785809999999935e-03
1.002865139999999933e-01
7.208760079999999848e-02
9.477498380000000389e-02
9.058704230000000357e-02
1.407536860000000063e-02
3.608897330000000042e-02
3.461201120000000075e-02
3.970091930000000215e-04
4.961434010000000117e-02
6.642621009999999382e-02
4.515839370000000047e-02
3.673917060000000262e-02
1.367106220000000082e-03
6.941986079999999670e-02
7.304400210000000504e-02
8.610881119999999611e-02
-6.874058399999999347e-02
7.022072370000000119e-02
4.813751950000000335e-02
6.210354719999999773e-02
2.891404930000000123e-02
1.216730030000000018e-01
1.449960770000000010e-01
-4.418353550000000268e-03
5.023235830000000179e-02
6.486900900000000525e-02
7.875098290000000223e-02
5.383454640000000235e-02
1.007153759999999953e-01
-2.148181900000000182e-03
7.571533319999999845e-02
-4.514591299999999759e-03
8.459957690000000086e-02
6.439384820000000620e-02
5.593025680000000138e-02
9.789659829999999840e-02
5.016759040000000336e-02
6.085875260000000314e-02
-4.481885120000000076e-03
6.333466620000000047e-02
6.486900900000000525e-02
4.922902579999999945e-02
3.684090079999999962e-02
5.592802069999999737e-03
4.184614870000000209e-02
1.148212849999999952e-01
1.369161459999999886e-01
5.558725820000000317e-02
3.821410239999999819e-02
-1.230927090000000050e-02
7.130117710000000164e-02
6.727977100000000210e-02
4.531802609999999870e-02
3.618947039999999976e-02
4.088398439999999662e-02
7.387401909999999350e-02
7.560583199999999782e-02
4.783203080000000135e-02
1.764342559999999838e-02
3.125854950000000326e-02
3.835380309999999841e-03
6.736411150000000403e-02
3.469993920000000176e-02
2.978865990000000019e-02
3.763441370000000091e-02
1.939425239999999911e-02
9.837127480000000534e-02
9.465287629999999397e-02
4.736529290000000142e-02
7.002129690000000010e-03
1.690759320000000121e-02
4.075761879999999920e-02
6.410237400000000363e-02
7.895962889999999512e-02
6.605333089999999852e-02
8.970391010000000609e-02
8.677321670000000264e-02
7.135246689999999448e-02
9.354510159999999963e-02
1.384378970000000042e-01
3.944857789999999670e-02
1.184184939999999991e-02
4.692891610000000241e-02
5.967596919999999805e-02
1.086871549999999936e-01
6.207345799999999802e-02
3.002704310000000112e-02
5.843649060000000173e-02
3.828338530000000017e-02
1.104492690000000027e-01
-4.964186810000000005e-03
5.283338580000000034e-02
1.394993349999999917e-02
1.152936739999999988e-01
6.544862690000000094e-02
8.373189720000000225e-02
5.328360199999999935e-02
1.008796920000000069e-01
4.172983770000000120e-02
5.481429029999999869e-02
5.510099980000000147e-02
1.332742999999999949e-02
6.822672210000000140e-03
6.539445369999999369e-02
7.155818490000000198e-02
1.039886010000000069e-02
3.035546650000000082e-02
5.984902749999999882e-02
1.108539780000000058e-01
6.910086420000000063e-02
6.605333089999999852e-02
1.026719440000000011e-01
3.436328100000000246e-02
4.121436180000000171e-02
4.546688870000000111e-03
1.240877209999999981e-01
5.398306249999999806e-02
3.220511229999999808e-02
-1.163450260000000076e-02
3.723966330000000324e-02
-2.069259429999999872e-02
9.377927329999999340e-02
3.030408919999999853e-02
1.115151870000000017e-01
8.969517800000000041e-02
3.765346480000000134e-02
6.802102179999999776e-02
9.296070039999999868e-02
9.800031780000000026e-02
1.122966710000000007e-01
4.479168730000000070e-02
8.855291460000000447e-02
1.084640250000000056e-01
9.901939329999999428e-02
8.214978870000000377e-02
9.991622719999999902e-02
3.248101099999999714e-02
1.367355140000000024e-01
6.974219530000000389e-02
8.538006250000000630e-02
4.621380939999999993e-02
-2.140123210000000054e-02
3.283714499999999814e-02
2.484377659999999904e-02
9.879278390000000021e-02
-1.100565279999999956e-04
1.097217719999999952e-01
1.527522060000000015e-01
3.701655940000000283e-02
3.792997449999999798e-02
4.914264010000000266e-02
1.134195850000000033e-01
9.929854420000000514e-02
4.322280359999999821e-02
3.701096400000000036e-02
5.878105759999999874e-02
9.395213430000000365e-02
5.217119309999999899e-02
6.139880789999999783e-02
8.032309260000000672e-02
3.843360020000000099e-02
-1.328700409999999943e-02
2.714131590000000080e-02
5.451244859999999914e-02
4.286196080000000130e-02
-2.115937140000000161e-02
8.135391029999999857e-02
2.157712360000000121e-02
6.507910040000000618e-02
2.923996560000000078e-02
9.085897360000000367e-02
2.315844410000000159e-02
7.307863979999999759e-02
1.451458039999999929e-02
4.678351800000000310e-02
7.811613380000000106e-02
1.160690489999999936e-01
6.583061070000000015e-02
7.090161740000000545e-02
6.293571739999999359e-02
3.057070259999999928e-02
4.842561859999999774e-02
2.504423630000000150e-02
7.676021750000000532e-02
9.816899900000000678e-02
4.681968130000000242e-03
3.308698530000000332e-02
7.106817510000000560e-02
1.016867909999999986e-01
5.067238579999999715e-02
1.116965490000000061e-01
-3.812984560000000096e-03
7.699123579999999842e-03
6.740432979999999574e-02
-2.117655940000000118e-03
1.198098660000000010e-01
-3.594621080000000215e-03
9.564118829999999905e-02
-1.241721560000000031e-03
3.142913060000000064e-02
1.496319170000000032e-01
4.863930119999999857e-02
7.795090970000000119e-02
3.843360020000000099e-02
6.404492259999999826e-02
3.233079979999999715e-02
6.905672699999999831e-02
1.125453039999999988e-01
1.931116169999999924e-02
8.968686309999999995e-02
7.717739789999999989e-02
3.115665349999999917e-02
6.988412139999999884e-02
7.292836160000000512e-02
4.764354230000000107e-02
4.075980559999999725e-02
9.596955779999999381e-02
1.347720769999999901e-01
5.839966979999999808e-02
8.522248270000000459e-02
5.299219489999999755e-02
2.283781580000000117e-02
6.389399520000000124e-03
6.549722700000000508e-02
1.284732669999999986e-02
3.352678939999999969e-02
2.283090540000000043e-02
1.959587629999999872e-02
5.774372070000000079e-02
9.808007629999999921e-02
4.378358269999999691e-02
9.087486570000000152e-02
1.006063600000000058e-01
1.440981779999999934e-01
5.505545059999999991e-02
6.792083379999999670e-02
1.312355550000000037e-01
1.477332560000000072e-01
8.092174679999999953e-02
1.651086059999999911e-01
4.486082119999999784e-02
1.854219099999999953e-02
1.151304100000000025e-01
5.015065519999999805e-02
1.172456219999999938e-01
2.776853740000000126e-02
1.124747019999999958e-01
3.350210559999999838e-02
5.264460299999999815e-02
8.516411300000000309e-03
7.000679519999999934e-02
4.705654459999999983e-02
3.579588610000000032e-03
8.968351039999999941e-02
6.787933409999999390e-02
-1.373556819999999928e-02
8.366184310000000096e-03
2.635684610000000108e-02
5.060324070000000313e-02
8.194819089999999528e-02
8.835404369999999563e-02
-7.867654789999999412e-03
8.437442030000000259e-02
8.851312100000000016e-02
5.690800769999999897e-02
4.386478290000000307e-02
1.003397699999999948e-01
5.944783329999999907e-03
1.042586939999999990e-01
9.356327350000000209e-02
1.003980190000000050e-01
5.712422360000000282e-02
1.028950879999999957e-01
1.262428609999999979e-02
3.072816689999999934e-02
1.149944509999999975e-01
8.846428250000000493e-02
1.418296710000000078e-02
2.346911470000000166e-02
6.155899909999999753e-02
9.778520459999999470e-02
6.668347119999999684e-02
4.937027389999999738e-02
1.265004279999999981e-01
5.006719009999999886e-02
6.294758620000000249e-02
9.791866690000000650e-02
3.891303389999999779e-02
1.397225260000000135e-01
8.314385270000000661e-02
-2.677349370000000131e-02
6.065914029999999735e-02
3.375333920000000293e-02
2.162478190000000121e-04
7.803031059999999963e-02
-1.255122480000000042e-03
4.660258810000000168e-02
-4.664671420000000152e-02
2.454269489999999845e-02
1.130232439999999949e-01
2.534404399999999960e-02
-2.562333639999999843e-02
5.461772899999999681e-02
4.942296069999999736e-02
2.522072200000000097e-02
2.279176559999999963e-01
-4.617946590000000101e-02
8.694656189999999674e-02
3.177624939999999787e-02
3.443621100000000129e-02
7.029826190000000585e-02
9.109299630000000647e-02
3.249354289999999840e-02
2.465486529999999857e-02
1.196632759999999990e-01
1.220153459999999933e-02
-1.539374330000000020e-02
8.824951949999999823e-02
-6.578640639999999706e-02
-4.610812660000000035e-02
4.136283319999999736e-02
4.770605360000000107e-03
8.261714130000000211e-02
7.688861339999999989e-02
-7.798450999999999647e-03
6.351328639999999359e-02
2.002135290000000081e-02
1.231807320000000011e-01
1.343395109999999948e-01
4.875213370000000025e-03
7.839242370000000515e-02
3.489789370000000168e-02
2.069713320000000079e-01
1.564413309999999890e-02
3.966229780000000288e-02
5.944256480000000009e-02
1.151307970000000069e-01
4.420991610000000321e-02
8.025021109999999624e-02
5.280970039999999949e-02
-3.988551349999999718e-02
9.989430009999999971e-02
5.969994519999999999e-02
1.423955560000000065e-01
9.250383819999999369e-02
9.648118170000000160e-02
6.628174330000000114e-02
2.667251039999999837e-02
9.261820469999999805e-02
4.806964100000000323e-02
1.004617810000000000e-01
6.050354990000000183e-02
7.051526010000000455e-02
8.009280259999999874e-02
8.265753089999999803e-02
6.463117899999999694e-02
1.040289179999999980e-01
6.208830700000000230e-02
5.324075000000000335e-02
4.713825139999999747e-02
-1.721407290000000027e-03
1.422661260000000066e-02
8.649840949999999806e-02
-1.426124110000000049e-02
4.452867060000000043e-02
9.107784929999999946e-02
-5.968685730000000168e-03
9.717325120000000482e-02
4.529773819999999979e-02
1.481026259999999872e-01
4.742140699999999875e-02
8.967775849999999604e-02
2.965468729999999956e-02
2.704300550000000164e-02
4.490820320000000337e-02
3.042863499999999902e-02
2.391916889999999921e-02
1.002019199999999999e-01
8.663771300000000508e-02
9.118290249999999597e-02
8.669383079999999631e-02
1.009409279999999992e-01
3.249354289999999840e-02
-3.190968560000000120e-02
6.786410700000000337e-03
-9.669575839999999811e-03
7.381422819999999829e-02
2.002699229999999886e-01
7.510916889999999513e-02
5.043112109999999676e-02
2.113933210000000160e-03
7.206603879999999573e-02
9.276112910000000600e-02
5.890533330000000123e-02
4.948714380000000107e-02
3.365877639999999976e-02
-8.805410010000000454e-03
1.143874150000000062e-01
1.012678439999999958e-01
6.314437840000000635e-02
1.306686549999999947e-01
1.034135449999999956e-01
9.547499569999999547e-02
9.850002080000000437e-02
1.689929700000000062e-02
8.505497130000000405e-02
-2.070478720000000147e-02
-1.283060199999999998e-02
1.073852029999999985e-01
1.289498060000000002e-01
1.322291939999999943e-01
-1.663309890000000055e-02
1.330549570000000015e-01
5.577966570000000152e-02
1.644158180000000052e-02
4.095657169999999958e-02
-2.574173730000000118e-02
5.756559969999999749e-02
7.733281699999999814e-02
3.814378010000000346e-02
1.027918230000000044e-01
6.571488829999999615e-02
3.014691170000000087e-02
8.143301310000000681e-02
1.411170210000000091e-01
-3.884027899999999839e-02
4.745635389999999787e-02
1.305133099999999935e-01
4.086658359999999907e-02
7.369447499999999540e-02
1.056991669999999967e-01
9.923100470000000006e-02
4.520982500000000209e-02
-7.943580299999999927e-02
2.700576000000000018e-02
6.602665039999999763e-02
-5.198379229999999795e-02
-2.830349650000000064e-02
5.233956129999999679e-02
4.268400740000000138e-02
2.060195059999999842e-02
4.550360889999999908e-02
1.101523560000000068e-01
-1.851166040000000110e-02
7.854567469999999829e-02
5.590572950000000096e-02
1.376516520000000132e-01
1.102938059999999942e-01
3.859324380000000304e-02
3.418499979999999744e-02
6.433360280000000042e-02
1.208363190000000080e-02
1.445093749999999955e-01
9.851112960000000043e-03
3.137864540000000202e-02
4.583962259999999761e-02
4.353916269999999998e-03
1.029667030000000066e-01
5.123343319999999756e-02
9.906802330000000559e-03
-2.830349650000000064e-02
1.767015270000000041e-02
7.689863439999999883e-02
7.520454820000000394e-04
1.281422379999999916e-01
9.694756570000000184e-02
9.480094159999999381e-02
8.622819190000000078e-02
8.309164639999999658e-02
8.632311970000000612e-02
-4.294009879999999627e-03
3.920486940000000170e-02
1.399986149999999929e-01
2.406760120000000017e-02
-2.810107170000000071e-02
4.912260549999999948e-02
1.147890389999999955e-01
-3.069567679999999840e-02
7.400281729999999558e-02
4.997077960000000096e-02
6.809062509999999624e-02
7.689863439999999883e-02
2.659657970000000107e-02
6.557811800000000468e-02
9.849561010000000560e-02
5.470028519999999700e-02
4.845416169999999800e-02
7.281209530000000429e-02
1.336798070000000047e-02
9.659540649999999451e-02
-2.044202570000000149e-02
8.064722270000000692e-02
1.472419650000000024e-01
-1.295552779999999994e-02
1.046668810000000033e-01
8.450119940000000440e-02
1.822000179999999983e-02
2.636727130000000169e-02
1.001683180000000062e-01
7.222706819999999417e-02
1.514344659999999898e-01
1.046022699999999972e-01
1.306912950000000025e-02
5.991999430000000126e-02
1.154147539999999944e-01
1.084800360000000019e-01
7.247003909999999438e-02
1.735782770000000030e-01
4.892167079999999724e-02
2.356697430000000149e-02
8.251626789999999545e-02
6.959487500000000049e-02
4.579353709999999661e-02
9.150299430000000123e-02
-3.317665680000000256e-02
6.144138049999999657e-02
1.116677969999999992e-01
-1.416783129999999932e-02
1.481415030000000077e-01
1.640521179999999968e-02
8.965022860000000648e-02
-3.013984490000000058e-02
2.641645260000000106e-02
4.969201609999999991e-02
-3.095676940000000044e-02
7.630573960000000544e-02
1.104821940000000058e-01
5.417238550000000319e-02
7.874328640000000101e-02
1.324645279999999981e-01
1.795697029999999972e-02
1.176954280000000047e-01
6.357635839999999615e-03
8.195494120000000604e-02
9.547282009999999430e-02
1.100179329999999983e-01
2.363939400000000107e-02
-1.118503979999999932e-02
-6.441567089999999940e-02
9.994912150000000162e-02
-1.201832849999999973e-02
3.250861540000000299e-02
1.050133780000000044e-01
8.593778309999999809e-02
8.195494120000000604e-02
7.969747480000000106e-02
5.095902089999999884e-02
8.964861929999999590e-02
4.538217929999999872e-02
2.456943690000000166e-02
1.614129840000000093e-01
1.191939939999999976e-01
9.357020259999999923e-02
-6.787203999999999460e-02
1.131022799999999995e-01
1.089212970000000003e-01
1.096962390000000009e-01
2.620229500000000045e-02
6.103290620000000055e-02
-3.939621900000000315e-02
1.339037719999999938e-02
3.097578319999999899e-02
-4.986287090000000345e-03
1.223239400000000060e-02
-5.565418859999999961e-03
5.986189100000000041e-02
-1.971796620000000177e-03
5.728534980000000304e-02
6.705801929999999356e-02
5.601328979999999763e-02
1.580679269999999970e-01
-1.010936949999999973e-01
6.979749539999999947e-03
5.173839629999999606e-03
2.603948860000000060e-02
9.167502819999999442e-02
4.823181409999999919e-02
5.950547009999999915e-02
7.748359439999999432e-02
1.310028319999999996e-02
-3.552477810000000125e-02
1.191917990000000011e-02
-3.423325479999999883e-03
1.375119840000000038e-01
2.257519590000000090e-02
2.264387350000000160e-02
9.986506400000000339e-02
-8.166358809999999663e-03
-9.572539480000000212e-02
1.110754610000000003e-01
2.153985019999999848e-02
4.159267249999999694e-02
6.234633920000000329e-02
1.522469369999999989e-01
7.639157030000000292e-02
4.011367259999999713e-02
6.167986430000000318e-03
-7.645557170000000062e-03
3.799323739999999755e-02
1.600595270000000070e-01
1.374798419999999910e-01
5.697488409999999781e-02
1.511187850000000020e-02
1.520872410000000119e-01
4.907879980000000308e-02
7.481264320000000079e-02
1.355045440000000045e-01
2.203652080000000069e-02
9.164404869999999426e-02
-3.134083380000000224e-02
-1.812336410000000078e-02
-9.452114810000000408e-03
7.821642609999999995e-02
1.291901920000000092e-01
3.233427180000000151e-02
8.129917089999999513e-02
-2.970314400000000077e-02
1.143728289999999988e-02
-1.988808439999999872e-02
-1.109701769999999962e-02
2.837430690000000005e-02
9.941860099999999881e-03
7.639157030000000292e-02
1.481916159999999982e-01
2.014396039999999943e-01
2.365230579999999874e-02
9.804487230000000220e-02
-3.968098009999999898e-02
-8.350470660000000600e-02
6.884708259999999802e-02
1.173818330000000049e-01
1.358506529999999879e-01
1.350467350000000011e-01
8.963877709999999721e-02
4.743856190000000222e-02
3.177575390000000194e-02
1.004843339999999946e-01
1.204209769999999985e-01
3.423114490000000315e-02
-3.952674939999999831e-02
9.826113279999999783e-02
8.255422119999999975e-02
3.889465699999999915e-02
1.135433240000000010e-01
1.051531660000000062e-01
5.275126170000000309e-02
4.333724449999999673e-02
8.964347840000000400e-02
1.928694699999999873e-01
6.849049779999999421e-02
2.791168349999999937e-02
1.074522449999999914e-02
4.443814049999999724e-03
9.102246720000000194e-03
7.696084679999999623e-02
1.133674830000000050e-01
-1.913097869999999881e-02
1.956675199999999976e-02
-6.180486079999999993e-02
8.288087700000000557e-02
8.043740689999999416e-02
1.121960510000000050e-01
-3.175492960000000225e-02
7.172852749999999999e-02
4.772591869999999632e-03
-6.859986479999999331e-02
2.891109700000000018e-02
1.234344170000000046e-01
-1.731021890000000035e-02
-2.541948109999999858e-02
2.910278739999999989e-02
4.980466890000000146e-02
8.739521349999999911e-02
-4.687118809999999899e-03
3.366613019999999817e-02
8.136966819999999490e-02
1.142522019999999972e-01
-8.326414040000000572e-03
1.180993949999999994e-02
5.031136800000000214e-02
1.295522450000000103e-01
9.653460980000000413e-02
6.436791270000000176e-02
2.679753119999999950e-03
-2.106975999999999988e-03
9.393393989999999916e-02
1.573134030000000044e-02
7.536723459999999930e-02
-3.794385120000000333e-02
-5.132353679999999974e-02
1.703694460000000077e-01
1.048826499999999939e-01
6.089343130000000187e-02
5.990016830000000070e-02
1.573055680000000067e-01
6.121602279999999868e-02
9.666287149999999717e-02
-1.005884330000000049e-01
2.187541130000000139e-02
-4.427510500000000210e-02
1.471544499999999922e-01
1.953771260000000121e-01
9.520946069999999470e-03
-1.785667800000000083e-02
6.225639580000000284e-02
1.494286300000000067e-02
1.306571650000000083e-03
-3.959049469999999932e-03
9.198588879999999857e-02
-2.172848770000000013e-02
5.373742900000000019e-04
1.675987539999999887e-01
3.656379120000000245e-04
6.537145380000000672e-02
1.204758360000000028e-01
4.786371069999999922e-02
1.253767010000000071e-01
1.607665269999999924e-01
8.234287049999999830e-02
2.385797199999999951e-01
1.007457519999999940e-01
7.420970590000000068e-03
8.386030790000000359e-03
7.969143989999999400e-02
7.704669979999999307e-02
5.510753770000000051e-02
8.436296140000000554e-02
-1.152571290000000033e-02
4.333724449999999673e-02
9.497398140000000433e-02
2.930784780000000173e-02
7.607594130000000510e-02
-2.236861550000000115e-02
3.155967970000000261e-02
3.918761390000000122e-02
1.216986099999999987e-01
3.869309280000000212e-02
-1.397538190000000013e-02
6.095625930000000102e-03
-1.654664239999999870e-02
3.765737269999999692e-02
2.052269690000000160e-02
1.012628230000000018e-01
2.853270810000000171e-02
3.241528939999999831e-02
1.047114279999999953e-01
7.384249569999999652e-02
-1.016508269999999992e-01
2.514363639999999886e-02
5.852149429999999736e-02
-3.406688199999999972e-02
3.127308930000000098e-02
4.501421750000000194e-02
3.208399940000000033e-02
-1.114659010000000061e-01
2.952772749999999988e-02
1.237165850000000039e-01
3.927842160000000193e-02
-7.257302289999999906e-03
1.410590409999999961e-01
-8.580682430000000083e-02
7.904852930000000333e-02
-3.938413410000000253e-02
1.295880819999999933e-01
5.752226340000000243e-02
2.020130159999999897e-01
6.385160980000000042e-02
7.522804290000000005e-02
-1.045442969999999944e-01
-3.114259800000000050e-02
4.262668270000000148e-02
1.361419859999999926e-01
1.114505900000000022e-01
-7.517752799999999347e-02
2.529971300000000145e-01
3.420408440000000105e-02
-2.882225379999999977e-04
5.819172040000000073e-02
3.828085209999999849e-02
5.200290309999999749e-02
6.889778660000000013e-03
4.532945160000000084e-02
-6.366961449999999911e-02
6.933266670000000353e-02
6.974189729999999421e-02
1.114176439999999962e-01
8.710883560000000359e-02
1.759680060000000101e-01
2.035528420000000116e-01
-6.166356430000000111e-02
5.547441909999999837e-02
5.787247420000000281e-02
9.730564060000000681e-02
6.847777219999999498e-02
-4.482556129999999694e-02
2.306919920000000124e-02
1.001612620000000009e-01
2.580861370000000002e-02
-3.409769560000000250e-04
-5.245767529999999929e-02
1.752309950000000005e-01
4.950786380000000292e-02
2.240553870000000156e-02
6.933266670000000353e-02
-1.795021999999999937e-02
1.510923359999999938e-01
3.091804869999999900e-02
8.565772319999999732e-03
2.658782709999999924e-02
1.140415740000000067e-01
-2.236861550000000115e-02
1.024900150000000038e-01
-6.348258260000000375e-02
2.828957509999999870e-02
1.113505849999999950e-02
1.961911839999999976e-02
5.715924499999999742e-02
6.495250019999999902e-02
1.723911609999999872e-01
-1.083269860000000001e-01
-2.882225379999999977e-04
1.377307469999999867e-01
1.174657719999999961e-01
7.401458169999999837e-02
1.157297639999999989e-01
7.545156779999999397e-02
-5.357396789999999825e-03
1.003874389999999950e-01
4.112679510000000205e-02
-2.526398189999999946e-02
3.021343609999999850e-03
9.567886590000000691e-02
-8.542088789999999210e-03
1.085061209999999970e-01
-1.040037050000000018e-01
1.887959690000000079e-01
4.822314159999999822e-02
1.304631079999999943e-01
4.577693339999999722e-02
-3.853002190000000271e-02
1.131755640000000063e-01
5.078532169999999679e-02
3.577167910000000201e-02
3.961193930000000279e-02
3.577167910000000201e-02
1.062141510000000066e-01
4.395594449999999653e-02
4.676844549999999850e-02
1.361419859999999926e-01
-9.112036229999999348e-02
-8.836116639999999633e-02
5.460764840000000009e-02
1.633424310000000101e-01
-4.004600640000000045e-02
1.413423379999999979e-02
1.394321920000000103e-01
4.581970719999999692e-02
1.085181459999999959e-01
6.472644210000000342e-02
7.528646290000000352e-02
-9.026876649999999655e-03
1.227811050000000015e-01
3.833437340000000332e-02
-1.090627089999999938e-01
3.712548689999999735e-02
7.091431880000000423e-03
1.046660919999999918e-02
1.680513380000000015e-03
3.711550310000000241e-02
1.891763509999999926e-01
1.320468039999999899e-01
5.823901299999999920e-02
-8.215926590000000029e-02
9.560702000000000089e-02
4.864138359999999744e-02
3.507370130000000280e-02
6.790907679999999558e-02
3.846097739999999876e-02
6.305344400000000016e-02
1.232850850000000026e-01
8.357857170000000668e-02
8.065019549999999371e-02
-7.291749590000000392e-03
7.360903920000000378e-02
8.959124240000000683e-02
9.827440229999999388e-02
-5.025911699999999899e-02
1.944310069999999890e-01
-4.828577399999999832e-03
6.408305470000000281e-02
2.049001159999999933e-01
8.643744139999999521e-02
1.085415860000000024e-02
4.687193779999999921e-02
1.322720009999999932e-02
8.647901560000000043e-02
-1.956632919999999956e-02
1.342219259999999914e-01
-1.738153990000000093e-01
-8.074972780000000058e-03
1.490551830000000078e-01
