6.064608009999999938e-03
6.112889990000000204e-03
6.108528739999999867e-03
6.100064980000000081e-03
6.103220060000000106e-03
6.171746409999999752e-03
6.217505019999999827e-03
6.287739720000000247e-03
6.287339000000000296e-03
6.265222620000000103e-03
6.337966849999999638e-03
6.374739530000000411e-03
6.355446530000000323e-03
6.455807019999999959e-03
6.387792590000000020e-03
6.432406909999999721e-03
6.428655610000000298e-03
6.466157400000000291e-03
6.476977020000000002e-03
6.480104169999999740e-03
6.470497199999999602e-03
6.514443620000000094e-03
6.511818709999999712e-03
6.461620880000000337e-03
6.459378959999999628e-03
6.441505569999999604e-03
6.521403589999999646e-03
6.499337570000000321e-03
6.494588729999999609e-03
6.543865240000000180e-03
6.473095429999999907e-03
6.464831550000000281e-03
6.463703589999999707e-03
6.509810690000000268e-03
6.496687440000000098e-03
6.584210499999999799e-03
6.555058469999999748e-03
6.515073389999999874e-03
6.538919600000000013e-03
6.548158549999999641e-03
6.512234060000000185e-03
6.505046460000000336e-03
6.529181979999999774e-03
6.588779739999999982e-03
6.583975920000000384e-03
6.546346090000000270e-03
6.572269609999999672e-03
6.540680580000000389e-03
6.639511239999999759e-03
6.607693220000000409e-03
6.660228889999999721e-03
6.586582409999999776e-03
6.659223009999999665e-03
6.603886570000000109e-03
6.635942060000000337e-03
6.613460419999999881e-03
6.660577909999999824e-03
6.651687639999999922e-03
6.696268709999999777e-03
6.663383390000000329e-03
6.689669280000000266e-03
6.708988800000000204e-03
6.654577420000000118e-03
6.704761899999999927e-03
6.655642019999999728e-03
6.769727579999999974e-03
6.678421020000000277e-03
6.728789409999999874e-03
6.730950410000000397e-03
6.735609099999999641e-03
6.749774170000000240e-03
6.721602600000000337e-03
6.714256259999999872e-03
6.725488429999999969e-03
6.807021150000000173e-03
6.742482519999999820e-03
6.818359619999999656e-03
6.739752509999999593e-03
6.761346090000000184e-03
6.732248429999999721e-03
6.742302539999999941e-03
6.734903880000000370e-03
6.735142480000000202e-03
6.787241379999999630e-03
6.827104229999999586e-03
6.757504000000000115e-03
6.850825789999999936e-03
6.807144309999999844e-03
6.812133700000000402e-03
6.811168240000000165e-03
6.849408870000000399e-03
6.788787030000000000e-03
6.833803030000000153e-03
6.848646009999999860e-03
6.879941090000000169e-03
6.851967559999999971e-03
6.900452579999999912e-03
6.830682450000000183e-03
6.879096850000000415e-03
6.859516870000000391e-03
6.892544409999999677e-03
6.910236139999999597e-03
6.935428100000000026e-03
6.890758789999999745e-03
6.885367300000000412e-03
6.864638180000000311e-03
6.904383079999999728e-03
6.876209389999999623e-03
6.878349920000000409e-03
6.908256080000000320e-03
6.929984190000000252e-03
6.946526720000000335e-03
6.920770280000000316e-03
6.973141999999999882e-03
7.035419400000000358e-03
6.945677790000000240e-03
6.960687249999999993e-03
6.969439600000000221e-03
6.979547580000000292e-03
7.004731610000000316e-03
6.919815250000000036e-03
6.994091600000000228e-03
6.931341469999999574e-03
7.025900310000000350e-03
6.958981139999999808e-03
6.931243670000000051e-03
6.954623850000000128e-03
7.028388800000000269e-03
7.012623790000000260e-03
7.053932199999999805e-03
7.046149550000000220e-03
7.005792389999999578e-03
7.035961509999999995e-03
7.044637920000000088e-03
7.025061509999999676e-03
7.126581269999999677e-03
7.080566059999999703e-03
7.096483340000000160e-03
7.099607479999999783e-03
7.137712539999999627e-03
7.141615530000000080e-03
7.105356089999999812e-03
7.063483530000000225e-03
7.041615759999999766e-03
7.101480119999999813e-03
7.133827679999999588e-03
7.089965400000000292e-03
7.162704950000000313e-03
7.138177029999999770e-03
7.109333350000000135e-03
7.178061470000000194e-03
7.129398440000000309e-03
7.142674160000000126e-03
7.118140579999999648e-03
7.166342130000000372e-03
7.141874030000000192e-03
7.153692619999999815e-03
7.205549179999999609e-03
7.160716739999999775e-03
7.176292879999999867e-03
7.186922000000000102e-03
7.241573920000000074e-03
7.299759739999999927e-03
7.142411490000000196e-03
7.269220570000000173e-03
7.212154719999999859e-03
7.193666090000000110e-03
7.241230579999999827e-03
7.188320340000000155e-03
7.271253350000000427e-03
7.246336299999999592e-03
7.274717330000000405e-03
7.175115600000000343e-03
7.237170400000000371e-03
7.246594410000000396e-03
7.236060219999999876e-03
7.305843210000000261e-03
7.289325359999999573e-03
7.223151429999999720e-03
7.272398670000000155e-03
7.323674040000000343e-03
7.385083980000000173e-03
7.316677419999999786e-03
7.337283949999999673e-03
7.365022960000000216e-03
7.374370219999999872e-03
7.311735720000000355e-03
7.330344429999999939e-03
7.356310839999999698e-03
7.427019299999999651e-03
7.381467650000000068e-03
7.412604690000000433e-03
7.350052569999999605e-03
7.403810969999999846e-03
7.440657950000000367e-03
7.369593360000000100e-03
7.462535640000000220e-03
7.420953349999999567e-03
7.338812079999999793e-03
7.376186069999999574e-03
7.369845419999999925e-03
7.389617329999999783e-03
7.415417910000000369e-03
7.443936830000000109e-03
7.470507460000000259e-03
7.410734589999999795e-03
7.511493359999999592e-03
7.442429100000000006e-03
7.444277879999999965e-03
7.481026860000000028e-03
7.462064489999999800e-03
7.491875640000000315e-03
7.544173660000000337e-03
7.449139149999999855e-03
7.555772189999999770e-03
7.528251120000000081e-03
7.457862659999999963e-03
7.518404559999999730e-03
7.502000570000000312e-03
7.531286750000000356e-03
7.500919229999999938e-03
7.493625700000000091e-03
7.489628279999999659e-03
7.533688830000000343e-03
7.525041669999999600e-03
7.458371049999999898e-03
7.582493739999999691e-03
7.596572369999999609e-03
7.589813239999999850e-03
7.544918060000000044e-03
7.564113320000000369e-03
7.619070070000000076e-03
7.648509589999999761e-03
7.650192850000000176e-03
7.549738640000000327e-03
7.674277200000000250e-03
7.645363449999999575e-03
7.684285520000000425e-03
7.655060519999999646e-03
7.656855480000000422e-03
7.660973629999999826e-03
7.696655860000000196e-03
7.629753730000000088e-03
7.687553399999999884e-03
7.754940420000000154e-03
7.731607649999999721e-03
7.571993929999999706e-03
7.672482609999999731e-03
7.666852109999999602e-03
7.721306800000000102e-03
7.724518789999999975e-03
7.737010600000000099e-03
7.738875049999999894e-03
7.695070459999999932e-03
7.757906779999999662e-03
7.711875929999999733e-03
7.704831130000000007e-03
7.813906619999999928e-03
7.855492699999999315e-03
7.819072950000000369e-03
7.814460730000000188e-03
7.773720960000000089e-03
7.725860160000000421e-03
7.822142230000000626e-03
7.788388490000000032e-03
7.764764609999999685e-03
7.809134219999999682e-03
7.848354720000000687e-03
7.760616100000000163e-03
7.748036389999999989e-03
7.794513280000000058e-03
7.811443490000000156e-03
7.804833340000000112e-03
7.902470809999999346e-03
7.845953750000000601e-03
7.836233999999999214e-03
7.816400479999999207e-03
7.868382190000000262e-03
7.850159029999999663e-03
7.847549409999999767e-03
7.842147889999999746e-03
7.853858079999999700e-03
7.816676030000000580e-03
7.796838080000000060e-03
7.905568229999999919e-03
7.864746580000000001e-03
7.857039559999999187e-03
7.918177219999999322e-03
7.990532150000000111e-03
7.900270049999999836e-03
7.924421699999999874e-03
7.969077990000000139e-03
7.926704249999999563e-03
7.979026650000000179e-03
7.982207749999999449e-03
7.945617999999999778e-03
7.886402219999999810e-03
8.042844460000000278e-03
8.074260939999999484e-03
7.892732799999999799e-03
8.017345760000000807e-03
7.982764180000000848e-03
8.010724530000000801e-03
8.099218090000000550e-03
8.081247229999999684e-03
7.965217130000000478e-03
8.100500199999999262e-03
8.140359010000000617e-03
8.016916619999999924e-03
8.005408449999999385e-03
7.963560919999999529e-03
8.031901049999999945e-03
8.045910789999999313e-03
7.995213549999999683e-03
8.063269769999999170e-03
8.155065790000000717e-03
8.058123670000000294e-03
8.086906339999999985e-03
8.102634319999999640e-03
8.064925820000000758e-03
8.039737430000000809e-03
8.130767770000000075e-03
8.061550310000000288e-03
8.132388600000000148e-03
8.174047489999999166e-03
8.148223039999999417e-03
8.154543360000000504e-03
8.132413459999999691e-03
8.115882359999999907e-03
8.152949229999999561e-03
8.195374639999999239e-03
8.218252429999999692e-03
8.156660580000000757e-03
8.242424590000000176e-03
8.148309689999999259e-03
8.192403640000000056e-03
8.168409890000000520e-03
8.218361210000000444e-03
8.117659370000000416e-03
8.241076550000000361e-03
8.254317909999999564e-03
8.274839449999999916e-03
8.238652219999999943e-03
8.283669670000000373e-03
8.192314509999999717e-03
8.253898790000000277e-03
8.285126460000000193e-03
8.392817270000000121e-03
8.252562550000000149e-03
8.213696019999999418e-03
8.327100020000000394e-03
8.353701680000000587e-03
8.300139729999999466e-03
8.268644119999999861e-03
8.405666339999999515e-03
8.355139149999999543e-03
8.315443829999999772e-03
8.371399780000000207e-03
8.365643299999999533e-03
8.365483360000000243e-03
8.284931869999999712e-03
8.322276930000000600e-03
8.432318839999999524e-03
8.369345539999999833e-03
8.402103089999999816e-03
8.318841869999999555e-03
8.338316559999999628e-03
8.329404210000000350e-03
8.417974039999999783e-03
8.360279110000000402e-03
8.404492600000000591e-03
8.436848659999999361e-03
8.535232110000000663e-03
8.407169750000000399e-03
8.347049100000000083e-03
8.453727910000000123e-03
8.457374869999999267e-03
8.499830950000000426e-03
8.482343110000000255e-03
8.511914679999999650e-03
8.459689620000000396e-03
8.497618059999999945e-03
8.424018340000000507e-03
8.521660840000000459e-03
8.590912430000000044e-03
8.516178049999999916e-03
8.497561630000000782e-03
8.519747750000000730e-03
8.496885310000000524e-03
8.523209270000000129e-03
8.530784039999999430e-03
8.466670860000000826e-03
8.541988239999999399e-03
8.597803180000000364e-03
8.667693569999999209e-03
8.631030510000000169e-03
8.543982460000000209e-03
8.599476300000000531e-03
8.619366059999999594e-03
8.685946680000000697e-03
8.726017319999999564e-03
8.532167449999999292e-03
8.641518279999999691e-03
8.631903439999999775e-03
8.625399679999999625e-03
8.686553919999999429e-03
8.562972849999999497e-03
8.694475749999999725e-03
8.602896150000000769e-03
8.683985340000000344e-03
8.663058580000000675e-03
8.706673019999999763e-03
8.570049890000000503e-03
8.633624169999999654e-03
8.678320749999999389e-03
8.647216969999999697e-03
8.782669249999999761e-03
8.656983179999999320e-03
8.729532019999999837e-03
8.743940040000000233e-03
8.672059140000000499e-03
8.740982220000000427e-03
8.783163720000000674e-03
8.729576220000000164e-03
8.796987310000000532e-03
8.833825199999999211e-03
8.773296220000000728e-03
8.719862709999999864e-03
8.731731149999999789e-03
8.805257420000000418e-03
8.726834759999999719e-03
8.832883410000000671e-03
8.770683200000000540e-03
8.814111770000000734e-03
8.698255519999999880e-03
8.987715559999999784e-03
8.852204569999999259e-03
8.861077490000000834e-03
8.880807459999999140e-03
8.843287849999999228e-03
8.867345500000000172e-03
8.811439129999999384e-03
9.008938640000000234e-03
8.789665329999999874e-03
8.880207479999999154e-03
8.998528540000000006e-03
8.904073440000000172e-03
8.803012129999999297e-03
8.979522110000000626e-03
8.952368549999999148e-03
8.948140630000000345e-03
8.970213750000000791e-03
8.923806050000000073e-03
8.930299239999999958e-03
8.997919340000000432e-03
8.957197899999999949e-03
8.961642719999999424e-03
8.964485499999999205e-03
8.985436730000000843e-03
9.029252839999999877e-03
9.050050809999999821e-03
9.062487189999999387e-03
8.956640009999999180e-03
9.037793889999999608e-03
9.026162889999999814e-03
9.037640740000000075e-03
9.008034910000000534e-03
9.092538900000000576e-03
9.026233389999999135e-03
9.091271289999999436e-03
9.002276890000000809e-03
8.991266779999999847e-03
9.061055550000000555e-03
9.106275380000000697e-03
9.044539379999999226e-03
9.103345020000000454e-03
9.171161560000000088e-03
9.189351269999999905e-03
9.057813419999999685e-03
9.208831969999999381e-03
9.075852339999999213e-03
9.118163579999999727e-03
9.160989459999999487e-03
9.096754840000000411e-03
9.210256760000000431e-03
9.147743419999999903e-03
9.194023390000000129e-03
9.163059319999999897e-03
9.223253790000000146e-03
9.084236319999999462e-03
9.185711940000000630e-03
9.392948050000000590e-03
9.160790060000000012e-03
9.272996909999999329e-03
9.207153529999999655e-03
9.175652120000000675e-03
9.335508589999999551e-03
9.251313109999999285e-03
9.253335209999999714e-03
9.213327170000000510e-03
9.316272310000000070e-03
9.295939640000000503e-03
9.234002209999999863e-03
9.334940220000000760e-03
9.371778849999999952e-03
9.374188239999999353e-03
9.307287889999999939e-03
9.316744639999999245e-03
9.219781260000000506e-03
9.341086880000000134e-03
9.328400350000000049e-03
9.276927949999999590e-03
9.370650520000000858e-03
9.277263339999999511e-03
9.343831920000000152e-03
9.395029839999999299e-03
9.433255970000000226e-03
9.399275099999999938e-03
9.395828800000000439e-03
9.364107289999999695e-03
9.489643210000000759e-03
9.302130400000000604e-03
9.337258450000000126e-03
9.372904249999999479e-03
9.512636099999999262e-03
9.524490070000000627e-03
9.446389899999999354e-03
9.422775560000000786e-03
9.471736720000000290e-03
9.431983930000000307e-03
9.606741889999999284e-03
9.433970800000000129e-03
9.602571810000000083e-03
9.571998309999999593e-03
9.441860910000000537e-03
9.582185170000000196e-03
9.601604240000000470e-03
9.484031340000000782e-03
9.528489700000000034e-03
9.528319130000000720e-03
9.607856160000000784e-03
9.632003729999999778e-03
9.557853170000000023e-03
9.574187979999999182e-03
9.523554899999999920e-03
9.699437439999999966e-03
9.670104960000000180e-03
9.487489010000000819e-03
9.597197999999999493e-03
9.563875410000000424e-03
9.766598550000000004e-03
9.674425089999999158e-03
9.624942239999999954e-03
9.545433060000000497e-03
9.616710650000000540e-03
9.586249999999999286e-03
9.641007780000000402e-03
9.633517859999999461e-03
9.661546760000000456e-03
9.719863520000000118e-03
9.688415089999999341e-03
9.753159299999999629e-03
9.750876900000000208e-03
9.593577540000000278e-03
9.764378909999999606e-03
9.641280340000000712e-03
9.525216379999999761e-03
9.786102200000000584e-03
9.796651619999999228e-03
9.743321370000000356e-03
9.802147109999999330e-03
9.666082689999999297e-03
9.775320920000000330e-03
9.846174850000000145e-03
9.826914589999999339e-03
9.788015330000000153e-03
9.748581549999999624e-03
9.787951580000000748e-03
9.838230970000000353e-03
9.891708020000000712e-03
9.807856090000000721e-03
9.961479929999999400e-03
9.766125029999999513e-03
9.908711869999999727e-03
9.830550760000000832e-03
9.862133409999999586e-03
9.930745160000000599e-03
9.851899169999999220e-03
9.912042470000000105e-03
9.812001390000000059e-03
9.903022480000000724e-03
9.801294679999999343e-03
9.937672899999999698e-03
9.750051810000000263e-03
9.925882480000000271e-03
9.986907229999999677e-03
9.891205709999999901e-03
9.952660590000000571e-03
9.968401720000000590e-03
9.967410470000000189e-03
9.994468109999999836e-03
9.936341229999999525e-03
9.983561749999999776e-03
9.914531869999999858e-03
9.897113790000000230e-03
1.005324429999999991e-02
1.007380979999999981e-02
9.934076899999999891e-03
1.010840940000000063e-02
1.003185309999999990e-02
1.008281150000000029e-02
1.000613319999999959e-02
9.960006130000000762e-03
1.001124289999999993e-02
1.016017739999999954e-02
1.002243369999999967e-02
1.005394480000000069e-02
1.006156310000000040e-02
1.007725949999999961e-02
1.013474150000000067e-02
1.011571300000000014e-02
1.013876340000000043e-02
1.006414849999999993e-02
1.011018129999999987e-02
1.024176889999999993e-02
1.010051240000000086e-02
1.011549209999999983e-02
1.027917799999999993e-02
1.015979319999999950e-02
9.973415310000000727e-03
1.013822990000000021e-02
1.028799220000000021e-02
1.026242399999999916e-02
1.029652219999999986e-02
1.022881959999999944e-02
1.026363509999999972e-02
1.022898570000000014e-02
1.026920979999999990e-02
1.031500479999999942e-02
1.025140549999999963e-02
1.026403430000000054e-02
1.030942649999999974e-02
1.018288889999999919e-02
1.031754359999999954e-02
1.045524549999999990e-02
1.026837629999999973e-02
1.023238100000000046e-02
1.035001280000000072e-02
1.025961149999999981e-02
1.030382709999999938e-02
1.031590249999999979e-02
1.022758269999999962e-02
1.034479819999999974e-02
1.044820299999999966e-02
1.031482809999999944e-02
1.053963270000000084e-02
1.031222329999999937e-02
1.038842249999999932e-02
1.057028179999999935e-02
1.043065060000000072e-02
1.038909179999999988e-02
1.034711980000000038e-02
1.035370459999999937e-02
1.042503839999999946e-02
1.031946819999999924e-02
1.034793219999999986e-02
1.045840240000000046e-02
1.042408059999999984e-02
1.042083180000000046e-02
1.053051699999999966e-02
1.048114470000000020e-02
1.044862660000000013e-02
1.057759299999999972e-02
1.055455330000000004e-02
1.040229940000000040e-02
1.054378979999999986e-02
1.063968279999999954e-02
1.063577140000000060e-02
1.042175369999999955e-02
1.052208829999999942e-02
1.045970440000000036e-02
1.047201470000000065e-02
1.060846720000000083e-02
1.076228410000000003e-02
1.052700070000000057e-02
1.074508289999999942e-02
1.050961480000000073e-02
1.064177200000000073e-02
1.055770439999999949e-02
1.053618989999999950e-02
1.064631859999999944e-02
1.062069440000000010e-02
1.069948199999999974e-02
1.058213780000000041e-02
1.060763869999999977e-02
1.068234820000000043e-02
1.057744080000000073e-02
1.073639709999999955e-02
1.078736590000000002e-02
1.074458080000000038e-02
1.067828080000000034e-02
1.065729160000000036e-02
1.076928129999999914e-02
1.079903609999999931e-02
1.078920929999999979e-02
1.080326690000000048e-02
1.074726550000000037e-02
1.075659410000000087e-02
1.075549509999999993e-02
1.091315600000000025e-02
1.083534539999999984e-02
1.070127040000000071e-02
1.082983849999999935e-02
1.082242440000000076e-02
1.087269870000000076e-02
1.078312910000000027e-02
1.097703199999999941e-02
1.081110300000000073e-02
1.074239400000000060e-02
1.098430750000000018e-02
1.100665699999999955e-02
1.084706790000000004e-02
1.086118200000000047e-02
1.082951579999999990e-02
1.095980310000000020e-02
1.106318759999999971e-02
1.082717029999999934e-02
1.093977710000000082e-02
1.087409720000000017e-02
1.100056259999999952e-02
1.104484860000000054e-02
1.112830069999999963e-02
1.096298809999999950e-02
1.092569550000000063e-02
1.104544950000000032e-02
1.108578229999999942e-02
1.104923510000000060e-02
1.108183549999999969e-02
1.095311059999999961e-02
1.119232939999999926e-02
1.106628200000000020e-02
1.107797370000000031e-02
1.111320330000000085e-02
1.114286360000000045e-02
1.121265360000000058e-02
1.105198370000000027e-02
1.103471819999999985e-02
1.118749460000000029e-02
1.114251800000000056e-02
1.115947309999999922e-02
1.110134540000000045e-02
1.115482509999999976e-02
1.115446210000000000e-02
1.115007110000000058e-02
1.112418050000000061e-02
1.113102000000000015e-02
1.125329259999999915e-02
1.127018909999999950e-02
1.104976199999999943e-02
1.114326560000000049e-02
1.120863710000000006e-02
1.116158629999999992e-02
1.120043190000000015e-02
1.121384320000000032e-02
1.126184510000000083e-02
1.114686559999999993e-02
1.131145939999999954e-02
1.120730399999999953e-02
1.123123980000000077e-02
1.137673169999999997e-02
1.133918480000000069e-02
1.122801810000000067e-02
1.135198419999999993e-02
1.132369970000000024e-02
1.123519029999999960e-02
1.131143660000000044e-02
1.126713709999999959e-02
1.126764279999999986e-02
1.138131839999999978e-02
1.132650590000000047e-02
1.124370159999999938e-02
1.135566820000000025e-02
1.141907009999999952e-02
1.133387630000000021e-02
1.144600659999999923e-02
1.149898209999999921e-02
1.155601879999999977e-02
1.149407589999999930e-02
1.147608529999999925e-02
1.135568929999999921e-02
1.150420129999999916e-02
1.149023350000000047e-02
1.146976599999999930e-02
1.145481670000000028e-02
1.153270539999999914e-02
1.146793620000000069e-02
1.138487189999999941e-02
1.159335480000000043e-02
1.152044460000000055e-02
1.151941079999999930e-02
1.162286080000000076e-02
1.143518410000000061e-02
1.154770119999999969e-02
1.173083949999999959e-02
1.158744710000000032e-02
1.158721709999999995e-02
1.155985250000000041e-02
1.160304719999999921e-02
1.163232319999999917e-02
1.145458149999999987e-02
1.166529019999999923e-02
1.161215779999999996e-02
1.173879430000000085e-02
1.167520870000000009e-02
1.192605979999999954e-02
1.166405780000000052e-02
1.173397169999999996e-02
1.189736819999999938e-02
1.160310839999999927e-02
1.153886900000000021e-02
1.165495929999999999e-02
1.161256500000000004e-02
1.163667130000000001e-02
1.180144820000000004e-02
1.174442979999999921e-02
1.167893560000000074e-02
1.182277399999999944e-02
1.166543010000000054e-02
1.187033279999999934e-02
1.180716539999999981e-02
1.173322960000000061e-02
1.172199470000000014e-02
1.173185160000000081e-02
1.169012290000000058e-02
1.171681559999999955e-02
1.189458269999999970e-02
1.178396190000000066e-02
1.188606910000000044e-02
1.185910970000000030e-02
1.185180169999999929e-02
1.190237570000000043e-02
1.183163240000000005e-02
1.189030609999999939e-02
1.176743310000000035e-02
1.190095929999999969e-02
1.188461969999999972e-02
1.177689590000000064e-02
1.198772210000000060e-02
1.199438469999999923e-02
1.182706749999999987e-02
1.191266730000000058e-02
1.189019449999999950e-02
1.188566869999999921e-02
1.218309199999999953e-02
1.190870989999999983e-02
1.202406129999999962e-02
1.190591589999999943e-02
1.205384550000000027e-02
1.214447949999999943e-02
1.205212240000000032e-02
1.203454200000000050e-02
1.208498969999999978e-02
1.208031250000000077e-02
1.218489319999999966e-02
1.207879700000000049e-02
1.196440300000000019e-02
1.215569350000000014e-02
1.223706230000000048e-02
1.191874199999999953e-02
1.215110229999999923e-02
1.214619909999999949e-02
1.214187060000000012e-02
1.212828139999999957e-02
1.222832209999999940e-02
1.218986279999999950e-02
1.213992120000000063e-02
1.198173769999999992e-02
1.224819949999999928e-02
1.222740699999999917e-02
1.219445109999999985e-02
1.211321039999999939e-02
1.221814149999999981e-02
1.234061610000000003e-02
1.227510719999999958e-02
1.232898250000000022e-02
1.223495649999999969e-02
1.222182399999999919e-02
1.237599619999999942e-02
1.226941590000000040e-02
1.225666880000000035e-02
1.227180949999999958e-02
1.223581839999999914e-02
1.239206550000000046e-02
1.205853890000000046e-02
1.235223780000000056e-02
1.225529069999999922e-02
1.223936439999999924e-02
1.234635669999999998e-02
1.244353399999999915e-02
1.241652199999999928e-02
1.232497089999999920e-02
1.232480019999999954e-02
1.238946349999999960e-02
1.236785659999999933e-02
1.243208810000000046e-02
1.253526840000000059e-02
1.244188209999999919e-02
1.257831950000000074e-02
1.252528590000000046e-02
1.242578119999999953e-02
1.252058770000000036e-02
1.251090189999999949e-02
1.259994799999999970e-02
1.264144780000000037e-02
1.256934510000000046e-02
1.248402420000000075e-02
1.263635360000000055e-02
1.253274830000000034e-02
1.267508690000000021e-02
1.247824919999999949e-02
1.273169220000000025e-02
1.271106940000000032e-02
1.253621809999999961e-02
1.271942610000000029e-02
1.273486629999999974e-02
1.248373250000000059e-02
1.272673510000000077e-02
1.266542300000000031e-02
1.268985800000000004e-02
1.274077030000000076e-02
1.279354949999999928e-02
1.254335139999999960e-02
1.268024409999999984e-02
1.289937770000000074e-02
1.275549129999999955e-02
1.296317559999999973e-02
1.278053449999999938e-02
1.273511389999999917e-02
1.281478490000000081e-02
1.275293649999999918e-02
1.271801749999999960e-02
1.285119709999999957e-02
1.285514899999999974e-02
1.262063079999999927e-02
1.290934579999999943e-02
1.271724100000000066e-02
1.278637030000000056e-02
1.273718539999999996e-02
1.295261559999999999e-02
1.292258800000000048e-02
1.287014229999999988e-02
1.274628759999999958e-02
1.293497679999999934e-02
1.295692820000000044e-02
1.277709699999999941e-02
1.294917219999999931e-02
1.291834040000000051e-02
1.281293179999999990e-02
1.275249000000000001e-02
1.290585950000000016e-02
1.286792020000000064e-02
1.294114979999999929e-02
1.312542600000000080e-02
1.317350460000000015e-02
1.295162929999999976e-02
1.294456310000000054e-02
1.305488250000000003e-02
1.312008169999999939e-02
1.296282269999999952e-02
1.313084670000000051e-02
1.307622710000000063e-02
1.292900230000000074e-02
1.315537259999999958e-02
1.312670330000000052e-02
1.323493140000000026e-02
1.295913230000000048e-02
1.304811179999999966e-02
1.307705909999999985e-02
1.330294890000000008e-02
1.314487890000000034e-02
1.309934819999999944e-02
1.339127440000000002e-02
1.301093459999999938e-02
1.329499079999999986e-02
1.330750749999999941e-02
1.324767699999999937e-02
1.312933449999999919e-02
1.340737250000000047e-02
1.324181900000000016e-02
1.319879820000000037e-02
1.329725759999999916e-02
1.304885100000000020e-02
1.320867069999999942e-02
1.331895439999999931e-02
1.325160050000000027e-02
1.308388870000000079e-02
1.324823259999999975e-02
1.333163400000000019e-02
1.334955829999999975e-02
1.353456660000000068e-02
1.351802510000000082e-02
1.340337179999999927e-02
1.341416649999999967e-02
1.326419650000000040e-02
1.328937739999999992e-02
1.358129150000000028e-02
1.337054109999999928e-02
1.347599709999999958e-02
1.333896220000000028e-02
1.351348230000000081e-02
1.353246389999999966e-02
1.350462789999999982e-02
1.331853130000000031e-02
1.347779359999999940e-02
1.353613799999999964e-02
1.366133289999999986e-02
1.338629480000000024e-02
1.348311240000000036e-02
1.356877270000000045e-02
1.368783659999999944e-02
1.338965460000000017e-02
1.343804300000000021e-02
1.380016350000000044e-02
1.356256379999999997e-02
1.366919249999999988e-02
1.366391989999999994e-02
1.359957420000000063e-02
1.355774170000000056e-02
1.341100809999999990e-02
1.385955810000000059e-02
1.364693619999999934e-02
1.355480620000000004e-02
1.353883820000000016e-02
1.376706939999999997e-02
1.353869180000000054e-02
1.356424349999999987e-02
1.371477739999999931e-02
1.366889980000000025e-02
1.380562840000000048e-02
1.368409729999999977e-02
1.360193519999999996e-02
1.377776709999999939e-02
1.407743690000000034e-02
1.390458800000000071e-02
1.368551450000000079e-02
1.372965129999999950e-02
1.392450209999999966e-02
1.382678170000000047e-02
1.389299459999999986e-02
1.384651479999999928e-02
1.395577989999999963e-02
1.389402940000000058e-02
1.361717599999999993e-02
1.376567239999999977e-02
1.387568490000000085e-02
1.378457379999999989e-02
1.383833899999999985e-02
1.383566360000000085e-02
1.380020139999999992e-02
1.408652799999999920e-02
1.380197049999999995e-02
1.405578830000000015e-02
1.378921540000000064e-02
1.403292509999999951e-02
1.417568829999999933e-02
1.380239779999999951e-02
1.411184140000000010e-02
1.413451970000000057e-02
1.421822149999999937e-02
1.406184899999999953e-02
1.394318150000000041e-02
1.374164039999999955e-02
1.406214010000000035e-02
1.403486410000000066e-02
1.424561700000000035e-02
1.410669250000000027e-02
1.413088749999999970e-02
1.423086420000000026e-02
1.400389320000000083e-02
1.425014370000000051e-02
1.445045709999999949e-02
1.409962730000000053e-02
1.410604279999999947e-02
1.439046429999999918e-02
1.403631139999999937e-02
1.435297819999999981e-02
1.418800649999999927e-02
1.446517119999999983e-02
1.412127099999999948e-02
1.425708380000000053e-02
1.420212319999999973e-02
1.423981229999999980e-02
1.400875860000000070e-02
1.446856759999999922e-02
1.407248720000000078e-02
1.455892680000000008e-02
1.411167930000000077e-02
1.424179040000000084e-02
1.438729629999999961e-02
1.446056660000000042e-02
1.431452499999999982e-02
1.455342949999999941e-02
1.427818640000000014e-02
1.425957150000000014e-02
1.448129939999999970e-02
1.422185670000000041e-02
1.434775320000000048e-02
1.455208830000000002e-02
1.448788760000000071e-02
1.464488409999999997e-02
1.454067920000000000e-02
1.435234619999999940e-02
1.483503100000000026e-02
1.442026159999999953e-02
1.457955480000000005e-02
1.434734430000000026e-02
1.429631550000000015e-02
1.450443080000000072e-02
1.464486140000000047e-02
1.478824249999999979e-02
1.442712879999999941e-02
1.479758530000000079e-02
1.441388899999999917e-02
1.482563039999999950e-02
1.445529339999999940e-02
1.462633160000000043e-02
1.479282449999999929e-02
1.456947790000000069e-02
1.468527830000000006e-02
1.461346709999999938e-02
1.438527619999999986e-02
1.467679440000000009e-02
1.463129129999999993e-02
1.469965399999999950e-02
1.467637450000000045e-02
1.508309019999999959e-02
1.479181700000000051e-02
1.477123930000000078e-02
1.487642420000000014e-02
1.474455579999999974e-02
1.465626800000000007e-02
1.475499169999999922e-02
1.496315779999999977e-02
1.525277889999999970e-02
1.497358290000000078e-02
1.498593510000000018e-02
1.487893180000000003e-02
1.476309699999999933e-02
1.494414250000000027e-02
1.507852720000000049e-02
1.492074619999999956e-02
1.476383170000000050e-02
1.485696430000000082e-02
1.519109029999999964e-02
1.485684420000000019e-02
1.502493230000000006e-02
1.494350250000000060e-02
1.502290969999999989e-02
1.492941530000000024e-02
1.491490160000000058e-02
1.507230359999999977e-02
1.501017039999999990e-02
1.517306539999999961e-02
1.491357259999999928e-02
1.493922750000000084e-02
1.522441870000000065e-02
1.512854630000000020e-02
1.527886520000000005e-02
1.519139180000000054e-02
1.498468979999999923e-02
1.515885659999999940e-02
1.504572250000000069e-02
1.521964949999999976e-02
1.529291990000000018e-02
1.511687830000000080e-02
1.531080439999999918e-02
1.530835040000000022e-02
1.517690489999999962e-02
1.558363180000000084e-02
1.536536980000000052e-02
1.530528540000000021e-02
1.528141480000000038e-02
1.531347939999999977e-02
1.516509610000000077e-02
1.533210230000000077e-02
1.533786789999999969e-02
1.524757420000000079e-02
1.543068369999999953e-02
1.555034590000000001e-02
1.527212870000000007e-02
1.539478319999999963e-02
1.547537560000000062e-02
1.540896450000000042e-02
1.537504420000000011e-02
1.562627030000000167e-02
1.530844410000000051e-02
1.563056120000000035e-02
1.551397770000000065e-02
1.527120419999999923e-02
1.547922200000000081e-02
1.538754890000000076e-02
1.514242870000000012e-02
1.530812460000000041e-02
1.556839439999999943e-02
1.567847140000000125e-02
1.576009020000000010e-02
1.575994450000000116e-02
1.523165819999999955e-02
1.545416080000000005e-02
1.569777829999999957e-02
1.541379650000000018e-02
1.557542540000000052e-02
1.548372970000000057e-02
1.580940579999999887e-02
1.587506580000000098e-02
1.545433080000000077e-02
1.587742990000000007e-02
1.552033539999999982e-02
1.566124500000000072e-02
1.566738180000000133e-02
1.575121009999999946e-02
1.568862390000000037e-02
1.591888080000000011e-02
1.582412730000000087e-02
1.609602920000000048e-02
1.605980829999999887e-02
1.595279659999999933e-02
1.598410360000000058e-02
1.592015030000000150e-02
1.565676250000000089e-02
1.607732140000000046e-02
1.571657469999999945e-02
1.577122770000000118e-02
1.589651859999999944e-02
1.586709890000000123e-02
1.586774850000000070e-02
1.571432130000000038e-02
1.594221029999999886e-02
1.584852850000000035e-02
1.587254759999999834e-02
1.571095109999999864e-02
1.592248959999999908e-02
1.589008849999999987e-02
1.591680679999999889e-02
1.602037820000000098e-02
1.586708280000000137e-02
1.646955400000000083e-02
1.565236949999999905e-02
1.584202410000000102e-02
1.602130330000000116e-02
1.652349570000000156e-02
1.597724019999999939e-02
1.619464290000000029e-02
1.618339209999999917e-02
1.573378250000000145e-02
1.631822319999999896e-02
1.603369170000000163e-02
1.589475939999999976e-02
1.599733160000000112e-02
1.607438539999999846e-02
1.616812059999999870e-02
1.603674669999999997e-02
1.604865839999999877e-02
1.617942290000000047e-02
1.651246069999999858e-02
1.639592659999999924e-02
1.626523289999999913e-02
1.624277680000000071e-02
1.627828309999999890e-02
1.622061099999999936e-02
1.611890779999999856e-02
1.612209469999999895e-02
1.638067270000000131e-02
1.618994649999999993e-02
1.621160690000000154e-02
1.661276420000000129e-02
1.634206579999999964e-02
1.611815689999999968e-02
1.639095070000000029e-02
1.652567240000000007e-02
1.629121840000000154e-02
1.682492290000000071e-02
1.654507469999999883e-02
1.628762549999999976e-02
1.647091609999999998e-02
1.665992809999999880e-02
1.668806210000000137e-02
1.673632179999999872e-02
1.613526289999999905e-02
1.640923229999999983e-02
1.704138919999999974e-02
1.679046580000000122e-02
1.648799160000000152e-02
1.639358609999999952e-02
1.658174280000000028e-02
1.632954379999999872e-02
1.635211240000000038e-02
1.633115450000000024e-02
1.649053519999999981e-02
1.677572260000000093e-02
1.634255830000000062e-02
1.637922030000000043e-02
1.653989380000000023e-02
1.648835150000000152e-02
1.677819360000000135e-02
1.677478409999999878e-02
1.668742269999999930e-02
1.680328669999999955e-02
1.672579949999999926e-02
1.682596110000000172e-02
1.678671199999999877e-02
1.687026499999999887e-02
1.706215139999999950e-02
1.685929690000000092e-02
1.670640160000000027e-02
1.671968799999999991e-02
1.709689390000000003e-02
1.670363630000000141e-02
1.695786260000000170e-02
1.648695769999999894e-02
1.708106159999999915e-02
1.701856159999999910e-02
1.720842339999999887e-02
1.652561350000000123e-02
1.666468050000000090e-02
1.718434790000000073e-02
1.721910769999999979e-02
1.697653060000000116e-02
1.718584399999999873e-02
1.713031630000000013e-02
1.730847049999999915e-02
1.723047479999999937e-02
1.698507850000000041e-02
1.719898859999999946e-02
1.684297059999999985e-02
1.693647380000000077e-02
1.747099020000000141e-02
1.737347709999999962e-02
1.707918149999999857e-02
1.698750599999999944e-02
1.719567110000000051e-02
1.736640869999999878e-02
1.738576010000000144e-02
1.681112579999999995e-02
1.723926320000000040e-02
1.720540489999999867e-02
1.727441149999999967e-02
1.721488220000000000e-02
1.743989959999999936e-02
1.710822310000000013e-02
1.714630069999999867e-02
1.709456930000000097e-02
1.699913070000000012e-02
1.725007740000000095e-02
1.676578880000000049e-02
1.711143700000000017e-02
1.736354960000000003e-02
1.723470029999999917e-02
1.761645790000000017e-02
1.773104030000000053e-02
1.742474819999999952e-02
1.750263079999999846e-02
1.735222570000000131e-02
1.783049150000000013e-02
1.730997280000000013e-02
1.740416610000000003e-02
1.760423540000000120e-02
1.749803260000000124e-02
1.738778490000000149e-02
1.745619379999999859e-02
1.756831240000000099e-02
1.735712829999999998e-02
1.789203950000000168e-02
1.775799739999999946e-02
1.726481829999999829e-02
1.752788669999999840e-02
1.766068750000000104e-02
1.756072440000000165e-02
1.746446600000000141e-02
1.757768460000000074e-02
1.744423440000000131e-02
1.772116339999999998e-02
1.780748349999999869e-02
1.754892549999999968e-02
1.761937489999999829e-02
1.756036320000000164e-02
1.780668300000000023e-02
1.761462529999999888e-02
1.768475939999999968e-02
1.795469720000000130e-02
1.816747520000000157e-02
1.748900440000000084e-02
1.794316090000000127e-02
1.802442339999999962e-02
1.804035940000000074e-02
1.831157699999999902e-02
1.824874489999999891e-02
1.775818350000000004e-02
1.800028730000000077e-02
1.776477779999999923e-02
1.805671530000000150e-02
1.786222670000000082e-02
1.803730569999999894e-02
1.803421830000000170e-02
1.810455760000000136e-02
1.825008189999999947e-02
1.791358950000000033e-02
1.793797849999999999e-02
1.831633090000000033e-02
1.813365059999999876e-02
1.796863019999999853e-02
1.823690869999999853e-02
1.731050439999999926e-02
1.801012830000000078e-02
1.825480729999999843e-02
1.803165019999999896e-02
1.778731580000000173e-02
1.799506749999999974e-02
1.806563200000000161e-02
1.806869889999999923e-02
1.780522819999999853e-02
1.829611600000000116e-02
1.832943750000000024e-02
1.836151800000000028e-02
1.860181249999999856e-02
1.832197849999999892e-02
1.835066130000000129e-02
1.821322469999999902e-02
1.819716069999999936e-02
1.815457499999999919e-02
1.822746589999999986e-02
1.857737289999999986e-02
1.860817039999999867e-02
1.835724970000000150e-02
1.833302789999999988e-02
1.844575919999999827e-02
1.841607110000000047e-02
1.867638190000000045e-02
1.871509669999999945e-02
1.864921300000000129e-02
1.834834930000000044e-02
1.854606259999999965e-02
1.877110980000000137e-02
1.824983390000000164e-02
1.860940570000000141e-02
1.871685349999999831e-02
1.824806459999999894e-02
1.843070919999999918e-02
1.865890669999999835e-02
1.869004859999999837e-02
1.835435700000000170e-02
1.846577679999999999e-02
1.840630199999999939e-02
1.837973739999999856e-02
1.825142030000000137e-02
1.834894780000000114e-02
1.851553829999999859e-02
1.892686970000000135e-02
1.837169840000000068e-02
1.900987579999999927e-02
1.849211270000000046e-02
1.902444429999999853e-02
1.894300930000000077e-02
1.871510100000000135e-02
1.908090490000000083e-02
1.865806470000000092e-02
1.878684879999999863e-02
1.892076590000000072e-02
1.887247480000000047e-02
1.872107279999999860e-02
1.883172090000000132e-02
1.884668980000000008e-02
1.897719369999999878e-02
1.879277400000000167e-02
1.891670180000000132e-02
1.867518890000000042e-02
1.887156740000000069e-02
1.880317750000000052e-02
1.896568640000000083e-02
1.945515030000000145e-02
1.864285660000000039e-02
1.878059649999999983e-02
1.864860670000000054e-02
1.871976590000000093e-02
1.897845059999999848e-02
1.875195959999999967e-02
1.897268549999999929e-02
1.907604060000000004e-02
1.941384560000000009e-02
1.903781749999999828e-02
1.901729060000000027e-02
1.944880309999999848e-02
1.955506179999999886e-02
1.899932069999999903e-02
1.967159320000000031e-02
1.925970509999999983e-02
1.978343460000000012e-02
1.897990490000000044e-02
1.895439689999999996e-02
1.921539120000000100e-02
1.916127810000000167e-02
1.948667969999999874e-02
1.955022429999999853e-02
1.945663989999999940e-02
1.944012070000000064e-02
1.938953519999999861e-02
1.944647860000000075e-02
1.935316379999999989e-02
1.953431220000000079e-02
1.990515049999999966e-02
1.972926129999999847e-02
1.980635149999999955e-02
1.928571969999999872e-02
1.911575830000000059e-02
1.896340629999999916e-02
1.966566999999999968e-02
1.977131749999999979e-02
1.988765899999999850e-02
2.014763190000000079e-02
1.964387280000000000e-02
1.987820920000000005e-02
1.935974370000000111e-02
1.975084549999999925e-02
1.930501689999999937e-02
1.939476130000000048e-02
1.973186440000000014e-02
1.930583229999999900e-02
1.970462359999999857e-02
1.951727589999999873e-02
2.010898770000000071e-02
2.031823790000000102e-02
1.946860190000000018e-02
1.969911400000000021e-02
1.973584559999999946e-02
1.942170740000000173e-02
1.999238700000000035e-02
1.956324989999999944e-02
1.995256780000000119e-02
2.011185399999999845e-02
1.963888470000000122e-02
1.994754560000000163e-02
2.008392789999999956e-02
1.996456840000000038e-02
1.978954990000000164e-02
1.997537920000000064e-02
2.018113839999999964e-02
2.006226100000000137e-02
2.026031730000000045e-02
1.994764610000000077e-02
2.029368640000000015e-02
2.032869350000000158e-02
2.009468920000000158e-02
2.024406769999999994e-02
1.983444419999999889e-02
1.979740920000000112e-02
2.025508789999999962e-02
2.071977100000000141e-02
2.035127579999999881e-02
2.004319720000000138e-02
2.032911689999999938e-02
2.043121820000000019e-02
1.994280019999999931e-02
1.982196680000000016e-02
2.009615609999999830e-02
2.032382900000000159e-02
2.004041800000000081e-02
1.990117010000000061e-02
2.037194720000000056e-02
2.085013210000000172e-02
2.040101979999999968e-02
2.028609879999999921e-02
2.020213599999999901e-02
2.072053739999999908e-02
2.054079879999999927e-02
2.021513839999999895e-02
2.003667760000000034e-02
2.055347509999999947e-02
2.067942819999999890e-02
2.074671579999999918e-02
2.051286030000000135e-02
2.009113049999999845e-02
2.010851909999999965e-02
2.055561020000000114e-02
2.045548200000000053e-02
2.012398890000000051e-02
2.094248359999999892e-02
2.068708719999999904e-02
2.066509849999999954e-02
2.027111560000000035e-02
2.085019130000000109e-02
2.106033120000000078e-02
2.065197289999999922e-02
2.066323709999999883e-02
2.053575280000000114e-02
2.096293260000000117e-02
1.994181280000000001e-02
2.060735039999999837e-02
2.083706340000000129e-02
2.040518859999999879e-02
2.013032849999999915e-02
2.105030979999999996e-02
2.104165139999999989e-02
2.090881210000000018e-02
2.079333980000000123e-02
2.086966690000000013e-02
2.094317849999999953e-02
2.071529059999999839e-02
2.151812360000000118e-02
2.056517130000000068e-02
2.080015480000000153e-02
2.050936940000000139e-02
2.101350360000000042e-02
2.102074829999999936e-02
2.093496400000000035e-02
2.095924589999999949e-02
2.119800050000000130e-02
2.101480550000000072e-02
2.087022939999999896e-02
2.066583619999999913e-02
2.082323560000000004e-02
2.084513660000000129e-02
2.139876350000000094e-02
2.147877180000000094e-02
2.127071989999999857e-02
2.109279559999999859e-02
2.108273499999999828e-02
2.147573259999999845e-02
2.120377110000000107e-02
2.118095600000000078e-02
2.102298470000000044e-02
2.100038920000000045e-02
2.139998350000000063e-02
2.091050380000000070e-02
2.094687029999999991e-02
2.142447670000000026e-02
2.141100459999999844e-02
2.139219950000000037e-02
2.138059889999999880e-02
2.114102740000000161e-02
2.147189710000000154e-02
2.188004229999999939e-02
2.121855489999999872e-02
2.175980770000000147e-02
2.127937330000000127e-02
2.139149120000000126e-02
2.104278979999999952e-02
2.186057019999999851e-02
2.136384029999999906e-02
2.173359760000000140e-02
2.131958200000000012e-02
2.197640260000000012e-02
2.147321439999999929e-02
2.215434910000000160e-02
2.132179099999999966e-02
2.160712650000000054e-02
2.171782640000000097e-02
2.159234009999999940e-02
2.176096090000000094e-02
2.154458860000000101e-02
2.201910979999999879e-02
2.198638680000000040e-02
2.190747180000000155e-02
2.180302679999999993e-02
2.190874829999999926e-02
2.184873130000000024e-02
2.169706490000000015e-02
2.230039940000000040e-02
2.225588920000000012e-02
2.193697400000000144e-02
2.182639429999999950e-02
2.182984669999999891e-02
2.198277980000000117e-02
2.135794720000000133e-02
2.175920870000000104e-02
2.212893189999999913e-02
2.235598889999999839e-02
2.281293469999999893e-02
2.231147699999999970e-02
2.169089160000000141e-02
2.179974800000000074e-02
2.171954580000000010e-02
2.172397499999999954e-02
2.215684130000000057e-02
2.223247299999999912e-02
2.224601890000000096e-02
2.215498280000000042e-02
2.189841090000000171e-02
2.210049329999999937e-02
2.238539339999999836e-02
2.212194899999999839e-02
2.251270169999999848e-02
2.260175570000000009e-02
2.324885759999999885e-02
2.212229459999999828e-02
2.231784109999999932e-02
2.224132599999999876e-02
2.232144050000000116e-02
2.219384920000000080e-02
2.217545170000000121e-02
2.315060639999999906e-02
2.254646360000000030e-02
2.248510449999999855e-02
2.209774050000000087e-02
2.288697259999999956e-02
2.223831139999999859e-02
2.222928520000000061e-02
2.268340909999999946e-02
2.268994189999999980e-02
2.295513329999999963e-02
2.200076059999999875e-02
2.186553150000000029e-02
2.316545890000000149e-02
2.279719850000000089e-02
2.310555779999999906e-02
2.273414530000000128e-02
2.285167470000000131e-02
2.236751409999999940e-02
2.258604510000000037e-02
2.218218799999999852e-02
2.202713150000000161e-02
2.242570680000000038e-02
2.270998160000000168e-02
2.311541749999999895e-02
2.281405270000000027e-02
2.236863719999999944e-02
2.230835940000000170e-02
2.305323050000000068e-02
2.281927770000000133e-02
2.327147840000000009e-02
2.390286759999999885e-02
2.314397860000000015e-02
2.285087579999999993e-02
2.315291059999999984e-02
2.288611910000000124e-02
2.256963000000000025e-02
2.260351140000000161e-02
2.307678079999999840e-02
2.330981979999999926e-02
2.335154290000000105e-02
2.327602219999999958e-02
2.356821239999999998e-02
2.336294950000000065e-02
2.280454839999999928e-02
2.290359559999999989e-02
2.343736570000000061e-02
2.348513909999999996e-02
2.347312879999999963e-02
2.319392530000000119e-02
2.296883660000000049e-02
2.308964620000000106e-02
2.360054389999999974e-02
2.329966719999999880e-02
2.310152039999999879e-02
2.371287180000000022e-02
2.314912209999999901e-02
2.296728820000000157e-02
2.349610259999999895e-02
2.378190729999999850e-02
2.370519039999999938e-02
2.376794369999999865e-02
2.383413560000000042e-02
2.390455500000000094e-02
2.348465539999999852e-02
2.333556499999999909e-02
2.278503429999999969e-02
2.278596609999999911e-02
2.328222129999999931e-02
2.363034359999999917e-02
2.331190049999999972e-02
2.329031029999999863e-02
2.361407810000000149e-02
2.314981710000000095e-02
2.345110859999999936e-02
2.375599939999999827e-02
2.366890879999999919e-02
2.427896519999999878e-02
2.350045909999999919e-02
2.348182890000000134e-02
2.368053519999999829e-02
2.365661369999999888e-02
2.427237839999999910e-02
2.402198960000000161e-02
2.352477760000000126e-02
2.330693340000000030e-02
2.442591309999999835e-02
2.361368440000000124e-02
2.365614980000000159e-02
2.376303979999999996e-02
2.447191779999999955e-02
2.432747370000000117e-02
2.358906950000000044e-02
2.443905470000000066e-02
2.423676959999999936e-02
2.441054460000000037e-02
2.425608849999999830e-02
2.458966029999999983e-02
2.344268940000000107e-02
2.516557670000000094e-02
2.366342310000000074e-02
2.397944990000000151e-02
2.348987989999999984e-02
2.412617829999999866e-02
2.460446919999999954e-02
2.441881889999999999e-02
2.465686049999999893e-02
2.501101760000000104e-02
2.479752719999999896e-02
2.390910389999999913e-02
2.415360639999999948e-02
2.410747460000000134e-02
2.451295900000000083e-02
2.437041040000000047e-02
2.463166320000000076e-02
2.457020689999999882e-02
2.416698600000000141e-02
2.391416340000000057e-02
2.445339649999999851e-02
2.457552199999999895e-02
2.464379070000000116e-02
2.415046939999999920e-02
2.414257289999999917e-02
2.423701019999999901e-02
2.470530060000000055e-02
2.428442629999999838e-02
2.478166050000000023e-02
2.494537910000000150e-02
2.477787879999999998e-02
2.485747989999999991e-02
2.452144070000000092e-02
2.490288489999999827e-02
2.478033560000000163e-02
2.503063349999999979e-02
2.430026910000000068e-02
2.437823810000000133e-02
2.439472830000000148e-02
2.456543330000000164e-02
2.492019649999999836e-02
2.468643879999999832e-02
2.506083939999999982e-02
2.444742039999999936e-02
2.475901059999999904e-02
2.522405269999999922e-02
2.456038660000000109e-02
2.410899180000000003e-02
2.469335069999999827e-02
2.443333480000000127e-02
2.507251079999999951e-02
2.514979129999999827e-02
2.511230340000000089e-02
2.513991269999999931e-02
2.497499330000000142e-02
2.518689910000000004e-02
2.506730830000000049e-02
2.474703290000000028e-02
2.562906159999999919e-02
2.514700120000000136e-02
2.478637750000000153e-02
2.474424310000000043e-02
2.564640879999999928e-02
2.510992160000000140e-02
2.489110049999999907e-02
2.538677859999999981e-02
2.536446339999999869e-02
2.546054960000000006e-02
2.496988099999999933e-02
2.515174820000000075e-02
2.551464700000000141e-02
2.500792630000000030e-02
2.530987900000000040e-02
2.544965240000000156e-02
2.525185060000000037e-02
2.538839299999999868e-02
2.540862660000000120e-02
2.528945579999999915e-02
2.525263809999999873e-02
2.600213729999999862e-02
2.537982620000000036e-02
2.598796949999999939e-02
2.550953259999999903e-02
2.588493819999999890e-02
2.591415879999999991e-02
2.516577910000000057e-02
2.549571990000000163e-02
2.669479890000000036e-02
2.614102769999999965e-02
2.533513899999999958e-02
2.588676720000000070e-02
2.557733740000000047e-02
2.617378630000000150e-02
2.633860409999999944e-02
2.623543459999999952e-02
2.620611310000000096e-02
2.647044730000000165e-02
2.655856050000000163e-02
2.626782349999999891e-02
2.650627510000000062e-02
2.526802040000000055e-02
2.602539530000000031e-02
2.475769980000000134e-02
2.590017049999999987e-02
2.630503179999999983e-02
2.688036629999999982e-02
2.575538159999999840e-02
2.680266879999999852e-02
2.594416470000000113e-02
2.577639860000000005e-02
2.605288650000000053e-02
2.609685109999999864e-02
2.586938739999999903e-02
2.617614529999999842e-02
2.598714779999999891e-02
2.608105310000000121e-02
2.601789250000000053e-02
2.542493610000000001e-02
2.567865299999999920e-02
2.675481570000000017e-02
2.642192570000000129e-02
2.673919240000000030e-02
2.489778089999999944e-02
2.658303190000000163e-02
2.649259309999999965e-02
2.620849499999999832e-02
2.643664390000000086e-02
2.624407650000000133e-02
2.640885800000000033e-02
2.635686959999999912e-02
2.661906719999999893e-02
2.572102639999999940e-02
2.623307440000000046e-02
2.675101610000000033e-02
2.693069580000000129e-02
2.674509170000000102e-02
2.603725330000000032e-02
2.693528560000000086e-02
2.649552880000000110e-02
2.586662240000000071e-02
2.669800849999999851e-02
2.692832159999999919e-02
2.684284340000000005e-02
2.690038479999999968e-02
2.712405700000000003e-02
2.604076649999999965e-02
2.707808089999999904e-02
2.736029190000000000e-02
2.740545659999999925e-02
2.709636550000000046e-02
2.681311499999999848e-02
2.727379460000000158e-02
2.698481499999999880e-02
2.669488869999999889e-02
2.788728630000000125e-02
2.711329670000000094e-02
2.740840019999999863e-02
2.711743440000000116e-02
2.699897919999999854e-02
2.760814690000000168e-02
2.583387549999999894e-02
2.822388990000000014e-02
2.697192169999999833e-02
2.625401429999999967e-02
2.721353379999999836e-02
2.757378610000000077e-02
2.736507430000000018e-02
2.709259149999999894e-02
2.752227120000000013e-02
2.769407839999999885e-02
2.724749229999999869e-02
2.777281399999999983e-02
2.691613819999999838e-02
2.677796550000000053e-02
2.712131190000000025e-02
2.664488140000000060e-02
2.752064959999999880e-02
2.821262139999999863e-02
2.758912869999999989e-02
2.791727930000000024e-02
2.658981389999999848e-02
2.654719230000000124e-02
2.685310029999999834e-02
2.753770779999999835e-02
2.706322220000000056e-02
2.795106649999999984e-02
2.767004220000000153e-02
2.824439399999999906e-02
2.716625870000000109e-02
2.803511469999999881e-02
2.732986570000000073e-02
2.770570619999999928e-02
2.887421050000000058e-02
2.790537599999999910e-02
2.780864499999999989e-02
2.801349189999999961e-02
2.777162160000000088e-02
2.808131020000000089e-02
2.778274349999999837e-02
2.814648859999999836e-02
2.780113299999999871e-02
2.762327969999999952e-02
2.797253599999999923e-02
2.774341790000000099e-02
2.774995590000000137e-02
2.827274869999999926e-02
2.878726909999999861e-02
2.840842379999999889e-02
2.872631429999999986e-02
2.867864239999999912e-02
2.818919690000000131e-02
2.899352360000000128e-02
2.898417810000000067e-02
2.892926209999999859e-02
2.820030239999999841e-02
2.907555720000000107e-02
2.814903930000000123e-02
2.863991659999999898e-02
2.810444750000000089e-02
2.786290359999999897e-02
2.796732119999999905e-02
2.766568419999999862e-02
2.827758669999999933e-02
2.810885939999999833e-02
2.801074530000000062e-02
2.802977710000000011e-02
2.776808019999999974e-02
2.875710890000000158e-02
2.921611849999999899e-02
2.842073850000000068e-02
2.908079319999999982e-02
2.866745399999999847e-02
2.827657030000000141e-02
2.828033840000000049e-02
2.789955350000000028e-02
2.953619500000000120e-02
2.875115270000000098e-02
2.859857060000000131e-02
2.837389759999999969e-02
2.837796180000000043e-02
2.870923359999999827e-02
2.943517439999999985e-02
2.846961029999999990e-02
2.886512960000000086e-02
2.927516269999999934e-02
2.923933670000000012e-02
2.904728219999999986e-02
2.894691200000000172e-02
2.853099580000000024e-02
2.945170899999999953e-02
2.881221499999999866e-02
2.889101999999999990e-02
2.827130060000000028e-02
2.892795800000000014e-02
2.946528589999999892e-02
2.945813599999999935e-02
2.982999100000000015e-02
2.878552980000000094e-02
2.949776349999999950e-02
2.951816469999999845e-02
2.945648190000000124e-02
2.930427110000000113e-02
2.920297310000000146e-02
2.995636670000000057e-02
2.862257359999999945e-02
2.974790869999999893e-02
2.981183629999999835e-02
2.912858629999999852e-02
2.997025130000000037e-02
2.967958180000000029e-02
2.902076849999999861e-02
3.011301729999999940e-02
2.968540050000000041e-02
2.909773969999999987e-02
2.919557979999999955e-02
3.035086299999999876e-02
2.959550210000000056e-02
2.996344459999999987e-02
2.908380450000000103e-02
2.911280789999999910e-02
3.006636039999999871e-02
3.035732949999999861e-02
2.948397659999999962e-02
2.938788380000000033e-02
2.973299410000000004e-02
3.013324939999999924e-02
2.979371540000000027e-02
3.025106619999999927e-02
2.921898339999999886e-02
2.931540620000000139e-02
3.065709609999999960e-02
2.955984879999999995e-02
3.054622190000000001e-02
2.978150060000000002e-02
2.911145899999999925e-02
3.053994839999999919e-02
2.904485689999999898e-02
3.008235199999999970e-02
3.059093569999999859e-02
3.000119890000000136e-02
3.000676609999999855e-02
3.137433679999999947e-02
3.027898949999999895e-02
3.010937699999999967e-02
3.003631240000000091e-02
3.116800100000000073e-02
3.097350830000000083e-02
3.014546629999999977e-02
3.210687079999999943e-02
3.104837720000000120e-02
3.110242709999999980e-02
3.001376050000000018e-02
3.158837660000000241e-02
3.041099729999999918e-02
3.120038099999999925e-02
3.143095729999999949e-02
3.034056409999999829e-02
3.103723330000000141e-02
2.964512320000000159e-02
3.068671800000000172e-02
3.101631089999999993e-02
3.083256579999999955e-02
3.036456250000000093e-02
2.969319180000000100e-02
3.090683740000000138e-02
3.102636029999999989e-02
3.148634060000000262e-02
3.085393289999999872e-02
3.050174060000000048e-02
3.076149679999999956e-02
3.059152349999999868e-02
3.005932420000000105e-02
3.179765169999999863e-02
3.129271780000000142e-02
3.123275520000000013e-02
3.126824450000000033e-02
3.112935049999999981e-02
3.052974589999999863e-02
3.196644740000000040e-02
3.154785699999999860e-02
3.138547800000000138e-02
3.168010339999999952e-02
3.165141879999999741e-02
3.100321929999999906e-02
2.990279800000000127e-02
3.038508399999999970e-02
3.093281089999999969e-02
3.105670170000000146e-02
3.193129630000000191e-02
3.099019730000000111e-02
3.165231889999999687e-02
3.148917650000000040e-02
3.203430659999999958e-02
3.202257280000000289e-02
3.236533140000000253e-02
3.189417280000000215e-02
3.148981719999999901e-02
3.194274479999999888e-02
3.186619999999999731e-02
3.131815560000000137e-02
3.167237049999999804e-02
3.229808010000000118e-02
3.102517860000000155e-02
3.128448600000000024e-02
3.250650149999999988e-02
3.157688589999999712e-02
3.210601479999999897e-02
3.216058749999999716e-02
3.082519519999999888e-02
3.159424250000000128e-02
3.208617729999999751e-02
3.099929439999999856e-02
3.295905910000000022e-02
3.192517079999999952e-02
3.232995389999999969e-02
3.190594260000000071e-02
3.206568430000000108e-02
3.201626899999999998e-02
3.341953019999999858e-02
3.182831109999999936e-02
3.141860479999999956e-02
3.310357740000000049e-02
3.226369309999999740e-02
3.219951179999999691e-02
3.160052370000000083e-02
3.183489419999999820e-02
3.145241979999999909e-02
3.243023679999999798e-02
3.121537610000000088e-02
3.335434069999999862e-02
3.313179809999999836e-02
3.193292069999999899e-02
3.227991389999999849e-02
3.150968380000000041e-02
3.265742769999999823e-02
3.235295700000000163e-02
3.044807639999999940e-02
3.350676310000000324e-02
3.335801239999999779e-02
3.274935300000000188e-02
3.241726250000000198e-02
3.329317040000000227e-02
3.384380189999999788e-02
3.052175249999999895e-02
3.207076760000000110e-02
3.221809300000000320e-02
3.419049820000000239e-02
3.275666490000000292e-02
3.237538570000000199e-02
3.379074969999999734e-02
3.199864079999999861e-02
3.322367400000000165e-02
3.289268430000000243e-02
3.223130650000000097e-02
3.218738869999999974e-02
3.276665079999999813e-02
3.321969830000000290e-02
3.393793109999999891e-02
3.261514410000000003e-02
3.291945959999999921e-02
3.253591160000000176e-02
3.317129619999999862e-02
3.292406989999999839e-02
3.376672249999999875e-02
3.232373909999999850e-02
3.398987030000000242e-02
3.313082390000000182e-02
3.392299919999999802e-02
3.218940110000000077e-02
3.440541240000000167e-02
3.313761380000000006e-02
3.573753150000000267e-02
3.396380670000000157e-02
3.360115839999999743e-02
3.225609299999999957e-02
3.405780440000000242e-02
3.277429689999999951e-02
3.359638389999999863e-02
3.365769960000000033e-02
3.319840539999999868e-02
3.370445749999999990e-02
3.417284670000000218e-02
3.369256169999999828e-02
3.343472959999999744e-02
3.414484260000000271e-02
3.418184130000000154e-02
3.297950680000000245e-02
3.391667639999999817e-02
3.490692150000000021e-02
3.390224509999999886e-02
3.211838210000000221e-02
3.322071120000000266e-02
3.486743999999999954e-02
3.409003740000000199e-02
3.427868840000000000e-02
3.292498519999999956e-02
3.290630879999999897e-02
3.196016990000000169e-02
3.326361629999999986e-02
3.378196840000000090e-02
3.458282129999999677e-02
3.417116230000000199e-02
3.450358950000000091e-02
3.267349490000000245e-02
3.227584619999999960e-02
3.418471049999999983e-02
3.397019230000000029e-02
3.433681620000000184e-02
3.439260909999999893e-02
3.565485429999999678e-02
3.600579579999999696e-02
3.404306039999999839e-02
3.454620270000000049e-02
3.366805829999999777e-02
3.425316379999999994e-02
3.477203699999999870e-02
3.618733209999999700e-02
3.510314629999999880e-02
3.467659260000000021e-02
3.397819099999999787e-02
3.609488420000000336e-02
3.421422739999999824e-02
3.430390939999999889e-02
3.417587579999999819e-02
3.553933670000000017e-02
3.489139399999999919e-02
3.389592439999999929e-02
3.519076790000000288e-02
3.501835550000000075e-02
3.524995029999999918e-02
3.547771489999999861e-02
3.445080209999999699e-02
3.436819990000000019e-02
3.646177750000000051e-02
3.533100239999999864e-02
3.656585269999999832e-02
3.354012390000000315e-02
3.544519840000000255e-02
3.520634670000000188e-02
3.579376120000000300e-02
3.544485800000000270e-02
3.425678520000000060e-02
3.546986349999999705e-02
3.492578279999999924e-02
3.653869220000000029e-02
3.523858280000000121e-02
3.424528639999999818e-02
3.673414679999999904e-02
3.322861149999999791e-02
3.639065560000000199e-02
3.491753350000000033e-02
3.449465439999999800e-02
3.528018599999999810e-02
3.540163400000000127e-02
3.506009859999999895e-02
3.587837440000000294e-02
3.495923330000000329e-02
3.658085550000000213e-02
3.471460400000000307e-02
3.483792530000000276e-02
3.748856009999999850e-02
3.755390360000000066e-02
3.751634840000000332e-02
3.665187389999999962e-02
3.673414679999999904e-02
3.654090480000000279e-02
3.505646419999999819e-02
3.628662839999999973e-02
3.514957590000000048e-02
3.581313319999999967e-02
3.479910829999999927e-02
3.680548089999999967e-02
3.694310049999999929e-02
3.659081609999999957e-02
3.656926320000000036e-02
3.797834459999999829e-02
3.771396440000000100e-02
3.611560209999999799e-02
3.659081609999999957e-02
3.717744049999999884e-02
3.560582939999999696e-02
3.758143600000000278e-02
3.656518970000000035e-02
3.691760740000000346e-02
3.711600069999999862e-02
3.773061829999999756e-02
3.673918539999999899e-02
3.641003710000000060e-02
3.727614170000000116e-02
3.470019459999999778e-02
3.637008540000000179e-02
3.745673940000000118e-02
3.746261239999999770e-02
3.736275659999999804e-02
3.810421490000000244e-02
3.660343089999999744e-02
3.634718430000000167e-02
3.619160469999999769e-02
3.683799150000000022e-02
3.613027640000000124e-02
3.570387259999999868e-02
3.878232439999999837e-02
3.690847259999999880e-02
3.734363820000000111e-02
3.699313480000000071e-02
3.868069779999999680e-02
3.519844540000000022e-02
3.565870940000000211e-02
3.753899420000000181e-02
3.813614760000000325e-02
3.712868510000000288e-02
3.686273269999999769e-02
3.663351599999999791e-02
3.650923500000000099e-02
4.000258820000000132e-02
3.573146559999999805e-02
3.801052159999999958e-02
3.543895770000000250e-02
3.562762700000000199e-02
3.900280939999999780e-02
3.729549520000000062e-02
3.727752649999999807e-02
3.719165270000000106e-02
3.846564069999999780e-02
3.677794339999999884e-02
3.866594639999999805e-02
3.951556979999999719e-02
3.640114269999999985e-02
3.771636309999999714e-02
3.716880379999999706e-02
3.790605190000000124e-02
3.453623900000000330e-02
3.795254750000000288e-02
3.632418770000000324e-02
3.814372679999999960e-02
3.784655950000000157e-02
3.980694149999999820e-02
3.695370790000000044e-02
3.835362490000000096e-02
3.732502470000000072e-02
3.851245970000000129e-02
3.794190759999999801e-02
3.772443980000000224e-02
3.840117819999999682e-02
3.902385710000000341e-02
3.846751550000000047e-02
3.836613579999999940e-02
3.966785009999999889e-02
3.850747329999999746e-02
3.900132629999999989e-02
3.800554190000000193e-02
3.776348739999999676e-02
3.990644460000000032e-02
3.658769369999999993e-02
3.763730839999999966e-02
3.881824300000000227e-02
3.795413150000000180e-02
3.900449710000000042e-02
3.841689520000000219e-02
4.016529010000000066e-02
3.665797579999999917e-02
3.759369659999999697e-02
3.966302049999999996e-02
3.880545299999999670e-02
3.888437239999999878e-02
3.811563319999999866e-02
3.856226289999999807e-02
3.994963249999999855e-02
3.836175189999999763e-02
4.079660570000000208e-02
4.045509590000000155e-02
3.988595770000000207e-02
3.908394159999999812e-02
3.897455200000000258e-02
3.960149999999999781e-02
3.965823930000000191e-02
4.080639330000000037e-02
3.750010339999999831e-02
3.691705459999999883e-02
3.757494950000000306e-02
3.927818549999999992e-02
3.777314469999999702e-02
4.055364179999999819e-02
3.962002120000000099e-02
3.901460749999999950e-02
4.042484610000000173e-02
3.772508940000000172e-02
4.182586110000000024e-02
3.983361450000000303e-02
3.753540429999999845e-02
3.883914129999999770e-02
4.098290079999999946e-02
3.969696959999999969e-02
3.985247709999999860e-02
4.022905289999999939e-02
4.047486449999999902e-02
3.821705119999999761e-02
4.061832630000000027e-02
4.184886820000000007e-02
3.828707449999999707e-02
4.025647780000000259e-02
3.954163670000000047e-02
3.976864060000000201e-02
4.058089270000000276e-02
4.082031109999999935e-02
4.015346410000000116e-02
4.150952260000000116e-02
4.082586290000000256e-02
4.300375990000000065e-02
4.097585310000000092e-02
4.240694340000000090e-02
4.038163560000000013e-02
4.112037279999999906e-02
4.056508720000000234e-02
4.009544970000000069e-02
4.081731210000000276e-02
4.000131159999999880e-02
4.087346170000000223e-02
3.983547419999999839e-02
3.840833040000000281e-02
4.229882890000000173e-02
3.967925989999999958e-02
4.015869560000000227e-02
3.969605639999999880e-02
3.948905510000000341e-02
4.198692279999999971e-02
4.034200389999999942e-02
4.065183769999999863e-02
4.158086290000000129e-02
4.147147439999999963e-02
4.026547290000000168e-02
4.083970469999999992e-02
4.152686270000000013e-02
4.213872099999999704e-02
4.174050869999999802e-02
4.368163869999999727e-02
4.159085480000000029e-02
4.076366049999999991e-02
4.140828669999999795e-02
3.995662509999999695e-02
4.178444919999999702e-02
4.218507640000000031e-02
4.204519159999999672e-02
4.197230789999999850e-02
4.162499979999999961e-02
4.087360360000000248e-02
4.065381109999999937e-02
4.262597659999999705e-02
4.023528529999999964e-02
4.261160010000000081e-02
4.394733819999999819e-02
4.288245200000000146e-02
4.049977679999999802e-02
4.020466210000000346e-02
4.067717020000000128e-02
4.237156520000000259e-02
3.978161859999999883e-02
4.210909520000000184e-02
4.160821989999999998e-02
4.140804029999999719e-02
4.123017920000000142e-02
4.170519179999999937e-02
4.346850089999999833e-02
4.066749719999999957e-02
4.029893009999999803e-02
3.950933720000000121e-02
4.078541830000000090e-02
4.175009489999999962e-02
4.236890620000000052e-02
4.170519179999999937e-02
4.295019010000000054e-02
4.306625570000000014e-02
4.326970010000000255e-02
4.217781970000000075e-02
4.020466210000000346e-02
3.957466119999999976e-02
4.362274709999999778e-02
4.241125689999999948e-02
4.251092940000000125e-02
4.299458429999999942e-02
4.139960329999999716e-02
4.275554730000000192e-02
4.147957819999999879e-02
4.354483340000000341e-02
4.249857929999999867e-02
4.111262539999999827e-02
4.101413710000000046e-02
4.083755490000000321e-02
4.263984910000000184e-02
4.185567949999999954e-02
4.334522670000000300e-02
4.167865779999999770e-02
4.498448780000000036e-02
4.186517969999999783e-02
4.294474289999999916e-02
4.241534710000000041e-02
4.335271780000000269e-02
4.238785870000000289e-02
4.093358799999999992e-02
4.277941290000000091e-02
4.246516659999999971e-02
4.370727340000000322e-02
4.404358800000000157e-02
4.277771100000000298e-02
4.348698010000000280e-02
4.603108849999999752e-02
4.554739740000000175e-02
4.443781799999999699e-02
4.205646870000000204e-02
4.244977719999999677e-02
4.288420700000000058e-02
4.389157290000000183e-02
4.115667609999999754e-02
4.343093690000000145e-02
4.535902049999999963e-02
4.475338930000000159e-02
4.378034919999999885e-02
4.398192630000000158e-02
4.650110410000000277e-02
4.406260940000000098e-02
4.205646870000000204e-02
4.354404469999999944e-02
4.352089440000000281e-02
4.526034329999999856e-02
4.500446760000000046e-02
4.435882120000000234e-02
4.222878730000000080e-02
4.392742429999999670e-02
4.426201059999999854e-02
4.620974480000000079e-02
4.495619049999999978e-02
4.306818550000000162e-02
4.245552259999999661e-02
4.498687769999999697e-02
4.506943320000000169e-02
4.386135780000000040e-02
4.423604140000000212e-02
4.642935029999999824e-02
4.448845740000000049e-02
4.554773510000000025e-02
4.451537960000000183e-02
4.475494540000000271e-02
4.566287819999999970e-02
4.607326910000000136e-02
4.361338759999999759e-02
4.468416530000000192e-02
4.483723530000000013e-02
4.472218239999999762e-02
4.677958089999999930e-02
4.650072140000000021e-02
4.485336429999999680e-02
4.452651190000000286e-02
4.383923769999999859e-02
4.518426650000000044e-02
4.523595739999999865e-02
4.498552790000000245e-02
4.726836759999999971e-02
4.551709030000000017e-02
4.762351249999999953e-02
4.620150370000000034e-02
4.432269479999999956e-02
4.673985750000000244e-02
4.525651650000000331e-02
4.477364080000000024e-02
4.500882219999999961e-02
4.531047359999999802e-02
4.478657369999999860e-02
4.529958199999999796e-02
4.372608850000000297e-02
4.625469520000000112e-02
4.608998570000000239e-02
4.410012370000000043e-02
4.617993420000000154e-02
4.611470539999999729e-02
4.481863109999999900e-02
4.629997219999999747e-02
4.771384730000000074e-02
4.657988610000000224e-02
4.705605880000000157e-02
4.422051979999999660e-02
4.715944660000000177e-02
4.885624720000000115e-02
4.907201750000000223e-02
4.705156139999999709e-02
4.445856089999999927e-02
4.859899100000000111e-02
4.634608579999999894e-02
4.538560970000000278e-02
4.682493840000000185e-02
4.526034329999999856e-02
4.767257540000000016e-02
4.504847230000000313e-02
4.691991840000000330e-02
4.831905179999999855e-02
4.566995160000000137e-02
4.767135139999999910e-02
4.546592809999999707e-02
4.692040239999999834e-02
4.627631980000000006e-02
4.517574740000000061e-02
4.452859449999999747e-02
4.724822959999999683e-02
4.926663020000000143e-02
4.662202520000000017e-02
4.801199359999999694e-02
4.732557760000000169e-02
4.760332660000000243e-02
4.639724170000000120e-02
4.732566020000000123e-02
4.386572340000000070e-02
4.540285539999999731e-02
4.997603669999999693e-02
5.102232589999999846e-02
4.687529260000000003e-02
4.787081420000000032e-02
4.784333129999999989e-02
4.902266100000000210e-02
4.866246789999999905e-02
4.609899809999999654e-02
4.827195000000000097e-02
4.631171879999999852e-02
4.670966160000000061e-02
4.729873269999999852e-02
4.841125770000000161e-02
4.474258720000000300e-02
4.927284230000000126e-02
4.562361799999999773e-02
4.596363750000000137e-02
4.878415559999999679e-02
4.801694029999999808e-02
4.799691209999999708e-02
4.791918729999999904e-02
4.710960859999999834e-02
4.965841099999999952e-02
4.586597449999999659e-02
4.793941780000000180e-02
4.776700949999999890e-02
4.841732769999999852e-02
4.803866980000000286e-02
4.793129430000000329e-02
4.960170810000000263e-02
4.885399919999999785e-02
4.938387639999999856e-02
4.844963000000000047e-02
4.833271940000000155e-02
4.894191500000000250e-02
4.520576080000000135e-02
4.860247649999999836e-02
5.253909429999999853e-02
5.032420640000000167e-02
5.115216260000000209e-02
5.006220499999999851e-02
4.980201530000000210e-02
4.801698620000000028e-02
4.741270999999999680e-02
4.822400090000000111e-02
4.650820320000000063e-02
4.912924419999999820e-02
4.870272190000000251e-02
4.807462650000000198e-02
4.779537679999999733e-02
4.778216600000000092e-02
4.964199229999999990e-02
4.872283489999999773e-02
4.765450350000000057e-02
4.911864679999999872e-02
5.078709730000000033e-02
4.966007160000000115e-02
4.993902470000000093e-02
4.899186960000000146e-02
5.031176569999999681e-02
5.030757289999999993e-02
4.980777709999999886e-02
5.329609340000000112e-02
4.878188020000000236e-02
5.105559120000000006e-02
4.688887759999999655e-02
5.136836370000000263e-02
5.004046570000000166e-02
4.885743599999999714e-02
4.902266100000000210e-02
4.889363110000000123e-02
5.072340510000000052e-02
5.121639179999999680e-02
5.246310810000000269e-02
4.696782719999999939e-02
4.978603649999999853e-02
5.157246800000000325e-02
4.849312060000000174e-02
4.926136779999999715e-02
5.088779630000000304e-02
5.085780689999999660e-02
5.109717259999999733e-02
5.323082030000000214e-02
4.988844399999999707e-02
4.967744290000000035e-02
5.036142760000000135e-02
4.805567980000000072e-02
4.724009059999999954e-02
5.134919279999999864e-02
5.270356279999999921e-02
5.219125349999999969e-02
4.878415559999999679e-02
4.822956290000000174e-02
4.603359750000000222e-02
4.902093650000000080e-02
5.553164740000000182e-02
5.111241539999999972e-02
5.218355429999999712e-02
5.249276409999999865e-02
4.991624330000000304e-02
5.171524510000000130e-02
5.197156769999999870e-02
5.393782540000000014e-02
5.300967770000000051e-02
5.017085839999999713e-02
4.883665749999999833e-02
4.819186429999999799e-02
5.374764030000000331e-02
5.192753829999999932e-02
5.294100010000000328e-02
5.241473829999999945e-02
5.628945400000000265e-02
5.036493890000000306e-02
5.326008339999999813e-02
5.376425160000000009e-02
5.018921300000000335e-02
5.174809679999999718e-02
5.033488609999999669e-02
5.208639489999999928e-02
5.058641760000000265e-02
5.424763739999999973e-02
5.241351849999999896e-02
5.427776599999999813e-02
5.730482609999999755e-02
4.809172250000000315e-02
5.339135760000000147e-02
5.902286780000000344e-02
5.132271780000000061e-02
5.589198869999999902e-02
5.144976930000000337e-02
5.176627000000000312e-02
5.013351120000000133e-02
5.141899810000000182e-02
5.323898540000000096e-02
5.092599579999999848e-02
5.251270079999999923e-02
5.175559109999999796e-02
5.337827879999999803e-02
5.230450829999999662e-02
5.257392119999999835e-02
5.062386480000000133e-02
5.403803630000000163e-02
5.156095470000000153e-02
5.640805229999999726e-02
5.207828300000000299e-02
5.274710550000000220e-02
5.430103919999999806e-02
5.342748320000000051e-02
5.383868180000000309e-02
5.120091809999999938e-02
4.930996759999999729e-02
5.031502859999999883e-02
5.550580330000000340e-02
5.483599559999999956e-02
5.531823090000000109e-02
5.408704689999999787e-02
5.288477140000000243e-02
5.321792029999999896e-02
5.462830319999999878e-02
5.694628069999999737e-02
5.471006550000000190e-02
5.140001100000000239e-02
5.281855430000000073e-02
5.374553270000000105e-02
5.636431110000000161e-02
5.147364310000000082e-02
5.423563609999999813e-02
5.684298420000000185e-02
5.622543640000000204e-02
5.908910860000000237e-02
5.538661450000000042e-02
5.555982420000000338e-02
5.587142669999999728e-02
5.457450789999999941e-02
5.494334590000000268e-02
5.225676139999999720e-02
5.423868960000000072e-02
5.430634539999999733e-02
5.215663949999999743e-02
5.762365440000000172e-02
5.410019709999999704e-02
5.578205120000000183e-02
5.711574819999999664e-02
5.549369039999999670e-02
5.400438180000000088e-02
5.494199720000000203e-02
5.933387340000000065e-02
5.147699430000000215e-02
5.640265579999999973e-02
5.292301060000000057e-02
5.676460199999999734e-02
5.547436149999999955e-02
5.434263460000000184e-02
5.306227260000000168e-02
5.789737910000000015e-02
5.852430680000000190e-02
5.480446320000000038e-02
5.609032189999999668e-02
5.420674579999999743e-02
5.593182549999999725e-02
5.491744870000000306e-02
5.844194510000000342e-02
5.876728219999999975e-02
5.471092770000000188e-02
5.497206670000000239e-02
5.356234039999999835e-02
5.606312380000000317e-02
5.518152669999999704e-02
5.664669740000000120e-02
5.598837479999999728e-02
5.765217190000000019e-02
5.508781000000000094e-02
5.808780999999999667e-02
5.292484649999999735e-02
5.679422900000000163e-02
5.488736129999999963e-02
5.583291120000000163e-02
5.403803630000000163e-02
5.301865769999999922e-02
5.301676610000000123e-02
5.585654760000000052e-02
5.634644800000000037e-02
5.866021899999999956e-02
5.459590029999999983e-02
5.358296629999999977e-02
5.902948079999999903e-02
5.708982690000000138e-02
5.796919889999999770e-02
5.438009629999999983e-02
5.610079409999999683e-02
5.354487869999999955e-02
5.782262610000000330e-02
5.366778299999999668e-02
5.688307110000000166e-02
6.136642600000000169e-02
5.798470780000000019e-02
5.612273689999999760e-02
5.921147980000000116e-02
5.934937039999999692e-02
5.765659010000000195e-02
5.998440049999999996e-02
5.954370479999999966e-02
5.728857329999999942e-02
5.511005709999999835e-02
5.780302629999999747e-02
5.581375329999999774e-02
5.604938079999999961e-02
5.768037410000000087e-02
5.486568509999999871e-02
5.656560680000000119e-02
6.003244530000000079e-02
5.821862929999999797e-02
5.630369259999999654e-02
5.672197209999999684e-02
5.727720199999999928e-02
5.719541200000000103e-02
5.808780999999999667e-02
5.944522960000000328e-02
5.516008669999999947e-02
6.075836009999999870e-02
5.974296049999999747e-02
6.518637920000000530e-02
5.729429180000000094e-02
5.450260629999999912e-02
5.953697010000000289e-02
5.726023620000000175e-02
5.612951940000000112e-02
5.916443169999999890e-02
5.745084310000000277e-02
6.062662060000000019e-02
5.517804850000000011e-02
6.086093470000000089e-02
6.194752919999999691e-02
5.813112189999999901e-02
6.096318299999999718e-02
6.197745959999999971e-02
5.849700520000000042e-02
5.600730579999999709e-02
5.802651310000000312e-02
5.950425270000000294e-02
6.056133729999999687e-02
6.139165320000000009e-02
6.176221999999999962e-02
5.617087190000000230e-02
6.522410900000000233e-02
6.009893139999999967e-02
6.150412219999999708e-02
5.974627970000000177e-02
5.974956829999999997e-02
6.185731149999999789e-02
5.891389519999999658e-02
5.967412660000000202e-02
5.924105600000000027e-02
5.900317179999999689e-02
6.153926390000000191e-02
5.759884400000000321e-02
6.016866209999999909e-02
5.712048720000000024e-02
5.812350840000000268e-02
5.912627379999999683e-02
5.820900770000000252e-02
6.098911559999999760e-02
6.295603750000000609e-02
5.617087190000000230e-02
6.106273129999999910e-02
5.984576109999999866e-02
6.597639830000000261e-02
6.343997830000000504e-02
6.013858410000000321e-02
5.834862810000000094e-02
5.766637980000000052e-02
5.622568060000000117e-02
6.364269250000000044e-02
6.194359990000000010e-02
6.007854440000000296e-02
6.319585939999999846e-02
5.993974309999999805e-02
5.928319409999999873e-02
5.701062729999999829e-02
6.187909450000000228e-02
5.879322800000000293e-02
5.832797669999999907e-02
6.402208639999999729e-02
5.971127350000000195e-02
5.936482249999999738e-02
6.151861530000000272e-02
6.299290120000000659e-02
6.533017689999999489e-02
6.343577000000000243e-02
6.046468089999999795e-02
6.250517349999999694e-02
6.456993329999999309e-02
6.322522980000000459e-02
6.396136099999999436e-02
6.274081149999999329e-02
5.866281970000000040e-02
6.439395039999999681e-02
6.070413909999999857e-02
6.114800740000000262e-02
6.465067230000000331e-02
6.828994049999999316e-02
6.003621309999999933e-02
6.393412780000000406e-02
6.211188819999999972e-02
6.335823009999999589e-02
6.686274559999999534e-02
6.486406910000000470e-02
6.375195520000000171e-02
5.754758580000000207e-02
6.652052360000000608e-02
6.116021409999999880e-02
6.394712419999999675e-02
6.705041859999999465e-02
6.627105390000000151e-02
6.591723589999999577e-02
6.595828010000000241e-02
6.517737120000000051e-02
5.965994160000000213e-02
6.723249859999999578e-02
5.923374859999999686e-02
6.529348869999999916e-02
6.388001220000000258e-02
6.274761589999999778e-02
6.603919789999999901e-02
6.910032670000000599e-02
6.623522989999999777e-02
6.038575919999999986e-02
5.914391480000000256e-02
6.275827979999999695e-02
7.136156559999999593e-02
6.411806829999999735e-02
6.324817309999999915e-02
6.091612159999999776e-02
7.097962089999999835e-02
6.031320409999999660e-02
7.116047620000000296e-02
6.394570380000000331e-02
6.695111080000000492e-02
6.590501149999999919e-02
6.617042469999999399e-02
6.831618120000000627e-02
6.939010800000000589e-02
6.559442869999999870e-02
6.130932120000000263e-02
6.410954570000000630e-02
6.752323120000000567e-02
6.488148990000000560e-02
6.743768910000000338e-02
6.460155230000000359e-02
6.092949379999999804e-02
6.341564839999999648e-02
6.801266120000000470e-02
6.151882220000000345e-02
6.321402719999999475e-02
6.477530430000000283e-02
6.055894199999999755e-02
6.832066370000000610e-02
6.138221110000000036e-02
6.958068309999999868e-02
6.731857589999999669e-02
6.761098560000000646e-02
6.850612059999999781e-02
6.430296630000000013e-02
6.592985399999999607e-02
7.219823470000000243e-02
6.902175309999999953e-02
7.222673929999999520e-02
6.289847020000000066e-02
6.413352880000000589e-02
6.686511219999999311e-02
6.521054560000000277e-02
6.612627199999999983e-02
6.853819510000000448e-02
5.833408050000000317e-02
6.316896269999999758e-02
6.965895749999999331e-02
6.554048179999999446e-02
7.285950010000000199e-02
7.083618010000000687e-02
6.641505470000000355e-02
6.825727299999999331e-02
6.574076750000000524e-02
6.656252579999999419e-02
7.331841740000000218e-02
7.135463079999999902e-02
6.395984229999999993e-02
6.255967989999999812e-02
6.386847499999999400e-02
6.097812250000000239e-02
7.251531679999999314e-02
6.887638660000000579e-02
6.466306839999999556e-02
6.960798229999999587e-02
6.711286019999999908e-02
6.944308429999999921e-02
6.939219709999999708e-02
6.800575540000000641e-02
6.950746369999999397e-02
6.597639830000000261e-02
7.136122629999999689e-02
7.023961289999999802e-02
7.072160069999999799e-02
6.603777060000000365e-02
6.723089029999999855e-02
7.301609609999999695e-02
7.821694660000000354e-02
6.574529789999999929e-02
6.987323480000000309e-02
7.257778010000000279e-02
6.473527780000000453e-02
6.960251489999999541e-02
7.234988829999999815e-02
6.272906770000000187e-02
6.746579210000000493e-02
6.855842310000000162e-02
6.916562060000000511e-02
6.630005059999999339e-02
6.912915629999999423e-02
6.989246550000000058e-02
6.830202579999999912e-02
6.641940729999999682e-02
7.202298349999999849e-02
7.267444010000000121e-02
7.010069339999999705e-02
7.225603369999999970e-02
6.538145639999999592e-02
6.549586479999999766e-02
6.770314789999999638e-02
6.958620649999999741e-02
7.536935779999999474e-02
6.997171870000000460e-02
7.040987540000000211e-02
6.959555589999999459e-02
7.165877210000000386e-02
6.295570100000000280e-02
6.807459970000000193e-02
7.964966560000000251e-02
7.672754630000000464e-02
