4.304047099999999682e-03
4.303198169999999587e-03
4.340534390000000235e-03
4.372859490000000418e-03
4.384178760000000293e-03
4.417510060000000120e-03
4.449207210000000190e-03
4.421308070000000250e-03
4.476871500000000059e-03
4.502767490000000178e-03
4.532862759999999915e-03
4.561691930000000283e-03
4.563520120000000117e-03
4.562494079999999952e-03
4.582716090000000207e-03
4.565975380000000111e-03
4.591679670000000345e-03
4.554867049999999570e-03
4.567680699999999983e-03
4.590383719999999688e-03
4.560762089999999963e-03
4.566951179999999798e-03
4.581919900000000143e-03
4.575572150000000241e-03
4.577339419999999770e-03
4.578271780000000429e-03
4.589200039999999717e-03
4.610545169999999936e-03
4.590335230000000023e-03
4.597168149999999835e-03
4.589938550000000408e-03
4.597426570000000268e-03
4.603039899999999615e-03
4.621771010000000172e-03
4.618410019999999797e-03
4.645975249999999973e-03
4.640474250000000203e-03
4.632364449999999863e-03
4.639893990000000350e-03
4.612474059999999848e-03
4.646420529999999681e-03
4.653097929999999889e-03
4.680244079999999751e-03
4.664429799999999723e-03
4.633372600000000389e-03
4.666619299999999991e-03
4.650255829999999993e-03
4.677240840000000156e-03
4.691954790000000229e-03
4.691238210000000380e-03
4.696298130000000140e-03
4.686055510000000299e-03
4.720698839999999848e-03
4.694750549999999675e-03
4.694631819999999650e-03
4.724744989999999853e-03
4.725051660000000042e-03
4.707298609999999682e-03
4.691957769999999597e-03
4.713602049999999696e-03
4.739012150000000180e-03
4.726588399999999586e-03
4.715509920000000334e-03
4.722578659999999810e-03
4.717974940000000360e-03
4.697131579999999640e-03
4.749845459999999832e-03
4.746533540000000273e-03
4.724041400000000140e-03
4.735834109999999958e-03
4.760531660000000102e-03
4.771310519999999618e-03
4.769554960000000135e-03
4.782828920000000046e-03
4.767265910000000398e-03
4.763426749999999897e-03
4.769775710000000168e-03
4.774615729999999968e-03
4.767282779999999776e-03
4.765347379999999855e-03
4.798649510000000014e-03
4.789195270000000219e-03
4.819789470000000395e-03
4.811012750000000400e-03
4.787190220000000183e-03
4.812592059999999845e-03
4.804895420000000056e-03
4.795670929999999894e-03
4.822444660000000348e-03
4.818224410000000388e-03
4.855567560000000234e-03
4.852082029999999629e-03
4.827031879999999810e-03
4.850887370000000164e-03
4.844445309999999803e-03
4.864045009999999961e-03
4.834196160000000034e-03
4.852923739999999951e-03
4.842542109999999587e-03
4.870695300000000075e-03
4.881656229999999791e-03
4.880630819999999710e-03
4.885061940000000151e-03
4.852396739999999785e-03
4.917521210000000247e-03
4.886297430000000400e-03
4.869736430000000393e-03
4.894584870000000427e-03
4.883671770000000412e-03
4.904337530000000417e-03
4.895294940000000268e-03
4.899533420000000243e-03
4.887600219999999746e-03
4.922822529999999926e-03
4.909358449999999888e-03
4.924369349999999958e-03
4.939366439999999699e-03
4.931511210000000429e-03
4.920545089999999767e-03
4.954946249999999872e-03
4.912805299999999792e-03
4.942029940000000274e-03
4.944090400000000080e-03
4.951940440000000138e-03
4.976189879999999739e-03
4.953967679999999978e-03
4.977696739999999849e-03
4.990895339999999909e-03
4.960556680000000399e-03
4.963383420000000087e-03
4.983848449999999861e-03
4.999844839999999929e-03
4.980089249999999912e-03
4.970552349999999946e-03
5.044651459999999719e-03
4.991034489999999872e-03
4.972576690000000098e-03
5.008773089999999859e-03
5.021450900000000092e-03
5.029568380000000102e-03
5.025859009999999669e-03
5.022377389999999921e-03
5.017125170000000071e-03
5.028415169999999809e-03
5.026161690000000189e-03
5.032350409999999767e-03
5.028730470000000209e-03
5.066514210000000289e-03
5.030679960000000207e-03
5.063595100000000196e-03
5.071591989999999807e-03
5.031203849999999790e-03
5.049999349999999797e-03
5.034674910000000100e-03
5.063032369999999685e-03
5.060610919999999902e-03
5.089430659999999787e-03
5.085566960000000199e-03
5.047223959999999621e-03
5.066573639999999608e-03
5.108625870000000312e-03
5.072423799999999788e-03
5.102533309999999871e-03
5.116624539999999749e-03
5.104435279999999797e-03
5.110572259999999686e-03
5.072697000000000143e-03
5.116417960000000341e-03
5.124838280000000232e-03
5.124028570000000414e-03
5.138685740000000120e-03
5.116809140000000249e-03
5.123378359999999909e-03
5.172442119999999706e-03
5.128022769999999834e-03
5.174788890000000391e-03
5.144450029999999945e-03
5.184151280000000306e-03
5.166999119999999765e-03
5.178390639999999774e-03
5.174848929999999875e-03
5.136412039999999762e-03
5.177780590000000127e-03
5.194473169999999987e-03
5.203143000000000351e-03
5.172403570000000221e-03
5.180570219999999781e-03
5.201817269999999861e-03
5.217656989999999717e-03
5.194590780000000151e-03
5.201267709999999635e-03
5.210372320000000029e-03
5.210725610000000417e-03
5.204976699999999852e-03
5.248049240000000198e-03
5.227899519999999918e-03
5.260883640000000097e-03
5.260257869999999947e-03
5.250628050000000040e-03
5.224910880000000098e-03
5.268611549999999838e-03
5.247221090000000338e-03
5.284505890000000018e-03
5.267429710000000320e-03
5.276993479999999605e-03
5.292666700000000363e-03
5.256910969999999649e-03
5.274970210000000381e-03
5.287709980000000233e-03
5.258670479999999828e-03
5.286684179999999976e-03
5.268961479999999774e-03
5.288225990000000078e-03
5.300000420000000080e-03
5.286313309999999578e-03
5.323110350000000157e-03
5.263466330000000047e-03
5.342364439999999597e-03
5.316127290000000061e-03
5.337047929999999898e-03
5.319867720000000418e-03
5.328682149999999784e-03
5.345149920000000221e-03
5.329519930000000197e-03
5.303437979999999809e-03
5.311779360000000276e-03
5.353128179999999681e-03
5.326245710000000050e-03
5.378577080000000385e-03
5.333180810000000098e-03
5.368109620000000373e-03
5.386959180000000340e-03
5.361730870000000308e-03
5.396456980000000417e-03
5.378857320000000365e-03
5.367134499999999704e-03
5.385160390000000123e-03
5.412966459999999855e-03
5.428348759999999940e-03
5.420780860000000076e-03
5.428382980000000246e-03
5.400501210000000288e-03
5.404156610000000402e-03
5.418991159999999967e-03
5.405929240000000198e-03
5.416941150000000038e-03
5.447259880000000255e-03
5.451268779999999918e-03
5.433437190000000271e-03
5.474753859999999771e-03
5.453042790000000271e-03
5.483560489999999947e-03
5.460724119999999654e-03
5.443550329999999673e-03
5.456267409999999984e-03
5.451605089999999633e-03
5.470961859999999913e-03
5.463764519999999951e-03
5.496872449999999806e-03
5.473036599999999904e-03
5.486628119999999859e-03
5.490123119999999919e-03
5.482670690000000097e-03
5.491727450000000003e-03
5.499765600000000414e-03
5.501191259999999722e-03
5.539629130000000255e-03
5.492905519999999840e-03
5.471577229999999986e-03
5.510770840000000018e-03
5.522558890000000241e-03
5.542692949999999778e-03
5.488538579999999688e-03
5.541669259999999764e-03
5.551320680000000098e-03
5.579615189999999683e-03
5.573108739999999874e-03
5.570661900000000062e-03
5.576827510000000043e-03
5.608462120000000210e-03
5.580257039999999766e-03
5.572502749999999616e-03
5.559378690000000081e-03
5.593317979999999981e-03
5.613901610000000299e-03
5.597256559999999603e-03
5.579152369999999805e-03
5.583071050000000014e-03
5.556015130000000433e-03
5.601602439999999773e-03
5.656784429999999787e-03
5.599485270000000188e-03
5.626798980000000117e-03
5.596423960000000176e-03
5.605826969999999979e-03
5.602655960000000289e-03
5.605061599999999929e-03
5.625229090000000327e-03
5.658256210000000425e-03
5.624007860000000344e-03
5.666306070000000014e-03
5.692251219999999723e-03
5.661061670000000143e-03
5.699006569999999841e-03
5.666333709999999725e-03
5.688010729999999973e-03
5.699026210000000293e-03
5.683899309999999698e-03
5.671497880000000123e-03
5.702667560000000170e-03
5.744504460000000000e-03
5.640543609999999763e-03
5.711526280000000372e-03
5.648437590000000320e-03
5.694298999999999888e-03
5.700656620000000251e-03
5.729455110000000045e-03
5.721558039999999692e-03
5.723089730000000333e-03
5.740434540000000432e-03
5.697814699999999635e-03
5.695751990000000146e-03
5.715927430000000004e-03
5.732084689999999982e-03
5.756198229999999645e-03
5.729787969999999668e-03
5.778945080000000289e-03
5.767346179999999732e-03
5.748285409999999776e-03
5.757613659999999932e-03
5.772441760000000116e-03
5.783182090000000067e-03
5.786673850000000063e-03
5.785018819999999604e-03
5.824834660000000053e-03
5.776719550000000009e-03
5.853300050000000317e-03
5.808653809999999793e-03
5.822313340000000344e-03
5.801396290000000039e-03
5.831597610000000161e-03
5.820137480000000217e-03
5.834158919999999672e-03
5.854413000000000152e-03
5.846571780000000412e-03
5.825477249999999781e-03
5.830631979999999735e-03
5.858776760000000000e-03
5.860905409999999684e-03
5.811534699999999949e-03
5.879288780000000228e-03
5.866540039999999789e-03
5.832199879999999670e-03
5.900693660000000222e-03
5.889471099999999890e-03
5.911554969999999881e-03
5.934131779999999960e-03
5.902439689999999621e-03
5.918540659999999877e-03
5.886185310000000004e-03
5.893412259999999611e-03
5.887371039999999590e-03
5.929726490000000391e-03
5.893221570000000027e-03
5.914516669999999796e-03
5.947084200000000119e-03
5.978727359999999949e-03
5.973501049999999785e-03
5.945061960000000249e-03
5.944450859999999594e-03
5.966533189999999667e-03
6.013696110000000226e-03
5.947998220000000336e-03
5.959706260000000207e-03
5.922185489999999726e-03
5.982440680000000212e-03
5.986510920000000235e-03
5.967494979999999824e-03
5.995302010000000056e-03
5.982784040000000379e-03
5.991075610000000384e-03
6.005645119999999948e-03
6.032321030000000091e-03
5.996165470000000206e-03
6.016178799999999903e-03
6.073290660000000250e-03
6.061898549999999997e-03
5.988930909999999781e-03
6.003807499999999631e-03
6.028081390000000414e-03
6.060173860000000329e-03
6.033759760000000083e-03
5.938347709999999835e-03
6.043260489999999728e-03
6.057664540000000375e-03
6.050283580000000334e-03
6.086104059999999927e-03
6.064743420000000100e-03
6.137702559999999585e-03
6.103478590000000099e-03
6.111009550000000116e-03
6.083781150000000179e-03
6.074002920000000014e-03
6.148735459999999688e-03
6.097628820000000095e-03
6.092231180000000183e-03
6.126248029999999817e-03
6.160035510000000034e-03
6.094801339999999894e-03
6.103777920000000128e-03
6.139959199999999589e-03
6.184313959999999943e-03
6.185403679999999793e-03
6.118430450000000159e-03
6.163860680000000057e-03
6.217774690000000409e-03
6.183554039999999800e-03
6.186578709999999634e-03
6.128204009999999903e-03
6.150943489999999639e-03
6.149636479999999808e-03
6.226534500000000319e-03
6.147329370000000244e-03
6.151323359999999636e-03
6.207236730000000209e-03
6.194235939999999906e-03
6.183165949999999689e-03
6.147424060000000051e-03
6.204756609999999804e-03
6.197313470000000157e-03
6.208173879999999943e-03
6.231069690000000383e-03
6.204361539999999828e-03
6.222445640000000104e-03
6.231646230000000355e-03
6.312263159999999609e-03
6.238257320000000113e-03
6.259581359999999602e-03
6.243046480000000176e-03
6.259326570000000277e-03
6.248789309999999882e-03
6.262520679999999604e-03
6.234529160000000167e-03
6.296508109999999700e-03
6.296462820000000259e-03
6.297329299999999616e-03
6.306951100000000345e-03
6.300767050000000320e-03
6.343475759999999894e-03
6.314769439999999567e-03
6.319423569999999685e-03
6.328435609999999607e-03
6.265143499999999664e-03
6.295559469999999908e-03
6.314804460000000147e-03
6.367420050000000172e-03
6.403610320000000140e-03
6.340992670000000081e-03
6.330868810000000145e-03
6.406527240000000310e-03
6.331297470000000344e-03
6.374203470000000017e-03
6.329753900000000336e-03
6.379368259999999673e-03
6.356647410000000088e-03
6.374069179999999717e-03
6.377073750000000069e-03
6.388138699999999608e-03
6.422020809999999871e-03
6.426924229999999606e-03
6.410513090000000136e-03
6.441737670000000256e-03
6.470688700000000286e-03
6.422869109999999881e-03
6.454040240000000206e-03
6.443208459999999645e-03
6.393675470000000430e-03
6.435817130000000275e-03
6.398815730000000090e-03
6.499816650000000279e-03
6.417776790000000349e-03
6.457486249999999997e-03
6.473768250000000272e-03
6.506897309999999830e-03
6.492870809999999777e-03
6.479057009999999832e-03
6.461184000000000024e-03
6.485634030000000418e-03
6.491190570000000305e-03
6.523839919999999820e-03
6.546424529999999957e-03
6.569777449999999672e-03
6.511405670000000416e-03
6.538844809999999619e-03
6.501249409999999840e-03
6.510536879999999881e-03
6.547947840000000255e-03
6.583099779999999727e-03
6.572235239999999964e-03
6.538326159999999915e-03
6.546500260000000064e-03
6.547885869999999810e-03
6.586815509999999901e-03
6.554044430000000206e-03
6.567350619999999702e-03
6.536421340000000101e-03
6.625760599999999841e-03
6.593097309999999649e-03
6.595580939999999906e-03
6.561717820000000090e-03
6.636224670000000388e-03
6.613286440000000314e-03
6.600718220000000198e-03
6.618432219999999602e-03
6.649528699999999841e-03
6.611096270000000122e-03
6.639113609999999603e-03
6.612037749999999901e-03
6.627358990000000241e-03
6.641873870000000388e-03
6.633313640000000101e-03
6.661537660000000326e-03
6.667880999999999635e-03
6.701246170000000300e-03
6.639030859999999791e-03
6.657127229999999611e-03
6.642701840000000101e-03
6.678728230000000043e-03
6.747999109999999745e-03
6.689494409999999919e-03
6.687196930000000039e-03
6.751463889999999995e-03
6.706741960000000072e-03
6.701045099999999692e-03
6.738923229999999910e-03
6.684225870000000229e-03
6.693088590000000060e-03
6.707167580000000275e-03
6.754485919999999970e-03
6.720530889999999646e-03
6.714239529999999935e-03
6.733730149999999672e-03
6.725358229999999805e-03
6.783541290000000279e-03
6.796817539999999713e-03
6.739787359999999984e-03
6.796946760000000323e-03
6.874636800000000214e-03
6.725382349999999704e-03
6.744378209999999686e-03
6.765502869999999620e-03
6.818028799999999688e-03
6.796895199999999915e-03
6.853134010000000269e-03
6.864516250000000062e-03
6.825209970000000077e-03
6.764459799999999849e-03
6.814557679999999618e-03
6.810185090000000357e-03
6.832519740000000084e-03
6.810486359999999573e-03
6.885272270000000229e-03
6.830103070000000283e-03
6.897186189999999703e-03
6.864811880000000130e-03
6.880185540000000044e-03
6.860398420000000247e-03
6.941950669999999608e-03
6.968062159999999922e-03
6.853977590000000057e-03
6.911371650000000359e-03
6.901006319999999916e-03
6.922540690000000309e-03
6.865564040000000055e-03
6.915423639999999580e-03
6.897838439999999863e-03
6.941080890000000427e-03
6.886350690000000128e-03
6.958970499999999823e-03
6.938402839999999877e-03
6.953010479999999736e-03
6.929922960000000319e-03
6.973797799999999734e-03
6.947628840000000076e-03
6.953830769999999779e-03
6.929692410000000413e-03
7.020634399999999692e-03
6.991574109999999960e-03
6.992346630000000063e-03
6.944756189999999954e-03
6.993753870000000115e-03
6.972792569999999683e-03
6.995930049999999831e-03
6.973555390000000381e-03
6.958518189999999583e-03
7.067827280000000233e-03
7.054693469999999758e-03
7.011851940000000082e-03
7.076498080000000190e-03
7.092994640000000080e-03
7.039122719999999812e-03
7.111282860000000053e-03
7.002529779999999877e-03
7.073991029999999840e-03
7.081151840000000051e-03
7.037748540000000365e-03
7.041703429999999868e-03
7.086144580000000234e-03
7.112896659999999593e-03
7.110500169999999821e-03
7.078012709999999610e-03
7.070710759999999581e-03
7.131867319999999656e-03
7.121833440000000133e-03
7.085070500000000340e-03
7.141863820000000224e-03
7.209561469999999604e-03
7.198847670000000330e-03
7.214060119999999958e-03
7.132631900000000261e-03
7.110154920000000267e-03
7.161888009999999895e-03
7.200354380000000172e-03
7.163546740000000315e-03
7.191143900000000408e-03
7.158700779999999965e-03
7.196452069999999604e-03
7.225407720000000256e-03
7.205040929999999982e-03
7.257790170000000263e-03
7.250440670000000282e-03
7.249447160000000237e-03
7.223258029999999642e-03
7.237198420000000298e-03
7.290190149999999612e-03
7.196924809999999742e-03
7.218835669999999760e-03
7.261592130000000221e-03
7.319101950000000273e-03
7.254817729999999895e-03
7.282349609999999758e-03
7.321480560000000366e-03
7.293840369999999608e-03
7.232218989999999841e-03
7.292261240000000311e-03
7.242985940000000109e-03
7.310600450000000368e-03
7.252046689999999685e-03
7.280638919999999660e-03
7.287431139999999904e-03
7.331024920000000014e-03
7.356183290000000222e-03
7.323798759999999852e-03
7.348858659999999744e-03
7.343039350000000326e-03
7.301969680000000053e-03
7.339527929999999957e-03
7.379775189999999985e-03
7.349888039999999574e-03
7.367644490000000226e-03
7.322933690000000065e-03
7.376557159999999960e-03
7.384582360000000074e-03
7.484979670000000036e-03
7.376940329999999782e-03
7.430689839999999984e-03
7.452129190000000153e-03
7.403272120000000192e-03
7.340465719999999736e-03
7.416449739999999950e-03
7.469821520000000277e-03
7.451798689999999774e-03
7.456400380000000397e-03
7.458930540000000345e-03
7.545295839999999719e-03
7.535852200000000070e-03
7.574752510000000265e-03
7.554193070000000433e-03
7.485780640000000083e-03
7.469633720000000421e-03
7.439237339999999962e-03
7.516615370000000185e-03
7.423796100000000335e-03
7.466565439999999637e-03
7.489791770000000376e-03
7.509846889999999622e-03
7.477418359999999861e-03
7.553470450000000433e-03
7.571936900000000338e-03
7.562619419999999648e-03
7.576663509999999671e-03
7.566916180000000068e-03
7.521863690000000005e-03
7.534474109999999766e-03
7.560901099999999680e-03
7.574150980000000401e-03
7.539123309999999634e-03
7.579360410000000360e-03
7.579943819999999770e-03
7.606096710000000323e-03
7.605375779999999641e-03
7.699048150000000271e-03
7.533042139999999651e-03
7.616618989999999860e-03
7.687306399999999790e-03
7.652334719999999944e-03
7.593133620000000299e-03
7.638725049999999656e-03
7.698073780000000074e-03
7.582943079999999655e-03
7.684543890000000189e-03
7.613616299999999802e-03
7.730786879999999861e-03
7.679195409999999868e-03
7.687737309999999671e-03
7.633129300000000318e-03
7.687737309999999671e-03
7.739048059999999868e-03
7.712314409999999724e-03
7.663263909999999852e-03
7.673941890000000009e-03
7.683721499999999864e-03
7.673710579999999670e-03
7.734539050000000145e-03
7.674743440000000340e-03
7.736742369999999834e-03
7.776899179999999592e-03
7.728311619999999986e-03
7.779769790000000060e-03
7.687320880000000044e-03
7.731041450000000065e-03
7.802956720000000373e-03
7.727535150000000054e-03
7.788894119999999720e-03
7.774681660000000265e-03
7.830792989999999995e-03
7.794477529999999793e-03
7.796833819999999735e-03
7.755316289999999654e-03
7.759206000000000263e-03
7.801894210000000218e-03
7.910635600000000267e-03
7.908845540000000729e-03
7.832177909999999896e-03
7.834523839999999600e-03
7.856003079999999972e-03
7.895161030000000246e-03
7.894244740000000427e-03
7.857381519999999744e-03
7.845511640000000370e-03
7.884666930000000865e-03
7.895042099999999285e-03
7.868077390000000407e-03
7.895012649999999868e-03
7.882293320000000741e-03
7.931590279999999396e-03
7.946618849999999984e-03
7.919794419999999155e-03
7.919318709999999609e-03
7.894353680000000539e-03
7.891863679999999714e-03
7.959820379999999612e-03
7.919875700000000504e-03
7.948595890000000053e-03
7.897190420000000169e-03
8.019294600000000800e-03
8.019259980000000357e-03
7.978273839999999381e-03
7.925650940000000810e-03
7.903776580000000662e-03
8.058683560000000010e-03
7.988084479999999279e-03
7.955534389999999526e-03
7.892129689999999309e-03
7.953714739999999395e-03
7.993585019999999153e-03
8.043828209999999423e-03
8.016697189999999820e-03
7.982511419999999483e-03
8.052566129999999198e-03
8.084863370000000549e-03
8.033030159999999392e-03
8.128489500000000631e-03
8.074912130000000410e-03
8.108953659999999439e-03
8.070565950000000571e-03
8.050328350000000160e-03
8.117129509999999534e-03
8.141223969999999976e-03
8.127828029999999149e-03
8.104562889999999964e-03
8.101493950000000083e-03
8.162851540000000058e-03
8.156314919999999372e-03
8.112254739999999811e-03
8.140268449999999920e-03
8.251695170000000051e-03
8.150412040000000816e-03
8.229106640000000833e-03
8.171054989999999157e-03
8.162256600000000750e-03
8.241462150000000014e-03
8.129417959999999527e-03
8.253403470000000158e-03
8.211275840000000631e-03
8.218815080000000522e-03
8.258921679999999682e-03
8.170045379999999260e-03
8.214099799999999285e-03
8.205680309999999547e-03
8.190958240000000695e-03
8.156809180000000256e-03
8.253246109999999233e-03
8.239007709999999346e-03
8.326249569999999434e-03
8.239493100000000111e-03
8.251024500000000636e-03
8.215731469999999412e-03
8.253415919999999850e-03
8.260783840000000822e-03
8.302860800000000721e-03
8.299006680000000150e-03
8.212219839999999882e-03
8.368585490000000210e-03
8.305897289999999294e-03
8.341319159999999178e-03
8.293965460000000262e-03
8.299605349999999299e-03
8.320188529999999680e-03
8.309161170000000859e-03
8.384584159999999842e-03
8.426930629999999228e-03
8.302642770000000227e-03
8.255726099999999290e-03
8.320079989999999703e-03
8.367582490000000789e-03
8.366469919999999436e-03
8.303928520000000008e-03
8.382209680000000593e-03
8.404537320000000575e-03
8.400803329999999638e-03
8.480779629999999139e-03
8.409784030000000757e-03
8.411429700000000453e-03
8.488240960000000696e-03
8.379872639999999193e-03
8.399749839999999870e-03
8.447068250000000153e-03
8.438651380000000354e-03
8.456013170000000259e-03
8.480919919999999751e-03
8.382932859999999223e-03
8.449747150000000775e-03
8.518475010000000139e-03
8.454620430000000381e-03
8.464337279999999478e-03
8.413077439999999685e-03
8.446934430000000577e-03
8.598410750000000380e-03
8.568140700000000803e-03
8.507736659999999215e-03
8.552892319999999896e-03
8.562092049999999246e-03
8.567106939999999393e-03
8.580094930000000536e-03
8.496449510000000233e-03
8.553320390000000717e-03
8.671059780000000411e-03
8.673644249999999320e-03
8.664553029999999198e-03
8.525740089999999174e-03
8.555533259999999543e-03
8.547113990000000661e-03
8.648276789999999326e-03
8.618386570000000774e-03
8.648083790000000298e-03
8.674124930000000691e-03
8.656882939999999138e-03
8.644962710000000591e-03
8.682564070000000842e-03
8.665309560000000744e-03
8.679885579999999448e-03
8.669111289999999886e-03
8.659572339999999438e-03
8.660168660000000171e-03
8.721877919999999201e-03
8.738642459999999487e-03
8.679171059999999174e-03
8.673612520000000339e-03
8.764904380000000661e-03
8.688878080000000254e-03
8.751117129999999578e-03
8.670844000000000468e-03
8.794295250000000452e-03
8.691541350000000013e-03
8.787566050000000795e-03
8.673981339999999388e-03
8.819985989999999318e-03
8.797738089999999900e-03
8.772546430000000006e-03
8.726397840000000433e-03
8.800955339999999572e-03
8.835577929999999594e-03
8.873464929999999931e-03
8.845094839999999639e-03
8.820807320000000409e-03
8.835659480000000732e-03
8.789553259999999257e-03
8.792171329999999216e-03
8.763035210000000644e-03
8.851614390000000013e-03
8.907754800000000639e-03
8.900542120000000390e-03
8.867237349999999504e-03
8.884389629999999566e-03
8.871932770000000301e-03
8.926586930000000863e-03
8.946307469999999554e-03
8.812636979999999981e-03
8.964751209999999998e-03
8.953444640000000551e-03
8.829087149999999620e-03
8.936538339999999456e-03
8.926519399999999216e-03
8.940304019999999532e-03
8.940254360000000206e-03
8.930339810000000045e-03
8.903702499999999187e-03
8.917471749999999336e-03
8.931039899999999865e-03
8.918015370000000747e-03
9.037747270000000277e-03
8.935514869999999429e-03
9.009681749999999892e-03
9.041701779999999564e-03
9.044863049999999141e-03
8.953711490000000259e-03
9.056368380000000620e-03
9.061481119999999223e-03
8.953631420000000146e-03
9.093276730000000516e-03
9.091795879999999691e-03
9.064554330000000257e-03
8.972439349999999925e-03
9.091510710000000328e-03
9.145051379999999744e-03
9.055062430000000023e-03
9.102510859999999454e-03
9.154272119999999277e-03
9.065920229999999830e-03
9.180795079999999955e-03
9.165627060000000603e-03
9.143487659999999587e-03
9.196237200000000403e-03
9.110032060000000306e-03
9.090550299999999861e-03
9.209266160000000034e-03
9.136441849999999559e-03
9.066476110000000824e-03
9.176358810000000144e-03
9.145876540000000277e-03
9.233941900000000591e-03
9.275641149999999668e-03
9.248578259999999315e-03
9.109907869999999547e-03
9.138004010000000746e-03
9.174663539999999146e-03
9.236535840000000691e-03
9.201562539999999513e-03
9.204625989999999647e-03
9.195535879999999426e-03
9.356452939999999191e-03
9.247247869999999231e-03
9.286243819999999774e-03
9.339980930000000084e-03
9.312446690000000110e-03
9.166545640000000814e-03
9.353737940000000570e-03
9.327099090000000661e-03
9.294813779999999345e-03
9.240909939999999989e-03
9.299000179999999255e-03
9.342412910000000292e-03
9.346188499999999802e-03
9.280074229999999216e-03
9.357865510000000497e-03
9.241890859999999167e-03
9.325414140000000060e-03
9.455438219999999158e-03
9.388571700000000742e-03
9.346807679999999396e-03
9.373656669999999233e-03
9.427970710000000559e-03
9.467204800000000170e-03
9.391248189999999718e-03
9.319407910000000739e-03
9.432617790000000224e-03
9.459439550000000446e-03
9.439582230000000129e-03
9.484169869999999752e-03
9.617226779999999906e-03
9.411489320000000769e-03
9.401604029999999917e-03
9.393990830000000652e-03
9.526688099999999770e-03
9.508901889999999205e-03
9.541200320000000137e-03
9.532616120000000220e-03
9.453592280000000861e-03
9.546088100000000784e-03
9.583977230000000416e-03
9.520322560000000697e-03
9.490450640000000146e-03
9.574705839999999440e-03
9.593275079999999747e-03
9.604231530000000017e-03
9.506292980000000808e-03
9.567923869999999872e-03
9.579325970000000107e-03
9.450899590000000697e-03
9.602257750000000799e-03
9.574731899999999393e-03
9.542867840000000129e-03
9.545612670000000119e-03
9.620009469999999535e-03
9.572679840000000717e-03
9.639897810000000802e-03
9.741050439999999339e-03
9.601230500000000265e-03
9.633607549999999298e-03
9.635497499999999549e-03
9.718551170000000808e-03
9.727174369999999279e-03
9.677798609999999774e-03
9.586611320000000547e-03
9.570610119999999749e-03
9.660915000000000821e-03
9.727776380000000694e-03
9.822483590000000153e-03
9.761864179999999586e-03
9.815974550000000284e-03
9.588817969999999941e-03
9.695777189999999282e-03
9.734922090000000527e-03
9.711565749999999733e-03
9.752777489999999577e-03
9.708545889999999762e-03
9.814790590000000564e-03
9.790545750000000796e-03
9.836344959999999971e-03
9.790735159999999423e-03
9.811583699999999394e-03
9.797565850000000340e-03
9.846049839999999193e-03
9.954180749999999578e-03
9.890184660000000613e-03
9.870194509999999366e-03
9.742723669999999933e-03
9.736584759999999950e-03
9.830363519999999605e-03
9.769957129999999601e-03
9.958861969999999869e-03
9.891609339999999501e-03
9.898660110000000525e-03
9.992880259999999820e-03
1.004299699999999969e-02
1.004163530000000068e-02
9.933959270000000674e-03
9.863380370000000841e-03
9.968899709999999581e-03
9.937906769999999348e-03
9.962138000000000590e-03
9.962443220000000502e-03
1.003398100000000084e-02
9.947669250000000865e-03
9.982062760000000312e-03
1.003651139999999983e-02
1.003330359999999970e-02
1.008245450000000085e-02
1.005823320000000069e-02
9.986742669999999766e-03
1.006529970000000045e-02
1.003055750000000045e-02
1.002238079999999941e-02
1.009346099999999975e-02
1.000238409999999918e-02
1.007400649999999967e-02
1.002467779999999947e-02
1.011969719999999962e-02
1.010290420000000029e-02
1.008523210000000087e-02
1.013504840000000080e-02
1.008958589999999975e-02
1.012674539999999963e-02
1.017127940000000022e-02
1.016637670000000021e-02
1.023793069999999993e-02
9.994623960000000723e-03
1.017919760000000028e-02
1.008660479999999929e-02
1.024170419999999998e-02
1.020888349999999993e-02
1.010517420000000069e-02
1.011953139999999945e-02
1.035872590000000079e-02
1.021090030000000072e-02
1.020150409999999973e-02
1.029294979999999943e-02
1.031527879999999918e-02
1.023330289999999955e-02
1.022212439999999924e-02
1.011861350000000000e-02
1.016829600000000028e-02
1.018014669999999997e-02
1.026891599999999946e-02
1.022191079999999926e-02
1.026047849999999970e-02
1.013042920000000076e-02
1.016865330000000026e-02
1.039440030000000036e-02
1.039291370000000082e-02
1.033988840000000034e-02
1.040739039999999914e-02
1.037932379999999960e-02
1.030056120000000068e-02
1.035158899999999958e-02
1.043596689999999952e-02
1.041605150000000056e-02
1.038271990000000020e-02
1.044205259999999962e-02
1.038009250000000022e-02
1.042722769999999965e-02
1.037581140000000055e-02
1.044173240000000058e-02
1.041492320000000048e-02
1.056044570000000057e-02
1.051652489999999919e-02
1.044992009999999930e-02
1.043650060000000067e-02
1.032123130000000069e-02
1.057049820000000029e-02
1.040440029999999995e-02
1.043982390000000073e-02
1.057777830000000002e-02
1.051905550000000085e-02
1.054327839999999981e-02
1.051843489999999999e-02
1.049694340000000004e-02
1.048613630000000060e-02
1.046096569999999983e-02
1.052637820000000037e-02
1.058557289999999956e-02
1.049015589999999915e-02
1.067836550000000016e-02
1.070188990000000076e-02
1.063740349999999987e-02
1.052084650000000010e-02
1.057025540000000076e-02
1.066902460000000025e-02
1.072825560000000011e-02
1.066479489999999988e-02
1.060616699999999968e-02
1.062878029999999967e-02
1.065047380000000085e-02
1.057491489999999937e-02
1.060235059999999931e-02
1.069568100000000029e-02
1.063795770000000064e-02
1.085945909999999973e-02
1.071669779999999926e-02
1.064227650000000060e-02
1.072629620000000068e-02
1.075009430000000051e-02
1.078758559999999991e-02
1.085323369999999926e-02
1.085187399999999920e-02
1.069397849999999955e-02
1.071658370000000068e-02
1.064030059999999944e-02
1.088002469999999923e-02
1.085635639999999943e-02
1.079951380000000044e-02
1.077863629999999996e-02
1.076224410000000027e-02
1.072473650000000008e-02
1.094180240000000061e-02
1.091105459999999923e-02
1.096829090000000020e-02
1.084280550000000024e-02
1.079330790000000012e-02
1.090810539999999967e-02
1.088586270000000029e-02
1.084296509999999915e-02
1.094130039999999943e-02
1.091986910000000005e-02
1.081902040000000051e-02
1.082641150000000080e-02
1.091324630000000025e-02
1.097565980000000073e-02
1.082888540000000004e-02
1.101639769999999963e-02
1.087474800000000005e-02
1.107746209999999933e-02
1.098263059999999951e-02
1.101151229999999988e-02
1.109204880000000046e-02
1.100002729999999956e-02
1.109640450000000042e-02
1.109849780000000084e-02
1.114909960000000019e-02
1.109689779999999994e-02
1.118839790000000084e-02
1.117684140000000000e-02
1.098772479999999933e-02
1.113865910000000001e-02
1.098898929999999989e-02
1.107458279999999975e-02
1.104856960000000048e-02
1.104633539999999928e-02
1.113473440000000043e-02
1.121634600000000030e-02
1.119381799999999948e-02
1.126871509999999993e-02
1.110811689999999935e-02
1.112265119999999996e-02
1.113374890000000048e-02
1.131961100000000026e-02
1.124944930000000044e-02
1.120087829999999972e-02
1.130696559999999976e-02
1.131063310000000009e-02
1.115088059999999950e-02
1.129437089999999963e-02
1.121934959999999933e-02
1.115958360000000003e-02
1.133326460000000022e-02
1.114129500000000071e-02
1.125042700000000034e-02
1.137609629999999927e-02
1.136886990000000007e-02
1.118528709999999995e-02
1.139836479999999964e-02
1.136594089999999960e-02
1.136865620000000049e-02
1.123063610000000004e-02
1.118704960000000033e-02
1.127029780000000057e-02
1.126430479999999956e-02
1.139108550000000018e-02
1.122015749999999944e-02
1.137010620000000055e-02
1.128863079999999942e-02
1.145805670000000012e-02
1.137996269999999935e-02
1.148846419999999952e-02
1.138422650000000050e-02
1.134030159999999988e-02
1.137241240000000028e-02
1.143419220000000021e-02
1.149620709999999921e-02
1.157382860000000062e-02
1.130430429999999993e-02
1.132567169999999963e-02
1.141671609999999996e-02
1.146646249999999992e-02
1.158144009999999974e-02
1.145335460000000000e-02
1.142111980000000068e-02
1.138075719999999923e-02
1.175224629999999972e-02
1.159647920000000075e-02
1.162346820000000058e-02
1.161219640000000011e-02
1.146075159999999926e-02
1.158161060000000020e-02
1.164071290000000085e-02
1.150745339999999922e-02
1.170803720000000020e-02
1.179729000000000021e-02
1.169034870000000038e-02
1.172617720000000002e-02
1.174483999999999945e-02
1.161287429999999926e-02
1.171955319999999981e-02
1.162700629999999929e-02
1.181596059999999969e-02
1.170065129999999995e-02
1.157031629999999943e-02
1.159647819999999954e-02
1.175125800000000054e-02
1.182195079999999975e-02
1.172758219999999948e-02
1.174446969999999937e-02
1.167417400000000070e-02
1.176612779999999976e-02
1.167818120000000022e-02
1.173207419999999952e-02
1.171642569999999973e-02
1.180080929999999945e-02
1.179939890000000074e-02
1.178428959999999921e-02
1.188316149999999946e-02
1.179258920000000009e-02
1.176548290000000059e-02
1.169155659999999985e-02
1.184931659999999970e-02
1.196133610000000083e-02
1.188758850000000075e-02
1.194984680000000035e-02
1.181150889999999995e-02
1.191707149999999930e-02
1.208123669999999934e-02
1.191100600000000002e-02
1.190100439999999989e-02
1.195505969999999946e-02
1.170614889999999943e-02
1.183934990000000062e-02
1.194140689999999977e-02
1.203157820000000031e-02
1.199727790000000051e-02
1.197292429999999991e-02
1.205358729999999982e-02
1.192988430000000051e-02
1.191144660000000022e-02
1.206281789999999986e-02
1.199125449999999954e-02
1.191168779999999920e-02
1.198405009999999916e-02
1.216933989999999938e-02
1.193522670000000084e-02
1.204705399999999975e-02
1.196824439999999955e-02
1.211215279999999957e-02
1.220010130000000019e-02
1.208932390000000065e-02
1.202154859999999929e-02
1.204857120000000018e-02
1.222533469999999983e-02
1.217635870000000065e-02
1.201114780000000007e-02
1.203406050000000067e-02
1.216650810000000082e-02
1.207167500000000046e-02
1.227891390000000055e-02
1.239138639999999916e-02
1.189002810000000000e-02
1.206573319999999956e-02
1.221602079999999958e-02
1.227373420000000062e-02
1.234461729999999924e-02
1.220364929999999924e-02
1.237912570000000018e-02
1.235152049999999925e-02
1.220437029999999964e-02
1.234473370000000077e-02
1.227224440000000000e-02
1.237668760000000014e-02
1.225551360000000020e-02
1.238656439999999935e-02
1.230155770000000010e-02
1.222698470000000044e-02
1.231002819999999984e-02
1.241353339999999930e-02
1.247474099999999926e-02
1.242192150000000044e-02
1.234085289999999925e-02
1.234388619999999930e-02
1.227981199999999933e-02
1.236773009999999999e-02
1.262834470000000035e-02
1.237103850000000060e-02
1.231421369999999987e-02
1.262025909999999959e-02
1.264963669999999950e-02
1.249056490000000075e-02
1.252712949999999943e-02
1.230367459999999989e-02
1.239176470000000023e-02
1.242548930000000017e-02
1.250580180000000069e-02
1.235738010000000074e-02
1.254217420000000062e-02
1.241650180000000020e-02
1.264878810000000069e-02
1.256339840000000006e-02
1.269069500000000010e-02
1.283937469999999956e-02
1.261956690000000034e-02
1.255446850000000066e-02
1.269987210000000054e-02
1.273052229999999986e-02
1.260606889999999966e-02
1.246017500000000042e-02
1.256679779999999962e-02
1.267535749999999968e-02
1.262022779999999976e-02
1.280556419999999938e-02
1.266004400000000051e-02
1.260960650000000037e-02
1.264402870000000054e-02
1.275214220000000023e-02
1.278115089999999968e-02
1.251478089999999953e-02
1.271452269999999961e-02
1.264065349999999970e-02
1.283739560000000078e-02
1.274754850000000064e-02
1.273391150000000027e-02
1.284854250000000073e-02
1.290640460000000087e-02
1.292709990000000080e-02
1.274961359999999926e-02
1.263930140000000049e-02
1.300942170000000085e-02
1.275937710000000017e-02
1.285154399999999947e-02
1.277054520000000040e-02
1.292678790000000022e-02
1.283757280000000049e-02
1.277713020000000033e-02
1.305278309999999969e-02
1.284371899999999997e-02
1.306477080000000013e-02
1.265253990000000071e-02
1.289794879999999963e-02
1.288320249999999959e-02
1.288260320000000035e-02
1.307255199999999944e-02
1.291057699999999947e-02
1.311560080000000010e-02
1.314023589999999998e-02
1.315069089999999948e-02
1.301966119999999928e-02
1.289353919999999994e-02
1.305009870000000023e-02
1.296018539999999920e-02
1.290290319999999949e-02
1.317687870000000018e-02
1.314366460000000042e-02
1.309364659999999979e-02
1.302576310000000057e-02
1.282692900000000080e-02
1.306468390000000042e-02
1.313427200000000065e-02
1.300189480000000022e-02
1.316068509999999969e-02
1.310028109999999968e-02
1.312698669999999915e-02
1.301806250000000012e-02
1.317738119999999936e-02
1.322908390000000073e-02
1.328624959999999931e-02
1.306829980000000051e-02
1.322701469999999942e-02
1.320727940000000072e-02
1.320117319999999927e-02
1.330173769999999991e-02
1.312111940000000067e-02
1.313152419999999952e-02
1.327484529999999920e-02
1.325425920000000007e-02
1.315826879999999928e-02
1.318033329999999947e-02
1.319799649999999977e-02
1.328907390000000008e-02
1.339794709999999993e-02
1.339035000000000052e-02
1.347640509999999993e-02
1.340019129999999933e-02
1.336425289999999995e-02
1.334930869999999964e-02
1.315213550000000030e-02
1.329396289999999932e-02
1.324335159999999977e-02
1.323622080000000020e-02
1.357214590000000061e-02
1.322940090000000041e-02
1.336635209999999935e-02
1.327466480000000053e-02
1.336009879999999934e-02
1.371632660000000024e-02
1.369000440000000055e-02
1.334804719999999924e-02
1.341236579999999928e-02
1.344516880000000067e-02
1.341492319999999967e-02
1.377130849999999920e-02
1.343119039999999924e-02
1.352145469999999940e-02
1.347032220000000079e-02
1.340697710000000008e-02
1.347447549999999938e-02
1.356785230000000057e-02
1.348024530000000061e-02
1.369758639999999958e-02
1.376047109999999941e-02
1.368000890000000032e-02
1.370993419999999921e-02
1.349288090000000037e-02
1.357365750000000086e-02
1.385077919999999976e-02
1.356807160000000033e-02
1.336041309999999940e-02
1.389529710000000050e-02
1.389760930000000054e-02
1.354545470000000085e-02
1.393919360000000010e-02
1.364319150000000043e-02
1.381693030000000037e-02
1.383963029999999914e-02
1.352287949999999954e-02
1.374554509999999924e-02
1.354275960000000077e-02
1.380160379999999937e-02
1.412168280000000026e-02
1.374651659999999963e-02
1.375237489999999937e-02
1.401021889999999950e-02
1.389775310000000014e-02
1.377917990000000065e-02
1.389162780000000041e-02
1.379936480000000000e-02
1.375353929999999919e-02
1.394392550000000085e-02
1.378380709999999995e-02
1.374477120000000031e-02
1.392889760000000018e-02
1.395637610000000084e-02
1.398289410000000052e-02
1.403997520000000061e-02
1.395545140000000080e-02
1.375726990000000066e-02
1.413600110000000007e-02
1.410227969999999949e-02
1.399873249999999958e-02
1.384411959999999955e-02
1.395322570000000033e-02
1.397329779999999938e-02
1.381647060000000017e-02
1.403182369999999950e-02
1.405441659999999947e-02
1.427529150000000045e-02
1.414447970000000041e-02
1.431431109999999930e-02
1.406008800000000010e-02
1.443855230000000087e-02
1.416408509999999947e-02
1.420115320000000028e-02
1.414702680000000032e-02
1.420160619999999950e-02
1.429854189999999955e-02
1.408922349999999941e-02
1.398983330000000067e-02
1.407712940000000086e-02
1.406683159999999946e-02
1.421176199999999931e-02
1.433492150000000021e-02
1.419994869999999937e-02
1.425297080000000050e-02
1.428890719999999920e-02
1.437175759999999997e-02
1.415861030000000083e-02
1.416609209999999952e-02
1.437775349999999980e-02
1.441384419999999951e-02
1.457718650000000039e-02
1.434976599999999991e-02
1.419397019999999940e-02
1.436111150000000079e-02
1.423308359999999988e-02
1.429628269999999937e-02
1.456506569999999924e-02
1.429140769999999970e-02
1.459173700000000046e-02
1.446337439999999946e-02
1.439918159999999982e-02
1.441903559999999952e-02
1.434990119999999918e-02
1.448206970000000086e-02
1.434477420000000031e-02
1.473340560000000084e-02
1.447840820000000084e-02
1.471976699999999992e-02
1.481354739999999996e-02
1.449690089999999994e-02
1.429959769999999963e-02
1.454092010000000018e-02
1.438386019999999925e-02
1.462063159999999959e-02
1.468170690000000084e-02
1.468788440000000015e-02
1.458699450000000043e-02
1.469292760000000080e-02
1.448265919999999936e-02
1.455450489999999923e-02
1.460242370000000046e-02
1.451520270000000029e-02
1.476840750000000049e-02
1.466474729999999935e-02
1.467495979999999985e-02
1.507887429999999959e-02
1.462129679999999918e-02
1.459928329999999989e-02
1.487661179999999993e-02
1.476095139999999972e-02
1.477477020000000051e-02
1.488723819999999975e-02
1.485819229999999977e-02
1.485571569999999918e-02
1.477576799999999989e-02
1.457587349999999934e-02
1.471173949999999946e-02
1.494061539999999924e-02
1.494821170000000012e-02
1.497904169999999917e-02
1.492409620000000048e-02
1.507473659999999938e-02
1.515985239999999984e-02
1.490633249999999931e-02
1.504665640000000040e-02
1.505306229999999953e-02
1.515353579999999950e-02
1.464678810000000046e-02
1.484484630000000062e-02
1.471315129999999950e-02
1.487166369999999918e-02
1.486892639999999946e-02
1.482078010000000001e-02
1.504597180000000027e-02
1.495595419999999967e-02
1.499249780000000073e-02
1.486514180000000039e-02
1.505445390000000050e-02
1.514695729999999962e-02
1.479423889999999936e-02
1.508641150000000070e-02
1.491575680000000077e-02
1.508473760000000018e-02
1.498409780000000031e-02
1.512162480000000045e-02
1.544848480000000045e-02
1.527310420000000009e-02
1.519698109999999963e-02
1.519814709999999999e-02
1.532329219999999971e-02
1.501930899999999978e-02
1.508507889999999990e-02
1.519679749999999947e-02
1.524064340000000004e-02
1.506386969999999950e-02
1.504870839999999932e-02
1.507575300000000076e-02
1.541672759999999920e-02
1.512007519999999938e-02
1.555773220000000040e-02
1.543457420000000045e-02
1.542200089999999982e-02
1.561018999999999948e-02
1.567521310000000168e-02
1.528531739999999979e-02
1.540150409999999949e-02
1.520444399999999925e-02
1.530965540000000027e-02
1.536595839999999914e-02
1.548489119999999983e-02
1.540221349999999940e-02
1.536050310000000065e-02
1.549609109999999963e-02
1.515212990000000016e-02
1.555943889999999996e-02
1.556862699999999981e-02
1.567528879999999930e-02
1.511673770000000055e-02
1.563939640000000172e-02
1.560620390000000066e-02
1.538265959999999925e-02
1.562071320000000055e-02
1.559081070000000076e-02
1.565527439999999867e-02
1.570375930000000170e-02
1.558154339999999992e-02
1.548903589999999983e-02
1.544834580000000075e-02
1.592361159999999831e-02
1.596338320000000033e-02
1.539041569999999998e-02
1.559896709999999964e-02
1.546595930000000015e-02
1.551542659999999990e-02
1.558504479999999956e-02
1.574302169999999834e-02
1.568213710000000011e-02
1.549270709999999926e-02
1.577043629999999932e-02
1.590689450000000102e-02
1.589332010000000031e-02
1.582551800000000022e-02
1.555093249999999969e-02
1.588658810000000143e-02
1.574945490000000115e-02
1.564187880000000169e-02
1.582403439999999911e-02
1.586717719999999887e-02
1.572016780000000044e-02
1.599456280000000064e-02
1.588310979999999970e-02
1.590759190000000031e-02
1.596141829999999859e-02
1.597329330000000006e-02
1.559219780000000062e-02
1.589146610000000126e-02
1.577087380000000150e-02
1.616328239999999944e-02
1.601464589999999910e-02
1.602125429999999920e-02
1.583930139999999848e-02
1.612685419999999870e-02
1.606596340000000095e-02
1.609160449999999867e-02
1.599456280000000064e-02
1.599507769999999884e-02
1.609869870000000050e-02
1.610357330000000003e-02
1.616204840000000018e-02
1.611716170000000031e-02
1.613036459999999880e-02
1.625998279999999949e-02
1.617313639999999955e-02
1.627699739999999978e-02
1.626543869999999906e-02
1.624251919999999960e-02
1.622954349999999879e-02
1.636456790000000161e-02
1.604786409999999983e-02
1.636378559999999982e-02
1.598574659999999967e-02
1.600860600000000161e-02
1.649393229999999988e-02
1.635835100000000014e-02
1.631290900000000044e-02
1.652693820000000063e-02
1.631546669999999963e-02
1.657451509999999933e-02
1.622185270000000082e-02
1.624205960000000074e-02
1.668848439999999836e-02
1.638104209999999977e-02
1.648314609999999847e-02
1.633431340000000148e-02
1.671048829999999957e-02
1.633681530000000159e-02
1.650243649999999854e-02
1.639332539999999866e-02
1.621645130000000032e-02
1.623052690000000020e-02
1.642619570000000001e-02
1.626696370000000127e-02
1.659114089999999889e-02
1.666269579999999847e-02
1.656738149999999882e-02
1.686681110000000025e-02
1.657333089999999884e-02
1.669138049999999845e-02
1.653529509999999980e-02
1.677656309999999915e-02
1.647379009999999991e-02
1.651865350000000093e-02
1.673788929999999939e-02
1.676534479999999827e-02
1.650274300000000027e-02
1.693369960000000105e-02
1.676988759999999828e-02
1.666619789999999879e-02
1.648888910000000096e-02
1.680844979999999989e-02
1.721332230000000019e-02
1.640687399999999838e-02
1.679568999999999854e-02
1.677979040000000116e-02
1.679345520000000147e-02
1.704701700000000111e-02
1.692358279999999979e-02
1.674571039999999886e-02
1.679495699999999925e-02
1.719438499999999953e-02
1.703225969999999992e-02
1.705107709999999915e-02
1.694720109999999988e-02
1.700549859999999844e-02
1.698411160000000072e-02
1.679420100000000166e-02
1.695932129999999996e-02
1.678984700000000010e-02
1.723808649999999942e-02
1.687166190000000121e-02
1.682133079999999919e-02
1.716708659999999914e-02
1.701163680000000039e-02
1.701150419999999941e-02
1.706680539999999927e-02
1.681192769999999975e-02
1.726052399999999931e-02
1.714803269999999949e-02
1.713323409999999852e-02
1.705178770000000121e-02
1.737264399999999959e-02
1.669280819999999915e-02
1.728890500000000024e-02
1.732142470000000087e-02
1.730963229999999894e-02
1.727929850000000170e-02
1.714062359999999827e-02
1.689608760000000168e-02
1.756305390000000022e-02
1.717381860000000149e-02
1.724208699999999969e-02
1.750872139999999980e-02
1.727623680000000064e-02
1.733071909999999924e-02
1.730312529999999960e-02
1.745010199999999859e-02
1.734444409999999839e-02
1.705196889999999882e-02
1.738318960000000135e-02
1.759829729999999939e-02
1.752496320000000024e-02
1.742691270000000167e-02
1.756115830000000086e-02
1.728457499999999994e-02
1.778802820000000007e-02
1.746029309999999959e-02
1.733886889999999847e-02
1.742059119999999836e-02
1.784347320000000126e-02
1.781518779999999996e-02
1.719855210000000023e-02
1.746146900000000030e-02
1.748663170000000142e-02
1.752176219999999895e-02
1.790068400000000004e-02
1.750902539999999938e-02
1.750700909999999833e-02
1.739537910000000034e-02
1.699789339999999843e-02
1.742155869999999912e-02
1.799950800000000087e-02
1.738347750000000108e-02
1.746619610000000114e-02
1.771369929999999995e-02
1.798790479999999928e-02
1.760927530000000116e-02
1.775621709999999909e-02
1.754883360000000087e-02
1.763205979999999881e-02
1.764580359999999917e-02
1.806272490000000036e-02
1.815151439999999894e-02
1.788986099999999996e-02
1.775536319999999890e-02
1.777410340000000130e-02
1.804977290000000026e-02
1.795853879999999986e-02
1.776381219999999955e-02
1.783554359999999991e-02
1.765312219999999946e-02
1.804805339999999980e-02
1.824959040000000143e-02
1.746146900000000030e-02
1.793952359999999996e-02
1.781787550000000012e-02
1.796129470000000158e-02
1.784649589999999855e-02
1.766350699999999843e-02
1.827313109999999935e-02
1.815905069999999843e-02
1.818857410000000036e-02
1.806125529999999882e-02
1.833307610000000157e-02
1.849825940000000141e-02
1.813072589999999845e-02
1.817863969999999885e-02
1.811394280000000120e-02
1.816018520000000150e-02
1.789505120000000130e-02
1.780834070000000130e-02
1.785465249999999837e-02
1.848145539999999920e-02
1.821965910000000050e-02
1.830432599999999924e-02
1.832285880000000117e-02
1.787775260000000130e-02
1.831943150000000034e-02
1.853806040000000044e-02
1.839052960000000028e-02
1.829364879999999943e-02
1.829039929999999939e-02
1.846072409999999914e-02
1.843637390000000056e-02
1.834655690000000158e-02
1.786030469999999939e-02
1.833657650000000000e-02
1.875838809999999870e-02
1.853059030000000010e-02
1.856419659999999916e-02
1.851785909999999896e-02
1.842586020000000144e-02
1.850663630000000046e-02
1.882358140000000082e-02
1.876505490000000137e-02
1.875529659999999876e-02
1.834394879999999908e-02
1.842310830000000108e-02
1.849386130000000086e-02
1.862258110000000050e-02
1.905405350000000109e-02
1.903232289999999896e-02
1.872356910000000027e-02
1.850744470000000030e-02
1.867743759999999920e-02
1.906348230000000019e-02
1.878801059999999842e-02
1.889308290000000015e-02
1.873066950000000161e-02
1.863671670000000002e-02
1.871058069999999990e-02
1.903449750000000065e-02
1.882276119999999955e-02
1.919690939999999998e-02
1.872871170000000099e-02
1.899515590000000129e-02
1.891903249999999856e-02
1.880659029999999857e-02
1.872346529999999870e-02
1.854879770000000122e-02
1.916262909999999833e-02
1.875225269999999944e-02
1.922673650000000095e-02
1.853854409999999842e-02
1.893041399999999957e-02
1.886973490000000073e-02
1.879378660000000090e-02
1.887230139999999945e-02
1.919736609999999830e-02
1.841583420000000165e-02
1.924640979999999932e-02
1.950745499999999993e-02
1.944344010000000067e-02
1.889061969999999979e-02
1.864076430000000117e-02
1.862493640000000006e-02
1.926700289999999996e-02
1.947299029999999959e-02
1.892605680000000040e-02
1.883306709999999981e-02
1.945772460000000023e-02
1.914217480000000166e-02
1.907946820000000140e-02
1.967119130000000160e-02
1.922356050000000038e-02
1.910026589999999982e-02
1.941137089999999885e-02
1.964004689999999942e-02
1.923064539999999947e-02
1.930286319999999917e-02
1.919633030000000157e-02
1.901153490000000168e-02
1.916059950000000012e-02
1.878594780000000103e-02
1.970235229999999990e-02
1.979074249999999979e-02
1.932222299999999948e-02
1.918209049999999860e-02
1.963919509999999952e-02
1.966995449999999965e-02
1.931258279999999855e-02
1.948969810000000108e-02
1.937836009999999859e-02
1.956795089999999876e-02
1.941664200000000132e-02
1.965062110000000140e-02
1.921812789999999965e-02
1.924107170000000089e-02
1.963485109999999964e-02
1.995562639999999902e-02
1.945221379999999972e-02
1.976094819999999960e-02
2.027762370000000050e-02
1.968140529999999958e-02
1.932506529999999945e-02
1.979277809999999832e-02
1.948128199999999907e-02
1.950512080000000106e-02
2.008463920000000055e-02
1.991573170000000143e-02
1.962439170000000038e-02
1.947907579999999875e-02
1.986653219999999845e-02
1.982762329999999962e-02
1.992809690000000092e-02
2.024660990000000035e-02
1.966500399999999982e-02
2.008609780000000095e-02
1.977000409999999861e-02
2.014051999999999856e-02
2.004195129999999936e-02
1.990982960000000149e-02
2.023364849999999965e-02
1.993560830000000103e-02
1.978234900000000115e-02
1.997283730000000077e-02
1.991629220000000131e-02
1.984680629999999862e-02
2.031593820000000133e-02
2.029709390000000030e-02
1.994172370000000041e-02
1.979412880000000138e-02
1.957255479999999923e-02
1.998218729999999901e-02
1.988344369999999958e-02
1.989802649999999895e-02
2.038097319999999935e-02
1.995791740000000050e-02
1.998724270000000122e-02
2.005147640000000051e-02
2.068516899999999978e-02
1.998006160000000142e-02
2.087489290000000067e-02
2.049300509999999950e-02
2.046255040000000136e-02
2.022341799999999995e-02
1.999758319999999853e-02
1.991744770000000025e-02
2.076756169999999929e-02
2.038157070000000057e-02
2.048457279999999978e-02
2.010516979999999940e-02
2.040473569999999917e-02
2.060937310000000161e-02
2.057590559999999957e-02
2.056011690000000142e-02
2.044760400000000117e-02
2.116087289999999885e-02
2.057317850000000073e-02
2.051681400000000127e-02
2.067992750000000046e-02
2.039656119999999975e-02
2.023556599999999997e-02
2.073927210000000090e-02
2.089805570000000112e-02
2.037793320000000005e-02
2.002456689999999873e-02
2.094813059999999991e-02
2.055164019999999869e-02
2.021116220000000047e-02
2.049753909999999998e-02
2.105045549999999890e-02
2.050136519999999976e-02
2.112260620000000130e-02
2.061534049999999910e-02
1.997867329999999941e-02
2.103354370000000070e-02
2.067672060000000020e-02
2.098260019999999976e-02
2.055083499999999994e-02
2.049778080000000044e-02
2.101808200000000043e-02
2.043567209999999981e-02
2.056206080000000033e-02
2.078806639999999928e-02
2.117303450000000004e-02
2.098678450000000112e-02
2.112531239999999866e-02
2.112292580000000100e-02
2.060516039999999924e-02
2.046710009999999982e-02
2.118451199999999909e-02
2.045587260000000102e-02
2.067327689999999898e-02
2.127096959999999828e-02
2.093177309999999861e-02
2.071044470000000040e-02
2.075149440000000067e-02
2.094439420000000079e-02
2.147919859999999903e-02
2.084880739999999885e-02
2.114608999999999933e-02
2.091395149999999981e-02
2.139217800000000128e-02
2.117303450000000004e-02
2.139112120000000172e-02
2.139463770000000001e-02
2.096312259999999830e-02
2.186741190000000140e-02
2.100863470000000066e-02
2.133472729999999831e-02
2.137094109999999880e-02
2.142501739999999946e-02
2.145724660000000034e-02
2.130973980000000143e-02
2.182409650000000090e-02
2.141318890000000127e-02
2.123760560000000075e-02
2.206347100000000117e-02
2.149812950000000097e-02
2.126648069999999974e-02
2.147364140000000005e-02
2.116987130000000036e-02
2.139195329999999881e-02
2.125239469999999978e-02
2.142592109999999841e-02
2.154744260000000106e-02
2.174632710000000066e-02
2.146042520000000092e-02
2.111829020000000057e-02
2.160470559999999943e-02
2.149531149999999932e-02
2.156611090000000105e-02
2.185932529999999943e-02
2.161423089999999977e-02
2.173999819999999916e-02
2.225941310000000006e-02
2.174573709999999896e-02
2.188420450000000059e-02
2.215193160000000078e-02
2.171021789999999854e-02
2.249188900000000102e-02
2.165177030000000127e-02
2.159728480000000159e-02
2.175208199999999897e-02
2.210234540000000081e-02
2.155026159999999871e-02
2.233498370000000163e-02
2.208837380000000170e-02
2.181381229999999893e-02
2.148946870000000009e-02
2.183160060000000069e-02
2.144951960000000130e-02
2.221833399999999931e-02
2.257446559999999949e-02
2.213297070000000075e-02
2.197790659999999952e-02
2.185108269999999978e-02
2.137955180000000038e-02
2.175826540000000073e-02
2.231905630000000085e-02
2.262616970000000047e-02
2.256798410000000060e-02
2.165929239999999853e-02
2.224786650000000129e-02
2.230916280000000071e-02
2.203075239999999907e-02
2.210728520000000002e-02
2.258919640000000076e-02
2.196550120000000106e-02
2.210234540000000081e-02
2.218749760000000154e-02
2.222977809999999999e-02
2.275571709999999956e-02
2.231489210000000070e-02
2.233268089999999872e-02
2.182958509999999991e-02
2.237354139999999866e-02
2.236588119999999985e-02
2.188088269999999974e-02
2.176674389999999973e-02
2.212368030000000027e-02
2.276777730000000000e-02
2.273231259999999865e-02
2.246161769999999863e-02
2.231674950000000004e-02
2.239110039999999899e-02
2.274963909999999992e-02
2.320765190000000089e-02
2.267739079999999893e-02
2.260513479999999922e-02
2.239237510000000042e-02
2.257001120000000013e-02
2.229686510000000038e-02
2.327172040000000108e-02
2.296609670000000075e-02
2.292906000000000111e-02
2.224319959999999929e-02
2.238264850000000125e-02
2.303921849999999993e-02
2.261119379999999845e-02
2.267930019999999866e-02
2.207290519999999950e-02
2.270104779999999878e-02
2.262316370000000063e-02
2.274635209999999880e-02
2.340859190000000103e-02
2.228675459999999997e-02
2.294845770000000090e-02
2.365012550000000074e-02
2.288265280000000013e-02
2.327564199999999917e-02
2.249909430000000127e-02
2.278629849999999971e-02
2.255773510000000023e-02
2.267657920000000146e-02
2.331903139999999888e-02
2.283650710000000028e-02
2.326400060000000103e-02
2.334597459999999958e-02
2.337952830000000065e-02
2.311636649999999904e-02
2.377152739999999903e-02
2.326760589999999837e-02
2.318760250000000134e-02
2.264544229999999880e-02
2.337110510000000099e-02
2.309114950000000152e-02
2.332020760000000012e-02
2.268250650000000132e-02
2.329615750000000110e-02
2.354791469999999859e-02
2.314818449999999847e-02
2.330425139999999992e-02
2.316605539999999977e-02
2.372176009999999932e-02
2.345850199999999913e-02
2.299081539999999965e-02
2.302795239999999924e-02
2.337928989999999915e-02
2.355715320000000002e-02
2.371025740000000034e-02
2.365491239999999856e-02
2.357598840000000098e-02
2.319507239999999901e-02
2.392024540000000157e-02
2.287286050000000154e-02
2.386099720000000105e-02
2.305859470000000064e-02
2.360138120000000034e-02
2.414027469999999870e-02
2.452252380000000120e-02
2.365580739999999932e-02
2.311724550000000128e-02
2.430638049999999870e-02
2.409845789999999835e-02
2.324616250000000051e-02
2.374451600000000023e-02
2.364684850000000130e-02
2.367087450000000121e-02
2.345203179999999846e-02
2.415209030000000159e-02
2.350191110000000166e-02
2.448029219999999992e-02
2.402160830000000039e-02
2.385570710000000164e-02
2.372074999999999878e-02
2.412233780000000091e-02
2.406818729999999837e-02
2.410352690000000173e-02
2.388307630000000015e-02
2.440142949999999852e-02
2.439317369999999957e-02
2.397616630000000068e-02
2.338257200000000077e-02
2.373766869999999890e-02
2.404132960000000124e-02
2.469389589999999857e-02
2.428180179999999896e-02
2.454243940000000110e-02
2.478008209999999975e-02
2.473031909999999847e-02
2.428686890000000126e-02
2.472628840000000092e-02
2.421601190000000070e-02
2.469997109999999899e-02
2.390792259999999919e-02
2.484981689999999840e-02
2.464660620000000066e-02
2.377960009999999930e-02
2.423342480000000021e-02
2.412965790000000041e-02
2.442949560000000006e-02
2.475026430000000152e-02
2.486280969999999854e-02
2.431099550000000165e-02
2.472129740000000159e-02
2.534000830000000121e-02
2.494266720000000090e-02
2.414554480000000170e-02
2.464956860000000124e-02
2.495323240000000067e-02
2.408961509999999959e-02
2.455386799999999953e-02
2.542775870000000063e-02
2.461238099999999915e-02
2.445966700000000091e-02
2.468588509999999903e-02
2.453784859999999859e-02
2.504422099999999846e-02
2.453627850000000138e-02
2.477992910000000049e-02
2.473227370000000147e-02
2.476519370000000025e-02
2.449658240000000126e-02
2.505442630000000170e-02
2.592335700000000104e-02
2.486240860000000011e-02
2.475680060000000002e-02
2.482077909999999901e-02
2.521961660000000133e-02
2.474129099999999859e-02
2.473144529999999827e-02
2.463074650000000171e-02
2.518054460000000022e-02
2.484638889999999864e-02
2.448601970000000017e-02
2.476666480000000101e-02
2.512989729999999880e-02
2.486319010000000163e-02
2.461088969999999931e-02
2.568443260000000117e-02
2.515663989999999961e-02
2.475970489999999857e-02
2.560528880000000063e-02
2.475242240000000149e-02
2.597072339999999951e-02
2.590151450000000022e-02
2.579067130000000166e-02
2.504683389999999912e-02
2.509642429999999966e-02
2.607316759999999886e-02
2.576981009999999850e-02
2.602434890000000084e-02
2.539209660000000049e-02
2.563803870000000082e-02
2.560452350000000030e-02
2.555840889999999935e-02
2.597163450000000012e-02
2.529515690000000080e-02
2.527705300000000072e-02
2.518820470000000117e-02
2.534213670000000015e-02
2.551118299999999978e-02
2.545832120000000171e-02
2.561272670000000126e-02
2.638908430000000069e-02
2.524333390000000135e-02
2.615544959999999836e-02
2.583449609999999980e-02
2.582148039999999922e-02
2.625211909999999871e-02
2.587974930000000104e-02
2.690480040000000142e-02
2.639310630000000005e-02
2.693979150000000086e-02
2.707778980000000169e-02
2.638445710000000138e-02
2.689408609999999894e-02
2.588687719999999831e-02
2.544491330000000009e-02
2.624406409999999884e-02
2.623827700000000082e-02
2.626181990000000036e-02
2.593171279999999940e-02
2.548486859999999840e-02
2.640245100000000039e-02
2.716470389999999999e-02
2.616896800000000078e-02
2.593944780000000117e-02
2.698486630000000025e-02
2.703416139999999940e-02
2.600024139999999873e-02
2.632480610000000054e-02
2.693559749999999836e-02
2.648824769999999842e-02
2.636849419999999847e-02
2.612412979999999968e-02
2.588042800000000046e-02
2.650612379999999976e-02
2.580767789999999923e-02
2.638509990000000027e-02
2.745984929999999852e-02
2.592484360000000057e-02
2.770450870000000163e-02
2.608328719999999934e-02
2.620592650000000065e-02
2.703857299999999977e-02
2.697676850000000140e-02
2.620906250000000146e-02
2.655013250000000033e-02
2.607460870000000153e-02
2.645579990000000020e-02
2.655040999999999998e-02
2.729495750000000137e-02
2.711296480000000009e-02
2.765753569999999939e-02
2.727799079999999876e-02
2.832100920000000036e-02
2.708491710000000136e-02
2.658180619999999869e-02
2.745191380000000167e-02
2.724239129999999828e-02
2.635177160000000060e-02
2.734095159999999983e-02
2.690530179999999980e-02
2.637515979999999899e-02
2.649139600000000039e-02
2.755056089999999985e-02
2.699123620000000098e-02
2.750318859999999893e-02
2.795950709999999936e-02
2.638712099999999949e-02
2.709123249999999955e-02
2.696319949999999993e-02
2.734712749999999859e-02
2.730038159999999964e-02
2.649057919999999941e-02
2.672697610000000085e-02
2.790863539999999948e-02
2.812798089999999848e-02
2.766380280000000150e-02
2.866587480000000118e-02
2.677913109999999902e-02
2.814008540000000058e-02
2.775938130000000018e-02
2.704137560000000051e-02
2.756941740000000071e-02
2.677598609999999948e-02
2.859730140000000045e-02
2.723964150000000167e-02
2.672082359999999879e-02
2.726394730000000072e-02
2.746604949999999906e-02
2.716519029999999932e-02
2.709634959999999981e-02
2.712727259999999849e-02
2.755685440000000055e-02
2.767573859999999941e-02
2.717124770000000147e-02
2.817122580000000140e-02
2.781175329999999862e-02
2.853966180000000116e-02
2.831861329999999996e-02
2.835102249999999977e-02
2.821381070000000130e-02
2.838546429999999968e-02
2.798394519999999885e-02
2.844961769999999890e-02
2.909852640000000143e-02
2.702173500000000159e-02
2.802050660000000165e-02
2.865092550000000043e-02
2.779689980000000019e-02
2.905031229999999881e-02
2.810000199999999893e-02
2.870028180000000137e-02
2.807483950000000048e-02
2.848958429999999889e-02
2.828491840000000104e-02
2.770061750000000003e-02
2.883049240000000110e-02
2.868732120000000094e-02
2.858205650000000125e-02
2.752525399999999900e-02
2.844820699999999966e-02
2.862567300000000078e-02
2.898322880000000004e-02
2.840815550000000064e-02
2.871613040000000130e-02
2.850113359999999901e-02
2.861560670000000070e-02
2.818561660000000121e-02
2.895573610000000062e-02
2.855044359999999934e-02
2.884713230000000156e-02
2.925124850000000026e-02
2.888596569999999850e-02
2.912979599999999947e-02
2.822971369999999897e-02
2.782006420000000119e-02
2.915265660000000009e-02
2.903123360000000111e-02
2.841158900000000098e-02
2.902839659999999905e-02
2.938035589999999850e-02
2.911400030000000153e-02
2.927810089999999948e-02
2.892824399999999879e-02
2.913823390000000110e-02
2.946205350000000167e-02
2.941937730000000056e-02
2.938895349999999865e-02
2.734509580000000009e-02
2.857613809999999879e-02
2.792963609999999861e-02
2.801666369999999961e-02
2.877410270000000173e-02
2.807663549999999883e-02
2.943678220000000081e-02
2.833339039999999837e-02
2.846224840000000089e-02
2.948053969999999899e-02
2.876326920000000023e-02
2.907159399999999921e-02
3.043623289999999870e-02
2.942277639999999958e-02
2.853872350000000169e-02
2.849867140000000160e-02
3.004023399999999899e-02
2.916152210000000009e-02
2.983989940000000146e-02
2.978272430000000054e-02
2.946855799999999886e-02
2.968371170000000045e-02
2.953102700000000136e-02
2.984573470000000117e-02
2.937139520000000073e-02
2.909353589999999837e-02
2.923199560000000127e-02
2.920327259999999994e-02
2.957061659999999856e-02
2.908276989999999951e-02
2.948511440000000164e-02
3.048577389999999887e-02
2.940123769999999914e-02
3.005796000000000162e-02
3.024807280000000112e-02
2.974933800000000017e-02
2.960655460000000128e-02
2.975816090000000039e-02
2.991984810000000022e-02
2.841578720000000058e-02
3.048137849999999968e-02
3.013249520000000140e-02
2.971639339999999907e-02
2.953204530000000036e-02
3.103014939999999833e-02
2.908998050000000113e-02
2.907017770000000154e-02
3.003516540000000096e-02
2.980756910000000037e-02
2.994378610000000135e-02
3.031273060000000061e-02
2.913908720000000022e-02
3.007311790000000151e-02
2.975412859999999882e-02
3.059067240000000118e-02
2.971170890000000148e-02
2.984144329999999928e-02
2.986964890000000025e-02
3.087001779999999987e-02
3.002352159999999853e-02
3.082507619999999907e-02
2.998959489999999950e-02
3.029584399999999886e-02
2.966638099999999861e-02
3.016197320000000084e-02
3.064939729999999890e-02
2.981026629999999900e-02
3.040583120000000042e-02
2.992336370000000037e-02
3.183723439999999738e-02
2.945483429999999972e-02
3.085794459999999934e-02
3.040839769999999914e-02
3.072728779999999923e-02
3.091464110000000098e-02
3.091256930000000139e-02
2.961999829999999861e-02
3.006270720000000021e-02
3.127129440000000343e-02
3.128083930000000179e-02
3.121439729999999843e-02
3.089351989999999937e-02
3.009630510000000161e-02
3.070629210000000095e-02
3.044848550000000056e-02
3.091602840000000005e-02
3.109129100000000007e-02
3.229159949999999696e-02
3.104914159999999992e-02
3.041758090000000123e-02
3.043418739999999983e-02
3.154178819999999689e-02
3.140089470000000105e-02
3.089413150000000149e-02
3.190517689999999851e-02
3.013925289999999993e-02
3.103366889999999850e-02
3.229932469999999972e-02
3.297501060000000012e-02
3.164606030000000070e-02
3.100021760000000112e-02
3.165330560000000071e-02
3.146123139999999763e-02
3.150278410000000029e-02
3.159780410000000150e-02
3.177034360000000057e-02
3.112539970000000045e-02
3.145356469999999877e-02
3.151477300000000287e-02
3.307263609999999687e-02
3.213966800000000318e-02
3.102563230000000144e-02
3.072086099999999861e-02
3.110890700000000161e-02
3.305757110000000221e-02
3.168456020000000317e-02
3.243525509999999751e-02
3.075432120000000033e-02
3.071528130000000106e-02
3.200661319999999893e-02
3.265569840000000224e-02
3.300121880000000257e-02
3.085763960000000028e-02
3.153773480000000157e-02
3.340120230000000190e-02
3.311436839999999660e-02
3.092568710000000165e-02
3.196137889999999676e-02
3.197005549999999696e-02
3.177981099999999809e-02
3.132167439999999914e-02
3.227583269999999976e-02
3.306936469999999934e-02
3.217576639999999988e-02
3.147784659999999790e-02
3.250548670000000251e-02
3.349283969999999888e-02
3.197501090000000323e-02
3.213969970000000315e-02
3.188884599999999847e-02
3.253029260000000339e-02
3.341305669999999894e-02
3.326473490000000227e-02
3.214777080000000287e-02
3.254331380000000107e-02
3.305347890000000233e-02
3.177802090000000218e-02
3.147212850000000173e-02
3.291751100000000346e-02
3.232165659999999829e-02
3.231459930000000341e-02
3.284366300000000211e-02
3.140941629999999957e-02
3.294490950000000112e-02
3.322323320000000052e-02
3.321676509999999666e-02
3.295987720000000121e-02
3.340389469999999889e-02
3.141066680000000055e-02
3.403687720000000277e-02
3.382906809999999820e-02
3.220534790000000036e-02
3.264888889999999905e-02
3.210682649999999777e-02
3.279028550000000208e-02
3.203866150000000274e-02
3.324032460000000272e-02
3.274760759999999910e-02
3.216925529999999783e-02
3.323563820000000057e-02
3.122333659999999844e-02
3.359692880000000187e-02
3.212454199999999899e-02
3.302223519999999968e-02
3.281148159999999758e-02
3.239642250000000084e-02
3.330834480000000042e-02
3.356519110000000250e-02
3.264276819999999829e-02
3.229593750000000346e-02
3.297171389999999785e-02
3.348493670000000227e-02
3.382082690000000336e-02
3.306908020000000337e-02
3.355924329999999955e-02
3.337781129999999735e-02
3.340994760000000341e-02
3.371951740000000280e-02
3.285337440000000303e-02
3.336511820000000184e-02
3.336050320000000236e-02
3.394927100000000308e-02
3.458621349999999733e-02
3.395183529999999672e-02
3.397012900000000168e-02
3.446170900000000009e-02
3.340526070000000153e-02
3.374336540000000273e-02
3.401730399999999821e-02
3.369630419999999904e-02
3.425955530000000110e-02
3.284079969999999932e-02
3.418953990000000304e-02
3.388050220000000251e-02
3.426233029999999763e-02
3.442956490000000092e-02
3.404581599999999958e-02
3.463145069999999659e-02
3.401086689999999885e-02
3.386443310000000068e-02
3.417823960000000022e-02
3.474247589999999997e-02
3.501483340000000055e-02
3.429520540000000062e-02
3.282210759999999727e-02
3.480911820000000267e-02
3.397466340000000057e-02
3.379380070000000125e-02
3.406651530000000261e-02
3.459308049999999801e-02
3.461847180000000163e-02
3.578771890000000122e-02
3.373086799999999719e-02
3.301062839999999859e-02
3.516311409999999665e-02
3.371670940000000283e-02
3.328936660000000186e-02
3.508110440000000024e-02
3.559739459999999855e-02
3.450676190000000199e-02
3.378694010000000275e-02
3.486803299999999967e-02
3.374625180000000169e-02
3.405517520000000270e-02
3.571652489999999763e-02
3.560070760000000334e-02
3.564297570000000276e-02
3.505632449999999956e-02
3.481725940000000158e-02
3.374276889999999751e-02
3.528210360000000323e-02
3.542989159999999915e-02
3.588608339999999758e-02
3.422235440000000184e-02
3.484429010000000132e-02
3.481286830000000082e-02
3.456093889999999752e-02
3.605552149999999983e-02
3.523038559999999708e-02
3.521919550000000149e-02
3.553939660000000195e-02
3.479967879999999736e-02
3.535318739999999960e-02
3.670436750000000137e-02
3.727456459999999722e-02
3.382363210000000064e-02
3.550415579999999932e-02
3.469963770000000086e-02
3.544923149999999745e-02
3.761124290000000120e-02
3.567305800000000054e-02
3.614819510000000236e-02
3.600936999999999888e-02
3.545869320000000213e-02
3.575961949999999917e-02
3.652345640000000115e-02
3.667642709999999889e-02
3.725275460000000011e-02
3.498258659999999715e-02
3.627397009999999700e-02
3.541550620000000205e-02
3.623763840000000097e-02
3.551895800000000325e-02
3.549767899999999726e-02
3.551994599999999669e-02
3.627684119999999984e-02
3.560093279999999860e-02
3.575553680000000123e-02
3.820691290000000073e-02
3.656301449999999759e-02
3.683131139999999693e-02
3.513536340000000119e-02
3.695047769999999787e-02
3.651994599999999758e-02
3.544439110000000004e-02
3.687744049999999718e-02
3.628037630000000013e-02
3.693271229999999655e-02
3.749744599999999678e-02
3.622249159999999663e-02
3.494465050000000045e-02
3.512019069999999799e-02
3.507336929999999714e-02
3.607680790000000054e-02
3.822369400000000250e-02
3.605811610000000250e-02
3.561009750000000001e-02
3.672151929999999814e-02
3.655565749999999808e-02
3.781399669999999796e-02
3.607074040000000231e-02
3.802555240000000253e-02
3.635308629999999680e-02
3.726442680000000007e-02
3.669297290000000239e-02
3.760952840000000158e-02
3.556872500000000242e-02
3.620302959999999876e-02
3.757328690000000249e-02
3.700509240000000172e-02
3.490863649999999957e-02
3.897312339999999681e-02
3.814887639999999663e-02
3.664345199999999997e-02
3.736018259999999980e-02
3.924036439999999820e-02
3.757034189999999829e-02
3.850439280000000214e-02
3.812869390000000330e-02
3.748202929999999711e-02
3.920539640000000187e-02
3.808918349999999842e-02
3.595204379999999977e-02
3.682960650000000058e-02
3.764344809999999736e-02
4.015090150000000246e-02
3.668392940000000241e-02
3.790999949999999952e-02
3.763101020000000213e-02
3.712110340000000092e-02
3.855613330000000338e-02
3.790635390000000188e-02
3.776085380000000075e-02
3.803232210000000169e-02
3.731387650000000250e-02
3.905316300000000185e-02
3.669470820000000216e-02
3.755040999999999934e-02
3.899033119999999880e-02
3.758724890000000179e-02
3.791588469999999933e-02
3.791208170000000266e-02
3.832873860000000216e-02
3.771865440000000264e-02
3.847245090000000339e-02
3.924275270000000121e-02
3.743253920000000345e-02
3.558973270000000133e-02
3.854058679999999848e-02
3.798785319999999771e-02
4.022543230000000247e-02
3.720149180000000000e-02
4.037192440000000188e-02
3.757094080000000086e-02
3.721046909999999736e-02
3.837864719999999757e-02
4.023134779999999744e-02
3.920420919999999948e-02
3.869063319999999778e-02
3.869266710000000137e-02
3.921800820000000132e-02
3.895604519999999737e-02
4.009989509999999785e-02
3.886014160000000189e-02
3.917414730000000345e-02
3.953589639999999933e-02
3.877871179999999723e-02
3.892519459999999737e-02
3.666720429999999892e-02
4.046613810000000006e-02
3.986970640000000315e-02
4.051752410000000054e-02
4.065125940000000049e-02
4.030253730000000340e-02
4.071198229999999779e-02
3.912519130000000067e-02
4.090212540000000285e-02
3.804657189999999939e-02
3.826130140000000290e-02
4.042010869999999867e-02
4.043984750000000072e-02
4.112875280000000133e-02
4.045234250000000198e-02
3.704716229999999860e-02
3.936428239999999884e-02
3.924658410000000236e-02
4.074833320000000036e-02
3.994644259999999975e-02
3.869443069999999735e-02
4.240469510000000053e-02
4.057771179999999922e-02
3.936997770000000285e-02
4.143549889999999930e-02
3.985857179999999916e-02
3.980992280000000133e-02
3.867490330000000059e-02
3.875156109999999821e-02
3.732836660000000278e-02
3.851396590000000231e-02
3.988961609999999713e-02
3.883875140000000309e-02
4.182941460000000333e-02
4.018771320000000258e-02
4.098206179999999699e-02
4.050350169999999972e-02
3.867386059999999848e-02
3.853217379999999970e-02
4.078439400000000159e-02
4.060108910000000126e-02
4.091033880000000122e-02
4.097090330000000002e-02
3.868670230000000043e-02
4.123337099999999783e-02
4.075220439999999861e-02
4.040188329999999661e-02
4.032972349999999762e-02
3.934799929999999862e-02
3.981304570000000070e-02
4.034097670000000302e-02
4.127309419999999895e-02
3.991607290000000197e-02
4.010512930000000031e-02
4.339666699999999988e-02
4.020545429999999865e-02
4.117685380000000311e-02
3.940492539999999877e-02
4.012732959999999738e-02
4.078335529999999737e-02
4.088220880000000002e-02
4.234479840000000134e-02
4.062597479999999900e-02
4.260638159999999980e-02
4.337958680000000150e-02
4.082789979999999763e-02
4.253066199999999686e-02
4.261446750000000283e-02
3.941335130000000325e-02
4.081536219999999660e-02
4.155273460000000196e-02
3.989315239999999957e-02
4.124523430000000268e-02
4.257325900000000218e-02
4.202232849999999742e-02
4.022757930000000343e-02
4.238208389999999909e-02
4.073245290000000046e-02
4.134260700000000344e-02
4.194300270000000247e-02
4.205155330000000247e-02
4.180254199999999809e-02
4.249119690000000005e-02
4.168639250000000240e-02
4.217395239999999906e-02
4.240648649999999992e-02
4.235698450000000004e-02
4.308951750000000053e-02
4.219061679999999703e-02
4.223386300000000343e-02
4.214631559999999777e-02
4.160809879999999988e-02
4.255623659999999836e-02
4.165218510000000263e-02
4.278219999999999940e-02
4.243425079999999655e-02
4.126037490000000058e-02
4.187845839999999875e-02
4.315726210000000312e-02
4.327384850000000338e-02
4.056117060000000163e-02
3.920859379999999672e-02
4.259591699999999703e-02
4.230127759999999931e-02
4.080691339999999862e-02
4.222781359999999706e-02
4.307423330000000050e-02
4.051197699999999763e-02
4.375295170000000067e-02
4.064421129999999660e-02
4.140806219999999815e-02
4.244261059999999974e-02
4.312909580000000298e-02
4.276780510000000035e-02
4.272250629999999744e-02
4.283128490000000232e-02
4.093676749999999864e-02
4.299776570000000270e-02
4.351397719999999802e-02
4.421516500000000072e-02
4.352169930000000103e-02
4.122283389999999853e-02
4.369285640000000054e-02
4.345046009999999764e-02
4.576720370000000176e-02
4.312685819999999975e-02
4.151487920000000026e-02
4.433430730000000042e-02
4.136417190000000327e-02
4.312909580000000298e-02
4.385707660000000285e-02
4.399530089999999921e-02
4.417638110000000201e-02
4.200886820000000049e-02
4.297428119999999879e-02
4.538596350000000113e-02
4.541361659999999800e-02
4.373828960000000071e-02
4.405838740000000281e-02
4.346783550000000301e-02
4.323295530000000053e-02
4.249462829999999663e-02
4.335580890000000076e-02
4.413568300000000194e-02
4.560834150000000337e-02
4.722985329999999926e-02
4.477691870000000129e-02
4.326276650000000085e-02
4.592810289999999657e-02
4.447677369999999963e-02
4.556778260000000219e-02
4.463584290000000010e-02
4.498974840000000142e-02
4.425726690000000157e-02
4.321285970000000171e-02
4.425853550000000136e-02
4.276453739999999670e-02
4.468993649999999929e-02
4.410398709999999861e-02
4.606813159999999935e-02
4.355145920000000337e-02
4.471129670000000000e-02
4.510793700000000073e-02
4.503724960000000249e-02
4.654828779999999749e-02
4.347679310000000102e-02
4.087633479999999708e-02
4.605434550000000321e-02
4.766556539999999842e-02
4.897256540000000102e-02
4.579452120000000043e-02
4.447311639999999844e-02
4.384422579999999736e-02
4.682390749999999768e-02
4.626509310000000152e-02
4.478356280000000272e-02
4.508281000000000094e-02
4.390875529999999777e-02
4.541509509999999694e-02
4.448623530000000298e-02
4.419759350000000003e-02
4.451781619999999745e-02
4.627487240000000002e-02
4.394990599999999692e-02
4.501865189999999795e-02
4.530509650000000277e-02
4.423774629999999847e-02
4.705205529999999942e-02
4.382147539999999702e-02
4.391939799999999838e-02
4.477244340000000045e-02
4.664068670000000305e-02
4.571636090000000263e-02
4.470264239999999917e-02
4.679315080000000238e-02
4.673097300000000204e-02
4.507921119999999671e-02
4.780655240000000056e-02
4.788012390000000174e-02
4.856129309999999977e-02
4.765322179999999935e-02
4.762700450000000030e-02
4.616812349999999815e-02
4.860863609999999807e-02
4.902931769999999828e-02
4.413463310000000084e-02
4.426827760000000278e-02
4.817718180000000322e-02
4.683929330000000113e-02
4.818330519999999839e-02
4.651689249999999692e-02
4.629432170000000180e-02
4.554642219999999880e-02
4.719775240000000094e-02
4.616812349999999815e-02
4.588605040000000301e-02
4.487199990000000083e-02
4.712110919999999703e-02
4.642566790000000193e-02
4.797188990000000181e-02
4.843169330000000189e-02
4.825680079999999927e-02
4.814310849999999670e-02
4.873051040000000306e-02
4.595044090000000025e-02
4.598832640000000138e-02
4.776756690000000249e-02
4.639728449999999671e-02
4.726259099999999963e-02
4.771007280000000295e-02
4.819556710000000299e-02
4.899691550000000173e-02
4.788970020000000299e-02
4.725884620000000286e-02
4.648929350000000071e-02
4.875898590000000282e-02
4.835618440000000184e-02
4.603465260000000336e-02
4.802753199999999778e-02
4.493074689999999871e-02
4.647332629999999937e-02
4.539378129999999817e-02
4.639515839999999725e-02
4.987674809999999986e-02
4.580003170000000040e-02
4.776544879999999882e-02
4.951085460000000105e-02
4.776085039999999893e-02
4.704511320000000218e-02
5.033261790000000124e-02
4.795907209999999976e-02
4.640208280000000102e-02
4.654117149999999897e-02
4.731579229999999942e-02
4.899691550000000173e-02
4.956026300000000023e-02
4.811776150000000168e-02
4.729113330000000309e-02
4.902931769999999828e-02
4.799848839999999728e-02
4.857724160000000124e-02
4.785653720000000028e-02
5.033130789999999688e-02
4.830072740000000003e-02
5.117328510000000025e-02
4.619247149999999857e-02
4.846769050000000051e-02
5.274754809999999960e-02
4.911289270000000068e-02
4.824314949999999880e-02
5.192364320000000116e-02
5.111397000000000163e-02
4.919451670000000304e-02
5.037561849999999675e-02
4.999933069999999702e-02
4.877648490000000003e-02
5.030333609999999844e-02
4.983716579999999952e-02
4.922823109999999863e-02
4.811450850000000001e-02
4.903635259999999940e-02
4.894083409999999690e-02
4.837841749999999968e-02
5.068871469999999824e-02
4.761958930000000090e-02
4.849907269999999965e-02
5.542466229999999661e-02
4.952699130000000338e-02
5.112165340000000141e-02
4.733894760000000035e-02
