2.238305550873008753e-01
2.197259062892367165e-01
2.141031346709197369e-01
2.072492129045401255e-01
1.995040481168749713e-01
1.912349645869167170e-01
1.828104633769033482e-01
1.745756815308870114e-01
1.668316407959041514e-01
1.598198310173651049e-01
1.537129992742449491e-01
1.486123064829677487e-01
1.445503588205988288e-01
1.414990957221539392e-01
1.393811679947083992e-01
1.380832881313406868e-01
1.374700712605210762e-01
1.373970771781182487e-01
1.377220641021331127e-01
1.383138193757154077e-01
1.390582897459393952e-01
1.398620514586615959e-01
1.406534088230450841e-01
1.413815743825867499e-01
1.420144633677399570e-01
1.425356396258369018e-01
1.429408968255599655e-01
1.432348677191936925e-01
1.434279456203481351e-01
1.435336931100056890e-01
1.435668159615124950e-01
1.435417030713348474e-01
1.434714788204818070e-01
1.433674823215765615e-01
1.432390748620792353e-01
1.430936784859356548e-01
1.429369597798146874e-01
1.427730892731992329e-01
1.426050247521157277e-01
1.424347836616413066e-01
1.422636840864535124e-01
1.420925448709023931e-01
1.419218432333023416e-01
1.417518331186448100e-01
1.415826301040794821e-01
1.414142695599349409e-01
1.412467445631923613e-01
1.410800292413575130e-01
1.409140921483812703e-01
1.407489031769522114e-01
1.405844365297849452e-01
1.404206714686603297e-01
1.402575919462503706e-01
1.400951857852926474e-01
1.399334437718727231e-01
1.397723588404749251e-01
1.396119254168270707e-01
1.394521389246864418e-01
1.392929954351390665e-01
1.391344914280265577e-01
1.389766236357655727e-01
1.388193889446077411e-01
1.386627843342224664e-01
1.385068068418784382e-01
1.383514535418615687e-01
1.381967215340155763e-01
1.380426079375643156e-01
1.378891098878912147e-01
1.377362245349157410e-01
1.375839490422998135e-01
1.374322805870672459e-01
1.372812163594176738e-01
1.371307535626261898e-01
1.369808894129767585e-01
1.368316211397068161e-01
1.366829459849537298e-01
1.365348612037004528e-01
1.363873640637193740e-01
1.362404518455154201e-01
1.360941218422680454e-01
1.359483713597727794e-01
1.358031977163832171e-01
1.356585982429523995e-01
1.355145702827747767e-01
1.353711111915281984e-01
1.352282183372162938e-01
1.350858891001108508e-01
1.349441208726947783e-01
1.348029110596050961e-01
1.346622570775763417e-01
1.345221563553839206e-01
1.343826063337883459e-01
1.342436044654790328e-01
1.341051482150188434e-01
1.339672350587886585e-01
1.338298624849323382e-01
1.336930279933016830e-01
1.335567290954021713e-01
1.334209633143383644e-01
1.332857281847598663e-01
1.331510212528075887e-01
1.330168400760600167e-01
1.328831822234800841e-01
1.327500452753619109e-01
1.326174268232779840e-01
1.324853244700267274e-01
1.323537358295799604e-01
1.322226585270309396e-01
1.320920901985424833e-01
1.319620284912952080e-01
1.318324710634363739e-01
1.317034155840286769e-01
1.315748597329992053e-01
1.314468012010890363e-01
1.313192376898026370e-01
1.311921669113575994e-01
1.310655865886350413e-01
1.309394944551295070e-01
1.308138882548996185e-01
1.306887657425189198e-01
1.305641246830266944e-01
1.304399628518792542e-01
1.303162780349012839e-01
1.301930680282376573e-01
1.300703306383051705e-01
1.299480636817446633e-01
1.298262649853734185e-01
1.297049323861377002e-01
1.295840637310653742e-01
1.294636568772191687e-01
1.293437096916496276e-01
1.292242200513487038e-01
1.291051858432033794e-01
1.289866049639494527e-01
1.288684753201257138e-01
1.287507948280280923e-01
1.286335614136643879e-01
1.285167730127087793e-01
1.284004275704568043e-01
1.282845230417806182e-01
1.281690573910841680e-01
1.280540285922588672e-01
1.279394346286393536e-01
1.278252734929593015e-01
1.277115431873078466e-01
1.275982417230857591e-01
1.274853671209622286e-01
1.273729174108313156e-01
1.272608906317693189e-01
1.271492848319918101e-01
1.270380980688108064e-01
1.269273284085927767e-01
1.268169739267160645e-01
1.267070327075290048e-01
1.265975028443082073e-01
1.264883824392166733e-01
1.263796696032625788e-01
1.262713624562579462e-01
1.261634591267776218e-01
1.260559577521183916e-01
1.259488564782583198e-01
1.258421534598162805e-01
1.257358468600116297e-01
1.256299348506242364e-01
1.255244156119543208e-01
1.254192873327830138e-01
1.253145482103325825e-01
1.252101964502272125e-01
1.251062302664537607e-01
1.250026478813227593e-01
1.248994475254297104e-01
1.247966274376162976e-01
1.246941858649320972e-01
1.245921210625960812e-01
1.244904312939588698e-01
1.243891148304644423e-01
1.242881699516126953e-01
1.241875949449216671e-01
1.240873881058903311e-01
1.239875477379612234e-01
1.238880721524835138e-01
1.237889596686761462e-01
1.236902086135910073e-01
1.235918173220765942e-01
1.234937841367415023e-01
1.233961074079183429e-01
1.232987854936276606e-01
1.232018167595421571e-01
1.231051995789509135e-01
1.230089323327240580e-01
1.229130134092771692e-01
1.228174412045362901e-01
1.227222141219027896e-01
1.226273305722186679e-01
1.225327889737316406e-01
1.224385877520607485e-01
1.223447253401620111e-01
1.222512001782941476e-01
1.221580107139844940e-01
1.220651554019952650e-01
1.219726327042896241e-01
1.218804410899982787e-01
1.217885790353859382e-01
1.216970450238181040e-01
1.216058375457279850e-01
1.215149550985834825e-01
1.214243961868544525e-01
1.213341593219799674e-01
1.212442430223359263e-01
1.211546458132026771e-01
1.210653662267327929e-01
1.209764028019190418e-01
1.208877540845624821e-01
1.207994186272408066e-01
1.207113949892765631e-01
1.206236817367059150e-01
1.205362774422471389e-01
1.204491806852697189e-01
1.203623900517630102e-01
1.202759041343057084e-01
1.201897215320347906e-01
1.201038408506152483e-01
1.200182607022095005e-01
1.199329797054470015e-01
1.198479964853943064e-01
1.197633096735249009e-01
1.196789179076893639e-01
1.195948198320856831e-01
1.195110140972295704e-01
1.194274993599250545e-01
1.193442742832351716e-01
1.192613375364528217e-01
1.191786877950715973e-01
1.190963237407569181e-01
1.190142440613173869e-01
1.189324474506759238e-01
1.188509326088414836e-01
1.187696982418804392e-01
1.186887430618885492e-01
1.186080657869627852e-01
1.185276651411732579e-01
1.184475398545354330e-01
1.183676886629825009e-01
1.182881103083375657e-01
1.182088035382864305e-01
1.181297671063500782e-01
1.180509997718575538e-01
1.179725002999188616e-01
1.178942674613979863e-01
1.178163000328860816e-01
1.177385967966748243e-01
1.176611565407297694e-01
1.175839780586638156e-01
1.175070601497111150e-01
1.174304016187005945e-01
1.173540012760300177e-01
1.172778579376400482e-01
1.172019704249882832e-01
1.171263375650236083e-01
1.170509581901606477e-01
1.169758311382540633e-01
1.169009552525734769e-01
1.168263293817780463e-01
1.167519523798913467e-01
1.166778231062763904e-01
1.166039404256107720e-01
1.165303032078617990e-01
1.164569103282618590e-01
1.163837606672839392e-01
1.163108531106170768e-01
1.162381865491421279e-01
1.161657598789075097e-01
1.160935720011051775e-01
1.160216218220465056e-01
1.159499082531386255e-01
1.158784302108603892e-01
1.158071866167389719e-01
1.157361763973262653e-01
1.156653984841753274e-01
1.155948518138172343e-01
1.155245353277377790e-01
1.154544479723542960e-01
1.153845886989929431e-01
1.153149564638654423e-01
1.152455502280465838e-01
1.151763689574514249e-01
1.151074116228127248e-01
1.150386771996585733e-01
1.149701646682898815e-01
1.149018730137582461e-01
1.148338012258438012e-01
1.147659482990330687e-01
1.146983132324971288e-01
1.146308950300696933e-01
1.145636927002254141e-01
1.144967052560582343e-01
1.144299317152598500e-01
1.143633711000982683e-01
1.142970224373964228e-01
1.142308847585110920e-01
1.141649570993115426e-01
1.140992385001586423e-01
1.140337280058838776e-01
1.139684246657685224e-01
1.139033275335228079e-01
1.138384356672654252e-01
1.137737481295028330e-01
1.137092639871088301e-01
1.136449823113042518e-01
1.135809021776366529e-01
1.135170226659601295e-01
1.134533428604152377e-01
1.133898618494090793e-01
1.133265787255952894e-01
1.132634925858543584e-01
1.132006025312737724e-01
1.131379076671285705e-01
1.130754071028617497e-01
1.130130999520647245e-01
1.129509853126122315e-01
1.128890623460879344e-01
1.128273301585057120e-01
1.127657878798586089e-01
1.127044346441922612e-01
1.126432695895862451e-01
1.125822918581350224e-01
1.125215005959293718e-01
1.124608949530377100e-01
1.124004740834875504e-01
1.123402371452470322e-01
1.122801833002065736e-01
1.122203117141605394e-01
1.121606215567890891e-01
1.121011120016400381e-01
1.120417822261108309e-01
1.119826314114305277e-01
1.119236587426420265e-01
1.118648634085843002e-01
1.118062446018746048e-01
1.117478015188908824e-01
1.116895333597542478e-01
1.116314393283115991e-01
1.115735186321181460e-01
1.115157704824201457e-01
1.114581940941376942e-01
1.114007886858476848e-01
1.113435534797665716e-01
1.112864877017335635e-01
1.112295905811937491e-01
1.111728613511810682e-01
1.111162992483018530e-01
1.110599035127179529e-01
1.110036733881302889e-01
1.109476081217623394e-01
1.108917069643436115e-01
1.108359691700934319e-01
1.107803939967046125e-01
1.107249807053272139e-01
1.106697285605525022e-01
1.106146368303968369e-01
1.105597047862857951e-01
1.105049317030381284e-01
1.104503168588501089e-01
1.103958595352796668e-01
1.103415590172307920e-01
1.102874145929377686e-01
1.102334255539499375e-01
1.101795911951159446e-01
1.101259108145685450e-01
1.100723837137092265e-01
1.100190091971929851e-01
1.099657865729131018e-01
1.099127151519861401e-01
1.098597942487368195e-01
1.098070231806831248e-01
1.097544012685214287e-01
1.097019278361115874e-01
1.096496022104622298e-01
1.095974237217161307e-01
1.095453917031355695e-01
1.094935054910877309e-01
1.094417644250302996e-01
1.093901678474969719e-01
1.093387151040832173e-01
1.092874055434319425e-01
1.092362385172192529e-01
1.091852133801403807e-01
1.091343294898955568e-01
1.090835862071760087e-01
1.090329828956500546e-01
1.089825189219491147e-01
1.089321936556541109e-01
1.088820064692814366e-01
1.088319567382694808e-01
1.087820438409649315e-01
1.087322671586091749e-01
1.086826260753248896e-01
1.086331199781025159e-01
1.085837482567870160e-01
1.085345103040643577e-01
1.084854055154485242e-01
1.084364332892680943e-01
1.083875930266532950e-01
1.083388841315228168e-01
1.082903060105708803e-01
1.082418580732542601e-01
1.081935397317794478e-01
1.081453504010898292e-01
1.080972894988528055e-01
1.080493564454472893e-01
1.080015506639508821e-01
1.079538715801273974e-01
1.079063186224143434e-01
1.078588912219103635e-01
1.078115888123629684e-01
1.077644108301559489e-01
1.077173567142974409e-01
1.076704259064073244e-01
1.076236178507052887e-01
1.075769319939986340e-01
1.075303677856701556e-01
1.074839246776662649e-01
1.074376021244848739e-01
1.073913995831636270e-01
1.073453165132680215e-01
1.072993523768795837e-01
1.072535066385841840e-01
1.072077787654603792e-01
1.071621682270676862e-01
1.071166744954351463e-01
1.070712970450497514e-01
1.070260353528449115e-01
1.069808888981892275e-01
1.069358571628749172e-01
1.068909396311067267e-01
1.068461357894905234e-01
1.068014451270221654e-01
1.067568671350764137e-01
1.067124013073956629e-01
1.066680471400791586e-01
1.066238041315717699e-01
1.065796717826531653e-01
1.065356495964269873e-01
1.064917370783098893e-01
1.064479337360207667e-01
1.064042390795701398e-01
1.063606526212493575e-01
1.063171738756200080e-01
1.062738023595033304e-01
1.062305375919696260e-01
1.061873790943279050e-01
1.061443263901152567e-01
1.061013790050866906e-01
1.060585364672045477e-01
1.060157983066284254e-01
1.059731640557048243e-01
1.059306332489569347e-01
1.058882054230745468e-01
1.058458801169039204e-01
1.058036568714377512e-01
1.057615352298051092e-01
1.057195147372615579e-01
1.056775949411791898e-01
1.056357753910367597e-01
1.055940556384098450e-01
1.055524352369611174e-01
1.055109137424306009e-01
1.054694907126259712e-01
1.054281657074128825e-01
1.053869382887054618e-01
1.053458080204566910e-01
1.053047744686488457e-01
1.052638372012842105e-01
1.052229957883754757e-01
1.051822498019364810e-01
1.051415988159728337e-01
1.051010424064726667e-01
1.050605801513972704e-01
1.050202116306721001e-01
1.049799364261774226e-01
1.049397541217393093e-01
1.048996643031206016e-01
1.048596665580116827e-01
1.048197604760217616e-01
1.047799456486697145e-01
1.047402216693752719e-01
1.047005881334501648e-01
1.046610446380892567e-01
1.046215907823618008e-01
1.045822261672026826e-01
1.045429503954037470e-01
1.045037630716050825e-01
1.044646638022864588e-01
1.044256521957587919e-01
1.043867278621554429e-01
1.043478904134239049e-01
1.043091394633172408e-01
1.042704746273857147e-01
1.042318955229683125e-01
1.041934017691845960e-01
1.041549929869261815e-01
1.041166687988486494e-01
1.040784288293632176e-01
1.040402727046285669e-01
1.040022000525427925e-01
1.039642105027351326e-01
1.039263036865580581e-01
1.038884792370791121e-01
1.038507367890729866e-01
1.038130759790135277e-01
1.037754964450658540e-01
1.037379978270784042e-01
1.037005797665751794e-01
1.036632419067478467e-01
1.036259838924480231e-01
1.035888053701794764e-01
1.035517059880904922e-01
1.035146853959661717e-01
1.034777432452207713e-01
1.034408791888901669e-01
1.034040928816242488e-01
1.033673839796794419e-01
1.033307521409111279e-01
1.032941970247663044e-01
1.032577182922760767e-01
1.032213156060483028e-01
1.031849886302602798e-01
1.031487370306513329e-01
1.031125604745156410e-01
1.030764586306948949e-01
1.030404311695711644e-01
1.030044777630596542e-01
1.029685980846015564e-01
1.029327918091570288e-01
1.028970586131979364e-01
1.028613981747010242e-01
1.028258101731406721e-01
1.027902942894821370e-01
1.027548502061744057e-01
1.027194776071434085e-01
1.026841761777850803e-01
1.026489456049584914e-01
1.026137855769790747e-01
1.025786957836118396e-01
1.025436759160645028e-01
1.025087256669808822e-01
1.024738447304342215e-01
1.024390328019203905e-01
1.024042895783513624e-01
1.023696147580485521e-01
1.023350080407363083e-01
1.023004691275353484e-01
1.022659977209561671e-01
1.022315935248927082e-01
1.021972562446157723e-01
1.021629855867666747e-01
1.021287812593508620e-01
1.020946429717314863e-01
1.020605704346231601e-01
1.020265633600856009e-01
1.019926214615173715e-01
1.019587444536496496e-01
1.019249320525399544e-01
1.018911839755660825e-01
1.018574999414198351e-01
1.018238796701010085e-01
1.017903228829111079e-01
1.017568293024475323e-01
1.017233986525973161e-01
1.016900306585312025e-01
1.016567250466976907e-01
1.016234815448170264e-01
1.015902998818752900e-01
1.015571797881184984e-01
1.015241209950467349e-01
1.014911232354082926e-01
1.014581862431938181e-01
1.014253097536306353e-01
1.013924935031768337e-01
1.013597372295156618e-01
1.013270406715497118e-01
1.012944035693952721e-01
1.012618256643767201e-01
1.012293066990207907e-01
1.011968464170510812e-01
1.011644445633823608e-01
1.011321008841150892e-01
1.010998151265298656e-01
1.010675870390819880e-01
1.010354163713958336e-01
1.010033028742595290e-01
1.009712462996195104e-01
1.009392464005750972e-01
1.009073029313730940e-01
1.008754156474025027e-01
1.008435843051891795e-01
1.008118086623904786e-01
1.007800884777900197e-01
1.007484235112924703e-01
1.007168135239182860e-01
1.006852582777984645e-01
1.006537575361694942e-01
1.006223110633679835e-01
1.005909186248258314e-01
1.005595799870648288e-01
1.005282949176917462e-01
1.004970631853932539e-01
1.004658845599308570e-01
1.004347588121358853e-01
1.004036857139045114e-01
1.003726650381928376e-01
1.003416965590118448e-01
1.003107800514225628e-01
1.002799152915311576e-01
1.002491020564840601e-01
1.002183401244630956e-01
1.001876292746806396e-01
1.001569692873748862e-01
1.001263599438050184e-01
1.000958010262464198e-01
1.000652923179859849e-01
1.000348336033174135e-01
1.000044246675364651e-01
9.997406529693626809e-02
9.994375527880286492e-02
9.991349440141022997e-02
9.988328245401605077e-02
9.985311922685681518e-02
9.982300451114349549e-02
9.979293809905687151e-02
9.976291978374299263e-02
9.973294935930877847e-02
9.970302662081746703e-02
9.967315136428418765e-02
9.964332338667147848e-02
9.961354248588494276e-02
9.958380846076878012e-02
9.955412111110144291e-02
9.952448023759132012e-02
9.949488564187233819e-02
9.946533712649960335e-02
9.943583449494530768e-02
9.940637755159417721e-02
9.937696610173950285e-02
9.934759995157864398e-02
9.931827890820899007e-02
9.928900277962371401e-02
9.925977137470752554e-02
9.923058450323266055e-02
9.920144197585460677e-02
9.917234360410807914e-02
9.914328920040281490e-02
9.911427857801966002e-02
9.908531155110632260e-02
9.905638793467348713e-02
9.902750754459066496e-02
9.899867019758229469e-02
9.896987571122366212e-02
9.894112390393705603e-02
9.891241459498768818e-02
9.888374760447982137e-02
9.885512275335288368e-02
9.882653986337756880e-02
9.879799875715185309e-02
9.876949925809733188e-02
9.874104119045523653e-02
9.871262437928261801e-02
9.868424865044861383e-02
9.865591383063065933e-02
9.862761974731060199e-02
9.859936622877110701e-02
9.857115310409182707e-02
9.854298020314572470e-02
9.851484735659532532e-02
9.848675439588913672e-02
9.845870115325784655e-02
9.843068746171083905e-02
9.840271315503239247e-02
9.837477806777822353e-02
9.834688203527172656e-02
9.831902489360062891e-02
9.829120647961313295e-02
9.826342663091464091e-02
9.823568518586403564e-02
9.820798198357028053e-02
9.818031686388889456e-02
9.815268966741837187e-02
9.812510023549692040e-02
9.809754841019885374e-02
9.807003403433114941e-02
9.804255695143022920e-02
9.801511700575829544e-02
9.798771404230006976e-02
9.796034790675953174e-02
9.793301844555638014e-02
9.790572550582275768e-02
9.787846893540003146e-02
9.785124858283533733e-02
9.782406429737840192e-02
9.779691592897815644e-02
9.776980332827964193e-02
9.774272634662058146e-02
9.771568483602827149e-02
9.768867864921630673e-02
9.766170763958148537e-02
9.763477166120042294e-02
9.760787056882656854e-02
9.758100421788704071e-02
9.755417246447931068e-02
9.752737516536828799e-02
9.750061217798310087e-02
9.747388336041401535e-02
9.744718857140936830e-02
9.742052767037243100e-02
9.739390051735848097e-02
9.736730697307166560e-02
9.734074689886204612e-02
9.731422015672250292e-02
9.728772660928576566e-02
9.726126611982151282e-02
9.723483855223327699e-02
9.720844377105559986e-02
9.718208164145104855e-02
9.715575202920717635e-02
9.712945480073387206e-02
9.710318982306018198e-02
9.707695696383157602e-02
9.705075609130710268e-02
9.702458707435636376e-02
9.699844978245684979e-02
9.697234408569097019e-02
9.694626985474336101e-02
9.692022696089795664e-02
9.689421527603528372e-02
9.686823467262958842e-02
9.684228502374618575e-02
9.681636620303861462e-02
9.679047808474593173e-02
9.676462054368994981e-02
9.673879345527260087e-02
9.671299669547314681e-02
9.668723014084551481e-02
9.666149366851559122e-02
9.663578715617868187e-02
9.661011048209668106e-02
9.658446352509551802e-02
9.655884616456256175e-02
9.653325828044392876e-02
9.650769975324192951e-02
9.648217046401247332e-02
9.645667029436245932e-02
9.643119912644722291e-02
9.640575684296795456e-02
9.638034332716925723e-02
9.635495846283645416e-02
9.632960213429317409e-02
9.630427422639885326e-02
9.627897462454618194e-02
9.625370321465863410e-02
9.622845988318799726e-02
9.620324451711191605e-02
9.617805700393146362e-02
9.615289723166864366e-02
9.612776508886396176e-02
9.610266046457414946e-02
9.607758324836949970e-02
9.605253333033179908e-02
9.602751060105157999e-02
9.600251495162609450e-02
9.597754627365669144e-02
9.595260445924662374e-02
9.592768940099859198e-02
9.590280099201259345e-02
9.587793912588338241e-02
9.585310369669827746e-02
9.582829459903491331e-02
9.580351172795889547e-02
9.577875497902149649e-02
9.575402424825744940e-02
9.572931943218264406e-02
9.570464042779194824e-02
9.567998713255693177e-02
9.565535944442363214e-02
9.563075726181037572e-02
9.560618048360555732e-02
9.558162900916548910e-02
9.555710273831212465e-02
9.553260157133097730e-02
9.550812540896894132e-02
9.548367415243215472e-02
9.545924770338377885e-02
9.543484596394194441e-02
9.541046883667762823e-02
9.538611622461250217e-02
9.536178803121689307e-02
9.533748416040761786e-02
9.531320451654597126e-02
9.528894900443554694e-02
9.526471752932037795e-02
9.524050999688260521e-02
9.521632631324070117e-02
9.519216638494727711e-02
9.516803011898714026e-02
9.514391742277517050e-02
9.511982820415444684e-02
9.509576237139420740e-02
9.507171983318776776e-02
9.504770049865068904e-02
9.502370427731876568e-02
9.499973107914598536e-02
9.497578081450265552e-02
9.495185339417348824e-02
9.492794872935562955e-02
9.490406673165664719e-02
9.488020731309282363e-02
9.485637038608707439e-02
9.483255586346713006e-02
9.480876365846360732e-02
9.478499368470816311e-02
9.476124585623166285e-02
9.473752008746222364e-02
9.471381629322343787e-02
9.469013438873249977e-02
9.466647428959837351e-02
9.464283591182003075e-02
9.461921917178446606e-02
9.459562398626504554e-02
9.457205027241970263e-02
9.454849794778903693e-02
9.452496693029464880e-02
9.450145713823723814e-02
9.447796849029496680e-02
9.445450090552162670e-02
9.443105430334486350e-02
9.440762860356453900e-02
9.438422372635088542e-02
9.436083959224282613e-02
9.433747612214626876e-02
9.431413323733239817e-02
9.429081085943588625e-02
9.426750891045336533e-02
9.424422731274159637e-02
9.422096598901581743e-02
9.419772486234810616e-02
9.417450385616576991e-02
9.415130289424952781e-02
9.412812190073202578e-02
9.410496080009608799e-02
9.408181951717316249e-02
9.405869797714164204e-02
9.403559610552528203e-02
9.401251382819160451e-02
9.398945107135014965e-02
9.396640776155115726e-02
9.394338382568370727e-02
9.392037919097430410e-02
9.389739378498525302e-02
9.387442753561307807e-02
9.385148037108698160e-02
9.382855221996733164e-02
9.380564301114403813e-02
9.378275267383508196e-02
9.375988113758496056e-02
9.373702833226318920e-02
9.371419418806271884e-02
9.369137863549854839e-02
9.366858160540608713e-02
9.364580302893976693e-02
9.362304283757151568e-02
9.360030096308924463e-02
9.357757733759543284e-02
9.355487189350565613e-02
9.353218456354706056e-02
9.350951528075700236e-02
9.348686397848154916e-02
9.346423059037403669e-02
9.344161505039365323e-02
9.341901729280402411e-02
9.339643725217179615e-02
9.337387486336513887e-02
9.335133006155250934e-02
9.332880278220107018e-02
9.330629296107546822e-02
9.328380053423623863e-02
9.326132543803866692e-02
9.323886760913124849e-02
9.321642698445437025e-02
9.319400350123892285e-02
9.317159709700503778e-02
9.314920770956064411e-02
9.312683527700013619e-02
9.310447973770311081e-02
9.308214103033293774e-02
9.305981909383555239e-02
9.303751386743798479e-02
9.301522529064723543e-02
9.299295330324884590e-02
9.297069784530558045e-02
9.294845885715624645e-02
9.292623627941430653e-02
9.290403005296667127e-02
9.288184011897236692e-02
9.285966641886128636e-02
9.283750889433296793e-02
9.281536748735526310e-02
9.279324214016314298e-02
9.277113279525749101e-02
9.274903939540365960e-02
9.272696188363055425e-02
9.270490020322914859e-02
9.268285429775138806e-02
9.266082411100891314e-02
9.263880958707189361e-02
9.261681067026777958e-02
9.259482730518017735e-02
9.257285943664758654e-02
9.255090700976217888e-02
9.252896996986877121e-02
9.250704826256343771e-02
9.248514183369253849e-02
9.246325062935142891e-02
9.244137459588332162e-02
9.241951367987810695e-02
9.239766782817138147e-02
9.237583698784297692e-02
9.235402110621616922e-02
9.233222013085626290e-02
9.231043400956963352e-02
9.228866269040257586e-02
9.226690612164009653e-02
9.224516425180492862e-02
9.222343702965629664e-02
9.220172440418901438e-02
9.218002632463208335e-02
9.215834274044787389e-02
9.213667360133094564e-02
9.211501885720688176e-02
9.209337845823135915e-02
9.207175235478896880e-02
9.205014049749223048e-02
9.202854283718037154e-02
9.200695932491850804e-02
9.198538991199639581e-02
9.196383454992750062e-02
9.194229319044786020e-02
9.192076578551512667e-02
9.189925228730753959e-02
9.187775264822277410e-02
9.185626682087710826e-02
9.183479475810421566e-02
9.181333641295431891e-02
9.179189173869302387e-02
9.177046068880045926e-02
9.174904321697022191e-02
9.172763927710828047e-02
9.170624882333218431e-02
9.168487180996992558e-02
9.166350819155895391e-02
9.164215792284537143e-02
9.162082095878271160e-02
9.159949725453123137e-02
9.157818676545667613e-02
9.155688944712958577e-02
9.153560525532415670e-02
9.151433414601738148e-02
9.149307607538804954e-02
9.147183099981584520e-02
9.145059887588045944e-02
9.142937966036046582e-02
9.140817331023270986e-02
9.138697978267104616e-02
9.136579903504565836e-02
9.134463102492201836e-02
9.132347571006009523e-02
9.130233304841330055e-02
9.128120299812769733e-02
9.126008551754105635e-02
9.123898056518200961e-02
9.121788809976905110e-02
9.119680808020981522e-02
9.117574046560003587e-02
9.115468521522279710e-02
9.113364228854758942e-02
9.111261164522942158e-02
9.109159324510801570e-02
9.107058704820694683e-02
9.104959301473272704e-02
9.102861110507398656e-02
9.100764127980065510e-02
9.098668349966308744e-02
9.096573772559120308e-02
9.094480391869369518e-02
9.092388204025711462e-02
9.090297205174520390e-02
9.088207391479785624e-02
9.086118759123050503e-02
9.084031304303313847e-02
9.081945023236957792e-02
9.079859912157665913e-02
9.077775967316339956e-02
9.075693184981022121e-02
9.073611561436811801e-02
9.071531092985790634e-02
9.069451775946937855e-02
9.067373606656060903e-02
9.065296581465707992e-02
9.063220696745089011e-02
9.061145948880006129e-02
9.059072334272774696e-02
9.056999849342137199e-02
9.054928490523202200e-02
9.052858254267351357e-02
9.050789137042174193e-02
9.048721135331394549e-02
9.046654245634784541e-02
9.044588464468099331e-02
9.042523788363002191e-02
9.040460213866981232e-02
9.038397737543286958e-02
9.036336355970855938e-02
9.034276065744231698e-02
9.032216863473495339e-02
9.030158745784197527e-02
9.028101709317284951e-02
9.026045750729018435e-02
9.023990866690918822e-02
9.021937053889682312e-02
9.019884309027112468e-02
9.017832628820059149e-02
9.015782010000329694e-02
9.013732449314640349e-02
9.011683943524537166e-02
9.009636489406319670e-02
9.007590083750978416e-02
9.005544723364138082e-02
9.003500405065971435e-02
9.001457125691135486e-02
8.999414882088715983e-02
8.997373671122144145e-02
8.995333489669139759e-02
8.993294334621644570e-02
8.991256202885747340e-02
8.989219091381631110e-02
8.987182997043496879e-02
8.985147916819499758e-02
8.983113847671694852e-02
8.981080786575951214e-02
8.979048730521911603e-02
8.977017676512910604e-02
8.974987621565919116e-02
8.972958562711480512e-02
8.970930496993641257e-02
8.968903421469894000e-02
8.966877333211122070e-02
8.964852229301513431e-02
8.962828106838524600e-02
8.960804962932805706e-02
8.958782794708140818e-02
8.956761599301388266e-02
8.954741373862415421e-02
8.952722115554045956e-02
8.950703821551993233e-02
8.948686489044802017e-02
8.946670115233791576e-02
8.944654697332984905e-02
8.942640232569069869e-02
8.940626718181322874e-02
8.938614151421550580e-02
8.936602529554045493e-02
8.934591849855515189e-02
8.932582109615026800e-02
8.930573306133955669e-02
8.928565436725920124e-02
8.926558498716725965e-02
8.924552489444317893e-02
8.922547406258708735e-02
8.920543246521937808e-02
8.918540007608005693e-02
8.916537686902815951e-02
8.914536281804137652e-02
8.912535789721519330e-02
8.910536208076272335e-02
8.908537534301377847e-02
8.906539765841460510e-02
8.904542900152721818e-02
8.902546934702888770e-02
8.900551866971156967e-02
8.898557694448144817e-02
8.896564414635835250e-02
8.894572025047518815e-02
8.892580523207750665e-02
8.890589906652289487e-02
8.888600172928051713e-02
8.886611319593051839e-02
8.884623344216360796e-02
8.882636244378047663e-02
8.880650017669126928e-02
8.878664661691516857e-02
8.876680174057975659e-02
8.874696552392059845e-02
8.872713794328075665e-02
8.870731897511020814e-02
8.868750859596542802e-02
8.866770678250880666e-02
8.864791351150827503e-02
8.862812875983669403e-02
8.860835250447141043e-02
8.858858472249381277e-02
8.856882539108881791e-02
8.854907448754430199e-02
8.852933198925082292e-02
8.850959787370092646e-02
8.848987211848881318e-02
8.847015470130978332e-02
8.845044559995980660e-02
8.843074479233509200e-02
8.841105225643154653e-02
8.839136797034428950e-02
8.837169191226731946e-02
8.835202406049295909e-02
8.833236439341139723e-02
8.831271288951021703e-02
8.829306952737407677e-02
8.827343428568404371e-02
8.825380714321734432e-02
8.823418807884675363e-02
8.821457707154033157e-02
8.819497410036077067e-02
8.817537914446511860e-02
8.815579218310427845e-02
8.813621319562255085e-02
8.811664216145723150e-02
8.809707906013819478e-02
8.807752387128738036e-02
8.805797657461847394e-02
8.803843714993642156e-02
8.801890557713698549e-02
8.799938183620635568e-02
8.797986590722076117e-02
8.796035777034594272e-02
8.794085740583681976e-02
8.792136479403708793e-02
8.790187991537877499e-02
8.788240275038181060e-02
8.786293327965362387e-02
8.784347148388879645e-02
8.782401734386859060e-02
8.780457084046053295e-02
8.778513195461809526e-02
8.776570066738019482e-02
8.774627695987091691e-02
8.772686081329895968e-02
8.770745220895737049e-02
8.768805112822318504e-02
8.766865755255680293e-02
8.764927146350189047e-02
8.762989284268482559e-02
8.761052167181433703e-02
8.759115793268112959e-02
8.757180160715750949e-02
8.755245267719702351e-02
8.753311112483404266e-02
8.751377693218341525e-02
8.749445008144006442e-02
8.747513055487858569e-02
8.745581833485302492e-02
8.743651340379632320e-02
8.741721574422006702e-02
8.739792533871405811e-02
8.737864216994600808e-02
8.735936622066112212e-02
8.734009747368176590e-02
8.732083591190710481e-02
8.730158151831275692e-02
8.728233427595040450e-02
8.726309416794746088e-02
8.724386117750672354e-02
8.722463528790604104e-02
8.720541648249785505e-02
8.718620474470904769e-02
8.716700005804040030e-02
8.714780240606637141e-02
8.712861177243470812e-02
8.710942814086614083e-02
8.709025149515395303e-02
8.707108181916377310e-02
8.705191909683311635e-02
8.703276331217114914e-02
8.701361444925830024e-02
8.699447249224590006e-02
8.697533742535597245e-02
8.695620923288073512e-02
8.693708789918243307e-02
8.691797340869289457e-02
8.689886574591328128e-02
8.687976489541374137e-02
8.686067084183306253e-02
8.684158356987842220e-02
8.682250306432494347e-02
8.680342931001555629e-02
8.678436229186052564e-02
8.676530199483720174e-02
8.674624840398971470e-02
8.672720150442868314e-02
8.670816128133077005e-02
8.668912771993861344e-02
8.667010080556031282e-02
8.665108052356919333e-02
8.663206685940354201e-02
8.661305979856623316e-02
8.659405932662452010e-02
8.657506542920959114e-02
8.655607809201645853e-02
8.653709730080348661e-02
8.651812304139222531e-02
8.649915529966706318e-02
8.648019406157492206e-02
8.646123931312495181e-02
8.644229104038833600e-02
8.642334922949788945e-02
8.640441386664786394e-02
8.638548493809357354e-02
8.636656243015115864e-02
8.634764632919733618e-02
8.632873662166906659e-02
8.630983329406327620e-02
8.629093633293660748e-02
8.627204572490509982e-02
8.625316145664395362e-02
8.623428351488728050e-02
8.621541188642770082e-02
8.619654655811624655e-02
8.617768751686193107e-02
8.615883474963159649e-02
8.613998824344959448e-02
8.612114798539752258e-02
8.610231396261393277e-02
8.608348616229409556e-02
8.606466457168977791e-02
8.604584917810889633e-02
8.602703996891529481e-02
8.600823693152852278e-02
8.598944005342347430e-02
8.597064932213024924e-02
8.595186472523382026e-02
8.593308625037381077e-02
8.591431388524418955e-02
8.589554761759311818e-02
8.587678743522260405e-02
8.585803332598830606e-02
8.583928527779918771e-02
8.582054327861746157e-02
8.580180731645813130e-02
8.578307737938890842e-02
8.576435345552985146e-02
8.574563553305314390e-02
8.572692360018301094e-02
8.570821764519516439e-02
8.568951765641688589e-02
8.567082362222655512e-02
8.565213553105355260e-02
8.563345337137795443e-02
8.561477713173029636e-02
8.559610680069139332e-02
8.557744236689204809e-02
8.555878381901281526e-02
8.554013114578387644e-02
8.552148433598459609e-02
8.550284337844357707e-02
8.548420826203813327e-02
8.546557897569430351e-02
8.544695550838653231e-02
8.542833784913733686e-02
8.540972598701732088e-02
8.539111991114477218e-02
8.537251961068542672e-02
8.535392507485239921e-02
8.533533629290583622e-02
8.531675325415272182e-02
8.529817594794668334e-02
8.527960436368779706e-02
8.526103849082225516e-02
8.524247831884235183e-02
8.522392383728602527e-02
8.520537503573689941e-02
8.518683190382381198e-02
8.516829443122088394e-02
8.514976260764700600e-02
8.513123642286589410e-02
8.511271586668577027e-02
8.509420092895912668e-02
8.507569159958254523e-02
8.505718786849648938e-02
8.503868972568516538e-02
8.502019716117625858e-02
8.500171016504068366e-02
8.498322872739247358e-02
8.496475283838851589e-02
8.494628248822841399e-02
8.492781766715425118e-02
8.490935836545038251e-02
8.489090457344324048e-02
8.487245628150118237e-02
8.485401348003424049e-02
8.483557615949399722e-02
8.481714431037325197e-02
8.479871792320603507e-02
8.478029698856723306e-02
8.476188149707253316e-02
8.474347143937809024e-02
8.472506680618051289e-02
8.470666758821651654e-02
8.468827377626282626e-02
8.466988536113596864e-02
8.465150233369207744e-02
8.463312468482678264e-02
8.461475240547486343e-02
8.459638548661020663e-02
8.457802391924564012e-02
8.455966769443264142e-02
8.454131680326115728e-02
8.452297123685961755e-02
8.450463098639453274e-02
8.448629604307038299e-02
8.446796639812954866e-02
8.444964204285196341e-02
8.443132296855511421e-02
8.441300916659365272e-02
8.439470062835947861e-02
8.437639734528133706e-02
8.435809930882483265e-02
8.433980651049208244e-02
8.432151894182168816e-02
8.430323659438850037e-02
8.428495945980347959e-02
8.426668752971354370e-02
8.424842079580123488e-02
8.423015924978485836e-02
8.421190288341801056e-02
8.419365168848967629e-02
8.417540565682381237e-02
8.415716478027943093e-02
8.413892905075023854e-02
8.412069846016458075e-02
8.410247300048524777e-02
8.408425266370936346e-02
8.406603744186812166e-02
8.404782732702673065e-02
8.402962231128420501e-02
8.401142238677322682e-02
8.399322754565997917e-02
8.397503778014396569e-02
8.395685308245794121e-02
8.393867344486763415e-02
8.392049885967170497e-02
8.390232931920155179e-02
8.388416481582110229e-02
8.386600534192675815e-02
8.384785088994717306e-02
8.382970145234319714e-02
8.381155702160757170e-02
8.379341759026490144e-02
8.377528315087147404e-02
8.375715369601514915e-02
8.373902921831513635e-02
8.372090971042189800e-02
8.370279516501703820e-02
8.368468557481302528e-02
8.366658093255321949e-02
8.364848123101160937e-02
8.363038646299274237e-02
8.361229662133153051e-02
8.359421169889309777e-02
8.357613168857275232e-02
8.355805658329566732e-02
8.353998637601696420e-02
8.352192105972131020e-02
8.350386062742300164e-02
8.348580507216575575e-02
8.346775438702251637e-02
8.344970856509541235e-02
8.343166759951554934e-02
8.341363148344289880e-02
8.339560021006615920e-02
8.337757377260268665e-02
8.335955216429824510e-02
8.334153537842696469e-02
8.332352340829117521e-02
8.330551624722125348e-02
8.328751388857556781e-02
8.326951632574028372e-02
8.325152355212923905e-02
8.323353556118384677e-02
8.321555234637292853e-02
8.319757390119263130e-02
8.317960021916626090e-02
8.316163129384418484e-02
8.314366711880366578e-02
8.312570768764880602e-02
8.310775299401033933e-02
8.308980303154560321e-02
8.307185779393833069e-02
8.305391727489856712e-02
8.303598146816250358e-02
8.301805036749246303e-02
8.300012396667665049e-02
8.298220225952912532e-02
8.296428523988963466e-02
8.294637290162348853e-02
8.292846523862150432e-02
8.291056224479982639e-02
8.289266391409978729e-02
8.287477024048789387e-02
8.285688121795557748e-02
8.283899684051922174e-02
8.282111710221994050e-02
8.280324199712345290e-02
8.278537151932009730e-02
8.276750566292452593e-02
8.274964442207581594e-02
8.273178779093710855e-02
8.271393576369577560e-02
8.269608833456303099e-02
8.267824549777401388e-02
8.266040724758758063e-02
8.264257357828626305e-02
8.262474448417607420e-02
8.260691995958648060e-02
8.258909999887024955e-02
8.257128459640333817e-02
8.255347374658483783e-02
8.253566744383679377e-02
8.251786568260412180e-02
8.250006845735453898e-02
8.248227576257845250e-02
8.246448759278880714e-02
8.244670394252098800e-02
8.242892480633273733e-02
8.241115017880414062e-02
8.239338005453729352e-02
8.237561442815646839e-02
8.235785329430778123e-02
8.234009664765923331e-02
8.232234448290061402e-02
8.230459679474325108e-02
8.228685357792010768e-02
8.226911482718556046e-02
8.225138053731524679e-02
8.223365070310620362e-02
8.221592531937649273e-02
8.219820438096525628e-02
8.218048788273256411e-02
8.216277581955941378e-02
8.214506818634745300e-02
8.212736497801907676e-02
8.210966618951720530e-02
8.209197181580518698e-02
8.207428185186682601e-02
8.205659629270614652e-02
8.203891513334740648e-02
8.202123836883490338e-02
8.200356599423296033e-02
8.198589800462581512e-02
8.196823439511748133e-02
8.195057516083174842e-02
8.193292029691197353e-02
8.191526979852113699e-02
8.189762366084159251e-02
8.187998187907506720e-02
8.186234444844263380e-02
8.184471136418440540e-02
8.182708262155972967e-02
8.180945821584684197e-02
8.179183814234299021e-02
8.177422239636418511e-02
8.175661097324518622e-02
8.173900386833946041e-02
8.172140107701893197e-02
8.170380259467413531e-02
8.168620841671392352e-02
8.166861853856548226e-02
8.165103295567419095e-02
8.163345166350363669e-02
8.161587465753541992e-02
8.159830193326911285e-02
8.158073348622217613e-02
8.156316931192991726e-02
8.154560940594535179e-02
8.152805376383909230e-02
8.151050238119936231e-02
8.149295525363189907e-02
8.147541237675973158e-02
8.145787374622334709e-02
8.144033935768035803e-02
8.142280920680555756e-02
8.140528328929089175e-02
8.138776160084520983e-02
8.137024413719437521e-02
8.135273089408100178e-02
8.133522186726456493e-02
8.131771705252113791e-02
8.130021644564350281e-02
8.128272004244090077e-02
8.126522783873904587e-02
8.124773983038004188e-02
8.123025601322232669e-02
8.121277638314051972e-02
8.119530093602546350e-02
8.117782966778398779e-02
8.116036257433899281e-02
8.114289965162932439e-02
8.112544089560966287e-02
8.110798630225046768e-02
8.109053586753788012e-02
8.107308958747379279e-02
8.105564745807554428e-02
8.103820947537603014e-02
8.102077563542357808e-02
8.100334593428183683e-02
8.098592036802976235e-02
8.096849893276152066e-02
8.095108162458639067e-02
8.093366843962873647e-02
8.091625937402793789e-02
8.089885442393833503e-02
8.088145358552904784e-02
8.086405685498408713e-02
8.084666422850207701e-02
8.082927570229642145e-02
8.081189127259504057e-02
8.079451093564041231e-02
8.077713468768940586e-02
8.075976252501340658e-02
8.074239444389796905e-02
8.072503044064301136e-02
8.070767051156263472e-02
8.069031465298501238e-02
8.067296286125240357e-02
8.065561513272108407e-02
8.063827146376123522e-02
8.062093185075691615e-02
8.060359629010599436e-02
8.058626477822003475e-02
8.056893731152432736e-02
8.055161388645776244e-02
8.053429449947276109e-02
8.051697914703527525e-02
8.049966782562457956e-02
8.048236053173343785e-02
8.046505726186783947e-02
8.044775801254701320e-02
8.043046278030337171e-02
8.041317156168249769e-02
8.039588435324294957e-02
8.037860115155634477e-02
8.036132195320720706e-02
8.034404675479293878e-02
8.032677555292373761e-02
8.030950834422263818e-02
8.029224512532527613e-02
8.027498589287998532e-02
8.025773064354765896e-02
8.024047937400177744e-02
8.022323208092815849e-02
8.020598876102516539e-02
8.018874941100341547e-02
8.017151402758590506e-02
8.015428260750777356e-02
8.013705514751638670e-02
8.011983164437128102e-02
8.010261209484401124e-02
8.008539649571812247e-02
8.006818484378920575e-02
8.005097713586464825e-02
8.003377336876378589e-02
8.001657353931766747e-02
7.999937764436913790e-02
7.998218568077269941e-02
7.996499764539446997e-02
7.994781353511216937e-02
7.993063334681507759e-02
7.991345707740389603e-02
7.989628472379073365e-02
7.987911628289909305e-02
7.986195175166378724e-02
7.984479112703089798e-02
7.982763440595769255e-02
7.981048158541263760e-02
7.979333266237524647e-02
7.977618763383613476e-02
7.975904649679692315e-02
7.974190924827014026e-02
7.972477588527927816e-02
7.970764640485862584e-02
7.969052080405332472e-02
7.967339907991922987e-02
7.965628122952292389e-02
7.963916724994164753e-02
7.962205713826320252e-02
7.960495089158597937e-02
7.958784850701894342e-02
7.957074998168138513e-02
7.955365531270308654e-02
7.953656449722422417e-02
7.951947753239518857e-02
7.950239441537672314e-02
7.948531514333978532e-02
7.946823971346542170e-02
7.945116812294494846e-02
7.943410036897965987e-02
7.941703644878086998e-02
7.939997635956998201e-02
7.938292009857823850e-02
7.936586766304683238e-02
7.934881905022679593e-02
7.933177425737894528e-02
7.931473328177389426e-02
7.929769612069195728e-02
7.928066277142309382e-02
7.926363323126693616e-02
7.924660749753266453e-02
7.922958556753899317e-02
7.921256743861417038e-02
7.919555310809583970e-02
7.917854257333109547e-02
7.916153583167638563e-02
7.914453288049747015e-02
7.912753371716935158e-02
7.911053833907637223e-02
7.909354674361193660e-02
7.907655892817870569e-02
7.905957489018837492e-02
7.904259462706177131e-02
7.902561813622868692e-02
7.900864541512793437e-02
7.899167646120723585e-02
7.897471127192326468e-02
7.895774984474150660e-02
7.894079217713628749e-02
7.892383826659073176e-02
7.890688811059663743e-02
7.888994170665454553e-02
7.887299905227371233e-02
7.885606014497190119e-02
7.883912498227550747e-02
7.882219356171948910e-02
7.880526588084726947e-02
7.878834193721072354e-02
7.877142172837020562e-02
7.875450525189439666e-02
7.873759250536035981e-02
7.872068348635344326e-02
7.870377819246726636e-02
7.868687662130369187e-02
7.866997877047275656e-02
7.865308463759265734e-02
7.863619422028976513e-02
7.861930751619843061e-02
7.860242452296110904e-02
7.858554523822830484e-02
7.856866965965837724e-02
7.855179778491769294e-02
7.853492961168054287e-02
7.851806513762903117e-02
7.850120436045308903e-02
7.848434727785044696e-02
7.846749388752660703e-02
7.845064418719477350e-02
7.843379817457576952e-02
7.841695584739821756e-02
7.840011720339820633e-02
7.838328224031947122e-02
7.836645095591326937e-02
7.834962334793837968e-02
7.833279941416106118e-02
7.831597915235498364e-02
7.829916256030125532e-02
7.828234963578829808e-02
7.826554037661195840e-02
7.824873478057532694e-02
7.823193284548875248e-02
7.821513456916988349e-02
7.819833994944351552e-02
7.818154898414163279e-02
7.816476167110338047e-02
7.814797800817498141e-02
7.813119799320972225e-02
7.811442162406796730e-02
7.809764889861707526e-02
7.808087981473135764e-02
7.806411437029209255e-02
7.804735256318749703e-02
7.803059439131258823e-02
7.801383985256930831e-02
7.799708894486644117e-02
7.798034166611941820e-02
7.796359801425058189e-02
7.794685798718890835e-02
7.793012158287011826e-02
7.791338879923656591e-02
7.789665963423723916e-02
7.787993408582775945e-02
7.786321215197028467e-02
7.784649383063349526e-02
7.782977911979267749e-02
7.781306801742950141e-02
7.779636052153214576e-02
7.777965663009518693e-02
7.776295634111961286e-02
7.774625965261279525e-02
7.772956656258837860e-02
7.771287706906639114e-02
7.769619117007306452e-02
7.767950886364093088e-02
7.766283014780875349e-02
7.764615502062142960e-02
7.762948348013007371e-02
7.761281552439193432e-02
7.759615115147032449e-02
7.757949035943470517e-02
7.756283314636051862e-02
7.754617951032928558e-02
7.752952944942849423e-02
7.751288296175161407e-02
7.749624004539806821e-02
7.747960069847319164e-02
7.746296491908817583e-02
7.744633270536012415e-02
7.742970405541192702e-02
7.741307896737233130e-02
7.739645743937582922e-02
7.737983946956267234e-02
7.736322505607891309e-02
7.734661419707614116e-02
7.733000689071181655e-02
7.731340313514893647e-02
7.729680292855613255e-02
7.728020626910767077e-02
7.726361315498339599e-02
7.724702358436866256e-02
7.723043755545434819e-02
7.721385506643686780e-02
7.719727611551811808e-02
7.718070070090536638e-02
7.716412882081140345e-02
7.714756047345434908e-02
7.713099565705773542e-02
7.711443436985040978e-02
7.709787661006657633e-02
7.708132237594575442e-02
7.706477166573269533e-02
7.704822447767742388e-02
7.703168081003519685e-02
7.701514066106648904e-02
7.699860402903693779e-02
7.698207091221735687e-02
7.696554130888368095e-02
7.694901521731695171e-02
7.693249263580330399e-02
7.691597356263397967e-02
7.689945799610518884e-02
7.688294593451823478e-02
7.686643737617933347e-02
7.684993231939973857e-02
7.683343076249567194e-02
7.681693270378819882e-02
7.680043814160339433e-02
7.678394707427214916e-02
7.676745950013023900e-02
7.675097541751824126e-02
7.673449482478163219e-02
7.671801772027060651e-02
7.670154410234018838e-02
7.668507396935009268e-02
7.666860731966483600e-02
7.665214415165361173e-02
7.663568446369027620e-02
7.661922825415339033e-02
7.660277552142613633e-02
7.658632626389634546e-02
7.656988047995648416e-02
7.655343816800347367e-02
7.653699932643892589e-02
7.652056395366892139e-02
7.650413204810413426e-02
7.648770360815967950e-02
7.647127863225515465e-02
7.645485711881463975e-02
7.643843906626661411e-02
7.642202447304405344e-02
7.640561333758424944e-02
7.638920565832893472e-02
7.637280143372415786e-02
7.635640066222033895e-02
7.634000334227217244e-02
7.632360947233872428e-02
7.630721905088329315e-02
7.629083207637343822e-02
7.627444854728099299e-02
7.625806846208196821e-02
7.624169181925660732e-02
7.622531861728934488e-02
7.620894885466876489e-02
7.619258252988760083e-02
7.617621964144274949e-02
7.615986018783517386e-02
7.614350416756993090e-02
7.612715157915615760e-02
7.611080242110705718e-02
7.609445669193989903e-02
7.607811439017586608e-02
7.606177551434026296e-02
7.604544006296230785e-02
7.602910803457518796e-02
7.601277942771601792e-02
7.599645424092592305e-02
7.598013247274985893e-02
7.596381412173668080e-02
7.594749918643914355e-02
7.593118766541388787e-02
7.591487955722132919e-02
7.589857486042571322e-02
7.588227357359515757e-02
7.586597569530149909e-02
7.584968122412037717e-02
7.583339015863119204e-02
7.581710249741704932e-02
7.580081823906478777e-02
7.578453738216499314e-02
7.576825992531190102e-02
7.575198586710336912e-02
7.573571520614098829e-02
7.571944794102999921e-02
7.570318407037915365e-02
7.568692359280089488e-02
7.567066650691128826e-02
7.565441281132985474e-02
7.563816250467977897e-02
7.562191558558772897e-02
7.560567205268391155e-02
7.558943190460207240e-02
7.557319513997937110e-02
7.555696175745651999e-02
7.554073175567765919e-02
7.552450513329039827e-02
7.550828188894574688e-02
7.549206202129817023e-02
7.547584552900546417e-02
7.545963241072888017e-02
7.544342266513304196e-02
7.542721629088583457e-02
7.541101328665858472e-02
7.539481365112588040e-02
7.537861738296566805e-02
7.536242448085912760e-02
7.534623494349079742e-02
7.533004876954839391e-02
7.531386595772296411e-02
7.529768650670871921e-02
7.528151041520311781e-02
7.526533768190686591e-02
7.524916830552380587e-02
7.523300228476099971e-02
7.521683961832861809e-02
7.520068030494005129e-02
7.518452434331178436e-02
7.516837173216341095e-02
7.515222247021766111e-02
7.513607655620033188e-02
7.511993398884034279e-02
7.510379476686965261e-02
7.508765888902324548e-02
7.507152635403920027e-02
7.505539716065856570e-02
7.503927130762544362e-02
7.502314879368691958e-02
7.500702961759307674e-02
7.499091377809689873e-02
7.497480127395442229e-02
7.495869210392458459e-02
7.494258626676929269e-02
7.492648376125327081e-02
7.491038458614426854e-02
7.489428874021283877e-02
7.487819622223247651e-02
7.486210703097952168e-02
7.484602116523315918e-02
7.482993862377539107e-02
7.481385940539110602e-02
7.479778350886798211e-02
7.478171093299648686e-02
7.476564167656989113e-02
7.474957573838424130e-02
7.473351311723834545e-02
7.471745381193380109e-02
7.470139782127488415e-02
7.468534514406864611e-02
7.466929577912483074e-02
7.465324972525590186e-02
7.463720698127704334e-02
7.462116754600606194e-02
7.460513141826344286e-02
7.458909859687236354e-02
7.457306908065865214e-02
7.455704286845071804e-02
7.454101995907962130e-02
7.452500035137905876e-02
7.450898404418526688e-02
7.449297103633713280e-02
7.447696132667608326e-02
7.446095491404608468e-02
7.444495179729374024e-02
7.442895197526808171e-02
7.441295544682074992e-02
7.439696221080592531e-02
7.438097226608018919e-02
7.436498561150271802e-02
7.434900224593514462e-02
7.433302216824158593e-02
7.431704537728857363e-02
7.430107187194513740e-02
7.428510165108273555e-02
7.426913471357531049e-02
7.425317105829912223e-02
7.423721068413290103e-02
7.422125358995779187e-02
7.420529977465727123e-02
7.418934923711725804e-02
7.417340197622596110e-02
7.415745799087404555e-02
7.414151727995443864e-02
7.412557984236244069e-02
7.410964567699568351e-02
7.409371478275406098e-02
7.407778715853984008e-02
7.406186280325756377e-02
7.404594171581402318e-02
7.403002389511834092e-02
7.401410934008184617e-02
7.399819804961815795e-02
7.398229002264315735e-02
7.396638525807491815e-02
7.395048375483374847e-02
7.393458551184219074e-02
7.391869052802498008e-02
7.390279880230904430e-02
7.388691033362351779e-02
7.387102512089967210e-02
7.385514316307097149e-02
7.383926445907305902e-02
7.382338900784370106e-02
7.380751680832275952e-02
7.379164785945230287e-02
7.377578216017649515e-02
7.375991970944156817e-02
7.374406050619589092e-02
7.372820454938996959e-02
7.371235183797628099e-02
7.369650237090943912e-02
7.368065614714616740e-02
7.366481316564515991e-02
7.364897342536720626e-02
7.363313692527513610e-02
7.361730366433377748e-02
7.360147364150997074e-02
7.358564685577261011e-02
7.356982330609258824e-02
7.355400299144275456e-02
7.353818591079794298e-02
7.352237206313501361e-02
7.350656144743275555e-02
7.349075406267191468e-02
7.347494990783517976e-02
7.345914898190721021e-02
7.344335128387459444e-02
7.342755681272580826e-02
7.341176556745128423e-02
7.339597754704332844e-02
7.338019275049618984e-02
7.336441117680596313e-02
7.334863282497067205e-02
7.333285769399014442e-02
7.331708578286616484e-02
7.330131709060226652e-02
7.328555161620395331e-02
7.326978935867850540e-02
7.325403031703502099e-02
7.323827449028444403e-02
7.322252187743956420e-02
7.320677247751493366e-02
7.319102628952695033e-02
7.317528331249380236e-02
7.315954354543539873e-02
7.314380698737348030e-02
7.312807363733159205e-02
7.311234349433498592e-02
7.309661655741069020e-02
7.308089282558748179e-02
7.306517229789587231e-02
7.304945497336812199e-02
7.303374085103817026e-02
7.301802992994176067e-02
7.300232220911623271e-02
7.298661768760075774e-02
7.297091636443607532e-02
7.295521823866471522e-02
7.293952330933083095e-02
7.292383157548028294e-02
7.290814303616055536e-02
7.289245769042082546e-02
7.287677553731193580e-02
7.286109657588633881e-02
7.284542080519812446e-02
7.282974822430303419e-02
7.281407883225843314e-02
7.279841262812331015e-02
7.278274961095819451e-02
7.276708977982533633e-02
7.275143313378851229e-02
7.273577967191308113e-02
7.272012939326596981e-02
7.270448229691575670e-02
7.268883838193249125e-02
7.267319764738786048e-02
7.265756009235510571e-02
7.264192571590893932e-02
7.262629451712571127e-02
7.261066649508321480e-02
7.259504164886086686e-02
7.257941997753952768e-02
7.256380148020158405e-02
7.254818615593103259e-02
7.253257400381320219e-02
7.251696502293503155e-02
7.250135921238494430e-02
7.248575657125279348e-02
7.247015709862998645e-02
7.245456079360929058e-02
7.243896765528508308e-02
7.242337768275305954e-02
7.240779087511042822e-02
7.239220723145586844e-02
7.237662675088944730e-02
7.236104943251268906e-02
7.234547527542858902e-02
7.232990427874144701e-02
7.231433644155711715e-02
7.229877176298274422e-02
7.228321024212694401e-02
7.226765187809972013e-02
7.225209667001243619e-02
7.223654461697789908e-02
7.222099571811020635e-02
7.220544997252489883e-02
7.218990737933889124e-02
7.217436793767043057e-02
7.215883164663906835e-02
7.214329850536582711e-02
7.212776851297296454e-02
7.211224166858415385e-02
7.209671797132434501e-02
7.208119742031982025e-02
7.206568001469822182e-02
7.205016575358846875e-02
7.203465463612082620e-02
7.201914666142683608e-02
7.200364182863934481e-02
7.198814013689247560e-02
7.197264158532169775e-02
7.195714617306370187e-02
7.194165389925646914e-02
7.192616476303928530e-02
7.191067876355267119e-02
7.189519589993839666e-02
7.187971617133953606e-02
7.186423957690037112e-02
7.184876611576646033e-02
7.183329578708455565e-02
7.181782859000267194e-02
7.180236452367010080e-02
7.178690358723727183e-02
7.177144577985589136e-02
7.175599110067884534e-02
7.174053954886026874e-02
7.172509112355544836e-02
7.170964582392092002e-02
7.169420364911437138e-02
7.167876459829473912e-02
7.166332867062207013e-02
7.164789586525763254e-02
7.163246618136386024e-02
7.161703961810436669e-02
7.160161617464390338e-02
7.158619585014835973e-02
7.157077864378490195e-02
7.155536455472169544e-02
7.153995358212812683e-02
7.152454572517470688e-02
7.150914098303309818e-02
7.149373935487605969e-02
7.147834083987751608e-02
7.146294543721248838e-02
7.144755314605710783e-02
7.143216396558862979e-02
7.141677789498541984e-02
7.140139493342692600e-02
7.138601508009373431e-02
7.137063833416747161e-02
7.135526469483088885e-02
7.133989416126781946e-02
7.132452673266316545e-02
7.130916240820289742e-02
7.129380118707406844e-02
7.127844306846480016e-02
7.126308805156426895e-02
7.124773613556271978e-02
7.123238731965143844e-02
7.121704160302276543e-02
7.120169898487006821e-02
7.118635946438776896e-02
7.117102304077134456e-02
7.115568971321725722e-02
7.114035948092306549e-02
7.112503234308727162e-02
7.110970829890943257e-02
7.109438734759013223e-02
7.107906948833095373e-02
7.106375472033447938e-02
7.104844304280430456e-02
7.103313445494502387e-02
7.101782895596218947e-02
7.100252654506240824e-02
7.098722722145321684e-02
7.097193098434315117e-02
7.095663783294173244e-02
7.094134776645945328e-02
7.092606078410777781e-02
7.091077688509911381e-02
7.089549606864685438e-02
7.088021833396536409e-02
7.086494368026988178e-02
7.084967210677671490e-02
7.083440361270303132e-02
7.081913819726694259e-02
7.080387585968754560e-02
7.078861659918486704e-02
7.077336041497982178e-02
7.075810730629425449e-02
7.074285727235096743e-02
7.072761031237367879e-02
7.071236642558699492e-02
7.069712561121645200e-02
7.068188786848850214e-02
7.066665319663048561e-02
7.065142159487064477e-02
7.063619306243811014e-02
7.062096759856294204e-02
7.060574520247607511e-02
7.059052587340926277e-02
7.057530961059527153e-02
7.056009641326761728e-02
7.054488628066077349e-02
7.052967921201007406e-02
7.051447520655168555e-02
7.049927426352267656e-02
7.048407638216096227e-02
7.046888156170530437e-02
7.045368980139533888e-02
7.043850110047153446e-02
7.042331545817522021e-02
7.040813287374858565e-02
7.039295334643461133e-02
7.037777687547716599e-02
7.036260346012092326e-02
7.034743309961140334e-02
7.033226579319493132e-02
7.031710154011870662e-02
7.030194033963066413e-02
7.028678219097959923e-02
7.027162709341519542e-02
7.025647504618784400e-02
7.024132604854876893e-02
7.022618009975001296e-02
7.021103719904440987e-02
7.019589734568562611e-02
7.018076053892807753e-02
7.016562677802698489e-02
7.015049606223834611e-02
7.013536839081897789e-02
7.012024376302648798e-02
7.010512217811917801e-02
7.009000363535623779e-02
7.007488813399752325e-02
7.005977567330375078e-02
7.004466625253637224e-02
7.002955987095754731e-02
7.001445652783029605e-02
6.999935622241831856e-02
6.998425895398611984e-02
6.996916472179891267e-02
6.995407352512268695e-02
6.993898536322416815e-02
6.992390023537083110e-02
6.990881814083088619e-02
6.989373907887326542e-02
6.987866304876767798e-02
6.986359004978454079e-02
6.984852008119497857e-02
6.983345314227086542e-02
6.981838923228478322e-02
6.980332835051004936e-02
6.978827049622068901e-02
6.977321566869144898e-02
6.975816386719778384e-02
6.974311509101582818e-02
6.972806933942249374e-02
6.971302661169534454e-02
6.969798690711259681e-02
6.968295022495327173e-02
6.966791656449702885e-02
6.965288592502420773e-02
6.963785830581586955e-02
6.962283370615374167e-02
6.960781212532023143e-02
6.959279356259844007e-02
6.957777801727214884e-02
6.956276548862581899e-02
6.954775597594455017e-02
6.953274947851417753e-02
6.951774599562111911e-02
6.950274552655258398e-02
6.948774807059626690e-02
6.947275362704070922e-02
6.945776219517497962e-02
6.944277377428888232e-02
6.942778836367280437e-02
6.941280596261784064e-02
6.939782657041568270e-02
6.938285018635874379e-02
6.936787680974000614e-02
6.935290643985314585e-02
6.933793907599242190e-02
6.932297471745278716e-02
6.930801336352977737e-02
6.929305501351956664e-02
6.927809966671902298e-02
6.926314732242556949e-02
6.924819797993725379e-02
6.923325163855277575e-02
6.921830829757145975e-02
6.920336795629321303e-02
6.918843061401859507e-02
6.917349627004872048e-02
6.915856492368541164e-02
6.914363657423096277e-02
6.912871122098837584e-02
6.911378886326127735e-02
6.909886950035376563e-02
6.908395313157064677e-02
6.906903975621729586e-02
6.905412937359968473e-02
6.903922198302435420e-02
6.902431758379845572e-02
6.900941617522970972e-02
6.899451775662644726e-02
6.897962232729756837e-02
6.896472988655254210e-02
6.894984043370142035e-02
6.893495396805486564e-02
6.892007048892406784e-02
6.890518999562078584e-02
6.889031248745741687e-02
6.887543796374681615e-02
6.886056642380253279e-02
6.884569786693853222e-02
6.883083229246950152e-02
6.881596969971058575e-02
6.880111008797747119e-02
6.878625345658645474e-02
6.877139980485437454e-02
6.875654913209860997e-02
6.874170143763708163e-02
6.872685672078827912e-02
6.871201498087119164e-02
6.869717621720544676e-02
6.868234042911108839e-02
6.866750761590879881e-02
6.865267777691973217e-02
6.863785091146561157e-02
6.862302701886868750e-02
6.860820609845175166e-02
6.859338814953809538e-02
6.857857317145155118e-02
6.856376116351647898e-02
6.854895212505776603e-02
6.853414605540082694e-02
6.851934295387158980e-02
6.850454281979645454e-02
6.848974565250240398e-02
6.847495145131692051e-02
6.846016021556797226e-02
6.844537194458405471e-02
6.843058663769416294e-02
6.841580429422779164e-02
6.840102491351496283e-02
6.838624849488619817e-02
6.837147503767250500e-02
6.835670454120539030e-02
6.834193700481686062e-02
6.832717242783942213e-02
6.831241080960608059e-02
6.829765214945034135e-02
6.828289644670614000e-02
6.826814370070796723e-02
6.825339391079079943e-02
6.823864707629002935e-02
6.822390319654163260e-02
6.820916227088197337e-02
6.819442429864795707e-02
6.817968927917694710e-02
6.816495721180675094e-02
6.815022809587571728e-02
6.813550193072259731e-02
6.812077871568666954e-02
6.810605845010764270e-02
6.809134113332575289e-02
6.807662676468159701e-02
6.806191534351631323e-02
6.804720686917152539e-02
6.803250134098924595e-02
6.801779875831198696e-02
6.800309912048270455e-02
6.798840242684485446e-02
6.797370867674228101e-02
6.795901786951934198e-02
6.794433000452076987e-02
6.792964508109183841e-02
6.791496309857820990e-02
6.790028405632597686e-02
6.788560795368177303e-02
6.787093478999257912e-02
6.785626456460584766e-02
6.784159727686948915e-02
6.782693292613183045e-02
6.781227151174161472e-02
6.779761303304811249e-02
6.778295748940092735e-02
6.776830488015016252e-02
6.775365520464628200e-02
6.773900846224026329e-02
6.772436465228345859e-02
6.770972377412766419e-02
6.769508582712510658e-02
6.768045081062840085e-02
6.766581872399063391e-02
6.765118956656530902e-02
6.763656333770629026e-02
6.762194003676795517e-02
6.760731966310500052e-02
6.759270221607260876e-02
6.757808769502635093e-02
6.756347609932220055e-02
6.754886742831654745e-02
6.753426168136619778e-02
6.751965885782840182e-02
6.750505895706071513e-02
6.749046197842122063e-02
6.747586792126833433e-02
6.746127678496087465e-02
6.744668856885809027e-02
6.743210327231960455e-02
6.741752089470545717e-02
6.740294143537606253e-02
6.738836489369229299e-02
6.737379126901532622e-02
6.735922056070679786e-02
6.734465276812873213e-02
6.733008789064350019e-02
6.731552592761387566e-02
6.730096687840310399e-02
6.728641074237466657e-02
6.727185751889255827e-02
6.725730720732113477e-02
6.724275980702505706e-02
6.722821531736945799e-02
6.721367373771981735e-02
6.719913506744197573e-02
6.718459930590219009e-02
6.717006645246706431e-02
6.715553650650359085e-02
6.714100946737913689e-02
6.712648533446145815e-02
6.711196410711862959e-02
6.709744578471911469e-02
6.708293036663182107e-02
6.706841785222592001e-02
6.705390824087104074e-02
6.703940153193709006e-02
6.702489772479439112e-02
6.701039681881364174e-02
6.699589881336587283e-02
6.698140370782247610e-02
6.696691150155521799e-02
6.695242219393625349e-02
6.693793578433801517e-02
6.692345227213337966e-02
6.690897165669548730e-02
6.689449393739792249e-02
6.688001911361457497e-02
6.686554718471969527e-02
6.685107815008788090e-02
6.683661200909409017e-02
6.682214876111360058e-02
6.680768840552206433e-02
6.679323094169550834e-02
6.677877636901023706e-02
6.676432468684292965e-02
6.674987589457063997e-02
6.673542999157071332e-02
6.672098697722085581e-02
6.670654685089912050e-02
6.669210961198392129e-02
6.667767525985393573e-02
6.666324379388825772e-02
6.664881521346628646e-02
6.663438951796771259e-02
6.661996670677267085e-02
6.660554677926151801e-02
6.659112973481495779e-02
6.657671557281409636e-02
6.656230429264028969e-02
6.654789589367528235e-02
6.653349037530109644e-02
6.651908773690010102e-02
6.650468797785499819e-02
6.649029109754880928e-02
6.647589709536490254e-02
6.646150597068689603e-02
6.644711772289879637e-02
6.643273235138494326e-02
6.641834985552991233e-02
6.640397023471869553e-02
6.638959348833650687e-02
6.637521961576894891e-02
6.636084861640192956e-02
6.634648048962162037e-02
6.633211523481458149e-02
6.631775285136763676e-02
6.630339333866792917e-02
6.628903669610289318e-02
6.627468292306032405e-02
6.626033201892829461e-02
6.624598398309518299e-02
6.623163881494967264e-02
6.621729651388078008e-02
6.620295707927779938e-02
6.618862051053031603e-02
6.617428680702823474e-02
6.615995596816179325e-02
6.614562799332150689e-02
6.613130288189816852e-02
6.611698063328289021e-02
6.610266124686711708e-02
6.608834472204250243e-02
6.607403105820111588e-02
6.605972025473523523e-02
6.604541231103741583e-02
6.603110722650061548e-02
6.601680500051797240e-02
6.600250563248298563e-02
6.598820912178941789e-02
6.597391546783135108e-02
6.595962467000310303e-02
6.594533672769933852e-02
6.593105164031501375e-02
6.591676940724527922e-02
6.590249002788567401e-02
6.588821350163200086e-02
6.587393982788031233e-02
6.585966900602698015e-02
6.584540103546862588e-02
6.583113591560221800e-02
6.581687364582491928e-02
6.580261422553422557e-02
6.578835765412792413e-02
6.577410393100406594e-02
6.575985305556093785e-02
6.574560502719718758e-02
6.573135984531164322e-02
6.571711750930353535e-02
6.570287801857224719e-02
6.568864137251748114e-02
6.567440757053925882e-02
6.566017661203779610e-02
6.564594849641361418e-02
6.563172322306756734e-02
6.561750079140066250e-02
6.560328120081429515e-02
6.558906445071002733e-02
6.557485054048974027e-02
6.556063946955562050e-02
6.554643123731004883e-02
6.553222584315568366e-02
6.551802328649554419e-02
6.550382356673274675e-02
6.548962668327079628e-02
6.547543263551348913e-02
6.546124142286476044e-02
6.544705304472885066e-02
6.543286750051034717e-02
6.541868478961403166e-02
6.540450491144489398e-02
6.539032786540828479e-02
6.537615365090972130e-02
6.536198226735506767e-02
6.534781371415034068e-02
6.533364799070193185e-02
6.531948509641641309e-02
6.530532503070059225e-02
6.529116779296161022e-02
6.527701338260680219e-02
6.526286179904375317e-02
6.524871304168033959e-02
6.523456710992467378e-02
6.522042400318510402e-02
6.520628372087024227e-02
6.519214626238892252e-02
6.517801162715028407e-02
6.516387981456364664e-02
6.514975082403866302e-02
6.513562465498512477e-02
6.512150130681317040e-02
6.510738077893311881e-02
6.509326307075555262e-02
6.507914818169134585e-02
6.506503611115151131e-02
6.505092685854739487e-02
6.503682042329055057e-02
6.502271680479279614e-02
6.500861600246614358e-02
6.499451801572291021e-02
6.498042284397557988e-02
6.496633048663698340e-02
6.495224094312003482e-02
6.493815421283803679e-02
6.492407029520441686e-02
6.490998918963293562e-02
6.489591089553750636e-02
6.488183541233233376e-02
6.486776273943183069e-02
6.485369287625067369e-02
6.483962582220373361e-02
6.482556157670610331e-02
6.481150013917316710e-02
6.479744150902053135e-02
6.478338568566396893e-02
6.476933266851958582e-02
6.475528245700358509e-02
6.474123505053254457e-02
6.472719044852318082e-02
6.471314865039243247e-02
6.469910965555754345e-02
6.468507346343591036e-02
6.467104007344516570e-02
6.465700948500323342e-02
6.464298169752816237e-02
6.462895671043829282e-02
6.461493452315221486e-02
6.460091513508865735e-02
6.458689854566664057e-02
6.457288475430540686e-02
6.455887376042435122e-02
6.454486556344318782e-02
6.453086016278176962e-02
6.451685755786022713e-02
6.450285774809888517e-02
6.448886073291829057e-02
6.447486651173922612e-02
6.446087508398266885e-02
6.444688644906981789e-02
6.443290060642210826e-02
6.441891755546115539e-02
6.440493729560886615e-02
6.439095982628728621e-02
6.437698514691869711e-02
6.436301325692558861e-02
6.434904415573074188e-02
6.433507784275703523e-02
6.432111431742762453e-02
6.430715357916588770e-02
6.429319562739541083e-02
6.427924046153991877e-02
6.426528808102345558e-02
6.425133848527024572e-02
6.423739167370463854e-02
6.422344764575134424e-02
6.420950640083515626e-02
6.419556793838110398e-02
6.418163225781449432e-02
6.416769935856075913e-02
6.415376924004559389e-02
6.413984190169484678e-02
6.412591734293464352e-02
6.411199556319124859e-02
6.409807656189116243e-02
6.408416033846107973e-02
6.407024689232795889e-02
6.405633622291885543e-02
6.404242832966114407e-02
6.402852321198228280e-02
6.401462086931006268e-02
6.400072130107234414e-02
6.398682450669730681e-02
6.397293048561325524e-02
6.395903923724874374e-02
6.394515076103249318e-02
6.393126505639344648e-02
6.391738212276072695e-02
6.390350195956369383e-02
6.388962456623180353e-02
6.387574994219491487e-02
6.386187808688284506e-02
6.384800899972577215e-02
6.383414268015401294e-02
6.382027912759809241e-02
6.380641834148870206e-02
6.379256032125681097e-02
6.377870506633348535e-02
6.376485257615004121e-02
6.375100285013797496e-02
6.373715588772897733e-02
6.372331168835496107e-02
6.370947025144801934e-02
6.369563157644038409e-02
6.368179566276455095e-02
6.366796250985314043e-02
6.365413211713907837e-02
6.364030448405536000e-02
6.362647961003523034e-02
6.361265749451210094e-02
6.359883813691960541e-02
6.358502153669157164e-02
6.357120769326193854e-02
6.355739660606495034e-02
6.354358827453494840e-02
6.352978269810648226e-02
6.351597987621436514e-02
6.350217980829345188e-02
6.348838249377894427e-02
6.347458793210609962e-02
6.346079612271042503e-02
6.344700706502762189e-02
6.343322075849355812e-02
6.341943720254428207e-02
6.340565639661603636e-02
6.339187834014525791e-02
6.337810303256853628e-02
6.336433047332268309e-02
6.335056066184467649e-02
6.333679359757163341e-02
6.332302927994096220e-02
6.330926770839012674e-02
6.329550888235688233e-02
6.328175280127909530e-02
6.326799946459482626e-02
6.325424887174234401e-02
6.324050102216008384e-02
6.322675591528663375e-02
6.321301355056078985e-02
6.319927392742155647e-02
6.318553704530803505e-02
6.317180290365959072e-02
6.315807150191571351e-02
6.314434283951608773e-02
6.313061691590059199e-02
6.311689373050924368e-02
6.310317328278229609e-02
6.308945557216011357e-02
6.307574059808326861e-02
6.306202835999251410e-02
6.304831885732878338e-02
6.303461208953316242e-02
6.302090805604691759e-02
6.300720675631153733e-02
6.299350818976856559e-02
6.297981235585987936e-02
6.296611925402742505e-02
6.295242888371328782e-02
6.293874124435987205e-02
6.292505633540962373e-02
6.291137415630521090e-02
6.289769470648946814e-02
6.288401798540541043e-02
6.287034399249619154e-02
6.285667272720518728e-02
6.284300418897589835e-02
6.282933837725201975e-02
6.281567529147741302e-02
6.280201493109612010e-02
6.278835729555233558e-02
6.277470238429039284e-02
6.276105019675488894e-02
6.274740073239050420e-02
6.273375399064212710e-02
6.272010997095477103e-02
6.270646867277365755e-02
6.269283009554420250e-02
6.267919423871187723e-02
6.266556110172250005e-02
6.265193068402186150e-02
6.263830298505602967e-02
6.262467800427125308e-02
6.261105574111387739e-02
6.259743619503045642e-02
6.258381936546766888e-02
6.257020525187242943e-02
6.255659385369177761e-02
6.254298517037290561e-02
6.252937920136315830e-02
6.251577594611007482e-02
6.250217540406137473e-02
6.248857757466489554e-02
6.247498245736867600e-02
6.246139005162085894e-02
6.244780035686981617e-02
6.243421337256405135e-02
6.242062909815224853e-02
6.240704753308323749e-02
6.239346867680598679e-02
6.237989252876965235e-02
6.236631908842357047e-02
6.235274835521718850e-02
6.233918032860015501e-02
6.232561500802226429e-02
6.231205239293347020e-02
6.229849248278387930e-02
6.228493527702377158e-02
6.227138077510356584e-02
6.225782897647388903e-02
6.224427988058544442e-02
6.223073348688915041e-02
6.221718979483609191e-02
6.220364880387746487e-02
6.219011051346465951e-02
6.217657492304921873e-02
6.216304203208282420e-02
6.214951184001731715e-02
6.213598434630475398e-02
6.212245955039723266e-02
6.210893745174709407e-02
6.209541804980683866e-02
6.208190134402905708e-02
6.206838733386654122e-02
6.205487601877224951e-02
6.204136739819925833e-02
6.202786147160083141e-02
6.201435823843034351e-02
6.200085769814138448e-02
6.198735985018762051e-02
6.197386469402296760e-02
6.196037222910137643e-02
6.194688245487707523e-02
6.193339537080437551e-02
6.191991097633770674e-02
6.190642927093174819e-02
6.189295025404123463e-02
6.187947392512112982e-02
6.186600028362651549e-02
6.185252932901259132e-02
6.183906106073477904e-02
6.182559547824858365e-02
6.181213258100970442e-02
6.179867236847396555e-02
6.178521484009739245e-02
6.177175999533605910e-02
6.175830783364631704e-02
6.174485835448453863e-02
6.173141155730733909e-02
6.171796744157146547e-02
6.170452600673378973e-02
6.169108725225130180e-02
6.167765117758126220e-02
6.166421778218088984e-02
6.165078706550778526e-02
6.163735902701948655e-02
6.162393366617378854e-02
6.161051098242859708e-02
6.159709097524200538e-02
6.158367364407220379e-02
6.157025898837754918e-02
6.155684700761655109e-02
6.154343770124787866e-02
6.153003106873031203e-02
6.151662710952278401e-02
6.150322582308440089e-02
6.148982720887441467e-02
6.147643126635214672e-02
6.146303799497718212e-02
6.144964739420917532e-02
6.143625946350791261e-02
6.142287420233339540e-02
6.140949161014570834e-02
6.139611168640507488e-02
6.138273443057192663e-02
6.136935984210677847e-02
6.135598792047031180e-02
6.134261866512333988e-02
6.132925207552684249e-02
6.131588815114190349e-02
6.130252689142981493e-02
6.128916829585193127e-02
6.127581236386979435e-02
6.126245909494509173e-02
6.124910848853964973e-02
6.123576054411539182e-02
6.122241526113449128e-02
6.120907263905910750e-02
6.119573267735168437e-02
6.118239537547471435e-02
6.116906073289089113e-02
6.115572874906299167e-02
6.114239942345402190e-02
6.112907275552698777e-02
6.111574874474518665e-02
6.110242739057195754e-02
6.108910869247079906e-02
6.107579264990536938e-02
6.106247926233946549e-02
6.104916852923700926e-02
6.103586045006206134e-02
6.102255502427880729e-02
6.100925225135162000e-02
6.099595213074497646e-02
6.098265466192347856e-02
6.096935984435188777e-02
6.095606767749511823e-02
6.094277816081817428e-02
6.092949129378625456e-02
6.091620707586465483e-02
6.090292550651880965e-02
6.088964658521432011e-02
6.087637031141691218e-02
6.086309668459238820e-02
6.084982570420683495e-02
6.083655736972626987e-02
6.082329168061704344e-02
6.081002863634553390e-02
6.079676823637826522e-02
6.078351048018192093e-02
6.077025536722332338e-02
6.075700289696937817e-02
6.074375306888721293e-02
6.073050588244399695e-02
6.071726133710711459e-02
6.070401943234405434e-02
6.069078016762239486e-02
6.067754354240990911e-02
6.066430955617450882e-02
6.065107820838418901e-02
6.063784949850712508e-02
6.062462342601158960e-02
6.061139999036600778e-02
6.059817919103895056e-02
6.058496102749909989e-02
6.057174549921526263e-02
6.055853260565642604e-02
6.054532234629166065e-02
6.053211472059021048e-02
6.051890972802139584e-02
6.050570736805475219e-02
6.049250764015982884e-02
6.047931054380646654e-02
6.046611607846447828e-02
6.045292424360391992e-02
6.043973503869490282e-02
6.042654846320774653e-02
6.041336451661283996e-02
6.040018319838073857e-02
6.038700450798209496e-02
6.037382844488772826e-02
6.036065500856856864e-02
6.034748419849569889e-02
6.033431601414028511e-02
6.032115045497367378e-02
6.030798752046731548e-02
6.029482721009280649e-02
6.028166952332186801e-02
6.026851445962631837e-02
6.025536201847816326e-02
6.024221219934949856e-02
6.022906500171256589e-02
6.021592042503973174e-02
6.020277846880345979e-02
6.018963913247641490e-02
6.017650241553132440e-02
6.016336831744107522e-02
6.015023683767868612e-02
6.013710797571729383e-02
6.012398173103017385e-02
6.011085810309069188e-02
6.009773709137239406e-02
6.008461869534890282e-02
6.007150291449402102e-02
6.005838974828167642e-02
6.004527919618585230e-02
6.003217125768074702e-02
6.001906593224063530e-02
6.000596321933994448e-02
5.999286311845319214e-02
5.997976562905506931e-02
5.996667075062037805e-02
5.995357848262403838e-02
5.994048882454107441e-02
5.992740177584669758e-02
5.991431733601620263e-02
5.990123550452499529e-02
5.988815628084864784e-02
5.987507966446283664e-02
5.986200565484335601e-02
5.984893425146616680e-02
5.983586545380731314e-02
5.982279926134298487e-02
5.980973567354946202e-02
5.979667468990322587e-02
5.978361630988077852e-02
5.977056053295883714e-02
5.975750735861422303e-02
5.974445678632384765e-02
5.973140881556476128e-02
5.971836344581415296e-02
5.970532067654932967e-02
5.969228050724775109e-02
5.967924293738691155e-02
5.966620796644455521e-02
5.965317559389843316e-02
5.964014581922649771e-02
5.962711864190679140e-02
5.961409406141750245e-02
5.960107207723690931e-02
5.958805268884340839e-02
5.957503589571560426e-02
5.956202169733211538e-02
5.954901009317176142e-02
5.953600108271342450e-02
5.952299466543615331e-02
5.950999084081912138e-02
5.949698960834156475e-02
5.948399096748294146e-02
5.947099491772274427e-02
5.945800145854063246e-02
5.944501058941634858e-02
5.943202230982979478e-02
5.941903661926101199e-02
5.940605351719011745e-02
5.939307300309733945e-02
5.938009507646309360e-02
5.936711973676787185e-02
5.935414698349227025e-02
5.934117681611707912e-02
5.932820923412308184e-02
5.931524423699134629e-02
5.930228182420293342e-02
5.928932199523905683e-02
5.927636474958109664e-02
5.926341008671050931e-02
5.925045800610886232e-02
5.923750850725787581e-02
5.922456158963937400e-02
5.921161725273531296e-02
5.919867549602774587e-02
5.918573631899889248e-02
5.917279972113101416e-02
5.915986570190658739e-02
5.914693426080810945e-02
5.913400539731827887e-02
5.912107911091987050e-02
5.910815540109581184e-02
5.909523426732907203e-02
5.908231570910288388e-02
5.906939972590042470e-02
5.905648631720510078e-02
5.904357548250043636e-02
5.903066722127003896e-02
5.901776153299762018e-02
5.900485841716708590e-02
5.899195787326235590e-02
5.897905990076757893e-02
5.896616449916694536e-02
5.895327166794476353e-02
5.894038140658549446e-02
5.892749371457373098e-02
5.891460859139410755e-02
5.890172603653146682e-02
5.888884604947071388e-02
5.887596862969686484e-02
5.886309377669511622e-02
5.885022148995072006e-02
5.883735176894905328e-02
5.882448461317564548e-02
5.881162002211608869e-02
5.879875799525616925e-02
5.878589853208172206e-02
5.877304163207869303e-02
5.876018729473321545e-02
5.874733551953149197e-02
5.873448630595982239e-02
5.872163965350467307e-02
5.870879556165259361e-02
5.869595402989027239e-02
5.868311505770447412e-02
5.867027864458211617e-02
5.865744479001021999e-02
5.864461349347593194e-02
5.863178475446649551e-02
5.861895857246927910e-02
5.860613494697180376e-02
5.859331387746163217e-02
5.858049536342649355e-02
5.856767940435422121e-02
5.855486599973277334e-02
5.854205514905020530e-02
5.852924685179469733e-02
5.851644110745454069e-02
5.850363791551815157e-02
5.849083727547405021e-02
5.847803918681085400e-02
5.846524364901736076e-02
5.845245066158240993e-02
5.843966022399500748e-02
5.842687233574424960e-02
5.841408699631929491e-02
5.840130420520954491e-02
5.838852396190438721e-02
5.837574626589340371e-02
5.836297111666626652e-02
5.835019851371274491e-02
5.833742845652275383e-02
5.832466094458629846e-02
5.831189597739351582e-02
5.829913355443458456e-02
5.828637367519992618e-02
5.827361633917998301e-02
5.826086154586535004e-02
5.824810929474669857e-02
5.823535958531483869e-02
5.822261241706071233e-02
5.820986778947533774e-02
5.819712570204984420e-02
5.818438615427554139e-02
5.817164914564375289e-02
5.815891467564598266e-02
5.814618274377384571e-02
5.813345334951903337e-02
5.812072649237336186e-02
5.810800217182880006e-02
5.809528038737736544e-02
5.808256113851123503e-02
5.806984442472266916e-02
5.805713024550410162e-02
5.804441860034795925e-02
5.803170948874690482e-02
5.801900291019364969e-02
5.800629886418103009e-02
5.799359735020198636e-02
5.798089836774957678e-02
5.796820191631697067e-02
5.795550799539747611e-02
5.794281660448444282e-02
5.793012774307141483e-02
5.791744141065199858e-02
5.790475760671991157e-02
5.789207633076900311e-02
5.787939758229324050e-02
5.786672136078665346e-02
5.785404766574343133e-02
5.784137649665787445e-02
5.782870785302435257e-02
5.781604173433739502e-02
5.780337814009161440e-02
5.779071706978172740e-02
5.777805852290259642e-02
5.776540249894913936e-02
5.775274899741644763e-02
5.774009801779967505e-02
5.772744955959411423e-02
5.771480362229514799e-02
5.770216020539828405e-02
5.768951930839914116e-02
5.767688093079344214e-02
5.766424507207700695e-02
5.765161173174579434e-02
5.763898090929583939e-02
5.762635260422332983e-02
5.761372681602452278e-02
5.760110354419581413e-02
5.758848278823366917e-02
5.757586454763471973e-02
5.756324882189567393e-02
5.755063561051334403e-02
5.753802491298466715e-02
5.752541672880667756e-02
5.751281105747653444e-02
5.750020789849149411e-02
5.748760725134892391e-02
5.747500911554630221e-02
5.746241349058120451e-02
5.744982037595136593e-02
5.743722977115453543e-02
5.742464167568869099e-02
5.741205608905178975e-02
5.739947301074201785e-02
5.738689244025758918e-02
5.737431437709684945e-02
5.736173882075826236e-02
5.734916577074039568e-02
5.733659522654192819e-02
5.732402718766163585e-02
5.731146165359840561e-02
5.729889862385127014e-02
5.728633809791929682e-02
5.727378007530173343e-02
5.726122455549787632e-02
5.724867153800717451e-02
5.723612102232914639e-02
5.722357300796348384e-02
5.721102749440990648e-02
5.719848448116831435e-02
5.718594396773863525e-02
5.717340595362099126e-02
5.716087043831551834e-02
5.714833742132256061e-02
5.713580690214251773e-02
5.712327888027587258e-02
5.711075335522325380e-02
5.709823032648539409e-02
5.708570979356310249e-02
5.707319175595735455e-02
5.706067621316916749e-02
5.704816316469971810e-02
5.703565261005024561e-02
5.702314454872211419e-02
5.701063898021684756e-02
5.699813590403596947e-02
5.698563531968117712e-02
5.697313722665431346e-02
