8.720482209999999915e-03
8.509655479999999467e-03
8.643933319999999934e-03
8.663799769999999331e-03
8.754178850000000553e-03
8.914220980000000030e-03
8.718576409999999680e-03
8.880834420000000701e-03
8.843051850000000283e-03
8.988455140000000537e-03
8.988263459999999705e-03
9.051329559999999816e-03
9.054584140000000378e-03
9.043698439999999297e-03
9.046435009999999333e-03
9.052042709999999492e-03
9.180354680000000697e-03
9.120591489999999718e-03
9.120529990000000864e-03
9.058321919999999181e-03
9.039358140000000250e-03
9.108700080000000504e-03
9.120502270000000605e-03
9.129056939999999690e-03
9.105750529999999746e-03
9.215860080000000745e-03
9.171063539999999709e-03
9.078168509999999872e-03
9.088925450000000239e-03
9.180641309999999430e-03
9.236386160000000303e-03
9.116461030000000063e-03
9.092712430000000207e-03
9.190571530000000294e-03
9.133923170000000577e-03
9.187147749999999280e-03
9.236194030000000402e-03
9.186342539999999696e-03
9.246495110000000836e-03
9.183736519999999293e-03
9.201438699999999957e-03
9.234328860000000014e-03
9.231938279999999178e-03
9.355094609999999727e-03
9.222272820000000301e-03
9.302916709999999381e-03
9.295848460000000549e-03
9.339242669999999261e-03
9.319231860000000769e-03
9.312091939999999485e-03
9.265008380000000140e-03
9.493412720000000277e-03
9.345588369999999548e-03
9.399725730000000820e-03
9.411232090000000786e-03
9.488749520000000839e-03
9.352780979999999328e-03
9.298471169999999314e-03
9.360931160000000514e-03
9.330149370000000511e-03
9.356109919999999400e-03
9.390327029999999409e-03
9.421561990000000553e-03
9.331215590000000587e-03
9.396074710000000552e-03
9.351919049999999137e-03
9.579657070000000690e-03
9.529101539999999468e-03
9.601685690000000273e-03
9.461661660000000515e-03
9.322483930000000085e-03
9.371127849999999135e-03
9.550666370000000446e-03
9.496415739999999883e-03
9.468165989999999255e-03
9.604282719999999302e-03
9.442925919999999376e-03
9.517265690000000292e-03
9.562633239999999979e-03
9.554352690000000176e-03
9.549922690000000464e-03
9.522191410000000258e-03
9.492469709999999672e-03
9.630817649999999855e-03
9.546554190000000606e-03
9.527572200000000713e-03
9.555329200000000495e-03
9.624412569999999181e-03
9.619131549999999919e-03
9.566194079999999766e-03
9.618760170000000692e-03
9.542488749999999617e-03
9.531743000000000507e-03
9.672535249999999335e-03
9.636087839999999891e-03
9.614975470000000288e-03
9.781106280000000097e-03
9.791343029999999975e-03
9.655200189999999308e-03
9.581684420000000091e-03
9.636318760000000053e-03
9.671927570000000626e-03
9.489627119999999999e-03
9.764045239999999751e-03
9.732988450000000513e-03
9.831695370000000794e-03
9.614846050000000477e-03
9.677044980000000518e-03
9.861239000000000809e-03
9.672021940000000845e-03
9.778396890000000743e-03
9.789702929999999706e-03
9.649126620000000182e-03
9.918711119999999715e-03
9.688248280000000615e-03
9.838193999999999759e-03
9.792533120000000355e-03
9.808343080000000297e-03
9.753032010000000848e-03
9.769169879999999376e-03
9.882793180000000108e-03
9.786260119999999271e-03
9.832491270000000283e-03
9.896511559999999694e-03
9.862878219999999391e-03
9.909847649999999411e-03
9.922264050000000751e-03
9.926875150000000203e-03
9.908793210000000837e-03
9.938697680000000562e-03
9.876858719999999370e-03
9.864493720000000812e-03
9.933456079999999910e-03
9.972143540000000597e-03
9.922390260000000378e-03
1.008759040000000058e-02
9.904252360000000838e-03
9.942030469999999995e-03
9.978003569999999503e-03
9.901964410000000175e-03
9.953013329999999687e-03
1.004244600000000001e-02
1.000703109999999917e-02
1.006420279999999980e-02
9.933969089999999599e-03
9.908308120000000607e-03
1.003152120000000078e-02
1.012914940000000062e-02
1.008187169999999987e-02
1.002949050000000002e-02
1.011861089999999998e-02
1.007408899999999961e-02
1.009083740000000021e-02
1.009112969999999970e-02
1.007310470000000006e-02
9.978899819999999601e-03
1.007766210000000072e-02
9.949875500000000123e-03
1.004811870000000065e-02
1.011672840000000032e-02
1.012893360000000076e-02
1.015281210000000024e-02
1.025444640000000053e-02
1.015862499999999925e-02
1.026564609999999940e-02
1.026937590000000060e-02
1.013577140000000015e-02
1.007985259999999959e-02
1.014487139999999989e-02
1.013709380000000007e-02
1.027511730000000081e-02
1.026479219999999921e-02
1.012352109999999951e-02
1.020208000000000052e-02
1.023047950000000039e-02
1.018742199999999980e-02
1.026381330000000064e-02
1.025178520000000031e-02
1.033528910000000058e-02
1.029807339999999974e-02
1.023979369999999944e-02
1.036153100000000021e-02
1.027529609999999934e-02
1.030599180000000073e-02
1.034897989999999934e-02
1.026027260000000017e-02
1.023473419999999974e-02
1.028943459999999942e-02
1.041235480000000067e-02
1.046823910000000031e-02
1.043676919999999946e-02
1.041000660000000050e-02
1.035448920000000064e-02
1.042317369999999979e-02
1.036895869999999997e-02
1.038091239999999922e-02
1.043801010000000064e-02
1.049723930000000076e-02
1.049745870000000011e-02
1.032360170000000063e-02
1.036976979999999944e-02
1.037011210000000037e-02
1.049935140000000065e-02
1.050872389999999920e-02
1.040993089999999940e-02
1.042561720000000081e-02
1.044741320000000008e-02
1.056708769999999999e-02
1.043643250000000043e-02
1.039979970000000017e-02
1.053204500000000030e-02
1.052656180000000052e-02
1.051901149999999972e-02
1.053693709999999929e-02
1.066716300000000034e-02
1.052671760000000074e-02
1.076057610000000046e-02
1.056609680000000079e-02
1.043048199999999960e-02
1.037356889999999955e-02
1.064295659999999963e-02
1.060933470000000045e-02
1.065011750000000035e-02
1.060599610000000081e-02
1.061010740000000070e-02
1.051332190000000069e-02
1.052666610000000010e-02
1.062032989999999941e-02
1.075888610000000009e-02
1.064513939999999978e-02
1.070614810000000000e-02
1.068500520000000009e-02
1.059794109999999921e-02
1.075337879999999947e-02
1.066733670000000016e-02
1.087610250000000008e-02
1.081348770000000077e-02
1.062985619999999923e-02
1.078699320000000086e-02
1.082627560000000086e-02
1.054649170000000052e-02
1.090999909999999969e-02
1.081841780000000058e-02
1.072042659999999925e-02
1.069457229999999995e-02
1.091096610000000071e-02
1.082589540000000045e-02
1.082363629999999986e-02
1.073577499999999948e-02
1.084750450000000060e-02
1.085568420000000006e-02
1.075327799999999979e-02
1.086936909999999985e-02
1.074062620000000058e-02
1.084402880000000062e-02
1.078166340000000049e-02
1.082490149999999936e-02
1.083140659999999936e-02
1.100808839999999934e-02
1.076205650000000048e-02
1.090696700000000005e-02
1.099869569999999998e-02
1.081589590000000059e-02
1.100055710000000068e-02
1.094793250000000023e-02
1.088532969999999982e-02
1.091681920000000042e-02
1.087606489999999940e-02
1.101565439999999986e-02
1.108865139999999985e-02
1.104431259999999991e-02
1.098964929999999944e-02
1.121480570000000024e-02
1.106673700000000010e-02
1.111595029999999998e-02
1.106229360000000016e-02
1.100571350000000004e-02
1.107240770000000006e-02
1.102869669999999996e-02
1.108606720000000073e-02
1.096249499999999918e-02
1.100904670000000043e-02
1.103623010000000064e-02
1.114426510000000002e-02
1.110462270000000043e-02
1.115645730000000037e-02
1.121302069999999956e-02
1.107677020000000061e-02
1.097704069999999935e-02
1.128471959999999968e-02
1.142161709999999983e-02
1.104084529999999932e-02
1.117369009999999961e-02
1.129200789999999961e-02
1.126409230000000039e-02
1.119351139999999988e-02
1.108371340000000038e-02
1.107193390000000069e-02
1.135516699999999934e-02
1.128808050000000042e-02
1.136929910000000071e-02
1.108062209999999964e-02
1.126472549999999948e-02
1.120048300000000066e-02
1.124437179999999981e-02
1.110295879999999985e-02
1.114534990000000045e-02
1.119408250000000077e-02
1.141415909999999971e-02
1.127177730000000072e-02
1.137319550000000061e-02
1.144485439999999923e-02
1.120001569999999960e-02
1.131693899999999982e-02
1.137570260000000076e-02
1.136504630000000071e-02
1.143776500000000078e-02
1.129852010000000073e-02
1.123315060000000011e-02
1.138537080000000083e-02
1.127087270000000016e-02
1.153089340000000053e-02
1.144156340000000022e-02
1.154095500000000031e-02
1.135462079999999957e-02
1.135875530000000043e-02
1.138717440000000004e-02
1.146932189999999921e-02
1.144402689999999938e-02
1.142668860000000015e-02
1.149057340000000059e-02
1.150176919999999943e-02
1.149767060000000084e-02
1.153796009999999948e-02
1.158804339999999940e-02
1.154782279999999953e-02
1.166893310000000072e-02
1.164777929999999927e-02
1.161413960000000009e-02
1.148587000000000045e-02
1.172504130000000082e-02
1.162947060000000046e-02
1.156630959999999965e-02
1.159560140000000066e-02
1.168910490000000038e-02
1.147798099999999995e-02
1.174850910000000033e-02
1.157960390000000069e-02
1.166491409999999979e-02
1.181761100000000043e-02
1.165507999999999995e-02
1.177417050000000021e-02
1.162077949999999922e-02
1.173815949999999948e-02
1.175026629999999933e-02
1.172003899999999980e-02
1.176146209999999991e-02
1.172234160000000004e-02
1.185900160000000030e-02
1.177232490000000055e-02
1.174754459999999973e-02
1.173510110000000085e-02
1.192695969999999980e-02
1.187808050000000067e-02
1.170655290000000015e-02
1.193593939999999971e-02
1.178749729999999975e-02
1.182492249999999960e-02
1.181758829999999920e-02
1.198593340000000083e-02
1.182040839999999940e-02
1.182377039999999921e-02
1.183082300000000073e-02
1.191322950000000061e-02
1.196098020000000046e-02
1.198691300000000008e-02
1.192402589999999943e-02
1.199504009999999982e-02
1.184197939999999914e-02
1.193409230000000085e-02
1.208402029999999967e-02
1.206984919999999975e-02
1.202600489999999973e-02
1.216018049999999934e-02
1.199757180000000055e-02
1.201947949999999932e-02
1.207572290000000041e-02
1.205255419999999925e-02
1.203965689999999915e-02
1.211251950000000015e-02
1.210775140000000007e-02
1.200637059999999992e-02
1.197421459999999972e-02
1.211847400000000061e-02
1.208431270000000050e-02
1.209983650000000070e-02
1.222906300000000009e-02
1.216778100000000078e-02
1.194407460000000004e-02
1.214040369999999994e-02
1.189699169999999979e-02
1.218304760000000000e-02
1.222312570000000029e-02
1.202952160000000069e-02
1.225810069999999988e-02
1.228249030000000061e-02
1.213755120000000083e-02
1.227859970000000009e-02
1.220528809999999950e-02
1.218650899999999988e-02
1.220301049999999998e-02
1.219901470000000002e-02
1.225229840000000014e-02
1.214162650000000059e-02
1.222937479999999973e-02
1.223300620000000033e-02
1.245913449999999992e-02
1.202753410000000078e-02
1.243807889999999985e-02
1.224268989999999918e-02
1.231942270000000068e-02
1.212027209999999924e-02
1.217627490000000069e-02
1.230655899999999990e-02
1.212660810000000013e-02
1.237966079999999920e-02
1.244673919999999927e-02
1.232601139999999970e-02
1.246871870000000083e-02
1.236752980000000064e-02
1.243742230000000060e-02
1.240685570000000029e-02
1.231723730000000051e-02
1.233868049999999918e-02
1.246031430000000065e-02
1.231915760000000006e-02
1.269135509999999925e-02
1.236806290000000072e-02
1.258941010000000013e-02
1.245522949999999969e-02
1.246698670000000002e-02
1.257103319999999975e-02
1.248777820000000066e-02
1.262775210000000037e-02
1.244975190000000009e-02
1.241173850000000002e-02
1.270959689999999996e-02
1.274460929999999929e-02
1.252701269999999950e-02
1.244699659999999944e-02
1.265848670000000072e-02
1.262325440000000056e-02
1.251253930000000014e-02
1.249790469999999959e-02
1.262717499999999916e-02
1.278458390000000028e-02
1.262183839999999994e-02
1.258193030000000039e-02
1.257854079999999944e-02
1.260547180000000031e-02
1.256944989999999977e-02
1.263674950000000068e-02
1.274604839999999954e-02
1.273860689999999941e-02
1.280444369999999936e-02
1.269606279999999955e-02
1.272834150000000039e-02
1.257258839999999926e-02
1.251440610000000009e-02
1.273574329999999956e-02
1.289380260000000042e-02
1.281128269999999916e-02
1.269246540000000013e-02
1.283987699999999954e-02
1.283271859999999924e-02
1.283234180000000085e-02
1.290993340000000031e-02
1.256369889999999975e-02
1.285497189999999963e-02
1.269127379999999972e-02
1.301110280000000036e-02
1.287158790000000018e-02
1.280503239999999932e-02
1.305588440000000038e-02
1.295916650000000087e-02
1.288960100000000053e-02
1.292637100000000074e-02
1.278156880000000037e-02
1.291523969999999917e-02
1.282206800000000070e-02
1.309743210000000047e-02
1.306349010000000012e-02
1.289609719999999966e-02
1.310482710000000078e-02
1.276840159999999974e-02
1.290768989999999984e-02
1.299552919999999966e-02
1.309490399999999923e-02
1.297532329999999921e-02
1.296065899999999937e-02
1.270267739999999916e-02
1.320495609999999993e-02
1.296081420000000026e-02
1.315996600000000037e-02
1.330308220000000000e-02
1.290739439999999925e-02
1.308794240000000011e-02
1.307772060000000035e-02
1.336247439999999932e-02
1.290393150000000017e-02
1.295080770000000062e-02
1.322020179999999941e-02
1.325227309999999978e-02
1.296623960000000027e-02
1.309882430000000077e-02
1.337513170000000085e-02
1.324004839999999919e-02
1.324284570000000029e-02
1.317918839999999980e-02
1.311917970000000058e-02
1.324803909999999925e-02
1.328942099999999918e-02
1.339489999999999952e-02
1.363511119999999931e-02
1.318055710000000033e-02
1.343388409999999970e-02
1.324002900000000038e-02
1.319087629999999949e-02
1.326144450000000044e-02
1.338239379999999965e-02
1.355232500000000048e-02
1.346491099999999955e-02
1.339751030000000016e-02
1.354321479999999987e-02
1.322244619999999975e-02
1.350834589999999960e-02
1.335590199999999936e-02
1.329676360000000071e-02
1.345976970000000057e-02
1.337236250000000022e-02
1.347529689999999933e-02
1.349766099999999934e-02
1.356020320000000078e-02
1.356204480000000080e-02
1.355061939999999999e-02
1.364923499999999915e-02
1.365333300000000014e-02
1.374060929999999965e-02
1.337067710000000055e-02
1.338003270000000071e-02
1.346264429999999984e-02
1.343506210000000069e-02
1.343606670000000065e-02
1.366049069999999976e-02
1.371322309999999968e-02
1.356700999999999914e-02
1.341345019999999957e-02
1.354592400000000085e-02
1.359454140000000005e-02
1.363371950000000048e-02
1.347087710000000049e-02
1.349999139999999952e-02
1.363041079999999933e-02
1.365669859999999944e-02
1.363041079999999933e-02
1.378612710000000005e-02
1.378148539999999971e-02
1.348325879999999997e-02
1.376280990000000072e-02
1.372046279999999951e-02
1.402839690000000014e-02
1.376185209999999937e-02
1.378366580000000077e-02
1.399242449999999957e-02
1.373228089999999936e-02
1.376293630000000046e-02
1.393552569999999963e-02
1.375543000000000078e-02
1.380191719999999955e-02
1.363346690000000021e-02
1.377541009999999969e-02
1.395764109999999940e-02
1.373221410000000087e-02
1.387428509999999969e-02
1.405464449999999955e-02
1.368159319999999977e-02
1.374731130000000044e-02
1.378907709999999988e-02
1.350085810000000060e-02
1.388380229999999944e-02
1.387878510000000072e-02
1.397836069999999938e-02
1.383455459999999998e-02
1.379075530000000056e-02
1.415194110000000081e-02
1.402999169999999927e-02
1.384537769999999966e-02
1.407928230000000079e-02
1.406984610000000004e-02
1.411687860000000044e-02
1.404438440000000017e-02
1.417663960000000063e-02
1.411917449999999970e-02
1.397818380000000020e-02
1.399758930000000005e-02
1.400101379999999993e-02
1.427933280000000076e-02
1.419850800000000031e-02
1.426362580000000053e-02
1.429272019999999928e-02
1.406981250000000072e-02
1.428533589999999957e-02
1.416221609999999964e-02
1.427460969999999954e-02
1.394460699999999949e-02
1.409532399999999935e-02
1.414421700000000059e-02
1.419424799999999959e-02
1.438817050000000021e-02
1.435958719999999925e-02
1.429098929999999927e-02
1.428762090000000075e-02
1.419420119999999924e-02
1.405515390000000066e-02
1.443791940000000058e-02
1.424672069999999985e-02
1.449994989999999970e-02
1.452307970000000018e-02
1.448466380000000032e-02
1.436064249999999959e-02
1.445138709999999917e-02
1.431093659999999913e-02
1.437380490000000031e-02
1.443215049999999923e-02
1.433470579999999994e-02
1.435819890000000071e-02
1.457525020000000060e-02
1.442621699999999986e-02
1.449651450000000001e-02
1.450514930000000070e-02
1.434711110000000053e-02
1.455697209999999922e-02
1.446922859999999998e-02
1.446249659999999937e-02
1.448909190000000069e-02
1.444723810000000074e-02
1.472262430000000066e-02
1.424701280000000014e-02
1.442830630000000065e-02
1.487366910000000042e-02
1.479699290000000000e-02
1.479362380000000081e-02
1.459875599999999919e-02
1.477581529999999997e-02
1.460394129999999929e-02
1.457184949999999930e-02
1.461242450000000033e-02
1.467599909999999994e-02
1.437241939999999926e-02
1.454132579999999932e-02
1.466411630000000015e-02
1.460686580000000040e-02
1.464802750000000070e-02
1.478317619999999950e-02
1.478050820000000043e-02
1.499976530000000051e-02
1.468352799999999951e-02
1.496744420000000082e-02
1.490760829999999981e-02
1.476147310000000025e-02
1.506544490000000062e-02
1.494652320000000069e-02
1.481009340000000001e-02
1.469121890000000055e-02
1.493494780000000077e-02
1.502022079999999933e-02
1.474647349999999926e-02
1.512545939999999922e-02
1.475330950000000065e-02
1.480759509999999939e-02
1.509451109999999929e-02
1.496169340000000000e-02
1.514728159999999962e-02
1.512455740000000042e-02
1.498833999999999930e-02
1.497514070000000030e-02
1.502355399999999973e-02
1.530857440000000028e-02
1.477999779999999985e-02
1.513913880000000017e-02
1.527775479999999957e-02
1.495353280000000055e-02
1.448569729999999930e-02
1.488823889999999969e-02
1.497932849999999982e-02
1.504201739999999968e-02
1.491651100000000035e-02
1.516498879999999931e-02
1.528020769999999945e-02
1.500263339999999973e-02
1.513582999999999942e-02
1.505678849999999951e-02
1.492019439999999961e-02
1.538169839999999934e-02
1.510691829999999923e-02
1.541079639999999931e-02
1.535402429999999964e-02
1.514185189999999945e-02
1.529689409999999972e-02
1.511278020000000021e-02
1.535737520000000043e-02
1.571713710000000042e-02
1.521601369999999939e-02
1.486940190000000071e-02
1.535752209999999979e-02
1.552229999999999929e-02
1.517049049999999975e-02
1.521423990000000080e-02
1.536990910000000064e-02
1.544204159999999944e-02
1.501839039999999965e-02
1.513130019999999951e-02
1.543873400000000083e-02
1.556070069999999916e-02
1.516199480000000009e-02
1.520691419999999940e-02
1.538518799999999929e-02
1.532640359999999993e-02
1.548991450000000020e-02
1.552801640000000052e-02
1.548285209999999967e-02
1.578664709999999874e-02
1.542743199999999960e-02
1.539754769999999995e-02
1.577078219999999975e-02
1.554734540000000075e-02
1.518888219999999997e-02
1.537163910000000078e-02
1.550943699999999918e-02
1.535960270000000065e-02
1.567863350000000058e-02
1.531005019999999960e-02
1.562069169999999972e-02
1.583431290000000130e-02
1.547939429999999929e-02
1.569429480000000127e-02
1.572735540000000029e-02
1.569786369999999834e-02
1.578758350000000060e-02
1.570041319999999907e-02
1.602251060000000130e-02
1.545579870000000043e-02
1.565229649999999931e-02
1.603709260000000039e-02
1.581048980000000076e-02
1.611233070000000003e-02
1.547479579999999980e-02
1.580276970000000017e-02
1.581353400000000062e-02
1.566297339999999857e-02
1.578020850000000017e-02
1.593219319999999994e-02
1.592933070000000090e-02
1.578042409999999909e-02
1.577094730000000097e-02
1.591517859999999965e-02
1.590845130000000107e-02
1.620412499999999978e-02
1.591252320000000053e-02
1.586994929999999832e-02
1.566460360000000024e-02
1.586937440000000046e-02
1.592803740000000093e-02
1.601826480000000108e-02
1.582424030000000037e-02
1.577598510000000065e-02
1.622009469999999981e-02
1.617707389999999829e-02
1.582189339999999847e-02
1.598146190000000050e-02
1.599354609999999871e-02
1.625585070000000118e-02
1.602410079999999973e-02
1.607186660000000170e-02
1.639575899999999933e-02
1.590513860000000029e-02
1.611546239999999894e-02
1.604616349999999844e-02
1.637608839999999885e-02
1.602502860000000126e-02
1.622310019999999992e-02
1.633841100000000060e-02
1.635948359999999865e-02
1.600421299999999977e-02
1.638374379999999950e-02
1.621758480000000044e-02
1.614979849999999967e-02
1.639700339999999867e-02
1.627153989999999967e-02
1.637850769999999942e-02
1.624417930000000149e-02
1.644683250000000124e-02
1.628237960000000067e-02
1.645015069999999913e-02
1.643192690000000108e-02
1.623819450000000067e-02
1.619387220000000072e-02
1.623765970000000045e-02
1.595972459999999912e-02
1.626386960000000131e-02
1.642584609999999876e-02
1.611268119999999943e-02
1.615154469999999926e-02
1.633595850000000085e-02
1.638417199999999893e-02
1.670361719999999967e-02
1.650169459999999838e-02
1.662363840000000148e-02
1.650035559999999887e-02
1.628101040000000041e-02
1.639094979999999868e-02
1.622516670000000161e-02
1.614496350000000149e-02
1.668516230000000045e-02
1.635413000000000144e-02
1.658443739999999889e-02
1.687523449999999911e-02
1.626855509999999838e-02
1.665166950000000062e-02
1.683262959999999933e-02
1.682827140000000068e-02
1.701545689999999986e-02
1.683452870000000032e-02
1.678804849999999960e-02
1.663304130000000172e-02
1.644698340000000022e-02
1.663865080000000163e-02
1.666727009999999926e-02
1.699569219999999894e-02
1.649237569999999903e-02
1.628262080000000139e-02
1.674450439999999873e-02
1.680826700000000173e-02
1.642459270000000068e-02
1.667764750000000004e-02
1.682485969999999997e-02
1.683965739999999933e-02
1.686036470000000162e-02
1.679128800000000143e-02
1.703620880000000087e-02
1.673666299999999885e-02
1.676968820000000054e-02
1.644008250000000143e-02
1.698458989999999946e-02
1.685288060000000171e-02
1.680784440000000074e-02
1.680305870000000160e-02
1.659903509999999943e-02
1.685881850000000085e-02
1.679629129999999845e-02
1.681070150000000055e-02
1.710436389999999904e-02
1.694183770000000019e-02
1.710820620000000000e-02
1.716506060000000042e-02
1.683097719999999964e-02
1.699033620000000092e-02
1.762124350000000145e-02
1.731354129999999880e-02
1.694613169999999863e-02
1.715936959999999831e-02
1.712548729999999880e-02
1.680213029999999899e-02
1.698289160000000103e-02
1.694113380000000085e-02
1.743559199999999976e-02
1.696208800000000017e-02
1.700347539999999893e-02
1.744169799999999854e-02
1.703813179999999830e-02
1.712101749999999853e-02
1.715262849999999936e-02
1.759271860000000132e-02
1.733705719999999867e-02
1.749601179999999909e-02
1.768327130000000094e-02
1.699982920000000022e-02
1.741646079999999847e-02
1.685255639999999958e-02
1.709649720000000137e-02
1.718446059999999970e-02
1.725733540000000052e-02
1.709895250000000033e-02
1.761159049999999962e-02
1.748005379999999914e-02
1.761945529999999968e-02
1.777902450000000065e-02
1.737050039999999893e-02
1.761779119999999990e-02
1.703970900000000011e-02
1.754733010000000121e-02
1.763606250000000070e-02
1.762544539999999840e-02
1.758670830000000004e-02
1.782728999999999911e-02
1.763390810000000156e-02
1.760098209999999899e-02
1.753900510000000121e-02
1.776656899999999942e-02
1.725837239999999939e-02
1.769003679999999953e-02
1.815785069999999862e-02
1.767091339999999830e-02
1.801677460000000036e-02
1.757446199999999903e-02
1.780653369999999833e-02
1.798368900000000062e-02
1.763794689999999971e-02
1.760976560000000052e-02
1.763430839999999972e-02
1.766688729999999971e-02
1.763374570000000169e-02
1.767736480000000124e-02
1.785040489999999841e-02
1.791277219999999962e-02
1.742818239999999880e-02
1.774524380000000109e-02
1.743425280000000105e-02
1.765306479999999983e-02
1.790814790000000087e-02
1.791884960000000165e-02
1.789572860000000071e-02
1.816635780000000130e-02
1.766248839999999889e-02
1.782053100000000057e-02
1.785092859999999962e-02
1.819089839999999889e-02
1.803842630000000030e-02
1.796794020000000089e-02
1.837939790000000032e-02
1.835292349999999989e-02
1.826854660000000116e-02
1.837258740000000112e-02
1.789881210000000139e-02
1.773706749999999846e-02
1.785148339999999972e-02
1.790346710000000063e-02
1.859178200000000114e-02
1.796779890000000171e-02
1.781783610000000143e-02
1.836199880000000118e-02
1.831529449999999906e-02
1.830372109999999983e-02
1.826667969999999988e-02
1.854797399999999832e-02
1.839348080000000052e-02
1.792809470000000099e-02
1.830467909999999865e-02
1.885061530000000166e-02
1.817183119999999860e-02
1.865623929999999861e-02
1.821171909999999908e-02
1.805604099999999837e-02
1.834888960000000124e-02
1.794825060000000000e-02
1.848648489999999908e-02
1.796689920000000065e-02
1.807632019999999909e-02
1.842257190000000031e-02
1.858980699999999986e-02
1.832604239999999912e-02
1.846194989999999994e-02
1.869407569999999991e-02
1.904547579999999948e-02
1.858547959999999957e-02
1.841604310000000133e-02
1.837446859999999904e-02
1.856208540000000087e-02
1.846635240000000025e-02
1.862498870000000098e-02
1.852299680000000018e-02
1.881682620000000097e-02
1.869900630000000119e-02
1.867155880000000157e-02
1.867787909999999926e-02
1.848114470000000037e-02
1.852604080000000084e-02
1.848222830000000039e-02
1.857626249999999937e-02
1.871446770000000093e-02
1.852038300000000137e-02
1.855308099999999905e-02
1.856789309999999985e-02
1.853641220000000131e-02
1.858271209999999909e-02
1.869350939999999892e-02
1.879827270000000022e-02
1.860721140000000037e-02
1.894937699999999989e-02
1.894520699999999863e-02
1.886314799999999972e-02
1.867250070000000053e-02
1.875562539999999986e-02
1.899167079999999896e-02
1.897520030000000163e-02
1.893487680000000006e-02
1.899896270000000012e-02
1.919574619999999884e-02
1.922969390000000070e-02
1.885848890000000125e-02
1.886928599999999900e-02
1.875480859999999889e-02
1.922255419999999854e-02
1.886938189999999918e-02
1.921806460000000105e-02
1.914969539999999970e-02
1.876667049999999892e-02
1.918215900000000071e-02
1.897644490000000017e-02
1.867171559999999952e-02
1.912182650000000123e-02
1.904555440000000113e-02
1.927856299999999856e-02
1.925342520000000029e-02
1.916294240000000065e-02
1.922177029999999967e-02
1.939848289999999975e-02
1.933338260000000072e-02
1.885086199999999948e-02
1.920973310000000100e-02
1.935453889999999913e-02
1.903307090000000076e-02
1.950709419999999833e-02
1.961129240000000079e-02
1.911629810000000165e-02
1.924612070000000091e-02
1.962214190000000080e-02
1.951732939999999833e-02
1.909299360000000015e-02
1.949487589999999992e-02
1.954864970000000021e-02
1.982978089999999985e-02
1.909171700000000110e-02
1.902003149999999948e-02
1.940832970000000088e-02
1.983408409999999969e-02
1.952806749999999938e-02
1.947337830000000006e-02
1.930995469999999964e-02
1.960985449999999922e-02
1.957483289999999848e-02
1.945847059999999962e-02
1.964107379999999875e-02
1.980217540000000012e-02
1.946701689999999832e-02
1.993559459999999853e-02
1.963167400000000173e-02
1.942763860000000162e-02
1.934861510000000090e-02
1.975416970000000091e-02
1.965087410000000007e-02
1.966067520000000166e-02
1.922261639999999980e-02
1.956174609999999925e-02
1.975980399999999887e-02
1.981127159999999943e-02
1.962916820000000159e-02
1.995051650000000121e-02
1.975473570000000137e-02
1.993090499999999876e-02
1.996493339999999908e-02
2.009240699999999963e-02
1.967652430000000133e-02
2.006697389999999998e-02
1.972804770000000096e-02
2.023059669999999893e-02
2.005332019999999868e-02
2.000046009999999902e-02
2.017999479999999998e-02
1.984405059999999957e-02
2.020100270000000156e-02
1.989319469999999840e-02
1.987116419999999939e-02
2.000218709999999900e-02
1.979252199999999989e-02
2.041218560000000043e-02
2.005563830000000117e-02
2.004609469999999935e-02
1.979950269999999901e-02
2.019621209999999945e-02
1.995404649999999933e-02
2.009261349999999849e-02
1.990788569999999910e-02
2.018943280000000048e-02
2.033821480000000056e-02
2.049469699999999922e-02
2.019153950000000114e-02
2.097719589999999870e-02
2.041190489999999969e-02
1.990381589999999992e-02
2.019736199999999995e-02
2.046450870000000172e-02
2.067697099999999885e-02
2.042391290000000054e-02
2.027406169999999841e-02
2.025766760000000111e-02
2.037099049999999828e-02
2.021288939999999965e-02
2.034013059999999901e-02
2.055870900000000140e-02
2.039016000000000092e-02
2.021149309999999838e-02
2.077377470000000073e-02
2.019768889999999997e-02
2.012163100000000093e-02
2.061234550000000040e-02
2.051636429999999928e-02
2.014931249999999882e-02
2.077271649999999983e-02
2.064212649999999996e-02
2.085185230000000112e-02
2.042399069999999844e-02
2.008673899999999929e-02
2.076397179999999940e-02
2.051567849999999874e-02
2.044020170000000053e-02
2.048874330000000077e-02
2.079000589999999843e-02
2.069597910000000110e-02
2.066621370000000166e-02
2.049022929999999923e-02
2.010012270000000045e-02
2.076932479999999900e-02
2.095418530000000071e-02
2.038651409999999928e-02
2.102385169999999859e-02
2.073223399999999869e-02
2.083879250000000155e-02
2.064246520000000140e-02
2.020390539999999957e-02
2.069728469999999876e-02
2.106336610000000137e-02
2.098933420000000105e-02
2.097357869999999860e-02
2.090588540000000092e-02
2.101012349999999834e-02
2.077308350000000095e-02
2.086635679999999937e-02
2.056297660000000124e-02
2.138009650000000095e-02
2.084198149999999874e-02
2.143756659999999925e-02
2.142995870000000136e-02
2.148995459999999968e-02
2.118326090000000050e-02
2.122624840000000151e-02
2.086172190000000135e-02
2.078841749999999974e-02
2.096143940000000025e-02
2.129817209999999850e-02
2.087067620000000040e-02
2.115753149999999999e-02
2.054861629999999925e-02
2.140969599999999889e-02
2.182026390000000107e-02
2.130769440000000042e-02
2.174834120000000010e-02
2.135677320000000171e-02
2.126566480000000037e-02
2.153643230000000172e-02
2.149554940000000108e-02
2.149350330000000114e-02
2.111777579999999863e-02
2.129398769999999927e-02
2.149639370000000146e-02
2.145135459999999994e-02
2.142324680000000023e-02
2.196658270000000079e-02
2.152396679999999882e-02
2.105543179999999973e-02
2.171652699999999936e-02
2.168662479999999837e-02
2.170742939999999871e-02
2.164827119999999938e-02
2.144409569999999876e-02
2.217690890000000026e-02
2.177243920000000027e-02
2.166259519999999897e-02
2.183264760000000124e-02
2.173020599999999844e-02
2.127078899999999828e-02
2.143199670000000071e-02
2.221122920000000167e-02
2.151103970000000157e-02
2.161177280000000159e-02
2.171082369999999956e-02
2.182197580000000067e-02
2.188160769999999977e-02
2.193427070000000118e-02
2.172357520000000111e-02
2.202594479999999896e-02
2.222540569999999910e-02
2.149336339999999984e-02
2.203901070000000018e-02
2.194123350000000069e-02
2.198575789999999974e-02
2.195153459999999931e-02
2.159522590000000075e-02
2.201561180000000117e-02
2.213680499999999898e-02
2.219337000000000046e-02
2.217419389999999990e-02
2.163829340000000129e-02
2.193784349999999828e-02
2.211398659999999974e-02
2.217881520000000023e-02
2.191707459999999927e-02
2.223527640000000014e-02
2.248886090000000101e-02
2.219593289999999969e-02
2.178132769999999857e-02
2.288853819999999914e-02
2.213382430000000040e-02
2.191326340000000067e-02
2.184705470000000010e-02
2.215206449999999883e-02
2.214399519999999885e-02
2.234486889999999851e-02
2.170424320000000074e-02
2.185202600000000009e-02
2.245017410000000116e-02
2.213988210000000095e-02
2.288562150000000156e-02
2.229695069999999835e-02
2.200510379999999835e-02
2.278886869999999926e-02
2.264317269999999854e-02
2.227353430000000162e-02
2.242123539999999957e-02
2.288060700000000072e-02
2.230281419999999987e-02
2.251216710000000093e-02
2.238448620000000125e-02
2.267595310000000003e-02
2.334998829999999914e-02
2.262439549999999827e-02
2.230329530000000129e-02
2.240068359999999870e-02
2.208790700000000037e-02
2.306818210000000091e-02
2.198730980000000029e-02
2.283529150000000035e-02
2.274026289999999881e-02
2.275290079999999979e-02
2.229012220000000169e-02
2.342712320000000029e-02
2.243720780000000095e-02
2.353391310000000139e-02
2.323287850000000168e-02
2.286303640000000165e-02
2.257985510000000071e-02
2.280768459999999928e-02
2.328698709999999991e-02
2.310871490000000056e-02
2.264291389999999876e-02
2.243074830000000089e-02
2.247725240000000152e-02
2.330831920000000015e-02
2.334734980000000015e-02
2.286455069999999978e-02
2.277244299999999985e-02
2.302773259999999975e-02
2.293239219999999856e-02
2.333114169999999862e-02
2.295116800000000096e-02
2.256471839999999937e-02
2.258412330000000162e-02
2.279846929999999883e-02
2.294932690000000067e-02
2.302374659999999879e-02
2.287072949999999910e-02
2.369114019999999862e-02
2.324077559999999931e-02
2.325605379999999903e-02
2.322360160000000104e-02
2.432627650000000058e-02
2.320313829999999869e-02
2.377069680000000115e-02
2.355436350000000151e-02
2.333188099999999876e-02
2.256215069999999850e-02
2.265575280000000150e-02
2.389284330000000095e-02
2.325471900000000008e-02
2.291077739999999863e-02
2.295116800000000096e-02
2.304629589999999950e-02
2.362057700000000024e-02
2.292150290000000146e-02
2.383699959999999868e-02
2.329095720000000022e-02
2.406142749999999955e-02
2.405823110000000070e-02
2.394615719999999837e-02
2.368345700000000151e-02
2.370722559999999951e-02
2.323273099999999952e-02
2.355206270000000102e-02
2.379368139999999895e-02
2.383047149999999864e-02
2.366731299999999885e-02
2.415382199999999840e-02
2.303316409999999967e-02
2.379308590000000015e-02
2.339518510000000023e-02
2.365513959999999971e-02
2.355241760000000018e-02
2.352473769999999936e-02
2.396877450000000145e-02
2.274626849999999978e-02
2.315820539999999955e-02
2.375191310000000083e-02
2.395390539999999943e-02
2.417819309999999847e-02
2.378878109999999976e-02
2.434184279999999923e-02
2.417195689999999952e-02
2.353468400000000016e-02
2.358048600000000120e-02
2.386063360000000022e-02
2.394024380000000021e-02
2.440730270000000118e-02
2.388357979999999881e-02
2.382029709999999856e-02
2.351490079999999858e-02
2.470765119999999981e-02
2.408570780000000161e-02
2.462803200000000109e-02
2.354646540000000093e-02
2.446112279999999861e-02
2.441049249999999865e-02
2.424788350000000106e-02
2.395612949999999935e-02
2.409236999999999837e-02
2.411861750000000165e-02
2.439553170000000049e-02
2.444763150000000065e-02
2.384275649999999941e-02
2.422047520000000093e-02
2.403942729999999917e-02
2.423647069999999848e-02
2.421552800000000005e-02
2.468602849999999849e-02
2.362924170000000115e-02
2.477587020000000112e-02
2.375992769999999907e-02
2.415440619999999899e-02
2.424330319999999997e-02
2.486967639999999868e-02
2.538201899999999872e-02
2.461269459999999853e-02
2.456359799999999899e-02
2.412319729999999954e-02
2.522473750000000028e-02
2.389281539999999968e-02
2.527833830000000143e-02
2.450530110000000150e-02
2.464017450000000053e-02
2.471433749999999915e-02
2.464477379999999856e-02
2.477624789999999938e-02
2.458685539999999961e-02
2.466917199999999963e-02
2.468830249999999851e-02
2.551640219999999973e-02
2.448077330000000135e-02
2.485239709999999963e-02
2.443902259999999882e-02
2.555458089999999849e-02
2.468811530000000060e-02
2.388119459999999902e-02
2.549538889999999891e-02
2.461762329999999874e-02
2.524222950000000118e-02
2.507793020000000095e-02
2.583371209999999960e-02
2.418021880000000012e-02
2.464336489999999907e-02
2.507041009999999917e-02
2.503161900000000148e-02
2.464375619999999850e-02
2.560053400000000118e-02
2.546424430000000100e-02
2.470499469999999989e-02
2.464411890000000119e-02
2.536674909999999880e-02
2.541936930000000122e-02
2.551790079999999988e-02
2.458131239999999940e-02
2.563056890000000101e-02
2.519856469999999862e-02
2.508223609999999867e-02
2.446897469999999991e-02
2.534169990000000039e-02
2.511612209999999901e-02
2.607139270000000120e-02
2.543441440000000081e-02
2.475671210000000150e-02
2.528646819999999865e-02
2.565741800000000128e-02
2.484735789999999861e-02
2.652341539999999998e-02
2.611001979999999847e-02
2.544973860000000060e-02
2.571113779999999877e-02
2.529841509999999905e-02
2.626142279999999982e-02
2.524593170000000164e-02
2.548412759999999985e-02
2.587565240000000086e-02
2.501701409999999848e-02
2.611584889999999867e-02
2.527073040000000007e-02
2.513346519999999987e-02
2.582193329999999884e-02
2.568489800000000114e-02
2.589994370000000060e-02
2.597735409999999898e-02
2.628522599999999834e-02
2.598081840000000114e-02
2.593042239999999998e-02
2.634279169999999975e-02
2.613345720000000150e-02
2.498956479999999911e-02
2.637808490000000117e-02
2.674730989999999850e-02
2.592380830000000011e-02
2.598463159999999869e-02
2.567889029999999989e-02
2.545756639999999932e-02
2.642287709999999873e-02
2.641857289999999941e-02
2.584308899999999964e-02
2.538190980000000138e-02
2.543140909999999991e-02
2.628702100000000069e-02
2.568357140000000066e-02
2.639692459999999977e-02
2.611163349999999841e-02
2.647284399999999885e-02
2.587967130000000046e-02
2.631887239999999850e-02
2.638217069999999886e-02
2.601460709999999996e-02
2.626809520000000092e-02
2.659228079999999966e-02
2.733594099999999902e-02
2.582171769999999991e-02
2.689807309999999937e-02
2.675964990000000154e-02
2.566079079999999957e-02
2.698318330000000140e-02
2.680737479999999867e-02
2.688588399999999878e-02
2.604043509999999853e-02
2.704223749999999996e-02
2.709068090000000054e-02
2.642647370000000134e-02
2.570268569999999836e-02
2.557821009999999839e-02
2.562920059999999889e-02
2.774731420000000129e-02
2.703066039999999989e-02
2.639184730000000007e-02
2.681260740000000059e-02
2.633802660000000156e-02
2.635475010000000104e-02
2.679503239999999828e-02
2.686708620000000103e-02
2.662545250000000058e-02
2.655565090000000170e-02
2.674430980000000110e-02
2.640152679999999835e-02
2.695144130000000013e-02
2.664875900000000103e-02
2.609235849999999926e-02
2.643949879999999905e-02
2.765246400000000160e-02
2.728772120000000009e-02
2.757568029999999878e-02
2.714845210000000134e-02
2.739146279999999864e-02
2.737091419999999886e-02
2.681185079999999846e-02
2.697835440000000140e-02
2.659945000000000018e-02
2.674206159999999860e-02
2.711682669999999906e-02
2.629871920000000085e-02
2.736574380000000167e-02
2.716854729999999829e-02
2.768127420000000144e-02
2.775827839999999921e-02
2.708165410000000148e-02
2.733816949999999871e-02
2.750486049999999877e-02
2.749325140000000167e-02
2.698390739999999982e-02
2.691865129999999884e-02
2.664280559999999964e-02
2.711876070000000111e-02
2.730818009999999921e-02
2.776274579999999867e-02
2.684766740000000054e-02
2.667940020000000162e-02
2.774220410000000081e-02
2.716771579999999880e-02
2.696688469999999893e-02
2.688249300000000036e-02
2.842424019999999912e-02
2.819075780000000059e-02
2.776164990000000096e-02
2.746104939999999967e-02
2.778022780000000136e-02
2.763455650000000083e-02
2.742214369999999846e-02
2.830840999999999913e-02
2.809979049999999923e-02
2.811143090000000136e-02
2.794841630000000077e-02
2.784408140000000156e-02
2.839293130000000026e-02
2.796049189999999865e-02
2.793728830000000163e-02
2.778673829999999886e-02
2.723776350000000138e-02
2.874829979999999827e-02
2.774248619999999943e-02
2.862802399999999844e-02
2.831292170000000025e-02
2.807371469999999855e-02
2.782196340000000004e-02
2.836627820000000091e-02
2.810160680000000147e-02
2.724240550000000052e-02
2.827881599999999829e-02
2.851779390000000122e-02
2.761803250000000043e-02
2.839652859999999834e-02
2.855271300000000040e-02
2.809356699999999984e-02
2.919916319999999940e-02
2.819082679999999896e-02
2.850616289999999969e-02
2.879756179999999957e-02
2.810675099999999926e-02
2.785317329999999897e-02
2.894292099999999993e-02
2.803104470000000042e-02
2.838145010000000037e-02
2.917357339999999966e-02
2.851219799999999902e-02
2.875750289999999890e-02
2.911052280000000006e-02
2.843338789999999908e-02
2.854370620000000122e-02
2.844395179999999884e-02
2.860966250000000072e-02
2.902412769999999920e-02
2.901360290000000106e-02
2.839941160000000048e-02
2.897153229999999829e-02
2.965955430000000170e-02
2.917952600000000077e-02
2.890771500000000049e-02
2.835463400000000009e-02
2.848639160000000087e-02
2.870437660000000127e-02
2.844272780000000125e-02
2.863208550000000130e-02
2.933300000000000143e-02
2.928775289999999837e-02
2.862809570000000164e-02
2.889935100000000021e-02
2.879136330000000091e-02
2.880696840000000064e-02
2.903681240000000052e-02
2.871136880000000127e-02
2.957793380000000097e-02
2.926355939999999989e-02
2.916024260000000048e-02
2.933300000000000143e-02
2.830736699999999995e-02
2.941707090000000163e-02
2.938264839999999919e-02
2.861149329999999880e-02
2.899456159999999963e-02
2.950115390000000032e-02
2.976992310000000155e-02
2.913026900000000030e-02
2.943632980000000093e-02
2.997045840000000030e-02
2.899252579999999843e-02
2.924504639999999864e-02
3.059688210000000019e-02
3.011601480000000025e-02
2.973295069999999998e-02
3.043101510000000010e-02
2.856642620000000160e-02
2.889300159999999909e-02
2.819629610000000050e-02
2.913950300000000063e-02
2.903763859999999863e-02
2.960533770000000134e-02
2.903427319999999853e-02
2.842934979999999986e-02
2.958113609999999880e-02
3.005725539999999987e-02
2.964718159999999922e-02
3.009779580000000038e-02
2.963061089999999981e-02
2.977917119999999931e-02
2.937069889999999878e-02
2.916961380000000076e-02
3.113794989999999971e-02
2.999559469999999936e-02
2.972483260000000072e-02
2.903387119999999849e-02
2.956348170000000150e-02
2.919584059999999828e-02
2.982950020000000105e-02
2.979986429999999936e-02
3.066871410000000103e-02
2.950507200000000024e-02
2.920295889999999922e-02
2.940605589999999853e-02
2.911783189999999841e-02
2.973443640000000138e-02
3.041329480000000071e-02
3.069979130000000112e-02
3.100168970000000135e-02
2.946729990000000049e-02
2.909621059999999843e-02
3.008169210000000149e-02
3.106494430000000112e-02
2.982887210000000067e-02
3.153484520000000152e-02
3.069179229999999953e-02
3.081322229999999829e-02
3.026686199999999854e-02
3.059025530000000076e-02
3.064091719999999935e-02
3.054717050000000170e-02
3.059516820000000165e-02
3.090193089999999920e-02
3.145991609999999883e-02
3.056958770000000117e-02
3.041954629999999923e-02
3.087513210000000091e-02
3.045191829999999850e-02
3.091662300000000071e-02
3.035952940000000155e-02
3.084304380000000081e-02
3.110900999999999944e-02
3.039936140000000162e-02
2.996682180000000140e-02
3.035115500000000119e-02
3.040677539999999887e-02
3.007851350000000090e-02
3.177771950000000262e-02
3.065641649999999857e-02
3.155132990000000109e-02
3.136036550000000089e-02
3.084133689999999858e-02
3.090594420000000037e-02
3.116941869999999976e-02
3.128354829999999837e-02
3.078941379999999839e-02
3.135020720000000066e-02
3.144148150000000003e-02
3.031065900000000021e-02
2.985360949999999944e-02
3.109078770000000061e-02
3.034857830000000159e-02
3.041810320000000109e-02
3.227996510000000208e-02
3.070190000000000072e-02
2.998957140000000146e-02
3.107996060000000130e-02
3.019612719999999889e-02
3.105458570000000154e-02
3.175118500000000121e-02
3.132154129999999842e-02
3.136234560000000088e-02
3.213708190000000298e-02
3.217901050000000068e-02
3.138594769999999978e-02
3.152143150000000227e-02
3.179836970000000235e-02
3.129351150000000276e-02
3.123889040000000020e-02
3.116729630000000112e-02
3.134981190000000334e-02
3.094445349999999997e-02
3.180738839999999734e-02
3.132465630000000334e-02
3.219616680000000203e-02
3.176747180000000226e-02
3.191922249999999683e-02
3.173923349999999838e-02
3.092044780000000048e-02
3.222138549999999796e-02
3.296757480000000323e-02
3.228341779999999855e-02
3.109357319999999855e-02
3.235459730000000284e-02
3.151760029999999685e-02
3.206730520000000001e-02
3.285328109999999940e-02
3.238606520000000127e-02
3.116810230000000015e-02
3.171145870000000033e-02
3.103384390000000007e-02
3.124643649999999870e-02
3.151929290000000244e-02
3.195805840000000286e-02
3.224988089999999974e-02
3.111400749999999882e-02
3.294801969999999747e-02
3.207901340000000184e-02
3.212435040000000130e-02
3.275930319999999923e-02
3.222055039999999898e-02
3.196116859999999921e-02
3.358066430000000019e-02
3.296469209999999816e-02
3.149874569999999707e-02
3.082995919999999973e-02
3.252313169999999920e-02
3.290679800000000099e-02
3.261685369999999667e-02
3.227702880000000302e-02
3.224227310000000318e-02
3.235710390000000325e-02
3.394522810000000224e-02
3.196670349999999883e-02
3.287301019999999685e-02
3.316369560000000105e-02
3.361549540000000058e-02
3.196452340000000003e-02
3.217901050000000068e-02
3.312895080000000103e-02
3.232899160000000244e-02
3.380259759999999780e-02
3.182508619999999816e-02
3.194866989999999712e-02
3.268898459999999839e-02
3.235015830000000092e-02
3.153696000000000277e-02
3.365808690000000186e-02
3.303908540000000116e-02
3.393626830000000261e-02
3.291038119999999817e-02
3.331315890000000057e-02
3.381461429999999685e-02
3.229969419999999952e-02
3.267641200000000190e-02
3.423985379999999745e-02
3.326674400000000087e-02
3.371235410000000127e-02
3.394722609999999835e-02
3.359445739999999958e-02
3.444329320000000250e-02
3.337298469999999684e-02
3.360719370000000289e-02
3.334750770000000086e-02
3.255576050000000277e-02
3.472678850000000123e-02
3.315221580000000251e-02
3.397898910000000244e-02
3.322420339999999916e-02
3.278947940000000172e-02
3.278442169999999656e-02
3.449082450000000299e-02
3.421268999999999699e-02
3.352942700000000054e-02
3.481183959999999827e-02
3.282481360000000237e-02
3.317905339999999842e-02
3.326206250000000170e-02
3.229912199999999955e-02
3.484392520000000049e-02
3.426737090000000346e-02
3.458447449999999673e-02
3.411143640000000032e-02
3.410838509999999935e-02
3.393116110000000268e-02
3.393801529999999900e-02
3.349001950000000255e-02
3.402896589999999943e-02
3.531323050000000074e-02
3.243795840000000125e-02
3.417599999999999805e-02
3.352905929999999701e-02
3.421103529999999782e-02
3.446492629999999696e-02
3.425145479999999742e-02
3.396679679999999729e-02
3.430003830000000198e-02
3.411570390000000230e-02
3.380651540000000066e-02
3.339648810000000329e-02
3.488412379999999979e-02
3.483393969999999673e-02
3.444016980000000339e-02
3.294490320000000028e-02
3.584012500000000045e-02
3.536442129999999712e-02
3.368947130000000262e-02
3.487971909999999787e-02
3.385346100000000136e-02
3.322005139999999884e-02
3.487497099999999767e-02
3.460301550000000059e-02
3.461509470000000144e-02
3.394524370000000235e-02
3.651067790000000340e-02
3.554150760000000103e-02
3.441415140000000233e-02
3.394512389999999880e-02
3.382028709999999883e-02
3.481188190000000099e-02
3.483739219999999748e-02
3.312639309999999837e-02
3.408779790000000115e-02
3.546689659999999883e-02
3.565564350000000049e-02
3.462245509999999776e-02
3.469049770000000310e-02
3.538109729999999731e-02
3.345759809999999945e-02
3.661666899999999752e-02
3.401897699999999886e-02
3.560280760000000128e-02
3.528945709999999764e-02
3.579977780000000165e-02
3.407918819999999904e-02
3.637256999999999990e-02
3.469251169999999773e-02
3.552715649999999697e-02
3.388267360000000311e-02
3.430531180000000180e-02
3.538987519999999692e-02
3.677107670000000217e-02
3.604054329999999834e-02
3.518053720000000051e-02
3.541259669999999998e-02
3.641482649999999710e-02
3.633685980000000287e-02
3.625984480000000315e-02
3.470283229999999997e-02
3.559190909999999930e-02
3.495148289999999713e-02
3.602951850000000317e-02
3.557499079999999758e-02
3.561504940000000119e-02
3.704455830000000227e-02
3.570898410000000051e-02
3.653389159999999997e-02
3.575479349999999973e-02
3.568856439999999741e-02
3.681612630000000164e-02
3.787662029999999680e-02
3.697811200000000048e-02
3.539264169999999793e-02
3.783593610000000190e-02
3.563721269999999691e-02
3.583952869999999791e-02
3.572184710000000235e-02
3.705654950000000086e-02
3.519271179999999832e-02
3.655395840000000285e-02
3.788791500000000118e-02
3.749150999999999873e-02
3.796797830000000346e-02
3.687154200000000021e-02
3.576561710000000088e-02
3.625984480000000315e-02
3.587620610000000210e-02
3.588436019999999976e-02
3.508728419999999903e-02
3.744473250000000114e-02
3.678505730000000001e-02
3.581387870000000279e-02
3.786595009999999678e-02
3.793074760000000184e-02
3.829874109999999859e-02
3.721828809999999654e-02
3.613923480000000299e-02
3.624232039999999988e-02
3.813551309999999722e-02
3.385054920000000328e-02
3.652175459999999763e-02
3.627529200000000065e-02
3.653169519999999865e-02
3.639484949999999969e-02
3.668793039999999894e-02
3.750506599999999663e-02
3.577147779999999971e-02
3.628117339999999830e-02
3.643650200000000255e-02
3.600329139999999817e-02
3.813206959999999868e-02
3.741396990000000339e-02
3.673412659999999996e-02
3.751489880000000166e-02
3.722704140000000078e-02
3.751158260000000272e-02
3.698436900000000305e-02
3.733331620000000101e-02
3.766442980000000301e-02
3.569434180000000123e-02
3.782494220000000296e-02
3.600228369999999845e-02
3.877417009999999803e-02
3.549565830000000338e-02
3.583952869999999791e-02
3.786289050000000295e-02
3.660929949999999766e-02
3.588304230000000095e-02
3.612260419999999833e-02
3.943176009999999759e-02
3.938378480000000181e-02
3.694628280000000070e-02
3.817065979999999942e-02
3.830547659999999910e-02
3.755409369999999913e-02
3.603206009999999904e-02
3.648494750000000342e-02
3.752283979999999908e-02
3.898451230000000295e-02
3.913090030000000025e-02
3.793840190000000168e-02
3.759875309999999998e-02
3.725125459999999861e-02
3.866346689999999864e-02
3.960180340000000326e-02
3.513272220000000085e-02
3.696633469999999894e-02
3.832697410000000110e-02
3.753898380000000173e-02
3.884780609999999995e-02
3.757502220000000226e-02
3.698129449999999763e-02
3.766891440000000313e-02
3.843987520000000102e-02
3.852770800000000079e-02
3.857530249999999855e-02
3.724432169999999931e-02
3.831998660000000140e-02
3.840329809999999677e-02
3.820546369999999747e-02
3.702574940000000203e-02
3.917356880000000263e-02
3.797697779999999884e-02
3.909266019999999703e-02
3.707316549999999794e-02
3.764731570000000305e-02
3.783357319999999802e-02
3.995890960000000186e-02
3.661633739999999720e-02
3.825474789999999681e-02
3.965069360000000181e-02
3.834622900000000251e-02
3.855522229999999717e-02
3.833399619999999786e-02
3.888654539999999993e-02
4.132414489999999829e-02
4.107128370000000250e-02
3.903825019999999923e-02
3.677574380000000337e-02
3.997515199999999991e-02
3.695831559999999960e-02
4.116041439999999774e-02
3.845215329999999987e-02
3.735942020000000002e-02
3.952317520000000334e-02
3.826584940000000296e-02
3.823291429999999685e-02
3.880660910000000019e-02
3.937782430000000278e-02
3.871022489999999955e-02
3.804023220000000288e-02
3.739207330000000190e-02
3.992736060000000309e-02
3.854814520000000161e-02
3.797366349999999752e-02
4.092411110000000046e-02
3.891648810000000042e-02
3.975802319999999918e-02
3.841595739999999898e-02
4.141688939999999680e-02
4.241718559999999721e-02
3.974377240000000200e-02
3.869898060000000195e-02
4.012863869999999666e-02
4.090908129999999698e-02
4.124989049999999713e-02
3.946455990000000136e-02
3.896584799999999738e-02
3.920968279999999945e-02
4.212625999999999871e-02
4.040767259999999972e-02
4.048291860000000075e-02
4.001334389999999797e-02
4.091869740000000227e-02
3.938492440000000011e-02
4.151567889999999844e-02
4.094599250000000024e-02
4.136505389999999699e-02
3.790765089999999921e-02
3.974377240000000200e-02
4.105044299999999896e-02
4.030999529999999831e-02
3.944123299999999915e-02
4.236308710000000199e-02
4.144954349999999815e-02
4.055042300000000211e-02
3.906607770000000007e-02
4.163815609999999695e-02
4.117794319999999730e-02
4.036938310000000307e-02
4.028845019999999916e-02
4.076503520000000075e-02
4.000403029999999999e-02
4.170881409999999817e-02
4.051697790000000077e-02
4.228729350000000331e-02
4.028845019999999916e-02
4.035979029999999662e-02
4.016737940000000145e-02
4.055451160000000249e-02
4.313591590000000198e-02
3.978044339999999707e-02
4.069869059999999678e-02
4.095212460000000054e-02
4.061122539999999920e-02
3.952317520000000334e-02
4.275372909999999860e-02
4.075451699999999705e-02
4.042415060000000004e-02
4.247390899999999719e-02
4.134310709999999833e-02
4.212508549999999935e-02
4.288437729999999837e-02
4.172286339999999732e-02
4.038706420000000297e-02
4.130517789999999662e-02
4.175674620000000004e-02
4.107697920000000225e-02
4.065738180000000312e-02
4.124100130000000336e-02
4.205794739999999671e-02
4.169026659999999773e-02
4.099920299999999795e-02
4.138276569999999738e-02
4.002343810000000279e-02
4.218266080000000057e-02
4.325900440000000208e-02
4.158775440000000295e-02
4.110458250000000036e-02
4.177220470000000269e-02
4.102465980000000179e-02
4.197608209999999923e-02
4.160435900000000048e-02
4.153981839999999759e-02
3.970383899999999772e-02
4.273780499999999677e-02
4.204767429999999723e-02
4.304079119999999758e-02
4.482253890000000018e-02
3.989193290000000308e-02
4.068935280000000182e-02
4.259479409999999966e-02
4.172607240000000134e-02
4.330932170000000025e-02
4.305681310000000067e-02
4.218202740000000228e-02
4.101036539999999841e-02
4.285825339999999734e-02
4.115954899999999667e-02
4.203188470000000093e-02
4.355426119999999957e-02
4.178752179999999788e-02
4.030249030000000038e-02
4.088732800000000056e-02
4.330004560000000335e-02
4.300313439999999682e-02
4.505034410000000045e-02
4.272840580000000082e-02
4.161085240000000213e-02
4.261618839999999769e-02
4.231859880000000268e-02
4.405095509999999714e-02
4.362682930000000292e-02
4.283287870000000025e-02
4.409555429999999915e-02
4.247781230000000074e-02
4.529139139999999869e-02
4.326319719999999897e-02
4.332252920000000118e-02
4.318279509999999738e-02
4.388857460000000071e-02
4.476814929999999720e-02
4.279574619999999829e-02
4.055369350000000150e-02
4.442607450000000263e-02
4.011268070000000019e-02
4.450589209999999962e-02
4.488540109999999972e-02
4.287346100000000160e-02
4.453001079999999862e-02
4.392507340000000038e-02
4.310193489999999961e-02
4.158396219999999782e-02
4.511231269999999710e-02
4.505182709999999702e-02
4.361966490000000057e-02
4.258354599999999990e-02
4.296692819999999718e-02
4.178727649999999794e-02
4.593773909999999960e-02
4.360723360000000326e-02
4.388295629999999781e-02
4.517380099999999954e-02
4.546730859999999902e-02
4.346290960000000203e-02
4.286596820000000002e-02
4.236491270000000003e-02
4.199182180000000236e-02
4.427164310000000075e-02
4.340990289999999835e-02
4.359357960000000143e-02
4.333535670000000090e-02
4.426261210000000113e-02
4.450121259999999940e-02
4.187818089999999910e-02
4.251749540000000077e-02
4.542538809999999844e-02
4.266128439999999911e-02
4.245768319999999874e-02
4.441972830000000261e-02
4.281386699999999851e-02
4.732773299999999683e-02
4.240633030000000303e-02
4.479828749999999887e-02
4.431536249999999677e-02
4.312800490000000264e-02
4.422484499999999874e-02
4.502619680000000124e-02
4.451382749999999860e-02
4.299060839999999800e-02
4.535809860000000054e-02
4.427924579999999860e-02
4.585335360000000055e-02
4.433934099999999739e-02
4.465513380000000337e-02
4.565121049999999736e-02
4.136182940000000113e-02
4.408774580000000137e-02
4.502331400000000178e-02
4.545712279999999939e-02
4.855479699999999676e-02
4.614422730000000000e-02
4.587742899999999735e-02
4.485671869999999922e-02
4.283791420000000044e-02
4.493742430000000065e-02
4.498106930000000253e-02
4.468791760000000168e-02
4.501799459999999975e-02
4.679774280000000009e-02
4.506991629999999860e-02
4.801353240000000300e-02
4.293108269999999782e-02
4.645779790000000020e-02
4.405860290000000040e-02
4.601125269999999795e-02
4.587543869999999996e-02
4.681437039999999938e-02
4.765748100000000154e-02
4.470724150000000147e-02
4.567434289999999786e-02
4.846662060000000299e-02
4.619648910000000164e-02
4.889037630000000328e-02
4.639547249999999984e-02
4.690791619999999662e-02
4.817394869999999663e-02
4.526939249999999831e-02
4.941104959999999963e-02
4.558140320000000217e-02
4.403695009999999965e-02
4.701204750000000099e-02
4.672535430000000073e-02
4.593427819999999773e-02
4.699635979999999824e-02
4.549299619999999655e-02
4.824854719999999847e-02
4.484852069999999830e-02
4.908604130000000093e-02
4.705811339999999704e-02
4.612358829999999715e-02
4.743314960000000191e-02
4.583755879999999727e-02
4.811162580000000188e-02
4.722053119999999882e-02
4.392150849999999773e-02
4.769195479999999848e-02
4.692740139999999893e-02
4.890450090000000166e-02
4.669213230000000131e-02
4.699346489999999682e-02
4.864082249999999996e-02
4.726580539999999941e-02
4.622645920000000019e-02
4.590529659999999929e-02
4.750051050000000247e-02
4.399209459999999655e-02
4.829096919999999876e-02
4.690809819999999797e-02
4.825024640000000198e-02
4.896894100000000194e-02
4.678444899999999879e-02
4.851831489999999802e-02
4.936263049999999736e-02
4.568176549999999891e-02
4.637047689999999889e-02
5.040077550000000156e-02
4.825717389999999857e-02
4.779469199999999973e-02
4.923348859999999994e-02
4.737087849999999795e-02
4.764451480000000266e-02
4.576553869999999691e-02
4.561556189999999705e-02
4.844155569999999966e-02
4.779160450000000115e-02
5.003688280000000155e-02
4.722053119999999882e-02
4.869919889999999724e-02
4.518067950000000110e-02
4.809470899999999938e-02
5.149306590000000267e-02
5.080250079999999724e-02
4.909008950000000315e-02
5.262467950000000033e-02
4.373943260000000277e-02
4.909947719999999821e-02
4.901148190000000071e-02
5.105753870000000194e-02
4.874817929999999966e-02
4.791408490000000076e-02
4.495903009999999839e-02
4.993101440000000113e-02
4.807727769999999706e-02
4.834689529999999791e-02
4.994097220000000281e-02
4.895634580000000208e-02
4.795244769999999768e-02
4.737372129999999765e-02
4.997633729999999969e-02
4.969175299999999823e-02
4.751170839999999812e-02
4.810167309999999891e-02
5.036896629999999819e-02
4.966314449999999908e-02
4.928451710000000124e-02
5.191064630000000180e-02
4.794649239999999868e-02
5.080968820000000136e-02
4.903870619999999708e-02
4.835260870000000072e-02
5.054946309999999721e-02
5.191261669999999717e-02
4.770085999999999771e-02
4.633572629999999776e-02
5.151934829999999660e-02
5.017460339999999658e-02
4.970676839999999680e-02
4.918069650000000265e-02
4.936298649999999733e-02
4.816786829999999964e-02
4.906012340000000249e-02
5.161316900000000041e-02
5.054740299999999770e-02
5.138769470000000006e-02
5.157500479999999748e-02
5.242407860000000003e-02
4.812401399999999968e-02
4.881515549999999870e-02
4.965740939999999798e-02
5.120546439999999755e-02
4.942030879999999987e-02
4.881270010000000187e-02
5.082711570000000151e-02
4.732192179999999970e-02
4.841778919999999847e-02
5.153801920000000009e-02
4.884002600000000166e-02
5.192805200000000232e-02
5.247005820000000265e-02
5.203035889999999691e-02
5.253734510000000052e-02
4.923031640000000153e-02
5.274213059999999925e-02
5.103839410000000215e-02
5.089839480000000332e-02
4.950596699999999795e-02
5.097583349999999791e-02
5.216020760000000117e-02
5.131652579999999853e-02
5.441844249999999716e-02
5.272585280000000041e-02
5.418098059999999772e-02
4.843006290000000102e-02
4.958064000000000221e-02
5.189923519999999763e-02
5.044767339999999683e-02
4.924339739999999965e-02
5.350022489999999714e-02
4.929973609999999812e-02
5.313950199999999818e-02
5.424089559999999838e-02
5.262897949999999908e-02
5.336811229999999934e-02
5.415360400000000102e-02
5.258708680000000191e-02
5.034114449999999713e-02
5.112313360000000223e-02
5.401052619999999888e-02
5.188419930000000291e-02
5.008928440000000315e-02
5.089819660000000079e-02
5.112348280000000161e-02
5.099847209999999742e-02
5.108681290000000041e-02
5.285696799999999723e-02
5.085248879999999805e-02
5.255490040000000002e-02
5.190546759999999787e-02
5.089891140000000341e-02
5.321478820000000165e-02
5.336811229999999934e-02
5.139737610000000290e-02
4.855104300000000206e-02
5.255061639999999978e-02
5.105768690000000304e-02
5.033481649999999724e-02
5.465687570000000300e-02
5.340745429999999710e-02
5.241792759999999718e-02
5.321287599999999923e-02
5.502065240000000163e-02
5.108114059999999818e-02
5.316129659999999785e-02
5.171829540000000280e-02
5.175542889999999729e-02
5.303399760000000046e-02
5.252701769999999770e-02
5.288342509999999913e-02
5.237201040000000196e-02
5.236132899999999812e-02
4.911209460000000304e-02
5.388516880000000092e-02
5.122816820000000021e-02
5.149382839999999684e-02
4.868389869999999869e-02
5.377231400000000161e-02
5.075390660000000248e-02
5.793915890000000263e-02
5.496660560000000278e-02
5.440936279999999958e-02
5.147955330000000135e-02
5.349216870000000207e-02
5.202813579999999993e-02
5.095704630000000290e-02
5.250691309999999667e-02
5.490627170000000196e-02
5.178153459999999819e-02
5.139595930000000201e-02
5.417243189999999819e-02
5.580526990000000270e-02
5.393865319999999880e-02
5.298604450000000271e-02
5.111964439999999721e-02
4.845752679999999757e-02
5.375211729999999910e-02
5.517926349999999897e-02
5.641912620000000267e-02
5.693187839999999666e-02
5.304700930000000314e-02
5.323032119999999978e-02
5.608706659999999899e-02
5.287749690000000113e-02
5.633718229999999660e-02
5.335581100000000299e-02
5.483835780000000104e-02
5.514539029999999953e-02
5.062283320000000170e-02
5.310529669999999869e-02
5.486481569999999974e-02
5.318137910000000218e-02
5.406451279999999887e-02
5.193072239999999701e-02
5.220461319999999961e-02
5.577596960000000270e-02
6.064433670000000248e-02
5.654326600000000175e-02
5.091853550000000062e-02
5.721964739999999688e-02
5.412927249999999885e-02
5.860790739999999915e-02
5.518842229999999793e-02
5.697670130000000166e-02
5.482946369999999736e-02
5.546247120000000197e-02
5.634977520000000045e-02
5.391985440000000157e-02
5.488060379999999683e-02
5.174411970000000055e-02
5.741403380000000001e-02
5.581697969999999814e-02
5.569777740000000227e-02
5.474514419999999826e-02
5.468656260000000213e-02
5.802900750000000024e-02
5.505578009999999994e-02
5.313790840000000293e-02
5.458336679999999802e-02
5.453076879999999710e-02
5.303783000000000108e-02
5.591726489999999938e-02
5.693084920000000132e-02
5.602169950000000093e-02
5.955683070000000051e-02
5.616107120000000258e-02
5.658448729999999982e-02
5.552915490000000232e-02
5.556483570000000233e-02
5.767503389999999869e-02
5.424099660000000073e-02
5.602925470000000296e-02
5.911904810000000177e-02
5.789953929999999693e-02
5.804757449999999736e-02
5.679857459999999858e-02
6.160100179999999925e-02
5.979825820000000264e-02
5.753913950000000277e-02
5.432487700000000058e-02
5.744023790000000323e-02
5.303429560000000320e-02
5.339102119999999951e-02
5.833001549999999868e-02
5.547007760000000065e-02
5.747243099999999744e-02
5.946427480000000126e-02
5.237247009999999869e-02
5.648497040000000080e-02
5.742914439999999981e-02
5.585263969999999800e-02
5.585803620000000247e-02
5.960917439999999928e-02
5.680124190000000045e-02
5.578853460000000181e-02
5.624645920000000132e-02
5.730727430000000233e-02
5.827648769999999728e-02
5.583195009999999958e-02
6.033214519999999942e-02
5.606331009999999948e-02
5.587567229999999829e-02
5.928529600000000122e-02
5.654272879999999724e-02
5.377318119999999896e-02
5.500931910000000230e-02
5.689228000000000340e-02
5.781448720000000041e-02
5.862924760000000346e-02
5.562839070000000219e-02
5.705979679999999971e-02
5.407105940000000305e-02
5.775701589999999996e-02
5.603078449999999988e-02
5.811061909999999664e-02
5.562987369999999876e-02
5.903702699999999887e-02
5.983113949999999820e-02
5.660849409999999665e-02
5.711026679999999661e-02
5.867236879999999932e-02
6.006818640000000098e-02
6.126262059999999787e-02
5.783821039999999941e-02
6.143159749999999725e-02
5.719585110000000028e-02
6.014378110000000166e-02
5.991521369999999735e-02
5.897413349999999777e-02
5.874226469999999783e-02
6.208226940000000083e-02
5.695131330000000047e-02
6.034417250000000121e-02
6.010836070000000197e-02
6.355183300000000202e-02
5.939042230000000228e-02
5.651977479999999859e-02
5.892113069999999758e-02
6.041178070000000067e-02
5.860995659999999885e-02
6.357117180000000645e-02
6.299882869999999524e-02
6.150653989999999710e-02
6.202779209999999960e-02
5.766002750000000232e-02
6.081082620000000105e-02
6.014309179999999949e-02
6.311795319999999321e-02
5.758992069999999824e-02
6.156332750000000076e-02
5.851157459999999783e-02
5.995954120000000082e-02
5.808731920000000104e-02
5.998545500000000003e-02
5.755603160000000162e-02
6.225978559999999912e-02
6.434006239999999488e-02
6.208500010000000263e-02
6.044549810000000162e-02
5.903513889999999903e-02
5.947144909999999701e-02
6.133081640000000168e-02
5.837064559999999985e-02
5.905906889999999743e-02
6.784252759999999383e-02
5.738641839999999994e-02
6.022368460000000062e-02
5.997457309999999764e-02
5.816729040000000184e-02
5.962079640000000208e-02
6.421314599999999873e-02
5.939838149999999983e-02
6.146733430000000248e-02
6.239875119999999803e-02
6.499057939999999811e-02
6.133246929999999764e-02
5.985982360000000058e-02
6.207371910000000076e-02
5.787173460000000214e-02
6.187827060000000018e-02
6.401483580000000284e-02
6.391354489999999389e-02
5.608323209999999809e-02
5.971150060000000176e-02
5.885951450000000140e-02
6.259122879999999556e-02
6.466599789999999404e-02
6.498225000000000529e-02
5.962757700000000105e-02
6.013144380000000344e-02
6.554521150000000573e-02
6.445210070000000069e-02
6.257472610000000546e-02
6.025021080000000223e-02
6.280609680000000250e-02
6.418895850000000403e-02
6.455924509999999561e-02
6.657845589999999980e-02
6.388370340000000536e-02
6.581938630000000456e-02
6.295377959999999551e-02
5.847401359999999937e-02
6.263096320000000050e-02
5.811221980000000342e-02
6.024545039999999740e-02
6.269375609999999766e-02
6.391185000000000616e-02
6.437017520000000437e-02
6.000275830000000032e-02
6.103221260000000342e-02
6.028473000000000165e-02
7.795173860000000066e-02
6.625720209999999555e-02
6.636303940000000401e-02
6.588405599999999640e-02
6.178326960000000284e-02
6.567676399999999859e-02
6.403607949999999549e-02
6.655334300000000092e-02
6.336555509999999836e-02
6.032733180000000167e-02
6.379449140000000018e-02
6.450962799999999941e-02
6.159562600000000054e-02
6.547505189999999753e-02
6.843234500000000553e-02
6.042713780000000257e-02
6.586859679999999828e-02
6.201349490000000048e-02
6.620514569999999543e-02
5.920964179999999716e-02
6.159282919999999745e-02
6.442630940000000639e-02
6.174181720000000012e-02
6.537779189999999574e-02
6.508549199999999479e-02
6.127618430000000144e-02
6.614043099999999953e-02
6.045206000000000190e-02
5.820058720000000074e-02
6.552226610000000395e-02
5.997166710000000067e-02
6.696231689999999903e-02
6.695748099999999925e-02
6.768710760000000437e-02
7.113203399999999677e-02
6.447295009999999549e-02
6.776522540000000372e-02
7.036152240000000113e-02
6.348787629999999571e-02
5.952762839999999750e-02
6.948755280000000478e-02
6.404052509999999532e-02
6.214346999999999926e-02
6.859536539999999682e-02
7.034158790000000216e-02
6.321941479999999836e-02
6.041524040000000040e-02
6.818934579999999523e-02
7.051306829999999526e-02
6.445481409999999356e-02
6.767536629999999775e-02
6.789619789999999655e-02
6.607240570000000313e-02
6.931947210000000137e-02
6.484076330000000665e-02
6.471971990000000008e-02
6.797848720000000677e-02
6.538811880000000576e-02
6.449255090000000079e-02
7.013196219999999481e-02
7.010471729999999402e-02
6.675095320000000443e-02
6.215978850000000028e-02
6.105904899999999719e-02
6.554006210000000443e-02
6.333403449999999713e-02
6.814136599999999488e-02
7.052318200000000370e-02
7.045817379999999575e-02
6.724826259999999722e-02
6.650977410000000201e-02
6.116252960000000127e-02
6.584220300000000192e-02
7.437543820000000472e-02
6.320498569999999372e-02
7.454546369999999478e-02
6.980232259999999411e-02
6.164003070000000084e-02
6.813391639999999416e-02
6.870967890000000133e-02
7.271119260000000195e-02
7.370349780000000350e-02
6.602437290000000292e-02
6.876295509999999500e-02
6.331694549999999921e-02
6.946592470000000075e-02
6.526074380000000674e-02
6.364649479999999471e-02
6.825109949999999537e-02
6.814397680000000568e-02
7.208985419999999755e-02
7.093027820000000205e-02
7.186123690000000008e-02
7.451654500000000347e-02
6.944932189999999950e-02
7.091133750000000457e-02
7.002594920000000667e-02
6.612760700000000491e-02
6.029690630000000134e-02
7.266579039999999934e-02
6.851893439999999502e-02
6.720703749999999699e-02
6.561186569999999385e-02
6.615873020000000160e-02
6.802011089999999982e-02
6.938505289999999381e-02
6.783064310000000430e-02
6.860870880000000116e-02
6.834976269999999687e-02
7.029071970000000391e-02
6.407900229999999309e-02
7.409408130000000314e-02
6.446320029999999535e-02
6.459632020000000141e-02
7.029436590000000262e-02
7.325486729999999835e-02
7.339243230000000451e-02
7.069032969999999860e-02
6.495790610000000409e-02
7.509696879999999686e-02
6.633334790000000591e-02
7.012165519999999375e-02
6.893162299999999743e-02
7.125417859999999548e-02
6.872292550000000388e-02
6.587212520000000626e-02
6.860104840000000315e-02
7.051661069999999587e-02
6.641504210000000186e-02
6.819358309999999646e-02
7.262006699999999648e-02
6.573988120000000268e-02
6.643510589999999938e-02
6.697463389999999683e-02
7.923712519999999426e-02
7.166813419999999712e-02
7.509530550000000082e-02
7.289286350000000192e-02
7.519156890000000537e-02
6.928185250000000461e-02
6.927689089999999883e-02
6.687780420000000170e-02
7.221709460000000358e-02
7.076933420000000585e-02
7.125130779999999664e-02
7.063896240000000493e-02
7.296079040000000293e-02
7.314252720000000152e-02
7.630449929999999492e-02
7.162419629999999815e-02
6.858218369999999342e-02
6.954015750000000495e-02
6.877254759999999745e-02
7.169193910000000447e-02
7.496518180000000253e-02
7.306744299999999581e-02
8.149585430000000352e-02
7.729172060000000233e-02
7.635465369999999696e-02
7.105299199999999538e-02
6.453208489999999464e-02
7.132657309999999862e-02
7.339079260000000438e-02
6.654294049999999461e-02
6.854353119999999355e-02
6.973857170000000161e-02
7.747878689999999902e-02
7.400157209999999597e-02
7.359252569999999438e-02
6.583180639999999806e-02
7.162849320000000408e-02
7.302208440000000633e-02
7.739213070000000583e-02
7.358669010000000454e-02
7.229889700000000086e-02
7.063886739999999942e-02
7.087777339999999648e-02
7.309921029999999487e-02
7.334915840000000298e-02
8.091137169999999823e-02
7.557536630000000200e-02
7.171611340000000334e-02
7.670136230000000610e-02
7.530650349999999660e-02
7.342333950000000387e-02
7.600347300000000195e-02
7.160280789999999562e-02
7.281628680000000464e-02
7.882559159999999454e-02
7.192124229999999341e-02
7.834311780000000058e-02
7.381681680000000412e-02
7.911522059999999412e-02
8.164677739999999517e-02
7.767563369999999634e-02
7.734435959999999555e-02
7.465756510000000346e-02
7.462990110000000676e-02
7.177468160000000097e-02
7.395306059999999515e-02
8.351316920000000088e-02
8.106453369999999659e-02
7.514083639999999398e-02
7.906703499999999385e-02
7.874642830000000426e-02
7.529780410000000423e-02
7.783314199999999405e-02
8.105901980000000673e-02
7.060597230000000002e-02
7.335706879999999430e-02
7.860322729999999480e-02
7.084911060000000094e-02
7.120745459999999749e-02
8.186767080000000030e-02
7.076933420000000585e-02
8.025635230000000009e-02
7.495233689999999949e-02
7.544503180000000642e-02
7.727143790000000345e-02
7.966862239999999984e-02
8.183714740000000432e-02
7.370196340000000068e-02
7.318754249999999406e-02
7.055140910000000376e-02
7.551621279999999603e-02
7.433053420000000633e-02
8.247049019999999619e-02
7.689747369999999638e-02
7.849704159999999764e-02
7.693479500000000026e-02
7.787129190000000034e-02
7.792670479999999622e-02
8.332089950000000356e-02
8.218009869999999550e-02
7.459747310000000575e-02
8.184655709999999473e-02
7.467113599999999907e-02
7.633477530000000455e-02
7.916534420000000127e-02
7.766765000000000474e-02
7.856091140000000250e-02
7.739171649999999902e-02
7.172292569999999534e-02
7.921656850000000083e-02
8.878408140000000615e-02
7.300738419999999729e-02
8.974593409999999383e-02
8.309078220000000459e-02
8.263753999999999544e-02
7.727106370000000335e-02
7.456291040000000148e-02
8.763788159999999494e-02
7.704728369999999660e-02
7.480762209999999857e-02
8.173851170000000221e-02
7.460788729999999480e-02
7.328069130000000597e-02
7.428693960000000429e-02
7.807981229999999551e-02
7.335028679999999746e-02
7.552849000000000368e-02
7.749695019999999768e-02
8.670293129999999404e-02
7.182452509999999457e-02
7.932626069999999807e-02
7.669775569999999487e-02
7.729110029999999854e-02
8.639328409999999514e-02
8.201827200000000317e-02
9.048819750000000606e-02
8.641197339999999449e-02
8.751788970000000389e-02
9.077990369999999754e-02
8.304898600000000519e-02
7.723358780000000312e-02
8.095986809999999867e-02
7.958006350000000617e-02
7.628618730000000236e-02
7.765077830000000070e-02
7.938362579999999613e-02
8.052695349999999808e-02
8.057012380000000418e-02
7.363277079999999697e-02
8.638397339999999425e-02
7.972639169999999609e-02
7.910966090000000339e-02
8.345196809999999576e-02
7.556647680000000422e-02
8.853130530000000165e-02
8.707608220000000177e-02
8.640866040000000359e-02
8.224282260000000122e-02
8.452998870000000275e-02
8.270620979999999955e-02
8.412672710000000664e-02
8.216063120000000053e-02
7.891261609999999926e-02
7.931418199999999696e-02
8.346361959999999691e-02
8.742497609999999586e-02
8.003018480000000101e-02
8.467134140000000253e-02
8.050993469999999375e-02
7.641111379999999953e-02
9.039652959999999737e-02
8.491603600000000029e-02
8.323705920000000480e-02
8.903392159999999611e-02
7.691698930000000212e-02
8.671139699999999562e-02
8.330787080000000289e-02
7.709150230000000326e-02
7.798886750000000312e-02
8.834679609999999961e-02
7.918747130000000634e-02
8.049817260000000085e-02
8.050537680000000029e-02
7.922306669999999718e-02
8.708820479999999919e-02
8.146323419999999815e-02
8.041547400000000068e-02
9.113578179999999584e-02
8.643512420000000473e-02
8.463071329999999337e-02
8.482741459999999789e-02
8.244036170000000607e-02
8.974063520000000183e-02
8.692748940000000202e-02
7.517645139999999671e-02
7.922786689999999910e-02
9.129161619999999477e-02
8.685987030000000275e-02
8.703459889999999588e-02
8.235435250000000540e-02
8.226201040000000186e-02
8.987569859999999800e-02
8.888408150000000341e-02
8.673186119999999610e-02
8.789625700000000541e-02
9.125978549999999578e-02
8.201977189999999640e-02
9.091088260000000643e-02
9.130873239999999502e-02
9.212783750000000382e-02
8.669783509999999527e-02
8.477295009999999409e-02
9.218975990000000120e-02
9.210029869999999952e-02
9.043336929999999663e-02
8.536275179999999740e-02
8.980671349999999609e-02
8.384849249999999643e-02
8.739431879999999542e-02
8.662172170000000115e-02
8.177129480000000505e-02
8.678522340000000002e-02
8.680841079999999932e-02
8.542747570000000512e-02
8.815079609999999788e-02
9.321777840000000648e-02
8.736110079999999389e-02
8.550996199999999492e-02
8.736063260000000164e-02
8.700766679999999420e-02
9.054230109999999998e-02
8.776466480000000292e-02
8.800350490000000137e-02
9.331124979999999569e-02
8.750374769999999525e-02
8.049046710000000437e-02
8.119275530000000241e-02
8.760124340000000065e-02
8.736110079999999389e-02
9.373379739999999904e-02
7.886179590000000350e-02
8.785879589999999462e-02
8.614086769999999837e-02
8.788999520000000121e-02
8.389727249999999470e-02
1.042953739999999963e-01
8.912334689999999726e-02
8.245548699999999398e-02
8.791299499999999378e-02
8.400004160000000553e-02
8.831932189999999738e-02
9.592089850000000417e-02
8.719479110000000199e-02
9.307045510000000466e-02
8.612312330000000682e-02
8.716490960000000676e-02
9.632257680000000377e-02
8.237355429999999867e-02
8.975694080000000408e-02
8.726873350000000085e-02
8.782021750000000571e-02
9.046538540000000073e-02
8.603463290000000485e-02
9.238919199999999499e-02
8.528864519999999894e-02
9.174513300000000648e-02
7.929788679999999479e-02
8.764853300000000069e-02
8.626055950000000028e-02
9.405885469999999970e-02
8.375119270000000449e-02
8.864200910000000211e-02
9.530807080000000542e-02
8.788166910000000387e-02
9.074714559999999541e-02
8.642587929999999419e-02
9.212369669999999344e-02
9.198798010000000525e-02
9.358993300000000015e-02
9.783773849999999328e-02
8.658223850000000554e-02
1.051714029999999966e-01
8.864781319999999465e-02
9.336444550000000397e-02
8.240641390000000288e-02
9.033547790000000244e-02
8.504252029999999352e-02
1.012026250000000044e-01
8.679375509999999461e-02
9.280870580000000203e-02
8.685100819999999611e-02
9.067294900000000268e-02
8.899506340000000459e-02
8.858324789999999505e-02
8.276497859999999707e-02
9.227526229999999385e-02
8.338422069999999742e-02
1.019390079999999976e-01
1.012647670000000055e-01
8.505522919999999876e-02
9.124300520000000470e-02
8.845529609999999709e-02
8.367746119999999732e-02
9.699432830000000172e-02
9.053588969999999680e-02
8.060055480000000161e-02
9.079288550000000346e-02
9.624359690000000578e-02
9.310202750000000360e-02
9.129509710000000000e-02
8.779320129999999833e-02
9.366839579999999832e-02
8.813304369999999666e-02
9.535458269999999570e-02
8.973379350000000587e-02
9.545778450000000359e-02
9.415679479999999879e-02
1.085496450000000002e-01
9.203682450000000292e-02
9.865399480000000554e-02
9.038923510000000661e-02
9.054701240000000151e-02
1.017613109999999932e-01
1.001957130000000057e-01
9.390507110000000102e-02
9.021390420000000021e-02
9.747532120000000633e-02
1.025043209999999955e-01
8.787700469999999708e-02
1.021172620000000003e-01
8.962572850000000146e-02
9.988339949999999745e-02
8.984471180000000445e-02
9.406749139999999454e-02
1.030101590000000039e-01
9.648478209999999944e-02
9.201967369999999868e-02
8.678631920000000333e-02
9.190663529999999748e-02
8.656140069999999909e-02
8.777697660000000068e-02
1.105622950000000049e-01
9.601652930000000030e-02
9.957464450000000356e-02
9.343507780000000207e-02
1.031044879999999941e-01
8.672763329999999549e-02
8.850275900000000029e-02
9.541459450000000508e-02
9.961415260000000549e-02
1.124574569999999968e-01
1.013599580000000000e-01
9.145547769999999577e-02
9.516688310000000206e-02
8.532328860000000514e-02
1.075145150000000049e-01
8.682331670000000001e-02
9.591446759999999738e-02
9.299314849999999744e-02
9.921172320000000433e-02
9.596044119999999622e-02
9.764154390000000239e-02
1.160747319999999999e-01
9.459473720000000085e-02
9.335052339999999615e-02
9.206995610000000274e-02
1.059552710000000036e-01
8.952122290000000260e-02
8.721604219999999630e-02
1.063301779999999974e-01
8.324054679999999540e-02
1.017009110000000049e-01
1.070441850000000000e-01
1.124695319999999971e-01
8.482411189999999879e-02
1.106474439999999976e-01
9.795152890000000112e-02
9.679055649999999955e-02
9.849468050000000086e-02
1.032842389999999999e-01
9.968739710000000531e-02
1.071529080000000050e-01
1.031472269999999941e-01
9.840872250000000376e-02
1.005091979999999940e-01
1.027410789999999990e-01
9.657348659999999418e-02
9.312646260000000120e-02
8.357912730000000012e-02
1.057743750000000038e-01
1.085922019999999988e-01
1.056248699999999957e-01
1.012515060000000050e-01
1.022233609999999987e-01
1.225574599999999931e-01
9.107243519999999593e-02
1.023167849999999934e-01
9.422839040000000055e-02
1.002867649999999999e-01
9.177119899999999775e-02
1.089971770000000006e-01
9.554535740000000277e-02
9.910167579999999699e-02
1.129429700000000036e-01
8.825595390000000318e-02
1.081342879999999951e-01
1.389855130000000050e-01
1.119166679999999969e-01
1.003285770000000021e-01
8.598925200000000213e-02
1.063864580000000032e-01
1.052420889999999970e-01
1.116502649999999985e-01
1.045108819999999994e-01
9.875149169999999921e-02
9.455695320000000181e-02
1.198293940000000057e-01
1.043772570000000011e-01
1.028359249999999947e-01
