2.310913649999999930e-01
2.124699210000000060e-01
2.209741470000000096e-01
2.218935939999999996e-01
2.144502399999999864e-01
2.025447190000000119e-01
1.859077959999999863e-01
1.725189390000000100e-01
1.699999719999999992e-01
1.777982260000000037e-01
1.662321089999999890e-01
1.526150699999999916e-01
1.593506189999999989e-01
1.397700610000000010e-01
1.585031749999999962e-01
1.371849179999999890e-01
1.438433970000000117e-01
1.379377989999999998e-01
1.355321260000000028e-01
1.307691930000000058e-01
1.396233139999999984e-01
1.351954340000000032e-01
1.359319390000000016e-01
1.343535780000000013e-01
1.404826339999999951e-01
1.423758420000000025e-01
1.382963510000000118e-01
1.539797340000000070e-01
1.484165490000000087e-01
1.425625530000000085e-01
1.515599489999999994e-01
1.524212060000000035e-01
1.470041129999999918e-01
1.368717249999999996e-01
1.474663320000000055e-01
1.134128870000000039e-01
1.326580940000000042e-01
1.426254509999999864e-01
1.408953370000000094e-01
1.525682660000000079e-01
1.563973720000000067e-01
1.590821590000000008e-01
1.521405879999999933e-01
1.281743350000000004e-01
1.428443789999999936e-01
1.590821590000000008e-01
1.441708359999999967e-01
1.427862350000000113e-01
1.360294069999999911e-01
1.409021619999999975e-01
1.268500830000000024e-01
1.465268429999999900e-01
1.260835230000000029e-01
1.406791059999999982e-01
1.344099790000000127e-01
1.352913380000000110e-01
1.257414370000000114e-01
1.246538090000000043e-01
1.304970530000000017e-01
1.301227510000000087e-01
1.339442730000000026e-01
1.298043730000000007e-01
1.436809599999999965e-01
1.192813139999999994e-01
1.424653830000000010e-01
1.217385160000000049e-01
1.322903039999999975e-01
1.289070549999999926e-01
1.254369019999999890e-01
1.278057989999999977e-01
1.376933160000000100e-01
1.310630740000000016e-01
1.342425790000000008e-01
1.422523559999999965e-01
1.285212040000000000e-01
1.456618909999999878e-01
1.297442470000000070e-01
1.355488900000000052e-01
1.293009069999999927e-01
1.270341279999999962e-01
1.362914440000000116e-01
1.390976009999999874e-01
1.347798259999999915e-01
1.318644429999999979e-01
1.138838900000000015e-01
1.385212839999999945e-01
1.237012370000000056e-01
1.319117250000000074e-01
1.393515320000000002e-01
1.372486049999999957e-01
1.281367389999999995e-01
1.391653720000000094e-01
1.351444569999999956e-01
1.359502820000000056e-01
1.292164769999999963e-01
1.316402110000000070e-01
1.239979709999999985e-01
1.405388120000000129e-01
1.251307869999999933e-01
1.360176060000000131e-01
1.302665169999999983e-01
1.388384549999999995e-01
1.274987310000000040e-01
1.266143620000000081e-01
1.331844929999999871e-01
1.462823450000000081e-01
1.281774039999999948e-01
1.392898860000000016e-01
1.266044229999999937e-01
1.210667420000000050e-01
1.379414049999999892e-01
1.413839159999999984e-01
1.403191239999999895e-01
1.144814569999999948e-01
1.265900879999999895e-01
1.362693160000000014e-01
1.165133339999999962e-01
1.191901560000000054e-01
1.291808190000000023e-01
1.274022910000000008e-01
1.380571419999999938e-01
1.225669380000000003e-01
1.325687170000000026e-01
1.310631190000000057e-01
1.209404389999999968e-01
1.320882290000000014e-01
1.241664809999999952e-01
1.298888179999999892e-01
1.264318819999999954e-01
1.277728830000000038e-01
1.312659529999999908e-01
1.374298479999999933e-01
1.239862219999999932e-01
1.410922860000000112e-01
1.240968779999999938e-01
1.186400279999999946e-01
1.395158320000000063e-01
1.301998500000000059e-01
1.273789260000000034e-01
1.265186219999999973e-01
1.148240189999999994e-01
1.273966729999999881e-01
1.301707029999999987e-01
1.359437559999999989e-01
1.289405670000000059e-01
1.288532020000000000e-01
1.322597560000000061e-01
1.309409890000000076e-01
1.287191960000000079e-01
1.245460879999999992e-01
1.224441599999999963e-01
1.347406359999999970e-01
1.323182579999999942e-01
1.338546429999999954e-01
1.250324250000000026e-01
1.424992380000000003e-01
1.266889569999999909e-01
1.185675709999999966e-01
1.269937750000000032e-01
1.358774010000000088e-01
1.251495479999999993e-01
1.218314840000000038e-01
1.108133790000000035e-01
1.179179550000000049e-01
1.100850109999999965e-01
1.352675710000000031e-01
1.226825339999999959e-01
1.208062319999999995e-01
1.284050350000000007e-01
1.076745610000000020e-01
1.288177669999999997e-01
1.222750690000000001e-01
1.349689809999999879e-01
1.371781230000000129e-01
1.298613700000000037e-01
1.382191779999999981e-01
1.099237200000000025e-01
1.202909719999999960e-01
1.348415609999999987e-01
1.300627739999999921e-01
1.243978220000000051e-01
1.002134310000000056e-01
1.234713790000000061e-01
1.301808210000000021e-01
1.106331869999999939e-01
1.172379479999999946e-01
1.283010240000000135e-01
1.308778080000000121e-01
1.179091709999999932e-01
1.131505369999999955e-01
1.335011419999999893e-01
1.158425659999999940e-01
1.317919939999999956e-01
1.166926100000000022e-01
1.184280659999999985e-01
1.173924360000000028e-01
1.225415170000000026e-01
1.140242139999999987e-01
1.239216249999999936e-01
1.296941789999999928e-01
1.375703219999999949e-01
1.174023450000000052e-01
1.271687599999999918e-01
1.215872020000000053e-01
1.061355989999999971e-01
1.247624160000000010e-01
1.200857240000000048e-01
1.169807610000000025e-01
1.324178279999999874e-01
1.169754709999999975e-01
1.261105090000000095e-01
9.780652080000000470e-02
1.117282960000000047e-01
1.333317609999999931e-01
1.027490120000000007e-01
1.228865910000000033e-01
1.366319950000000061e-01
1.087847430000000032e-01
1.292421219999999871e-01
1.224103119999999933e-01
1.283193679999999892e-01
1.297072170000000135e-01
1.351030470000000039e-01
1.335425080000000042e-01
1.191483140000000052e-01
1.256257440000000114e-01
1.206770840000000039e-01
1.097373660000000029e-01
1.082576440000000001e-01
1.116337929999999951e-01
1.219928410000000046e-01
1.086531280000000016e-01
1.194744479999999970e-01
1.005845519999999937e-01
1.426279840000000132e-01
9.850413349999999346e-02
1.141148059999999992e-01
1.265839189999999892e-01
1.190615069999999970e-01
1.134734820000000005e-01
1.168363840000000015e-01
1.205397770000000007e-01
1.330203409999999864e-01
1.063505859999999970e-01
1.136771659999999962e-01
1.109835799999999983e-01
1.307858080000000034e-01
1.193021979999999982e-01
1.189986390000000033e-01
1.168032809999999949e-01
1.131743419999999972e-01
1.218793019999999949e-01
1.097787920000000000e-01
1.231514360000000030e-01
1.108695789999999959e-01
1.186702399999999963e-01
1.262031939999999908e-01
9.604050960000000414e-02
1.109310689999999933e-01
1.021646709999999986e-01
1.065419910000000026e-01
1.190407950000000048e-01
1.186725869999999960e-01
1.035327090000000005e-01
1.090429049999999955e-01
1.184937209999999963e-01
1.181331500000000062e-01
1.075379850000000026e-01
1.205345240000000040e-01
1.285111760000000047e-01
1.104404850000000049e-01
1.100033519999999987e-01
1.109185959999999943e-01
1.196578819999999932e-01
1.197098870000000009e-01
1.208816689999999971e-01
1.233748270000000063e-01
1.120767970000000058e-01
1.129365940000000013e-01
1.117962230000000001e-01
1.201687830000000012e-01
1.162455899999999959e-01
1.237577130000000053e-01
1.343528029999999929e-01
1.160006670000000017e-01
1.282834260000000060e-01
1.399926099999999896e-01
1.140581150000000016e-01
1.200068670000000032e-01
1.214062050000000031e-01
1.159636450000000041e-01
1.116683259999999983e-01
1.284060180000000106e-01
1.166128889999999974e-01
1.103051530000000030e-01
1.355695279999999947e-01
1.218982559999999965e-01
1.031117359999999955e-01
9.767809510000000084e-02
1.252760139999999911e-01
1.241483609999999987e-01
1.136855860000000051e-01
1.158753109999999947e-01
1.029090730000000037e-01
1.228563639999999957e-01
1.185803490000000016e-01
1.113836690000000046e-01
9.764073040000000037e-02
1.288018969999999985e-01
1.352977900000000011e-01
1.238442440000000061e-01
1.130309919999999968e-01
1.111446620000000052e-01
1.277226210000000084e-01
1.103932190000000008e-01
1.081709790000000004e-01
1.310916239999999899e-01
1.075788359999999971e-01
1.189138670000000064e-01
1.211050449999999945e-01
1.183385400000000059e-01
1.253943740000000029e-01
1.313629900000000128e-01
1.074975729999999990e-01
1.158622210000000013e-01
1.080824509999999961e-01
1.148630600000000029e-01
1.098379869999999980e-01
1.264368300000000001e-01
1.157248540000000020e-01
1.119017080000000025e-01
1.157373859999999977e-01
1.116895450000000012e-01
9.692227840000000594e-02
1.234829050000000039e-01
1.081685720000000045e-01
1.144840200000000058e-01
9.807854890000000658e-02
1.299435790000000035e-01
1.198838430000000038e-01
1.055798230000000032e-01
1.128764669999999942e-01
1.023848799999999976e-01
1.208101290000000022e-01
1.059163959999999960e-01
1.147170220000000018e-01
1.096010429999999952e-01
1.034668529999999975e-01
1.076217520000000011e-01
1.256660520000000003e-01
1.163232849999999985e-01
1.032787339999999970e-01
1.172955329999999935e-01
1.081636180000000030e-01
1.045967409999999931e-01
1.035815630000000015e-01
1.225862129999999994e-01
1.038155560000000033e-01
1.189111169999999967e-01
1.069754660000000052e-01
1.241685079999999969e-01
1.225187999999999972e-01
1.048745289999999941e-01
1.000501139999999956e-01
1.128685700000000014e-01
1.290412989999999982e-01
1.197579349999999959e-01
1.130066509999999996e-01
1.115414349999999943e-01
1.259386090000000069e-01
1.153458650000000058e-01
1.107151209999999997e-01
1.058740320000000068e-01
1.215175240000000018e-01
1.282532809999999968e-01
1.102434399999999981e-01
1.122460289999999972e-01
1.014805510000000022e-01
1.049328820000000051e-01
1.148774850000000014e-01
1.188927669999999964e-01
1.117116290000000067e-01
1.137328819999999935e-01
1.112081040000000021e-01
1.056439730000000021e-01
1.099869160000000040e-01
1.119620499999999935e-01
1.185510230000000054e-01
1.126484569999999935e-01
9.017010030000000009e-02
1.125182509999999997e-01
1.267668899999999932e-01
1.063382400000000005e-01
1.061136649999999959e-01
9.787314390000000086e-02
1.203772050000000010e-01
1.230415329999999946e-01
1.136649849999999962e-01
1.115817729999999952e-01
9.682488440000000529e-02
1.031554189999999982e-01
1.237229329999999933e-01
1.120199340000000016e-01
1.012794820000000040e-01
1.012620260000000050e-01
1.063918989999999981e-01
1.123746189999999950e-01
1.085691450000000058e-01
1.235809249999999943e-01
1.051531289999999980e-01
1.192867459999999991e-01
1.055592669999999983e-01
1.241646260000000002e-01
1.048457770000000011e-01
1.180019679999999987e-01
1.132847820000000005e-01
9.633333980000000074e-02
1.210959929999999990e-01
1.117554610000000004e-01
1.037331519999999951e-01
1.036952210000000041e-01
1.192946210000000035e-01
9.770041699999999774e-02
1.274035420000000085e-01
1.068221550000000020e-01
1.077723879999999967e-01
9.983182699999999798e-02
1.202881709999999993e-01
1.200370189999999948e-01
1.087903010000000059e-01
1.177236509999999986e-01
9.489934889999999956e-02
1.203823390000000049e-01
9.893892710000000423e-02
1.140296459999999984e-01
7.949209960000000463e-02
1.019454449999999956e-01
1.116846430000000001e-01
1.037060169999999976e-01
1.070042330000000042e-01
1.029253299999999954e-01
1.145418210000000020e-01
8.913882820000000595e-02
1.200411170000000027e-01
1.037714629999999943e-01
9.163562209999999431e-02
9.544901549999999790e-02
1.314072759999999895e-01
1.025068390000000024e-01
1.053046579999999954e-01
1.218789819999999968e-01
1.105629729999999949e-01
1.170015110000000025e-01
1.173916380000000065e-01
1.024215299999999967e-01
1.088384460000000054e-01
1.108006980000000030e-01
1.163405029999999979e-01
1.040392440000000029e-01
1.076754480000000069e-01
1.064216719999999949e-01
9.503221509999999761e-02
1.051135289999999972e-01
9.989704189999999706e-02
1.075929550000000040e-01
1.014221309999999987e-01
1.114441679999999962e-01
1.113575470000000012e-01
1.103339420000000043e-01
1.113514379999999970e-01
1.189168689999999945e-01
1.059956920000000025e-01
1.199586760000000002e-01
1.062756400000000045e-01
1.166838999999999932e-01
9.920279680000000655e-02
9.530081599999999653e-02
8.771297340000000498e-02
1.162618470000000015e-01
1.053448169999999934e-01
1.147861929999999947e-01
9.719651190000000440e-02
1.059727820000000015e-01
1.015760599999999958e-01
9.892416749999999315e-02
1.076501980000000025e-01
9.539952869999999974e-02
1.225153429999999988e-01
1.124356019999999956e-01
1.270790250000000121e-01
1.015226389999999979e-01
8.065073189999999448e-02
1.071246119999999941e-01
1.037999470000000035e-01
1.106655369999999944e-01
1.135153619999999947e-01
9.711502489999999932e-02
8.499748259999999334e-02
9.980780629999999598e-02
1.124597420000000014e-01
9.825650599999999346e-02
9.719840439999999360e-02
1.118974020000000069e-01
9.396488220000000224e-02
1.011109280000000027e-01
9.717620159999999785e-02
1.146669020000000011e-01
1.006826390000000043e-01
1.130828710000000015e-01
1.137111559999999938e-01
1.056068170000000056e-01
1.225937309999999975e-01
1.084675340000000043e-01
1.020524500000000029e-01
1.076831369999999982e-01
1.046273340000000024e-01
9.308529649999999767e-02
1.043388469999999985e-01
9.683855619999999498e-02
1.128401529999999986e-01
9.591963890000000659e-02
1.182731909999999997e-01
1.151347380000000004e-01
9.466213730000000437e-02
1.049275769999999941e-01
9.080246840000000264e-02
1.000818910000000062e-01
1.132893640000000035e-01
9.281235190000000634e-02
1.068033800000000033e-01
1.013765340000000043e-01
1.031561490000000025e-01
8.760358390000000384e-02
8.023085450000000396e-02
1.134638790000000036e-01
1.100454260000000017e-01
8.493866769999999788e-02
1.184758469999999952e-01
1.097374190000000027e-01
1.021127099999999954e-01
8.844266089999999747e-02
9.369262309999999705e-02
1.200600639999999941e-01
1.092991529999999961e-01
9.863979370000000579e-02
8.507377650000000346e-02
1.072019639999999968e-01
1.141674820000000007e-01
9.971305730000000478e-02
1.090988289999999944e-01
9.724821899999999686e-02
9.639817479999999994e-02
1.178087589999999990e-01
1.175773960000000007e-01
1.092359720000000006e-01
1.083987730000000038e-01
1.039926709999999949e-01
1.080260200000000004e-01
9.207803759999999560e-02
9.526960550000000694e-02
1.140859649999999975e-01
8.682813500000000073e-02
9.786540270000000652e-02
8.699823169999999772e-02
1.037109489999999967e-01
1.069374760000000035e-01
1.166626590000000019e-01
1.099368480000000037e-01
8.926703780000000421e-02
1.030839759999999938e-01
1.048043300000000011e-01
1.194496149999999951e-01
1.042317299999999947e-01
8.861864360000000496e-02
9.685306250000000339e-02
9.366052599999999395e-02
8.856198190000000303e-02
8.136968310000000648e-02
9.119495750000000678e-02
9.267988800000000194e-02
9.359583259999999794e-02
8.539292960000000043e-02
1.191583130000000018e-01
8.754704150000000573e-02
1.304745670000000135e-01
9.969557079999999405e-02
1.064713969999999954e-01
1.177280170000000042e-01
1.205828409999999962e-01
1.169915049999999956e-01
9.745911509999999334e-02
1.297926010000000074e-01
1.046356340000000051e-01
1.092945929999999954e-01
9.965804220000000491e-02
9.616299720000000273e-02
1.070086729999999986e-01
1.043424829999999998e-01
1.128571260000000021e-01
1.101005820000000024e-01
9.642466900000000452e-02
1.144228800000000046e-01
1.045189279999999971e-01
1.181783529999999999e-01
1.100647819999999999e-01
1.038645130000000055e-01
1.090545430000000038e-01
1.136387509999999962e-01
9.666347499999999870e-02
1.123707369999999983e-01
1.016984429999999995e-01
1.132958379999999959e-01
1.052966490000000060e-01
1.097631159999999939e-01
8.081452549999999790e-02
1.090290700000000057e-01
8.924150470000000168e-02
9.847646949999999677e-02
9.168867020000000256e-02
9.376946840000000005e-02
1.079844009999999938e-01
1.066564619999999936e-01
9.839545189999999997e-02
1.093718709999999955e-01
9.561268239999999585e-02
9.776958819999999328e-02
1.090400740000000007e-01
9.308926759999999745e-02
1.074357479999999976e-01
1.268889609999999946e-01
9.515003110000000430e-02
1.003956119999999952e-01
1.141704840000000026e-01
8.912890399999999491e-02
1.000075269999999988e-01
9.316724540000000110e-02
8.826965089999999625e-02
7.037774469999999449e-02
9.694857899999999307e-02
1.006759930000000053e-01
1.017754450000000060e-01
8.081474900000000516e-02
1.224241330000000044e-01
1.067153660000000059e-01
7.399586589999999908e-02
1.034896369999999954e-01
1.005466649999999934e-01
1.013419029999999971e-01
1.144316199999999978e-01
1.103227060000000065e-01
8.886183799999999855e-02
1.181121920000000047e-01
9.627024829999999977e-02
9.338185940000000296e-02
8.683697880000000591e-02
8.771965650000000669e-02
9.703419359999999882e-02
1.122528760000000014e-01
8.650802820000000337e-02
1.065329160000000053e-01
8.182571080000000663e-02
1.118864859999999933e-01
1.076632510000000015e-01
8.866295959999999365e-02
1.198506949999999932e-01
1.156119030000000020e-01
1.008446139999999991e-01
9.783347700000000202e-02
1.232388469999999986e-01
8.525232230000000244e-02
1.046302100000000013e-01
1.120451469999999977e-01
9.347192199999999895e-02
8.872830869999999426e-02
1.135341150000000049e-01
9.177849439999999359e-02
1.005620430000000037e-01
8.786991239999999981e-02
1.209419739999999938e-01
9.528686109999999487e-02
9.632366150000000460e-02
1.001306180000000046e-01
9.888120740000000408e-02
1.040603969999999989e-01
9.112615139999999392e-02
8.859580009999999672e-02
1.161514069999999982e-01
9.999125450000000137e-02
1.050400360000000033e-01
1.128103139999999949e-01
1.043318730000000055e-01
8.965083960000000407e-02
9.241093699999999855e-02
1.154487510000000022e-01
9.105353060000000165e-02
8.390369270000000435e-02
9.797862170000000426e-02
8.517180380000000106e-02
9.400935470000000571e-02
1.194917489999999943e-01
1.025754509999999980e-01
1.058170799999999939e-01
8.926330509999999552e-02
9.314151850000000621e-02
9.968670459999999511e-02
7.239007199999999975e-02
1.059925560000000017e-01
8.830598739999999391e-02
9.923376890000000505e-02
1.000171380000000054e-01
9.336031229999999792e-02
8.708975459999999946e-02
9.798035770000000644e-02
9.649118040000000118e-02
1.010416150000000013e-01
9.264639769999999386e-02
5.976064130000000030e-02
1.033947689999999975e-01
1.093447059999999998e-01
9.184982630000000647e-02
8.984449510000000472e-02
8.974418789999999424e-02
9.495612979999999703e-02
1.015483660000000010e-01
9.244100750000000533e-02
7.988329980000000163e-02
1.031362859999999937e-01
9.724140909999999527e-02
9.715190529999999380e-02
8.474769440000000376e-02
8.661621059999999317e-02
8.300657570000000152e-02
8.894703539999999908e-02
7.682280240000000093e-02
1.047231259999999997e-01
8.477193119999999749e-02
1.021367160000000024e-01
1.214295549999999946e-01
9.605012829999999557e-02
8.912087230000000082e-02
8.468853680000000550e-02
1.006412879999999954e-01
6.127608190000000121e-02
8.768830449999999443e-02
6.856599450000000484e-02
9.085948770000000507e-02
1.075053440000000027e-01
7.499416920000000208e-02
8.461949970000000321e-02
9.139866380000000179e-02
9.384756539999999925e-02
9.326344729999999639e-02
1.081093699999999963e-01
9.056925030000000099e-02
1.003136560000000010e-01
1.015855150000000012e-01
9.216403219999999563e-02
8.117432149999999347e-02
9.309607000000000299e-02
1.109576820000000019e-01
8.600606019999999796e-02
8.768144249999999806e-02
8.694220330000000663e-02
9.414075310000000196e-02
6.575666369999999539e-02
1.182078790000000018e-01
9.518051149999999516e-02
1.027078929999999946e-01
1.019069549999999935e-01
9.232467410000000374e-02
8.591944719999999869e-02
9.795881809999999745e-02
9.360308950000000017e-02
9.454836699999999428e-02
9.796928609999999704e-02
9.603828189999999432e-02
1.094673200000000068e-01
9.790988270000000604e-02
1.086475630000000026e-01
1.046233770000000035e-01
9.300287810000000543e-02
9.220781919999999909e-02
9.845965360000000222e-02
7.721209530000000543e-02
1.051637599999999950e-01
7.996645569999999426e-02
9.140588339999999867e-02
9.447213259999999446e-02
9.754915540000000385e-02
9.392866490000000013e-02
9.825541819999999982e-02
9.457938370000000539e-02
9.149084239999999424e-02
1.112672910000000043e-01
9.361495079999999913e-02
8.507592229999999534e-02
1.026825229999999978e-01
1.100581290000000045e-01
8.492454889999999368e-02
1.208798809999999946e-01
8.008841429999999373e-02
8.660908790000000634e-02
1.026031300000000007e-01
7.667169719999999966e-02
9.409993140000000311e-02
9.950999920000000443e-02
8.996485919999999692e-02
8.918573709999999544e-02
9.277888389999999763e-02
1.304267500000000080e-01
8.704374730000000171e-02
8.773564550000000073e-02
6.801801920000000168e-02
1.200673129999999950e-01
8.144146200000000613e-02
1.085544299999999934e-01
7.822737100000000388e-02
7.516218719999999409e-02
9.007807080000000688e-02
1.084926799999999941e-01
9.562749419999999612e-02
1.066547189999999951e-01
1.053374410000000039e-01
8.606335519999999684e-02
7.208234069999999716e-02
8.021884410000000576e-02
9.685185550000000032e-02
9.975692630000000671e-02
8.939292279999999646e-02
1.009436989999999978e-01
9.386453779999999469e-02
8.747100829999999994e-02
9.558966010000000124e-02
1.059482100000000010e-01
9.065379950000000686e-02
9.397771950000000096e-02
8.084181699999999637e-02
9.350022669999999425e-02
8.027153459999999963e-02
1.015039090000000033e-01
7.778616989999999343e-02
7.238773260000000431e-02
9.267818179999999517e-02
9.562496839999999609e-02
1.038847940000000025e-01
9.645211700000000388e-02
1.176917330000000067e-01
8.891037849999999798e-02
6.880971040000000150e-02
1.072888599999999998e-01
8.704616869999999562e-02
9.835845980000000599e-02
7.405095550000000137e-02
8.108604699999999443e-02
9.778886289999999537e-02
1.188976090000000013e-01
9.659492220000000240e-02
7.501929250000000104e-02
8.597022290000000400e-02
7.949377600000000210e-02
8.938306570000000006e-02
9.155949950000000226e-02
8.853568139999999642e-02
8.241637799999999847e-02
1.006012780000000023e-01
1.011227590000000065e-01
6.719939410000000390e-02
8.210992809999999309e-02
9.174662079999999775e-02
9.329887480000000066e-02
6.629477440000000610e-02
8.986464889999999650e-02
9.932512790000000424e-02
8.505874130000000422e-02
7.757481930000000026e-02
7.826974990000000465e-02
1.188148480000000007e-01
8.369088169999999716e-02
9.809777890000000167e-02
8.459623160000000197e-02
8.901420979999999372e-02
9.060817960000000504e-02
8.322674780000000050e-02
8.675728739999999384e-02
9.657801689999999384e-02
8.875206859999999753e-02
8.310526610000000536e-02
5.662042650000000121e-02
8.096510919999999611e-02
8.899686490000000005e-02
7.802418619999999805e-02
8.370292930000000631e-02
5.930528040000000028e-02
1.174156070000000052e-01
1.029060480000000000e-01
9.763100739999999722e-02
1.024125520000000039e-01
9.138473119999999950e-02
6.824622299999999475e-02
7.376918200000000259e-02
8.423800770000000604e-02
7.669506219999999708e-02
7.470230760000000358e-02
8.432553710000000036e-02
1.057051199999999996e-01
6.743697079999999566e-02
8.400782199999999589e-02
7.488852740000000174e-02
7.602320610000000423e-02
1.119114680000000001e-01
7.692009210000000374e-02
8.522804829999999776e-02
8.974197509999999600e-02
8.330230410000000196e-02
7.848527280000000550e-02
7.598556580000000171e-02
6.417327370000000530e-02
1.020958950000000059e-01
9.481462840000000336e-02
8.704327789999999343e-02
8.746753629999999557e-02
6.952866909999999567e-02
1.007741989999999949e-01
6.512772290000000408e-02
6.468442829999999921e-02
1.085024180000000033e-01
6.960952280000000381e-02
8.354061100000000073e-02
7.788148520000000297e-02
6.982558969999999587e-02
9.463585909999999712e-02
1.081439480000000036e-01
9.495296329999999840e-02
8.181916919999999982e-02
8.345349879999999776e-02
7.520595939999999424e-02
8.610667290000000029e-02
1.113610490000000036e-01
9.355698530000000623e-02
6.965872650000000388e-02
8.960806579999999744e-02
7.678321000000000451e-02
1.040002849999999979e-01
1.083725990000000000e-01
6.480696049999999653e-02
1.058965399999999973e-01
9.873812649999999524e-02
9.001019600000000065e-02
7.658252120000000329e-02
6.238229950000000190e-02
9.760393200000000435e-02
1.086082679999999939e-01
7.878393679999999566e-02
8.766365800000000541e-02
1.032735929999999969e-01
1.053500249999999999e-01
7.262016829999999590e-02
9.836146240000000207e-02
1.117007809999999990e-01
1.024187649999999949e-01
8.755545319999999410e-02
1.087621899999999947e-01
7.902427759999999801e-02
5.563823880000000333e-02
8.946422490000000005e-02
9.643106910000000254e-02
8.497252319999999692e-02
9.402553739999999771e-02
9.842210260000000543e-02
8.633206039999999359e-02
1.007325429999999938e-01
8.451485629999999638e-02
8.419147130000000090e-02
7.693030689999999505e-02
7.700599730000000365e-02
9.869936849999999540e-02
9.968135509999999366e-02
1.075562689999999960e-01
9.562020749999999847e-02
9.274792669999999684e-02
1.093795969999999951e-01
5.860685560000000044e-02
9.339158240000000610e-02
8.032897109999999341e-02
1.080406680000000064e-01
8.039452880000000357e-02
1.011125670000000004e-01
4.530410840000000106e-02
6.953363869999999725e-02
9.161562469999999514e-02
5.337018150000000238e-02
1.193985119999999983e-01
7.438321409999999745e-02
7.441743459999999866e-02
8.038909730000000364e-02
9.101611380000000640e-02
8.268031480000000155e-02
7.639314229999999428e-02
7.092005010000000664e-02
7.216741140000000609e-02
6.798055769999999942e-02
9.450973569999999990e-02
7.579609750000000645e-02
8.381301909999999689e-02
8.162958920000000507e-02
9.004528080000000212e-02
7.877375929999999582e-02
5.383696410000000238e-02
8.084625010000000278e-02
8.523496989999999884e-02
6.026806309999999806e-02
7.561197879999999316e-02
1.015914079999999942e-01
7.071218640000000166e-02
5.638131870000000212e-02
1.075950710000000005e-01
1.053559480000000048e-01
7.962363960000000407e-02
9.955731029999999315e-02
5.697463829999999813e-02
1.087281850000000050e-01
1.107242549999999937e-01
9.368377179999999582e-02
9.385678919999999870e-02
6.145239990000000291e-02
7.754331829999999703e-02
5.969570200000000326e-02
8.716640620000000450e-02
8.796109259999999874e-02
7.164481279999999896e-02
7.817517220000000377e-02
8.280514930000000551e-02
8.702285590000000126e-02
8.027813579999999727e-02
8.611992749999999863e-02
8.852659910000000576e-02
6.945715099999999476e-02
9.143973889999999771e-02
6.647000459999999333e-02
9.284074600000000177e-02
1.052343250000000036e-01
8.989701419999999998e-02
7.029750199999999782e-02
5.311577390000000315e-02
1.052662129999999974e-01
9.176685660000000189e-02
8.290281889999999432e-02
9.242896740000000610e-02
7.078894970000000619e-02
1.031951160000000034e-01
9.523084760000000148e-02
1.011684090000000008e-01
1.029109510000000005e-01
1.081931589999999971e-01
8.831209689999999779e-02
9.194026140000000069e-02
6.940614430000000001e-02
7.971980419999999401e-02
9.654080869999999426e-02
8.209954949999999363e-02
8.879777040000000343e-02
7.446616139999999440e-02
8.055700359999999616e-02
7.578118150000000275e-02
7.179741559999999745e-02
9.416031839999999820e-02
7.964731009999999334e-02
6.617640700000000653e-02
8.278152349999999549e-02
6.328527629999999848e-02
8.478950709999999447e-02
1.076449599999999979e-01
9.006622429999999735e-02
8.183387670000000225e-02
7.113892589999999683e-02
7.836611570000000249e-02
9.254666420000000338e-02
7.085304709999999673e-02
1.016796900000000031e-01
6.580234320000000192e-02
6.713076680000000518e-02
1.036903339999999951e-01
8.467510340000000690e-02
7.375039160000000649e-02
8.925256880000000115e-02
6.043978779999999856e-02
5.966389180000000042e-02
6.609212609999999544e-02
9.122202549999999799e-02
8.241319660000000213e-02
7.756375520000000079e-02
7.456266879999999542e-02
9.871730950000000282e-02
6.757382300000000508e-02
8.243687450000000694e-02
6.328653539999999633e-02
9.023278949999999354e-02
9.528665240000000480e-02
5.933215840000000130e-02
7.813987880000000663e-02
6.656587869999999740e-02
8.921577780000000679e-02
1.019780109999999934e-01
8.257620779999999550e-02
9.025800970000000256e-02
1.034192740000000055e-01
6.825751809999999753e-02
8.262976260000000350e-02
6.552240249999999322e-02
7.733068619999999838e-02
9.113480150000000113e-02
1.028002429999999995e-01
4.947698489999999977e-02
1.020463110000000007e-01
5.243203040000000287e-02
8.973946419999999369e-02
1.103477399999999997e-01
9.043318029999999896e-02
1.066073250000000028e-01
6.316582860000000132e-02
1.068176629999999933e-01
7.549197970000000313e-02
1.094443570000000060e-01
5.445136870000000240e-02
8.716188369999999797e-02
6.204068289999999791e-02
7.726140319999999506e-02
9.342460330000000590e-02
5.542327839999999783e-02
6.680416320000000241e-02
9.677821400000000129e-02
6.627077609999999785e-02
1.082163530000000012e-01
8.178527650000000371e-02
8.479224890000000570e-02
4.556982219999999861e-02
6.040512029999999671e-02
6.219530110000000278e-02
9.652326999999999435e-02
6.726551799999999637e-02
1.008225380000000032e-01
8.812720329999999824e-02
9.343768660000000004e-02
7.630749789999999311e-02
8.679274469999999353e-02
9.643515939999999786e-02
9.156469999999999887e-02
8.794647460000000472e-02
7.432051000000000629e-02
5.293939260000000285e-02
1.025355980000000056e-01
9.551420060000000156e-02
7.982879880000000317e-02
5.796523390000000303e-02
7.947183400000000508e-02
7.109177860000000237e-02
7.989636810000000366e-02
9.967471660000000455e-02
9.936564420000000564e-02
1.044042409999999949e-01
7.388057559999999802e-02
8.512043950000000581e-02
8.765792849999999581e-02
8.300295470000000619e-02
1.091936309999999993e-01
4.283651339999999808e-02
8.523544669999999490e-02
7.420300689999999311e-02
9.183115510000000592e-02
8.568616210000000455e-02
9.087404609999999439e-02
7.939834889999999867e-02
1.101297960000000020e-01
6.673219800000000645e-02
8.524227139999999980e-02
6.630968299999999427e-02
6.724344940000000215e-02
9.737314280000000655e-02
5.279900130000000219e-02
8.837998660000000173e-02
7.980433110000000052e-02
8.059027050000000525e-02
6.574621049999999911e-02
9.544563289999999367e-02
9.012482319999999547e-02
7.767508920000000538e-02
6.631231310000000601e-02
9.327418360000000463e-02
8.086013790000000367e-02
9.902740270000000289e-02
4.908018189999999864e-02
7.457938050000000041e-02
1.021817700000000051e-01
9.168582409999999350e-02
5.034704129999999916e-02
5.494307350000000173e-02
8.175983280000000131e-02
8.638292549999999903e-02
8.744014049999999927e-02
1.093998179999999959e-01
1.003571669999999971e-01
8.242623509999999487e-02
6.687331940000000585e-02
7.809996600000000677e-02
7.992175969999999741e-02
1.027513149999999958e-01
6.614165010000000455e-02
1.097655970000000064e-01
8.504312490000000280e-02
6.651534139999999706e-02
1.098421440000000027e-01
9.656148400000000298e-02
7.245524970000000176e-02
5.312176049999999677e-02
5.908910929999999784e-02
7.004590330000000364e-02
3.838510440000000162e-02
7.681279629999999969e-02
7.737217100000000347e-02
6.485946480000000236e-02
6.304216379999999509e-02
6.751418859999999689e-02
5.872926860000000221e-02
6.773633510000000302e-02
5.524864790000000303e-02
8.132621650000000646e-02
6.278076019999999369e-02
6.328043340000000239e-02
6.030679869999999720e-02
8.292704080000000422e-02
3.540790829999999889e-02
7.057170570000000087e-02
8.262735609999999342e-02
7.054652270000000280e-02
9.828480330000000098e-02
7.362329210000000124e-02
9.688769279999999429e-02
8.103468269999999918e-02
8.480516820000000289e-02
8.664035050000000460e-02
1.008042170000000015e-01
1.272675540000000050e-01
1.057358530000000046e-01
8.765928450000000371e-02
9.058068689999999867e-02
9.912592169999999425e-02
7.263443619999999934e-02
1.011337189999999969e-01
7.608523959999999309e-02
8.074264230000000042e-02
2.442062830000000032e-02
7.463117689999999860e-02
8.246194569999999724e-02
8.098761740000000320e-02
1.022916209999999992e-01
6.828543539999999690e-02
7.700015600000000016e-02
7.357005769999999667e-02
6.747164579999999356e-02
7.445245979999999542e-02
9.102592619999999579e-02
8.573742210000000197e-02
6.631689520000000337e-02
7.993450019999999434e-02
4.370940849999999794e-02
5.069681630000000272e-02
7.114715870000000442e-02
6.993965060000000011e-02
3.830763699999999855e-02
7.565516229999999509e-02
9.574349220000000216e-02
1.042277590000000032e-01
8.295020459999999374e-02
9.449169779999999630e-02
9.799782930000000558e-02
4.087739440000000279e-02
6.548542529999999695e-02
8.931005749999999799e-02
8.055040239999999852e-02
5.621709300000000270e-02
9.631136060000000665e-02
6.275797639999999844e-02
7.971894000000000202e-02
6.626780329999999719e-02
8.463907989999999715e-02
6.457017360000000261e-02
7.152851670000000273e-02
5.301693829999999663e-02
1.095475260000000062e-01
9.774915130000000341e-02
7.377806309999999923e-02
6.485411520000000651e-02
9.579169009999999318e-02
1.067610979999999987e-01
8.613838259999999358e-02
5.883940680000000062e-02
7.628957929999999332e-02
1.041537669999999943e-01
7.672164589999999618e-02
8.103386310000000592e-02
9.857542069999999934e-02
7.904861870000000346e-02
8.727239069999999377e-02
8.044369519999999829e-02
7.022117819999999788e-02
7.876701649999999499e-02
6.470905239999999448e-02
6.083785369999999970e-02
8.584890509999999753e-02
6.408616159999999673e-02
7.109621909999999656e-02
7.681760940000000037e-02
7.350847130000000285e-02
9.535618129999999526e-02
7.638885830000000099e-02
1.001495790000000025e-01
6.857550889999999844e-02
9.317856280000000324e-02
4.855580629999999703e-02
1.085687800000000036e-01
8.973491190000000561e-02
7.798980919999999595e-02
6.388343130000000147e-02
1.044966950000000006e-01
9.545952080000000284e-02
8.085434880000000324e-02
5.646212770000000325e-02
6.954551489999999392e-02
6.812983749999999838e-02
7.478658850000000080e-02
7.019938530000000010e-02
6.451813879999999946e-02
6.998272989999999860e-02
8.587105570000000410e-02
9.346911310000000084e-02
7.902181889999999875e-02
4.872471839999999860e-02
6.293345990000000223e-02
8.308193090000000336e-02
8.315148199999999878e-02
6.997579339999999981e-02
5.103795230000000155e-02
7.411127539999999569e-02
9.955427050000000000e-02
1.057891769999999981e-01
5.148928240000000267e-02
1.003446280000000052e-01
7.322640719999999603e-02
6.249903889999999795e-02
8.187606190000000506e-02
5.650227520000000031e-02
9.623759240000000215e-02
8.103982360000000496e-02
8.391546460000000318e-02
1.101658719999999980e-01
1.021073980000000020e-01
8.335204420000000280e-02
9.119632099999999686e-02
6.732088329999999510e-02
5.044452099999999911e-02
7.235269249999999597e-02
7.488416879999999776e-02
8.998102689999999682e-02
9.679891170000000378e-02
7.257314770000000692e-02
8.553402129999999881e-02
6.955110280000000034e-02
8.474380519999999417e-02
9.097345169999999925e-02
6.603238729999999501e-02
9.353594480000000655e-02
9.270258250000000533e-02
6.966944040000000449e-02
6.326382610000000351e-02
1.208868919999999958e-01
8.001098040000000078e-02
9.511909629999999727e-02
6.648617980000000316e-02
9.879656139999999642e-02
1.038198169999999948e-01
8.526785670000000539e-02
9.334221480000000348e-02
7.236306369999999377e-02
8.797244730000000623e-02
6.511783599999999839e-02
7.258034500000000444e-02
9.756896639999999843e-02
9.817665070000000660e-02
8.084793390000000191e-02
4.876065630000000345e-02
5.187474940000000312e-02
8.474884180000000211e-02
8.319016549999999621e-02
9.319646659999999971e-02
5.966507640000000279e-02
4.035044460000000027e-02
2.996012569999999958e-02
1.096982880000000049e-01
7.949548210000000059e-02
5.102812129999999974e-02
7.422146200000000194e-02
6.246716160000000129e-02
8.549385519999999627e-02
9.266535189999999811e-02
7.964321230000000196e-02
4.443871230000000228e-02
8.217450980000000349e-02
8.241412789999999489e-02
4.769632590000000283e-02
9.107826650000000468e-02
6.797618419999999773e-02
3.872576729999999828e-02
1.697822810000000071e-01
7.948461169999999909e-02
7.627994570000000418e-02
1.167034660000000057e-01
9.388978779999999913e-02
1.055783700000000047e-01
4.282503950000000198e-02
6.980202350000000444e-02
1.231596840000000054e-01
6.249092149999999762e-02
6.502120940000000182e-02
6.599502270000000281e-02
4.644990709999999995e-02
7.645193490000000425e-02
6.549391899999999767e-02
6.169186160000000169e-02
8.381123099999999992e-02
9.596252439999999884e-02
7.340899110000000116e-02
5.793582650000000250e-02
2.928125670000000097e-02
8.507259189999999416e-02
6.317242979999999897e-02
6.021073090000000211e-02
8.862561730000000082e-02
5.869204179999999715e-02
5.370728300000000149e-02
6.473316249999999661e-02
9.000761059999999592e-02
6.472803650000000242e-02
3.404500340000000264e-02
7.655290509999999882e-02
6.294171510000000358e-02
4.223123189999999916e-02
1.271892040000000001e-01
8.503611390000000159e-02
4.831745099999999737e-02
8.660475909999999777e-02
1.070624369999999964e-01
6.466802209999999995e-02
1.094500350000000011e-01
1.108258520000000025e-01
1.018390279999999981e-01
9.276582299999999726e-02
8.443895730000000599e-02
6.234093009999999713e-02
7.262343170000000458e-02
7.203233990000000586e-02
6.433212759999999697e-02
3.884911910000000274e-02
5.094764009999999677e-02
6.456389279999999453e-02
5.993520840000000210e-02
6.880790000000000517e-02
9.960960600000000331e-02
8.914778380000000502e-02
7.227766509999999922e-02
8.149791509999999850e-02
9.906723350000000428e-02
8.828467880000000212e-02
7.494639610000000673e-02
5.342312159999999810e-02
7.050234819999999514e-02
9.258549659999999737e-02
5.834702030000000345e-02
9.465695920000000152e-02
7.496368139999999569e-02
6.617195160000000076e-02
1.650174110000000027e-01
9.348534790000000150e-02
1.014932770000000067e-01
9.548050169999999781e-02
5.661737549999999730e-02
7.696437089999999537e-02
7.695939390000000602e-02
5.545231700000000097e-02
7.698005439999999755e-02
7.055097820000000297e-02
8.532509209999999955e-02
5.971032750000000028e-02
2.934208510000000172e-02
8.387470989999999682e-02
5.043799429999999695e-02
6.662265209999999882e-02
6.296689060000000560e-02
1.028098320000000038e-01
1.155275850000000021e-01
6.412612650000000525e-02
7.964599880000000631e-02
6.018708269999999833e-02
8.817628769999999450e-02
5.559781939999999811e-02
1.024958269999999977e-01
9.187831729999999808e-02
6.353498250000000347e-02
4.706608500000000056e-02
6.390321999999999669e-02
3.997457029999999800e-02
8.878027650000000492e-02
3.632613640000000033e-02
1.119958159999999980e-01
8.321537819999999530e-02
1.308546509999999885e-01
7.727481419999999990e-02
7.126156990000000191e-02
7.763197269999999595e-02
6.454487890000000505e-02
4.439133779999999974e-02
8.460948620000000031e-02
9.648846830000000485e-02
4.687698929999999792e-02
9.737396989999999586e-02
4.603723059999999950e-02
4.724983869999999780e-02
8.069261160000000543e-02
7.784593850000000315e-02
7.352145760000000640e-02
2.197666280000000125e-02
6.061397870000000132e-02
7.540306450000000549e-02
1.051011310000000004e-01
8.909618850000000645e-02
4.763989150000000339e-02
7.433506850000000388e-02
8.941862729999999759e-02
7.502497730000000364e-02
8.027151230000000026e-02
7.546687130000000188e-02
5.577969919999999776e-02
5.657834190000000235e-02
6.529045099999999935e-02
7.868391280000000543e-02
7.911954079999999889e-02
8.085998889999999883e-02
7.742629199999999379e-02
5.350741369999999913e-02
5.060283840000000255e-02
4.246338460000000092e-02
5.739705640000000025e-02
5.996976789999999835e-02
6.367693839999999383e-02
7.706779240000000142e-02
7.121477280000000631e-02
6.781079619999999530e-02
1.750276980000000163e-02
6.502474099999999702e-02
1.042912899999999948e-01
8.238892259999999745e-02
7.466953249999999653e-02
8.074302229999999470e-02
9.390094129999999872e-02
7.706488670000000152e-02
8.604884150000000065e-02
8.777312930000000235e-02
1.357875169999999965e-01
7.213074710000000334e-02
6.250990180000000340e-02
7.273890080000000591e-02
6.357381489999999746e-02
8.116883040000000271e-02
5.554822090000000046e-02
5.416673789999999766e-02
1.041969430000000002e-01
8.001869170000000531e-02
8.460600669999999990e-02
7.364055510000000471e-02
5.844238770000000083e-02
7.755715400000000315e-02
7.996761049999999427e-02
7.512351870000000265e-02
6.029104440000000037e-02
6.185824420000000240e-02
7.767552880000000437e-02
7.014173270000000071e-02
6.557448949999999943e-02
6.595621999999999596e-02
1.035905550000000008e-01
5.614231900000000303e-02
6.301672760000000262e-02
9.111443909999999979e-02
8.283805099999999588e-02
9.800755229999999485e-02
9.008373320000000184e-02
9.721866999999999315e-02
7.643729450000000258e-02
6.456431749999999581e-02
1.104037239999999948e-01
1.143187509999999962e-01
6.856074930000000123e-02
7.694616170000000144e-02
5.395571510000000265e-02
8.797614280000000397e-02
4.318677259999999934e-02
5.083564299999999980e-02
8.246041090000000295e-02
2.437143209999999977e-02
1.071689350000000068e-01
8.622784170000000192e-02
8.395063880000000478e-02
3.238470110000000318e-02
8.083871010000000246e-02
8.055865019999999821e-02
6.360065189999999924e-02
3.310603279999999732e-02
6.449735160000000245e-02
3.472469000000000250e-02
8.834289010000000164e-02
6.594611699999999854e-02
8.481336389999999392e-02
8.089292789999999456e-02
4.789677629999999908e-02
4.183783010000000080e-02
5.710526180000000118e-02
1.080438199999999987e-01
2.057780329999999921e-02
8.176587520000000442e-02
7.253123070000000450e-02
6.482214479999999501e-02
5.873169000000000306e-02
4.060707610000000023e-02
9.614799920000000055e-02
8.866063509999999592e-02
5.648058649999999903e-02
6.607744100000000065e-02
6.398385019999999757e-02
9.605681900000000162e-02
8.395931869999999353e-02
9.648714960000000229e-02
3.604118149999999826e-02
1.026455389999999940e-01
7.646977900000000161e-02
8.716394750000000524e-02
7.148368659999999875e-02
6.892159579999999897e-02
5.628796669999999724e-02
7.801496980000000026e-02
5.304668469999999914e-02
6.520856170000000063e-02
7.203309980000000001e-02
8.046598729999999977e-02
1.016196699999999918e-02
4.812497269999999744e-02
6.132484600000000230e-02
4.311659560000000169e-02
4.012771700000000025e-02
7.796836640000000263e-02
7.488568130000000655e-02
8.039293440000000457e-02
7.315650579999999348e-02
2.008137670000000041e-02
7.604346419999999385e-02
9.089097379999999671e-02
6.849277759999999882e-02
1.231061890000000048e-01
2.353448610000000163e-02
1.121832950000000023e-01
1.143962139999999961e-01
6.408923119999999918e-02
9.204312409999999833e-02
6.937534360000000011e-02
7.082234319999999861e-02
7.572203869999999393e-02
5.550982799999999717e-02
4.090066249999999709e-02
5.191378669999999890e-02
7.857310770000000555e-02
6.731607019999999442e-02
1.258839820000000054e-01
8.063589779999999485e-02
7.502027599999999685e-02
5.580335480000000320e-02
5.709602309999999709e-02
4.766115919999999728e-02
7.989167419999999853e-02
1.224888559999999932e-01
6.158929689999999985e-02
4.678904639999999920e-02
2.272616699999999851e-02
5.477024240000000210e-02
2.522112430000000155e-02
3.641314059999999769e-02
6.456227600000000177e-02
4.590671140000000122e-02
7.278750840000000610e-02
1.110570800000000025e-01
8.299735190000000207e-02
8.300811049999999580e-02
4.001062739999999840e-02
5.158160249999999697e-02
4.377401990000000243e-02
9.209797529999999566e-02
6.127624210000000293e-02
6.969438490000000319e-02
5.484003569999999772e-02
9.055433420000000289e-02
6.332470480000000623e-02
5.909445139999999763e-02
1.043964919999999935e-01
9.360585359999999688e-02
4.797849800000000137e-02
4.842736570000000240e-02
4.377380010000000293e-02
7.734742760000000439e-02
4.510243240000000320e-02
9.581812470000000692e-02
9.137297419999999837e-02
6.902230530000000308e-02
4.295846450000000150e-02
1.066279190000000016e-01
7.250402120000000450e-02
8.500546220000000652e-02
5.944848429999999989e-02
1.098868469999999958e-01
8.851942420000000200e-02
4.357010129999999704e-02
6.344096359999999712e-02
5.457963789999999843e-02
4.205529759999999950e-02
6.978181749999999572e-02
7.393718509999999688e-02
4.681164029999999865e-02
1.103744509999999984e-01
1.081146600000000013e-01
8.725470300000000290e-02
9.015179430000000438e-02
6.697766480000000300e-02
6.605602800000000274e-02
4.476046930000000118e-02
5.037348719999999724e-02
9.324873240000000618e-02
9.647478160000000358e-02
6.650221350000000420e-02
5.078118289999999924e-02
3.094322789999999837e-02
1.151295160000000012e-01
4.063774269999999994e-02
8.169773969999999386e-02
7.823676620000000193e-02
4.985256119999999930e-02
6.741733849999999306e-02
1.076391339999999974e-01
7.498434190000000110e-02
6.519892809999999761e-02
6.883754579999999679e-02
8.046479519999999441e-02
4.461250829999999917e-02
2.992302549999999867e-02
5.616180230000000079e-02
2.230152670000000101e-02
4.290005940000000267e-02
1.027447130000000014e-01
8.274800329999999760e-02
1.337550279999999980e-01
1.067314969999999946e-01
6.200702119999999817e-02
8.302152159999999503e-02
1.115900950000000003e-01
1.007509379999999982e-01
5.826948209999999878e-02
9.058655050000000153e-02
6.799468399999999968e-02
5.576425790000000271e-02
2.886294760000000098e-02
5.390341209999999911e-02
8.661831170000000579e-02
7.655730839999999593e-02
7.634379709999999930e-02
8.927103129999999775e-02
2.298899370000000164e-02
6.475487350000000419e-02
5.764774229999999888e-02
7.418240610000000068e-02
3.044631149999999994e-02
1.225299690000000025e-01
3.302376719999999821e-02
6.919583679999999348e-02
6.894831360000000520e-02
7.101811469999999571e-02
7.382196189999999658e-02
5.481636520000000151e-02
9.303106369999999958e-02
2.921008690000000130e-02
6.248552350000000088e-02
7.393023370000000039e-02
7.014551010000000253e-02
1.300323379999999973e-02
8.255838599999999750e-02
9.950859839999999512e-02
1.274029020000000123e-01
4.252348100000000186e-02
4.980840909999999927e-02
1.838438400000000014e-02
7.813438770000000200e-02
3.466089070000000216e-02
3.281768780000000191e-02
1.194518509999999978e-01
5.072276669999999793e-02
7.816424969999999361e-02
5.461857099999999771e-02
6.635481860000000398e-02
7.815695549999999991e-02
1.165000649999999999e-01
9.775071589999999311e-02
8.423040810000000100e-02
4.266143590000000263e-02
6.273204089999999400e-02
7.766880839999999731e-02
4.897677150000000201e-02
9.583888949999999629e-02
6.614232059999999858e-02
9.217052909999999544e-02
9.209182109999999866e-02
2.173039499999999957e-02
7.155694070000000184e-02
7.226487989999999528e-02
4.212620110000000334e-02
5.232353509999999874e-02
4.519323630000000175e-02
6.419108810000000165e-02
3.182914109999999963e-02
5.968036129999999828e-02
3.632873300000000194e-02
7.696462419999999804e-02
3.690197690000000114e-02
6.249105559999999782e-02
5.323145540000000231e-02
8.122972400000000315e-02
3.429009019999999797e-02
3.838969390000000065e-02
3.987789149999999838e-02
7.020894440000000070e-02
1.029473989999999950e-01
9.364320339999999965e-02
5.891522770000000297e-02
1.014155600000000018e-01
4.296039790000000247e-02
1.009361299999999989e-01
1.051048190000000021e-01
3.618172179999999682e-02
8.870254460000000230e-02
4.839907210000000265e-02
7.949899879999999808e-02
2.926176789999999917e-02
4.815445840000000255e-02
1.082399559999999983e-01
9.365866330000000017e-02
2.016454939999999876e-02
6.596945229999999494e-02
5.266451839999999884e-02
2.796337009999999915e-02
7.447611540000000085e-02
5.497429890000000291e-02
8.276724069999999434e-02
7.868056739999999827e-02
4.025314380000000192e-02
6.904686990000000191e-02
6.413678080000000115e-02
4.915707190000000171e-02
7.162709529999999880e-02
7.144159079999999606e-02
9.490432590000000279e-02
6.909935920000000176e-02
6.229206169999999820e-02
5.256712060000000297e-02
4.888141530000000151e-02
3.904382879999999945e-02
1.071541379999999960e-01
7.127889989999999787e-02
7.123957570000000183e-02
5.860475080000000087e-02
1.109024140000000047e-01
4.434663429999999990e-02
4.050524159999999846e-02
8.715480570000000426e-02
3.990103679999999764e-02
5.764569709999999708e-02
7.674174009999999713e-02
3.967899359999999855e-03
3.562765200000000271e-02
3.022973430000000170e-02
-2.667660359999999946e-03
7.582875340000000408e-02
1.013901080000000066e-01
2.138308059999999983e-02
8.869607000000000185e-02
7.793986049999999943e-02
9.514898809999999818e-02
3.935904059999999899e-02
6.169001009999999785e-02
4.751250890000000004e-02
1.355650720000000087e-01
7.950807360000000656e-02
3.327828270000000171e-02
5.717763299999999854e-02
6.478421389999999835e-02
7.522086799999999629e-02
8.386573940000000005e-02
7.888241109999999390e-02
6.077731399999999895e-02
5.491588640000000243e-02
7.162363830000000042e-02
7.946641740000000287e-02
8.030693229999999461e-02
8.010309929999999412e-02
4.261493680000000284e-02
6.791529799999999895e-02
9.170826519999999982e-02
7.033007589999999698e-02
8.859626199999999507e-02
5.875043569999999910e-02
6.676599380000000639e-02
6.181145090000000203e-02
5.095754940000000316e-02
9.472111610000000237e-02
7.356759159999999576e-02
1.025469229999999982e-01
6.445961449999999815e-02
7.675164939999999658e-02
9.609652309999999753e-02
2.642333510000000052e-02
7.528350500000000056e-02
1.114869490000000019e-01
4.757809639999999868e-02
5.899311599999999822e-02
7.292497159999999923e-02
3.987096999999999863e-02
8.742327989999999771e-02
7.943733779999999356e-02
3.812404350000000303e-02
9.844179449999999887e-02
3.989845139999999984e-02
7.097769530000000437e-02
7.906847449999999944e-02
7.700447739999999319e-02
4.663894329999999921e-02
7.051609459999999552e-02
1.121673660000000045e-01
6.036736439999999815e-02
3.430112080000000119e-02
2.800351749999999834e-02
5.832079429999999926e-02
6.789657470000000361e-02
1.008385720000000013e-01
2.538817189999999918e-02
1.260632570000000119e-01
6.863295290000000215e-02
7.091376929999999856e-02
1.155907139999999972e-01
7.632449269999999619e-02
5.339923869999999712e-02
3.236981850000000133e-02
6.288800390000000295e-02
2.629645170000000087e-02
5.138688909999999943e-02
7.629290219999999845e-02
3.247557949999999721e-02
7.885962720000000425e-02
8.743397890000000061e-02
3.705675530000000079e-02
6.915133449999999460e-02
8.971114460000000068e-02
2.451513890000000043e-02
3.095776030000000137e-02
3.193087879999999962e-02
1.318316910000000008e-01
7.969204339999999553e-02
1.083835290000000062e-01
8.910924940000000682e-02
9.615649280000000687e-02
7.321648299999999887e-02
6.705592570000000474e-02
5.891792480000000026e-02
7.924383879999999380e-02
4.121927920000000023e-02
4.564648119999999837e-02
6.700123099999999443e-02
6.600499039999999746e-04
4.105877880000000091e-02
7.576648149999999637e-02
6.592867519999999482e-02
3.865906599999999887e-02
6.222696600000000161e-02
2.964562739999999919e-02
4.086523499999999975e-02
8.482553810000000027e-02
8.608777820000000636e-02
6.361228230000000317e-02
1.095976609999999990e-01
8.788033570000000627e-02
7.594311980000000017e-02
-1.421109870000000081e-02
3.884904830000000114e-02
-5.359797270000000134e-03
4.458489270000000337e-02
5.070200560000000245e-02
4.120820020000000306e-02
3.086980799999999858e-02
6.763797250000000427e-02
7.847710700000000428e-02
4.903724040000000117e-02
8.284370600000000306e-02
6.306122990000000150e-02
9.600302580000000252e-02
6.380280110000000060e-02
4.373500500000000041e-02
5.489430580000000115e-02
7.966284449999999628e-02
1.049370099999999972e-01
5.467242750000000234e-02
7.677424700000000379e-02
5.234779039999999661e-02
7.358380409999999705e-02
4.678541049999999923e-02
4.354348410000000169e-02
2.868865619999999908e-02
6.738274539999999924e-02
3.986522929999999909e-02
1.162918279999999999e-01
2.025620449999999961e-02
4.656048489999999734e-02
6.978482749999999346e-02
7.375026490000000101e-02
8.022496849999999347e-02
3.484350440000000271e-02
6.857927140000000255e-02
8.494210990000000683e-02
1.020271700000000004e-01
6.582729519999999668e-02
6.389409299999999903e-02
1.068266479999999963e-01
3.124462440000000049e-02
7.920908929999999348e-02
1.120391040000000005e-01
5.643593150000000142e-02
8.513221890000000069e-02
5.822413039999999734e-02
6.309027220000000546e-02
4.755992440000000182e-02
-1.799824090000000029e-02
9.452629829999999872e-03
3.346990419999999744e-02
4.732852800000000165e-02
6.880784780000000211e-02
6.811767820000000362e-02
4.104887690000000311e-02
5.738554519999999881e-02
4.997057840000000001e-02
7.924789100000000476e-04
5.446624760000000343e-02
7.456353309999999568e-02
5.106092620000000221e-02
5.393886569999999797e-02
6.139384960000000141e-02
6.123746189999999812e-02
3.621591629999999784e-02
1.065126060000000027e-02
3.715275600000000206e-02
4.150774329999999679e-02
1.026334609999999953e-01
3.832153979999999849e-02
9.386213120000000409e-02
2.593382630000000064e-02
6.228834760000000192e-02
1.292080879999999987e-01
3.657298540000000070e-02
7.046033440000000481e-02
7.347852739999999327e-02
4.759355259999999838e-02
3.828233479999999800e-02
9.922544469999999145e-03
2.912605000000000055e-02
5.339346450000000133e-02
1.088908239999999972e-01
5.287535119999999672e-02
4.172796379999999666e-03
1.281834239999999903e-01
8.532214159999999825e-02
4.785857720000000204e-02
1.011955810000000067e-01
1.052929539999999942e-01
7.587832210000000632e-02
6.051835419999999910e-02
2.416806300000000005e-02
1.354358489999999970e-01
5.728374049999999940e-02
-1.546611539999999917e-02
3.787808489999999750e-02
9.328046439999999884e-02
5.052471530000000183e-02
4.069703820000000055e-02
7.631298899999999774e-02
3.238583359999999689e-02
1.894773920000000084e-02
4.314115269999999752e-02
2.149974929999999909e-02
8.899564299999999928e-02
9.361488369999999837e-02
3.479394689999999735e-02
6.285124270000000402e-02
1.950624399999999897e-02
-1.879337480000000055e-03
5.599863360000000359e-03
1.023069620000000013e-01
1.100123519999999938e-01
8.894746010000000036e-02
6.701550629999999953e-02
7.467751949999999750e-02
1.196555420000000036e-01
8.151745800000000097e-02
1.502900100000000017e-02
3.478147460000000080e-02
4.506096619999999664e-02
7.170660049999999508e-02
1.217735860000000031e-01
1.175582260000000018e-01
8.899348229999999582e-02
5.963388459999999919e-02
5.831617120000000265e-02
1.044022369999999950e-01
8.740770069999999337e-02
5.429888890000000162e-02
9.190279989999999843e-02
5.103371290000000005e-02
2.960302680000000131e-02
1.013828439999999997e-01
4.578229410000000249e-02
4.512421789999999933e-02
1.018845740000000055e-01
7.372976089999999649e-02
6.066494060000000160e-02
1.293224540000000033e-01
8.144267650000000525e-02
1.677996110000000082e-02
4.050701109999999688e-02
1.511021610000000057e-02
5.354510619999999776e-02
8.511317889999999928e-03
6.229854380000000164e-02
3.497818860000000141e-02
2.121464719999999887e-02
7.893431929999999985e-02
1.959343440000000172e-02
-1.429277569999999956e-02
4.812852670000000027e-02
6.359925869999999426e-02
4.043585429999999731e-02
6.385198979999999469e-02
8.057317880000000598e-02
1.221718920000000076e-02
8.426462110000000616e-02
3.355115279999999756e-02
4.156310480000000029e-02
9.644934539999999723e-02
4.381677509999999665e-02
1.051721719999999943e-01
1.434329599999999982e-01
2.087267859999999975e-02
8.336274330000000010e-02
5.099394539999999726e-02
5.944546309999999834e-02
3.810761499999999746e-02
1.072282899999999969e-02
-6.153115070000000388e-03
3.297348320000000055e-02
6.844503429999999888e-02
2.649514000000000036e-02
5.804765600000000303e-02
7.765717339999999615e-03
3.729325530000000138e-02
9.928015619999999708e-02
4.059812050000000117e-02
4.616647589999999662e-02
7.017572219999999861e-02
4.469636080000000122e-02
4.285551239999999679e-02
4.886453229999999925e-02
7.922250029999999832e-02
7.511831820000000604e-02
1.074074279999999992e-01
2.385739980000000163e-02
1.188392640000000000e-01
2.590190059999999961e-02
8.538782600000000000e-02
8.387853210000000004e-02
5.157376450000000084e-02
8.369591830000000510e-02
2.959358509999999998e-02
6.955769659999999632e-02
3.145749490000000065e-02
7.608418170000000313e-02
4.263826829999999707e-02
8.928743189999999511e-03
6.960089499999999596e-02
1.695433630000000094e-02
7.782235740000000013e-02
6.448720400000000630e-02
6.575614959999999398e-02
1.265230330000000070e-01
5.054467170000000176e-02
9.726751599999999831e-02
6.284814330000000615e-02
2.848096190000000069e-02
7.415287939999999633e-02
3.405195849999999996e-02
1.005199999999999982e-01
1.304578040000000105e-01
5.445558579999999760e-02
2.661924059999999995e-02
8.969714489999999762e-02
1.041902600000000068e-01
2.562777330000000006e-02
5.248505619999999788e-02
9.538497029999999655e-02
1.951645689999999961e-02
6.707084180000000284e-02
6.749674679999999316e-02
6.774631890000000489e-02
8.013229069999999732e-02
1.086730810000000047e-01
4.296705130000000317e-02
3.526109830000000167e-02
5.148284510000000064e-02
3.179008140000000315e-02
5.472795669999999668e-02
3.568647800000000064e-02
3.765983509999999701e-02
3.248830510000000338e-02
9.580129380000000638e-02
6.060167030000000038e-02
7.627329979999999954e-02
5.274982749999999887e-02
-1.021378860000000076e-02
9.630896899999999428e-02
4.584142189999999839e-02
1.143742580000000064e-01
4.183168339999999985e-02
7.393975560000000391e-02
1.051939499999999944e-01
1.426740460000000023e-02
8.215156939999999908e-02
8.969532700000000525e-02
8.890098329999999993e-02
8.455772699999999920e-02
6.031935659999999866e-02
7.237599790000000255e-02
4.689919199999999927e-02
4.442704470000000128e-02
7.410125430000000235e-02
1.478783489999999923e-01
4.097349200000000025e-02
8.790637549999999467e-02
6.994647530000000502e-02
1.045139509999999938e-01
1.065533459999999932e-01
-6.556352599999999871e-03
5.990341679999999780e-02
7.151345159999999979e-02
8.183030780000000171e-02
1.006889859999999942e-01
5.165866019999999781e-02
-2.213502490000000128e-02
6.729444119999999918e-02
6.779023259999999995e-02
4.901101809999999781e-02
8.868517730000000099e-02
9.606803210000000592e-02
8.787256479999999703e-02
5.969100819999999946e-02
4.105187209999999753e-02
-3.054605560000000098e-03
8.261020480000000332e-02
3.748655320000000152e-02
7.751259950000000121e-02
3.380457309999999882e-02
4.480842129999999812e-02
9.522279349999999976e-02
5.590975659999999903e-02
2.662056679999999856e-02
5.690689379999999686e-02
5.286816140000000219e-02
1.074217930000000015e-01
7.157446439999999577e-02
2.347919899999999921e-02
3.769269590000000336e-02
5.763397370000000047e-02
1.044044570000000061e-01
8.294317129999999316e-02
6.841003889999999754e-02
4.523288830000000288e-02
1.012858600000000053e-01
7.445408400000000371e-02
2.297374229999999892e-02
8.202093089999999698e-02
4.935959730000000212e-02
1.059069110000000064e-01
1.036535350000000050e-01
5.245442689999999658e-02
1.234709019999999935e-01
8.028026670000000531e-02
1.323048960000000086e-02
6.746217609999999310e-02
9.070982040000000191e-02
1.311771120000000124e-01
7.671028380000000091e-02
1.860661060000000019e-02
-1.570548860000000116e-02
-1.459725670000000010e-02
6.744375819999999522e-02
2.297374229999999892e-02
5.776158719999999885e-02
5.109403280000000130e-02
5.432834479999999744e-02
8.968810739999999448e-02
8.379728349999999992e-02
9.532646090000000683e-02
2.934101780000000076e-02
3.180424500000000182e-02
6.061580779999999752e-02
6.983216849999999629e-03
3.595548120000000014e-02
1.882995109999999889e-02
5.084809660000000342e-02
6.061580779999999752e-02
5.976744739999999972e-02
4.907900090000000271e-02
2.943620320000000113e-03
8.255160599999999960e-02
9.297974409999999745e-03
6.794556979999999413e-02
3.158705679999999905e-02
3.331825139999999852e-02
5.507324260000000249e-02
6.368660930000000220e-02
1.928349880000000127e-01
4.370750109999999716e-02
3.037050180000000141e-02
6.757532809999999834e-02
5.040936919999999821e-02
4.383292789999999883e-02
5.183165149999999916e-02
4.849507289999999832e-02
7.773551339999999754e-02
3.687104959999999709e-02
1.216156709999999946e-01
1.261073199999999950e-01
-1.582035050000000012e-02
1.307137610000000116e-01
5.749703569999999736e-02
1.308929030000000049e-01
-1.510527219999999995e-03
9.834656860000000334e-02
5.357541889999999779e-02
3.904141490000000159e-02
5.206778270000000236e-02
3.515665979999999663e-02
2.350203509999999885e-02
9.796692429999999396e-02
6.073309849999999899e-02
-5.808259920000000132e-02
1.529981639999999921e-01
3.283929449999999778e-02
1.349453630000000126e-01
8.676324039999999682e-02
1.971951499999999996e-02
-2.085031760000000123e-02
3.966758399999999879e-02
1.605424139999999944e-01
2.957309409999999902e-02
-7.474590560000000071e-03
3.109649940000000154e-02
-2.027963849999999887e-02
1.082662270000000065e-01
6.312846390000000085e-02
9.073844550000000064e-02
8.314354720000000087e-02
1.417914329999999945e-01
5.239157009999999975e-02
1.123873960000000005e-01
5.414684119999999684e-02
4.846874999999999795e-02
-9.271797720000000617e-03
8.968204999999999927e-02
7.639471439999999391e-02
1.091548350000000056e-01
1.103215959999999940e-01
2.800537830000000145e-02
-3.348368449999999941e-03
9.871564060000000140e-02
4.507570340000000009e-02
2.037784830000000103e-02
3.911304470000000200e-02
1.737362589999999919e-03
-5.735371730000000078e-03
2.914398539999999913e-02
1.201592009999999933e-01
1.964560710000000029e-02
1.470671590000000029e-02
9.483522179999999413e-02
1.128217279999999961e-01
2.236462759999999911e-02
8.421512690000000634e-02
5.269892889999999719e-02
6.546361000000000541e-02
-4.444559100000000304e-03
1.324008110000000071e-01
1.138945670000000021e-01
1.065159509999999976e-01
1.129869669999999937e-01
6.053051350000000080e-02
1.650732569999999871e-02
2.007829770000000083e-02
7.301992919999999998e-02
2.781648000000000107e-02
6.210023539999999856e-03
7.866759600000000630e-02
5.460216849999999927e-02
7.706405219999999667e-02
9.430160370000000014e-02
3.729225320000000010e-02
3.825899209999999995e-02
-9.222026910000000188e-03
8.221084620000000676e-02
9.281954169999999393e-02
9.836249800000000654e-02
1.465530970000000072e-02
1.141108200000000017e-01
5.825230480000000155e-02
6.865764409999999818e-02
1.302942189999999889e-01
5.375368519999999817e-02
8.320108060000000472e-02
1.891136170000000047e-02
1.267799880000000101e-01
1.016281549999999978e-01
2.645527010000000082e-02
-8.857788519999999777e-03
4.704149070000000071e-02
-2.496459519999999835e-02
-1.108000519999999961e-02
-7.848301900000000109e-03
2.721453089999999880e-02
7.736738769999999821e-02
-6.860129539999999804e-02
5.496265370000000261e-02
4.027744760000000201e-02
6.077018380000000219e-02
1.128270999999999996e-01
1.124185169999999956e-01
4.137817769999999756e-02
-1.391657349999999953e-02
6.682247669999999418e-02
3.095532770000000017e-02
2.289038900000000057e-02
5.049781500000000145e-02
5.949141830000000131e-02
1.205023009999999992e-02
5.746569110000000064e-02
1.021916050000000048e-01
8.724886179999999380e-02
8.841616659999999850e-02
2.200859230000000097e-02
6.866072119999999668e-02
1.172172280000000066e-02
1.690162719999999952e-01
1.100567580000000045e-01
1.380451920000000110e-01
1.378322989999999915e-01
9.928008909999999632e-02
7.682502269999999522e-02
1.488095239999999951e-02
6.088644640000000219e-02
3.025369530000000112e-02
5.436191709999999705e-02
7.311397050000000009e-02
5.516344680000000167e-02
2.292017639999999884e-02
7.181556520000000055e-02
3.004719130000000141e-02
6.408120690000000674e-02
-7.876109330000000477e-03
7.302810999999999331e-02
8.966857189999999367e-02
4.253896699999999698e-02
7.536748050000000032e-02
3.331883249999999935e-02
6.743758169999999885e-02
4.867285860000000047e-02
1.256459390000000051e-02
5.061548579999999853e-02
9.285533800000000601e-03
7.011885199999999541e-02
3.756733240000000029e-02
3.580594060000000245e-02
1.295084129999999993e-02
8.775844240000000435e-03
-4.858865399999999675e-03
7.501326499999999564e-02
1.209626869999999993e-01
1.022547480000000064e-01
3.810977559999999958e-02
8.967213329999999816e-02
3.621510039999999847e-02
1.027839630000000060e-01
7.190731170000000394e-02
1.472987679999999966e-01
2.991950330000000061e-02
-8.293932299999999189e-03
9.718571600000000532e-02
1.083254069999999986e-01
1.137775179999999942e-01
9.976510700000000564e-02
8.575951310000000383e-02
6.597055490000000577e-02
2.991950330000000061e-02
1.134860659999999966e-01
6.129395960000000310e-02
7.998327169999999708e-02
8.436509220000000531e-02
1.209626869999999993e-01
1.878254860000000137e-01
-2.353135309999999925e-02
-2.287946639999999948e-02
4.031369840000000038e-02
6.006076929999999703e-02
6.941749899999999363e-02
-2.092585900000000151e-02
7.562760259999999624e-02
1.068020390000000014e-01
-3.419117299999999832e-03
1.498026550000000068e-01
9.986809639999999488e-02
3.322761879999999723e-02
-3.429026529999999739e-02
4.776648430000000195e-02
6.364656979999999686e-02
8.190254869999999410e-02
-1.107106569999999953e-03
1.110345570000000059e-01
6.407189369999999329e-02
3.429571170000000196e-02
1.138954610000000034e-01
7.114593680000000364e-02
5.413812030000000192e-02
1.439238340000000005e-01
5.813397470000000039e-02
2.614273879999999897e-02
1.232234850000000007e-02
1.379588250000000071e-01
-5.911006130000000247e-03
6.671855599999999831e-02
2.285410090000000033e-02
1.383304890000000009e-01
1.153426020000000024e-01
1.626813109999999951e-01
-2.148960340000000135e-02
3.352680429999999739e-02
6.716918199999999395e-02
-1.302567590000000032e-02
3.024132360000000158e-02
1.947746800000000125e-02
8.965727689999999916e-02
1.379240120000000021e-02
-6.271129100000000234e-02
8.965619649999999330e-02
1.153426020000000024e-01
6.208302450000000028e-02
5.673469600000000113e-02
5.438702930000000046e-02
2.438521390000000094e-02
7.099534570000000377e-02
8.040025089999999763e-02
1.295908239999999934e-01
1.133196499999999940e-01
-4.291682690000000328e-02
5.480121820000000143e-02
4.690207539999999981e-02
1.416800920000000075e-01
3.245133909999999705e-02
-7.872453720000000606e-05
2.835883950000000001e-02
-1.108922179999999964e-03
9.266643780000000108e-03
5.138422549999999839e-02
3.543148559999999975e-02
1.497494729999999941e-01
3.160054240000000070e-02
7.449062909999999704e-02
1.730223750000000130e-02
7.987315209999999721e-02
7.940665630000000308e-02
3.277988729999999767e-02
2.626639420000000114e-02
-3.755835440000000053e-02
1.073246520000000065e-01
8.521141860000000512e-02
3.076636599999999985e-02
1.158812719999999935e-01
7.183690369999999603e-02
1.158459039999999995e-01
2.020102550000000066e-02
3.036070990000000122e-02
-5.364906789999999981e-02
5.736341699999999641e-03
8.964784439999999577e-02
8.098819849999999709e-02
5.508130879999999924e-03
2.633223310000000136e-02
8.375677469999999458e-02
-1.682526250000000029e-02
8.512862770000000079e-02
3.699043020000000043e-02
9.864463469999999387e-03
1.461993309999999879e-01
6.199233610000000338e-02
4.590638729999999695e-02
1.042404470000000000e-01
6.357305500000000331e-02
3.729133309999999729e-02
1.796315050000000038e-02
5.444921180000000110e-02
1.734178700000000087e-02
-1.353409419999999919e-02
2.489931509999999959e-02
1.394636780000000076e-01
5.638691409999999765e-02
-2.280204560000000016e-03
9.143013510000000746e-03
9.125948700000000025e-02
1.029584260000000057e-01
3.868186099999999794e-02
2.083629929999999963e-02
4.848721999999999754e-02
1.672315599999999944e-02
5.438702930000000046e-02
-2.898265239999999951e-02
1.002231090000000047e-01
1.792230829999999844e-02
5.334470050000000158e-02
1.004845870000000002e-01
5.261575059999999693e-02
8.510036020000000256e-02
1.059560999999999975e-01
1.185925899999999977e-01
9.115863590000000682e-02
2.028296589999999955e-01
7.513765990000000061e-02
8.605444800000000560e-03
9.124009310000000261e-02
1.170670610000000000e-01
3.928842020000000018e-02
9.963193539999999626e-02
7.559763640000000118e-02
2.271017529999999791e-03
1.433986130000000081e-01
8.965099599999999669e-02
6.838282939999999754e-02
1.707630229999999860e-02
6.908100840000000464e-02
1.393622069999999984e-02
1.239030960000000042e-01
1.054920780000000030e-01
6.437171999999999339e-02
1.118856149999999938e-01
-5.154041570000000155e-03
2.807902729999999999e-02
1.272330430000000005e-02
8.801238979999999323e-02
3.901816529999999755e-02
7.503056530000000446e-02
-1.304932779999999973e-02
1.146566350000000067e-01
1.341013890000000014e-02
2.236597430000000081e-02
2.110770340000000037e-02
4.586540160000000116e-02
8.630705619999999578e-02
4.725468160000000084e-02
5.003751439999999662e-02
1.165110540000000028e-01
3.661116589999999921e-02
7.161382589999999715e-02
1.355642380000000036e-01
2.410349809999999884e-02
1.222510259999999988e-01
1.244154389999999923e-02
6.419814379999999598e-02
-1.096051540000000024e-03
4.355762149999999749e-02
7.454463090000000569e-02
6.245119500000000101e-02
3.058705109999999838e-02
9.479998800000000170e-02
-8.493553850000000460e-02
-3.233865279999999925e-02
4.960539939999999981e-02
1.173098010000000052e-01
-1.924142989999999900e-02
8.796542139999999343e-02
1.356084200000000073e-01
3.763478989999999996e-02
4.670058939999999909e-02
4.407346250000000049e-02
3.834106770000000192e-02
1.641207370000000165e-02
7.809983189999999964e-02
9.798189999999999678e-02
1.112642360000000025e-01
2.721308360000000010e-02
-1.180940309999999917e-02
5.893765759999999854e-02
2.731231739999999842e-03
1.206453370000000053e-01
6.148271260000000293e-02
1.882129809999999979e-03
9.695716199999999951e-02
-2.342714459999999978e-03
5.648328360000000326e-02
2.068148549999999919e-02
5.111061039999999916e-02
8.233190750000000079e-04
1.346829679999999863e-01
-7.414054130000000131e-02
1.078623159999999997e-01
1.161319239999999975e-01
1.054920780000000030e-01
1.345224680000000061e-01
7.840673439999999370e-03
-2.145739270000000115e-02
2.625004759999999965e-02
7.057399300000000153e-02
9.501934049999999354e-02
2.959387000000000129e-02
3.555756060000000301e-02
3.408599639999999875e-02
4.298339040000000166e-02
5.527022479999999655e-02
5.855621770000000309e-02
-2.353123580000000131e-02
1.323325780000000063e-01
9.320563819999999611e-02
1.119085179999999985e-01
1.459094730000000117e-01
1.388299759999999938e-01
3.003198649999999983e-02
2.375475130000000157e-02
7.048641890000000021e-02
2.236597430000000081e-02
1.352401970000000064e-01
1.199515760000000042e-01
3.094154180000000150e-03
4.972401629999999989e-02
8.218191560000000229e-02
5.004770680000000110e-02
6.281229850000000225e-02
7.718041539999999368e-02
1.886798069999999841e-02
2.177314270000000121e-02
-2.951182429999999954e-02
8.961974080000000009e-02
8.782211689999999682e-02
6.089580060000000100e-02
1.455140259999999908e-01
8.758505430000000647e-02
4.675376039999999678e-02
2.528083319999999828e-02
9.158136699999999686e-02
3.638908269999999862e-02
-1.842848030000000109e-02
1.916299570000000105e-02
1.597106829999999852e-02
1.269904079999999991e-01
5.616575480000000203e-02
1.024693549999999981e-01
9.740974010000000294e-02
6.437980379999999614e-02
-1.796292610000000062e-03
-1.901362649999999849e-02
1.479945520000000049e-02
-1.367734369999999977e-01
1.118961720000000021e-01
9.164111319999999894e-02
4.561380300000000138e-02
1.068266179999999982e-01
-2.911783199999999974e-02
4.387222980000000244e-02
1.433339419999999920e-01
2.742039779999999941e-02
7.651577889999999771e-02
9.885450129999999100e-04
1.220720190000000038e-01
-2.104478889999999991e-02
1.456496120000000116e-01
6.581928580000000195e-02
1.927597819999999837e-02
5.512753499999999834e-02
9.517648069999999627e-02
4.957276959999999677e-02
1.108861790000000014e-01
-5.707111210000000157e-02
9.543059019999999837e-02
8.567723630000000090e-02
-3.259002040000000266e-02
9.980867059999999624e-02
4.021620010000000189e-02
1.895066649999999908e-01
1.704030039999999968e-01
7.344151290000000554e-02
1.392210829999999955e-02
9.385617820000000111e-02
-3.994971509999999809e-02
-4.925040160000000028e-02
8.962079139999999666e-02
6.014899159999999995e-02
1.439391369999999948e-01
6.531527639999999690e-02
5.071541289999999952e-02
7.282768189999999642e-02
1.455730500000000094e-01
1.984415949999999984e-01
9.180905670000000240e-02
4.739059880000000280e-02
5.918012560000000116e-02
9.635907409999999729e-02
1.236084999999999962e-01
-2.789366990000000102e-02
9.392768140000000432e-02
3.552979600000000238e-02
4.128953440000000114e-02
1.790740529999999830e-02
2.869949490000000061e-02
6.301875410000000455e-02
4.363382240000000106e-02
2.060616020000000104e-02
1.173701810000000040e-01
3.214747460000000334e-02
-3.210884050000000021e-03
4.532023520000000305e-02
8.960178489999999496e-02
6.418335440000000336e-02
2.853728460000000064e-02
6.461295490000000530e-02
2.510954249999999832e-02
1.207047779999999987e-01
1.982802760000000088e-03
5.284812299999999685e-02
1.529699860000000022e-01
8.532533790000000617e-02
-2.918763090000000074e-02
1.017218160000000066e-01
2.742498180000000133e-02
1.613617539999999961e-01
2.024803759999999897e-01
6.796435269999999418e-02
1.021244449999999943e-01
2.887191810000000122e-02
8.327954260000000608e-02
2.025419659999999969e-02
1.962156220000000131e-02
9.596408160000000076e-02
1.266111729999999935e-01
1.019198000000000048e-01
8.741261810000000576e-02
2.434649129999999842e-02
-1.630621399999999943e-02
1.953149140000000061e-01
7.590799780000000163e-02
8.961074049999999402e-02
4.879756269999999813e-02
3.607666860000000031e-02
1.170108690000000035e-01
5.653331059999999741e-02
7.456595450000000347e-02
4.957276959999999677e-02
6.802383809999999753e-02
9.161075949999999968e-02
1.416601690000000024e-01
1.167620719999999945e-01
2.870124209999999967e-02
2.104730160000000128e-01
7.953228060000000488e-02
4.318036509999999967e-02
8.508341760000000253e-02
3.823430459999999781e-02
6.103834880000000296e-02
1.279524270000000075e-01
9.778831899999999855e-02
4.525940400000000134e-03
5.196332559999999878e-02
1.032603609999999950e-01
-3.869466860000000258e-02
2.325456960000000031e-02
3.684327379999999957e-02
7.072295989999999311e-02
-7.706719449999999833e-03
-3.520199660000000036e-02
-7.404156770000000498e-02
-6.079976449999999893e-03
-1.429173819999999921e-02
5.525955459999999826e-03
5.585156010000000282e-02
1.901832970000000012e-01
1.637517059999999969e-01
2.148583160000000145e-02
1.402767000000000042e-01
1.382601260000000110e-01
2.136296409999999951e-02
1.232631059999999973e-01
7.862748949999999459e-02
1.409252579999999977e-01
2.852159179999999919e-02
1.056430190000000047e-01
4.879756269999999813e-02
5.178522320000000095e-02
5.625403300000000190e-02
-1.984892409999999829e-02
1.270152629999999894e-01
-2.784048769999999950e-02
-2.898848619999999893e-04
1.531377429999999928e-01
2.450354960000000054e-02
8.960178489999999496e-02
1.399801220000000124e-01
1.635719979999999962e-01
1.297727820000000032e-01
-5.355351419999999918e-02
1.090587820000000069e-01
1.022804529999999934e-01
-2.141124200000000047e-02
1.037753520000000013e-01
-3.603973240000000328e-02
1.897581670000000054e-01
8.254335819999999990e-02
1.442857090000000120e-01
2.742498180000000133e-02
8.476546409999999310e-02
8.210866899999999524e-02
1.319419890000000095e-01
-3.424256290000000230e-02
8.084478970000000264e-02
-8.288886400000000654e-02
6.541559099999999516e-02
8.445632459999999342e-02
-3.545941779999999682e-02
4.683610049999999830e-02
1.795710999999999835e-02
7.072295989999999311e-02
5.852272359999999979e-02
1.417616960000000082e-03
-2.142436240000000075e-02
8.958169820000000394e-02
1.275074479999999955e-01
7.730509339999999674e-02
9.186542030000000025e-02
5.317922679999999985e-02
1.474534120000000059e-01
1.206401289999999987e-01
-2.088784800000000053e-02
1.376721449999999958e-02
8.084478970000000264e-02
5.246880279999999869e-02
-7.143851369999999756e-02
6.679155679999999873e-02
8.153024320000000491e-02
1.020289959999999968e-01
8.490688350000000217e-02
5.585156010000000282e-02
9.180905670000000240e-02
1.114977449999999953e-01
-2.845576729999999954e-03
2.579252610000000098e-02
3.018755470000000080e-02
7.016397269999999353e-02
1.393107620000000046e-01
1.338502320000000134e-01
4.205156859999999858e-02
-4.478175570000000189e-02
1.132084579999999979e-01
-2.140378949999999919e-02
6.318636980000000292e-02
6.588100639999999730e-02
9.601888249999999264e-03
5.051095779999999896e-02
8.818487640000000766e-03
8.422800149999999653e-02
2.007313669999999939e-01
-1.268641199999999969e-01
6.500386449999999428e-02
1.086052660000000059e-01
6.527329980000000365e-02
-7.444676479999999714e-03
5.940027159999999862e-02
5.675388029999999841e-03
1.443864260000000121e-01
1.037771529999999970e-02
1.878109129999999960e-01
1.703867879999999835e-02
1.595791880000000107e-01
-7.621270139999999742e-03
2.727084230000000054e-02
6.827090680000000300e-02
2.778347020000000028e-02
3.046881220000000057e-02
9.773712610000000189e-02
2.923294309999999729e-01
1.043772470000000063e-01
1.733675450000000118e-01
1.739695519999999995e-01
1.342885199999999980e-02
-3.339431059999999757e-02
8.667882529999999808e-02
9.533881399999999395e-02
1.152908349999999943e-01
8.233238010000000495e-02
-4.403496910000000153e-02
2.111520620000000015e-01
1.009155659999999982e-01
3.951766339999999988e-02
9.086842649999999494e-03
-3.811348970000000280e-02
5.599811670000000297e-02
-3.036828899999999970e-02
2.101417630000000092e-01
5.668321619999999728e-02
1.858583239999999914e-01
-9.746399520000000039e-02
4.178160429999999703e-02
1.547021869999999910e-01
1.561609509999999923e-01
1.198839630000000022e-03
1.995311529999999889e-01
1.252167770000000083e-02
8.957047760000000358e-02
7.791828359999999898e-02
-5.957552790000000126e-02
1.725659220000000105e-01
-3.719026599999999960e-02
-5.513549599999999912e-02
2.009941789999999950e-01
1.561609509999999923e-01
-2.996649590000000085e-02
-6.208908739999999607e-03
1.916787480000000099e-01
7.777777310000000277e-02
4.641698300000000194e-02
-7.118979000000000106e-03
1.086052660000000059e-01
1.495852020000000004e-01
1.185070800000000008e-01
2.124685940000000106e-01
4.641698300000000194e-02
4.136915879999999990e-02
1.389607139999999956e-02
4.988579449999999693e-02
2.210436020000000057e-01
6.625209749999999564e-02
1.036303400000000013e-02
1.389607139999999956e-02
3.897823019999999833e-02
2.915587650000000045e-02
6.010971960000000003e-02
1.299534180000000080e-02
-1.927023749999999883e-02
1.246762349999999964e-01
3.897823019999999833e-02
6.058121100000000286e-02
1.155886799999999992e-01
2.621808830000000104e-02
1.073330639999999989e-02
6.205331909999999701e-02
7.369112969999999652e-02
3.470949079999999937e-02
3.497859460000000281e-02
-2.276359680000000080e-02
3.928061570000000030e-02
2.550449590000000016e-02
-5.510953810000000092e-02
4.787185790000000191e-02
1.104181040000000030e-01
1.068265810000000038e-01
6.381444629999999396e-02
-1.046088899999999926e-02
1.453375720000000051e-02
1.117407900000000065e-01
1.910940260000000002e-01
8.280529829999999647e-02
-1.040080929999999959e-01
2.049637290000000112e-01
-2.123272739999999912e-03
-1.948554560000000113e-05
6.795497239999999384e-02
8.954548839999999787e-02
8.053360129999999339e-02
7.403551790000000021e-02
6.679155679999999873e-02
7.993880659999999527e-02
9.273784609999999318e-02
8.954018349999999515e-02
2.847735770000000069e-02
2.096701559999999964e-01
2.517537209999999841e-03
5.611893529999999880e-02
1.847590209999999955e-01
-8.677695880000000847e-03
3.110704200000000141e-02
2.802958710000000124e-03
1.243836430000000021e-01
7.298695299999999331e-02
1.276769040000000077e-01
1.954234840000000084e-01
5.952145159999999713e-02
8.954548839999999787e-02
1.494927110000000003e-01
-2.524557339999999872e-02
3.146767240000000049e-02
-4.704312979999999977e-02
-1.404525809999999930e-02
4.727589429999999940e-03
-1.144353950000000057e-02
1.457967609999999969e-01
-5.872799079999999755e-02
1.125036549999999941e-01
1.275579039999999997e-01
1.884252429999999923e-01
7.702198620000000329e-02
9.661899509999999358e-02
1.021974610000000033e-01
3.402484950000000258e-02
2.086197960000000032e-02
3.526078540000000122e-02
1.333381829999999990e-01
-9.332440790000000319e-03
1.131352189999999952e-01
8.219023790000000440e-02
