2.155765299999999884e-01
2.181414660000000061e-01
2.346748260000000030e-01
2.253690210000000027e-01
2.211276440000000121e-01
2.233474550000000003e-01
2.218920139999999985e-01
2.067525239999999931e-01
1.975581939999999925e-01
2.045194800000000035e-01
1.899326440000000116e-01
2.060201170000000026e-01
1.999704840000000039e-01
1.984273340000000108e-01
1.865204570000000006e-01
1.874061820000000045e-01
1.683287019999999967e-01
1.590341329999999942e-01
1.793888959999999921e-01
1.637993309999999925e-01
1.596162919999999930e-01
1.640075589999999972e-01
1.893631219999999948e-01
1.734235729999999975e-01
1.457442190000000082e-01
1.421330269999999951e-01
1.689177159999999955e-01
1.495432110000000092e-01
1.618053319999999962e-01
1.504195779999999982e-01
1.529818619999999962e-01
1.267412599999999945e-01
1.584701239999999900e-01
1.381045130000000121e-01
1.510775540000000028e-01
1.533169450000000100e-01
1.437424120000000138e-01
1.442831900000000056e-01
1.446292999999999884e-01
1.328786459999999892e-01
1.532569530000000013e-01
1.560570900000000094e-01
1.511209159999999940e-01
1.463072149999999905e-01
1.618328840000000102e-01
1.529557410000000062e-01
1.310584549999999904e-01
1.261760889999999913e-01
1.332578359999999906e-01
1.383490559999999980e-01
1.456983089999999981e-01
1.475737390000000093e-01
1.449477819999999972e-01
1.474246080000000125e-01
1.396362780000000026e-01
1.456220000000000014e-01
1.437395810000000052e-01
1.631662700000000021e-01
1.445493099999999864e-01
1.627987770000000056e-01
1.277402790000000121e-01
1.572183370000000135e-01
1.464208660000000106e-01
1.449272630000000006e-01
1.427164380000000010e-01
1.547143460000000026e-01
1.516848949999999863e-01
1.492129560000000077e-01
1.323019709999999904e-01
1.461899580000000087e-01
1.490395069999999877e-01
1.435314269999999892e-01
1.353146279999999924e-01
1.500169040000000065e-01
1.370919349999999981e-01
1.282635779999999892e-01
1.469975560000000014e-01
1.392651500000000042e-01
1.251223529999999917e-01
1.272570040000000069e-01
1.182239060000000036e-01
1.291099490000000016e-01
1.243755220000000022e-01
1.226934719999999979e-01
1.181647110000000056e-01
1.239676620000000062e-01
1.280949859999999940e-01
1.237804960000000037e-01
1.526898439999999912e-01
1.410245300000000090e-01
1.309173999999999893e-01
1.458328220000000008e-01
1.472671180000000024e-01
1.523402630000000035e-01
1.397233459999999983e-01
1.229372319999999935e-01
1.328532400000000113e-01
1.386974450000000025e-01
1.520890000000000020e-01
1.398517039999999934e-01
1.471862640000000111e-01
1.516523509999999908e-01
1.310454759999999941e-01
1.258725229999999862e-01
1.542594730000000081e-01
1.289953889999999881e-01
1.420346799999999965e-01
1.313026099999999863e-01
1.324403429999999882e-01
1.264630409999999983e-01
1.484397500000000092e-01
1.533475220000000139e-01
1.251057979999999903e-01
1.466919929999999928e-01
1.277626159999999955e-01
1.250075099999999884e-01
1.401384169999999874e-01
1.452671140000000027e-01
1.216241720000000026e-01
1.035529230000000050e-01
1.378611919999999935e-01
1.229953990000000053e-01
1.289476900000000037e-01
1.253150550000000085e-01
1.087604840000000045e-01
1.149345709999999993e-01
1.070944370000000007e-01
1.201251370000000068e-01
1.126695350000000012e-01
1.356923280000000009e-01
1.240837870000000009e-01
1.187614429999999943e-01
1.409547029999999868e-01
1.428575219999999868e-01
1.024360950000000048e-01
1.188366260000000008e-01
1.305623650000000135e-01
1.432277409999999918e-01
1.403228189999999875e-01
1.258761439999999954e-01
1.185899900000000062e-01
1.207312569999999946e-01
1.092248859999999933e-01
1.360039409999999893e-01
1.089813109999999974e-01
1.302666809999999953e-01
1.295997200000000016e-01
1.225126160000000047e-01
1.484660660000000076e-01
1.327574400000000043e-01
1.306761210000000062e-01
1.153501049999999944e-01
1.293693629999999872e-01
1.229970680000000011e-01
1.310496780000000028e-01
1.393896940000000084e-01
1.363670080000000118e-01
1.254504320000000006e-01
1.370752299999999924e-01
1.219350770000000028e-01
1.441909070000000070e-01
1.241460739999999952e-01
1.421326549999999966e-01
1.222636180000000045e-01
1.079159380000000029e-01
1.259859949999999895e-01
1.068016960000000015e-01
1.267306950000000043e-01
1.267739979999999989e-01
1.379905489999999901e-01
1.338346149999999901e-01
1.210450750000000020e-01
1.437593100000000013e-01
1.303326929999999995e-01
1.268917469999999992e-01
1.201669870000000029e-01
1.376877579999999934e-01
1.179482040000000009e-01
1.304865030000000037e-01
1.316376180000000118e-01
1.098173260000000068e-01
9.810959549999999363e-02
1.248714920000000006e-01
1.209842559999999984e-01
1.248234440000000056e-01
1.266751889999999936e-01
1.440644859999999916e-01
1.114957480000000056e-01
1.395961940000000068e-01
1.247215200000000024e-01
1.254435929999999921e-01
1.202198939999999938e-01
1.328092070000000124e-01
1.272936460000000103e-01
1.217463170000000067e-01
1.300725490000000095e-01
1.398890170000000044e-01
1.110126000000000029e-01
1.162969539999999941e-01
1.125789509999999966e-01
1.055261940000000037e-01
1.223293770000000030e-01
1.116695399999999977e-01
1.153346969999999999e-01
1.296776239999999913e-01
1.052099539999999944e-01
1.240534560000000064e-01
1.263785510000000056e-01
1.170141549999999947e-01
8.579589429999999461e-02
1.415775119999999887e-01
1.122282450000000043e-01
1.340241580000000043e-01
1.408187300000000031e-01
1.227863800000000005e-01
1.394684609999999880e-01
1.348614099999999871e-01
1.089193450000000007e-01
1.319603619999999977e-01
1.330934910000000082e-01
1.083198930000000004e-01
1.260398919999999867e-01
1.305225640000000076e-01
1.175986079999999934e-01
1.097321579999999963e-01
1.157489790000000018e-01
1.111048830000000015e-01
1.206094399999999983e-01
1.109812190000000059e-01
1.378039719999999968e-01
1.306668669999999921e-01
1.195432389999999956e-01
1.246361879999999950e-01
1.007387940000000065e-01
1.336262820000000129e-01
1.218318719999999938e-01
1.065998150000000005e-01
1.117547380000000062e-01
1.176160720000000021e-01
1.368073370000000011e-01
1.173599589999999998e-01
1.082502159999999963e-01
1.360933179999999909e-01
1.386244000000000087e-01
1.094854469999999996e-01
1.138897460000000000e-01
1.030397559999999962e-01
1.267420350000000029e-01
1.243066040000000011e-01
1.066083909999999968e-01
1.238451529999999995e-01
1.251322480000000015e-01
1.061294299999999968e-01
1.168761029999999951e-01
1.091673600000000049e-01
9.866394100000000500e-02
9.347483519999999491e-02
9.269268070000000193e-02
1.238313169999999963e-01
1.225298050000000055e-01
1.301882859999999864e-01
1.164850070000000015e-01
1.169101520000000033e-01
1.219536439999999999e-01
1.296285389999999871e-01
1.130409539999999990e-01
1.187515479999999984e-01
1.289541270000000017e-01
1.206581740000000069e-01
1.359574199999999955e-01
1.083798779999999989e-01
1.099511759999999977e-01
1.176052020000000059e-01
1.076613810000000004e-01
1.236907389999999940e-01
8.487711850000000113e-02
9.788750109999999616e-02
1.120576340000000032e-01
1.172176820000000036e-01
1.033766639999999931e-01
1.271069200000000121e-01
1.370264890000000013e-01
1.115762289999999990e-01
1.098814679999999960e-01
1.198879179999999961e-01
1.352036600000000033e-01
1.065703479999999953e-01
1.264757810000000093e-01
1.037356630000000057e-01
1.298248620000000131e-01
1.265708799999999967e-01
9.112570429999999888e-02
1.187590810000000024e-01
9.783634539999999657e-02
1.438890250000000037e-01
1.297029700000000008e-01
1.663911489999999882e-01
1.324962530000000083e-01
1.224121819999999944e-01
1.186941340000000067e-01
1.347644630000000010e-01
9.874325990000000497e-02
1.378682260000000104e-01
1.256407649999999876e-01
1.271629629999999900e-01
1.035686209999999996e-01
1.182799560000000055e-01
1.245237889999999958e-01
1.166150120000000040e-01
1.251316219999999979e-01
1.180812940000000033e-01
1.468998639999999911e-01
1.143998499999999974e-01
1.145337149999999943e-01
1.020706970000000019e-01
1.079328130000000024e-01
1.240877289999999938e-01
9.782463310000000245e-02
1.343751099999999921e-01
9.105414900000000089e-02
1.106095690000000048e-01
1.085106879999999940e-01
1.206541730000000034e-01
1.092781349999999985e-01
1.306287799999999999e-01
1.234315039999999974e-01
1.215627340000000056e-01
1.111095770000000010e-01
1.295525280000000001e-01
1.108924369999999965e-01
1.177238969999999940e-01
1.047415510000000022e-01
9.383295480000000688e-02
1.175034340000000038e-01
1.281398390000000054e-01
1.202866509999999944e-01
1.247298490000000037e-01
1.258867529999999901e-01
1.067785839999999958e-01
1.133592580000000044e-01
1.440785679999999902e-01
1.118167419999999967e-01
1.233830449999999967e-01
1.100617049999999958e-01
1.282395570000000040e-01
1.120130569999999992e-01
1.168987830000000061e-01
1.049771459999999934e-01
1.237488540000000053e-01
1.005073189999999977e-01
1.094612850000000054e-01
1.067978740000000010e-01
1.194197760000000053e-01
1.099316480000000068e-01
1.351783569999999990e-01
1.242178979999999933e-01
1.304372400000000098e-01
1.341370640000000003e-01
1.160478520000000069e-01
1.104310079999999972e-01
9.352020169999999966e-02
1.077339719999999973e-01
1.156409159999999964e-01
1.140047539999999998e-01
1.256497950000000086e-01
9.171912819999999966e-02
9.154465050000000492e-02
1.351354869999999986e-01
1.031361219999999967e-01
1.027881499999999948e-01
9.384305029999999437e-02
1.256838590000000089e-01
1.189794760000000007e-01
1.140402999999999972e-01
1.436548679999999911e-01
1.059600930000000052e-01
1.147565769999999985e-01
1.153043660000000054e-01
1.008492410000000061e-01
9.780416640000000328e-02
1.261732580000000103e-01
1.154267860000000034e-01
1.338348390000000110e-01
1.000464189999999975e-01
7.960291210000000617e-02
1.242297370000000067e-01
1.136359650000000054e-01
1.215132470000000048e-01
1.268354210000000037e-01
1.014717069999999943e-01
9.044659139999999820e-02
1.054636760000000062e-01
1.009990649999999990e-01
1.203249690000000038e-01
7.290668040000000683e-02
9.826288369999999772e-02
1.168103520000000062e-01
9.759018569999999837e-02
1.226300079999999987e-01
9.433076529999999404e-02
1.252184060000000043e-01
9.585104880000000493e-02
1.165642659999999997e-01
1.115322710000000023e-01
9.182444210000000051e-02
1.291414200000000068e-01
1.045173330000000039e-01
1.059835110000000025e-01
1.170332210000000067e-01
1.062094940000000015e-01
1.141219809999999973e-01
1.243423669999999953e-01
1.038084999999999980e-01
7.496155050000000153e-02
9.034582970000000490e-02
1.001933440000000036e-01
1.095383169999999962e-01
9.617651250000000540e-02
1.037168430000000030e-01
1.127316280000000004e-01
1.283452210000000093e-01
1.125247629999999999e-01
1.270209399999999988e-01
1.026136730000000025e-01
1.038541419999999965e-01
1.140036209999999994e-01
9.629936520000000055e-02
9.948424990000000190e-02
1.254956130000000059e-01
1.355761289999999897e-01
1.151598020000000056e-01
9.602778400000000492e-02
1.031358990000000031e-01
1.025404480000000063e-01
9.885381159999999390e-02
1.033050189999999979e-01
1.114063930000000063e-01
1.042679999999999996e-01
1.171154979999999984e-01
1.116972640000000044e-01
9.852132950000000444e-02
1.099064800000000008e-01
1.313595029999999886e-01
8.894006159999999495e-02
1.147913339999999949e-01
8.837529269999999659e-02
1.437884869999999926e-01
1.303759959999999940e-01
1.044791489999999934e-01
1.073366999999999932e-01
1.073288550000000008e-01
1.135183349999999980e-01
1.057342440000000050e-01
1.246471329999999933e-01
1.008505819999999942e-01
9.834750000000000436e-02
9.026286749999999637e-02
9.456980969999999320e-02
1.036719829999999953e-01
8.677180110000000390e-02
1.060187439999999981e-01
1.127480119999999947e-01
1.164372860000000010e-01
1.077897030000000006e-01
1.317687180000000069e-01
9.950689229999999663e-02
1.129208210000000046e-01
1.248906480000000069e-01
1.147186230000000057e-01
1.004311519999999958e-01
1.002035139999999935e-01
9.803555160000000657e-02
1.268883199999999989e-01
9.770760689999999360e-02
9.445279839999999594e-02
1.015689369999999980e-01
8.929091690000000303e-02
1.258625240000000034e-01
8.037333939999999344e-02
8.685759449999999604e-02
8.522273599999999338e-02
9.381823990000000280e-02
1.008264350000000059e-01
1.227800319999999973e-01
1.005754400000000021e-01
1.192535680000000042e-01
1.180646350000000011e-01
1.063491849999999989e-01
1.064554300000000037e-01
1.142577010000000032e-01
1.054893580000000053e-01
8.886937050000000282e-02
1.064338310000000065e-01
1.173457730000000004e-01
1.004017809999999955e-01
1.034697960000000028e-01
1.130041410000000024e-01
1.103638630000000065e-01
1.183725969999999961e-01
1.155669839999999976e-01
8.816232529999999679e-02
1.104766199999999976e-01
1.149756910000000049e-01
9.804842619999999676e-02
1.094525979999999982e-01
1.119103429999999955e-01
8.409752700000000525e-02
1.297420260000000103e-01
1.003515720000000000e-01
9.406764060000000205e-02
9.494317319999999449e-02
8.213939520000000660e-02
9.178732339999999545e-02
1.008217780000000008e-01
1.277389969999999930e-01
9.500820929999999331e-02
1.263953889999999969e-01
1.279558239999999958e-01
1.071846260000000051e-01
1.021518480000000034e-01
1.102093090000000053e-01
1.113460589999999972e-01
7.947946340000000554e-02
1.062752309999999978e-01
9.429193290000000005e-02
1.069355830000000007e-01
1.204563230000000040e-01
1.116491480000000036e-01
1.007609220000000028e-01
1.031798500000000035e-01
1.339820620000000129e-01
1.054240840000000012e-01
1.052769800000000061e-01
1.156035589999999946e-01
1.014421509999999943e-01
1.346875280000000008e-01
1.293339279999999869e-01
1.071443710000000021e-01
1.177582890000000021e-01
1.146098599999999940e-01
9.980957960000000351e-02
1.200927940000000027e-01
1.206705790000000000e-01
1.006328239999999957e-01
1.076762379999999936e-01
9.327366199999999330e-02
9.279301759999999955e-02
6.672674419999999329e-02
1.227493880000000009e-01
9.839502719999999869e-02
8.245666329999999655e-02
1.026045079999999970e-01
9.617430720000000322e-02
1.159276219999999941e-01
1.161157409999999945e-01
1.116440149999999992e-01
1.227079630000000032e-01
1.143231090000000061e-01
1.079230899999999993e-01
1.321377460000000004e-01
8.300844579999999695e-02
1.156934569999999995e-01
1.096228729999999957e-01
1.411286740000000095e-01
9.252867850000000283e-02
1.045315940000000055e-01
1.053650379999999942e-01
1.220543459999999941e-01
1.171080020000000027e-01
1.010028500000000051e-01
1.277425889999999897e-01
9.160902349999999750e-02
9.128472209999999309e-02
1.092628989999999967e-01
9.303034100000000250e-02
1.033018529999999990e-01
1.050315869999999957e-01
8.299533280000000179e-02
1.184352340000000003e-01
1.035210639999999960e-01
1.070657520000000001e-01
1.147865059999999965e-01
1.117138710000000063e-01
1.061192150000000028e-01
1.123398540000000029e-01
1.099609059999999972e-01
1.003799140000000006e-01
1.111197170000000067e-01
1.172115059999999931e-01
1.174774989999999991e-01
1.279328610000000088e-01
1.095038799999999979e-01
8.954087639999999682e-02
1.246541889999999986e-01
8.353073889999999835e-02
1.192690059999999969e-01
1.334767490000000056e-01
8.921830360000000681e-02
1.062860639999999995e-01
1.130311789999999955e-01
9.401944280000000542e-02
1.048303170000000062e-01
9.374515710000000390e-02
9.417569639999999465e-02
9.523285180000000405e-02
9.630139170000000248e-02
1.146996019999999977e-01
9.899379310000000487e-02
1.054130419999999985e-01
9.893677380000000243e-02
1.142319809999999963e-01
1.261020449999999959e-01
1.041367430000000038e-01
1.204883159999999981e-01
1.103997599999999996e-01
9.786717590000000577e-02
1.093162669999999947e-01
9.820832309999999454e-02
9.847344460000000133e-02
1.096308160000000059e-01
1.049184950000000005e-01
1.041170510000000021e-01
1.136204749999999986e-01
1.109758019999999984e-01
9.464896470000000450e-02
1.013088669999999969e-01
9.791037439999999981e-02
9.332454199999999644e-02
1.186725720000000039e-01
1.209894569999999947e-01
8.776818220000000281e-02
1.045007849999999988e-01
1.293980929999999918e-01
1.213511449999999936e-01
9.279623630000000123e-02
1.297379579999999866e-01
1.075970900000000063e-01
9.689030799999999444e-02
1.043903310000000029e-01
1.041775640000000003e-01
1.127243190000000034e-01
1.249620689999999951e-01
1.036151349999999971e-01
1.207913979999999943e-01
9.130191059999999414e-02
1.040006879999999939e-01
1.047033369999999936e-01
1.105319490000000043e-01
5.693144719999999881e-02
7.902045550000000307e-02
9.780748929999999453e-02
8.490902190000000627e-02
8.363693210000000544e-02
1.112912739999999956e-01
1.108065550000000010e-01
1.086776029999999976e-01
8.721221980000000429e-02
1.092630619999999941e-01
9.951063990000000303e-02
1.110523719999999964e-01
1.040647330000000065e-01
1.101717869999999933e-01
1.114618930000000063e-01
1.141977009999999987e-01
1.110152969999999989e-01
1.065077859999999932e-01
1.246461049999999932e-01
1.182747410000000027e-01
9.878336640000000279e-02
1.127119359999999987e-01
1.208174600000000015e-01
7.771354169999999950e-02
8.095600460000000609e-02
9.879592060000000342e-02
1.097071170000000068e-01
1.235234590000000021e-01
1.047109289999999943e-01
1.060304420000000025e-01
6.960422550000000541e-02
9.794443849999999452e-02
1.022142919999999983e-01
1.032674910000000029e-01
1.161908130000000039e-01
9.320174900000000040e-02
7.570467890000000255e-02
9.257165339999999520e-02
9.679153560000000600e-02
7.760401819999999951e-02
3.880181540000000179e-02
7.610326259999999898e-02
9.401150789999999924e-02
1.200243379999999943e-01
6.942282619999999571e-02
1.202145369999999963e-01
1.042621059999999933e-01
1.173014339999999961e-01
9.544492509999999430e-02
9.732966869999999660e-02
7.729737459999999616e-02
9.219709040000000078e-02
5.956572289999999964e-02
7.295673340000000118e-02
8.243717999999999879e-02
8.564057199999999814e-02
8.701825139999999625e-02
1.019265200000000066e-01
8.969844130000000082e-02
1.113920139999999975e-01
1.160374509999999998e-01
9.821321819999999370e-02
1.092886029999999981e-01
1.115325540000000060e-01
1.011866700000000063e-01
8.462122830000000373e-02
8.774692570000000580e-02
1.047608780000000017e-01
9.448435160000000221e-02
1.011508629999999936e-01
7.666688409999999898e-02
9.287355099999999863e-02
8.296772089999999988e-02
8.774849769999999716e-02
1.056963800000000064e-01
1.026838050000000030e-01
1.027758119999999942e-01
1.126800329999999989e-01
1.080956240000000013e-01
9.570720050000000589e-02
1.120878980000000052e-01
1.129217819999999983e-01
9.087300299999999387e-02
7.012011109999999325e-02
7.315726579999999590e-02
1.191236529999999960e-01
8.351573349999999452e-02
1.233110060000000008e-01
9.952896830000000639e-02
7.373639199999999783e-02
1.063755599999999940e-01
7.468929139999999633e-02
1.227744969999999963e-01
7.653320580000000373e-02
6.349341569999999990e-02
8.887834099999999959e-02
1.167439670000000040e-01
1.204510780000000031e-01
9.790395200000000242e-02
1.191356699999999991e-01
1.007677609999999974e-01
9.458152200000000120e-02
5.676595870000000071e-02
1.305539759999999883e-01
1.068106820000000040e-01
1.095286379999999976e-01
1.205177159999999970e-01
8.359772710000000495e-02
7.465915380000000268e-02
9.578613190000000166e-02
1.019739139999999988e-01
1.064241679999999995e-01
1.121214999999999989e-01
1.532958449999999861e-01
9.277742360000000577e-02
8.059128370000000208e-02
8.714916559999999479e-02
1.069379300000000005e-01
8.697921779999999436e-02
7.808385789999999771e-02
1.152907910000000036e-01
1.036718340000000044e-01
8.627441530000000414e-02
1.062585119999999994e-01
1.218333909999999992e-01
1.038172319999999954e-01
7.061397279999999388e-02
9.732813390000000231e-02
7.592312249999999541e-02
1.003996129999999987e-01
8.926552529999999541e-02
9.879038480000000566e-02
8.022290470000000007e-02
1.225121319999999958e-01
8.645758030000000316e-02
9.076631070000000523e-02
8.431245390000000062e-02
1.029776629999999971e-01
9.486275909999999922e-02
9.227330979999999461e-02
8.311362560000000455e-02
1.149610499999999952e-01
9.954318400000000677e-02
8.681355420000000378e-02
1.050464730000000013e-01
8.025398109999999641e-02
7.995077220000000595e-02
7.685412469999999829e-02
1.037136689999999944e-01
1.194467689999999943e-01
1.027020740000000043e-01
1.303004769999999979e-01
8.160850410000000665e-02
1.048122789999999943e-01
9.437637779999999421e-02
8.545677359999999390e-02
6.542943419999999732e-02
9.959533809999999987e-02
8.242475239999999537e-02
1.299499120000000008e-01
7.832102479999999978e-02
8.058877289999999416e-02
9.035721419999999393e-02
8.630166949999999726e-02
8.768583829999999912e-02
1.257407809999999959e-01
9.679349510000000156e-02
7.859145100000000661e-02
6.862660499999999331e-02
8.611469720000000660e-02
5.860603600000000024e-02
9.446549419999999975e-02
6.812387699999999935e-02
1.257248519999999981e-01
1.149949430000000022e-01
9.965001049999999694e-02
8.516281840000000658e-02
1.062081899999999940e-01
1.047365590000000068e-01
1.062081899999999940e-01
7.761030639999999536e-02
1.173423829999999946e-01
1.016718000000000066e-01
1.016718000000000066e-01
7.237594569999999949e-02
7.208900899999999556e-02
8.506010469999999990e-02
8.834083380000000429e-02
1.066808100000000009e-01
9.907136860000000100e-02
9.586453440000000659e-02
8.020652829999999622e-02
9.960704300000000622e-02
9.579502049999999436e-02
9.713041779999999348e-02
9.351098539999999626e-02
9.455811229999999679e-02
1.089956910000000057e-01
6.595551970000000652e-02
9.343748540000000602e-02
9.038931879999999308e-02
8.285430069999999425e-02
5.537087100000000206e-02
6.694262469999999465e-02
9.206719700000000339e-02
8.754949269999999506e-02
1.021978040000000032e-01
6.961806859999999930e-02
7.884064320000000459e-02
1.062113870000000043e-01
8.218348770000000192e-02
7.709347460000000318e-02
6.856656070000000103e-02
7.488020509999999963e-02
1.109967379999999976e-01
1.098647420000000013e-01
8.358786999999999467e-02
1.011311260000000017e-01
1.013601789999999947e-01
9.084606920000000418e-02
8.797581490000000448e-02
7.167864590000000424e-02
1.004089940000000014e-01
6.528821590000000175e-02
1.353118869999999918e-01
6.362979109999999938e-02
6.805694850000000573e-02
9.139333669999999410e-02
1.028838160000000029e-01
8.797232060000000076e-02
1.011535229999999952e-01
8.802998809999999785e-02
1.059290019999999943e-01
1.084347890000000036e-01
9.728862350000000436e-02
7.916034010000000398e-02
8.056725559999999842e-02
1.198269430000000052e-01
1.005684959999999933e-01
7.532183829999999913e-02
8.575470749999999920e-02
1.061258689999999977e-01
1.126814190000000049e-01
1.121958940000000043e-01
1.153937500000000033e-01
9.169648589999999932e-02
7.715343680000000259e-02
7.955781369999999353e-02
7.510550320000000668e-02
6.023983659999999907e-02
1.257878990000000086e-01
9.166345750000000348e-02
8.703608810000000584e-02
7.204040879999999702e-02
1.157935560000000058e-01
1.269242469999999900e-01
6.368973109999999382e-02
9.093103560000000141e-02
9.765621269999999465e-02
5.428375679999999925e-02
6.289795789999999553e-02
9.379290789999999989e-02
1.201237889999999947e-01
8.037307859999999471e-02
1.339109390000000066e-01
1.069193259999999951e-01
9.096655989999999359e-02
9.805768730000000155e-02
9.957031909999999875e-02
7.158537950000000427e-02
5.405198409999999870e-02
6.972091649999999363e-02
7.069284469999999321e-02
1.211036520000000061e-01
1.316234470000000045e-01
1.151391640000000022e-01
9.745706619999999765e-02
7.821551710000000657e-02
6.885860119999999418e-02
1.022616030000000065e-01
9.957052019999999837e-02
8.967726680000000228e-02
1.198690460000000069e-01
1.011125969999999985e-01
8.910803500000000210e-02
1.235778180000000059e-01
8.216820660000000165e-02
1.107103529999999975e-01
8.621023599999999565e-02
1.034325289999999953e-01
1.153939890000000024e-01
9.807056929999999340e-02
7.609969380000000672e-02
1.006104800000000021e-01
8.575189110000000503e-02
9.074673060000000568e-02
1.060856129999999953e-01
9.270144249999999475e-02
7.654061169999999692e-02
1.201600659999999959e-01
6.659378859999999511e-02
8.994601670000000604e-02
1.197716219999999943e-01
7.311762870000000636e-02
8.858864010000000455e-02
9.416341779999999606e-02
1.174370349999999952e-01
1.043262030000000062e-01
7.904470710000000011e-02
7.129202040000000296e-02
7.466781879999999372e-02
8.371174339999999658e-02
1.042979660000000058e-01
1.120741519999999963e-01
1.145546729999999958e-01
1.129205380000000009e-01
8.521594109999999778e-02
8.584148440000000102e-02
1.074162419999999951e-01
9.418348220000000159e-02
7.529255749999999581e-02
9.562999010000000633e-02
8.025487509999999769e-02
9.626101700000000427e-02
9.475554529999999365e-02
8.045164500000000218e-02
6.885167209999999705e-02
1.205275880000000049e-01
9.219607709999999567e-02
8.192228529999999453e-02
6.310299040000000304e-02
5.254246290000000319e-02
9.955965730000000680e-02
8.739250899999999322e-02
9.904933720000000386e-02
1.158394289999999938e-01
8.967282619999999982e-02
9.390287099999999887e-02
8.206041899999999556e-02
6.554738429999999727e-02
9.140929579999999832e-02
9.337412570000000467e-02
1.086771190000000026e-01
9.053270519999999377e-02
7.115860279999999816e-02
9.025763720000000434e-02
8.524806050000000024e-02
9.373540430000000534e-02
7.925119999999999387e-02
8.883048590000000577e-02
1.071994530000000001e-01
1.305353190000000108e-01
1.032836740000000059e-01
1.000403170000000036e-01
1.214316639999999947e-01
9.296536449999999452e-02
9.312139449999999596e-02
9.025883669999999748e-02
9.852061419999999514e-02
8.012672510000000414e-02
1.237530929999999946e-01
5.805470050000000048e-02
8.678317069999999522e-02
5.659834300000000235e-02
1.079964409999999986e-01
1.185879559999999944e-01
8.369965849999999596e-02
1.140031890000000048e-01
8.874253930000000623e-02
5.385600399999999899e-02
8.580735329999999994e-02
3.468703110000000145e-02
1.002454309999999960e-01
6.168378139999999843e-02
1.025302629999999965e-01
1.211454420000000060e-01
1.101852430000000022e-01
5.140135440000000167e-02
9.706030790000000352e-02
6.321151549999999564e-02
8.125354349999999726e-02
8.216736469999999515e-02
9.632603080000000373e-02
5.874193459999999672e-02
1.099640949999999978e-01
9.666012229999999816e-02
7.994995269999999321e-02
8.279692380000000518e-02
1.348331269999999971e-01
6.098939109999999830e-02
7.256010170000000425e-02
1.084812430000000050e-01
1.097090170000000059e-01
1.099127309999999996e-01
1.145924549999999958e-01
1.508887110000000087e-01
1.175806600000000035e-01
1.033330110000000024e-01
6.729230279999999509e-02
8.384364839999999819e-02
1.286654620000000082e-01
8.677873760000000269e-02
8.216736469999999515e-02
1.067496909999999938e-01
9.783166649999999742e-02
4.693575579999999942e-02
1.297981589999999963e-01
1.039443240000000046e-01
1.111485360000000061e-01
8.744800090000000303e-02
6.896191090000000634e-02
1.214944270000000021e-01
9.478428210000000576e-02
1.054267289999999968e-01
1.096705270000000038e-01
7.993907479999999566e-02
1.057033609999999957e-01
7.490199059999999576e-02
9.942236540000000400e-02
7.111726699999999790e-02
8.517442640000000287e-02
1.370412259999999882e-01
5.991849679999999845e-02
1.001562180000000052e-01
1.243793740000000009e-01
6.114741790000000066e-02
6.972374770000000499e-02
8.998837319999999917e-02
7.644043120000000580e-02
1.058072220000000063e-01
1.184237749999999950e-01
7.884106039999999593e-02
1.020786389999999988e-01
6.506684420000000135e-02
4.265843329999999961e-02
9.888300299999999710e-02
1.127766520000000050e-01
1.249533439999999940e-01
8.966256679999999590e-02
6.444659079999999485e-02
7.575242969999999854e-02
1.111607919999999944e-01
5.884031580000000095e-02
1.075130849999999944e-01
7.597319040000000134e-02
8.269401640000000053e-02
8.060288429999999671e-02
1.489407869999999912e-01
6.967753919999999934e-02
9.330473100000000186e-02
8.491830529999999655e-02
1.162803470000000061e-01
6.240161140000000106e-02
1.215683369999999985e-01
9.827435019999999910e-02
4.673622919999999986e-02
1.548856939999999904e-01
3.090656740000000124e-02
8.837264029999999937e-02
6.596237420000000684e-02
1.105977219999999955e-01
9.342249480000000550e-02
1.122603269999999931e-01
1.433438210000000101e-01
7.627468560000000286e-02
1.025500970000000067e-01
1.099368780000000018e-01
1.216114539999999938e-01
9.102762490000000650e-02
1.435192530000000133e-01
9.965451810000000576e-02
1.146389389999999953e-01
7.685462390000000199e-02
5.775891240000000093e-02
1.240238919999999967e-01
9.876834600000000686e-02
7.776534559999999374e-02
7.753032449999999742e-02
8.686124530000000066e-02
7.978703830000000163e-02
8.716777709999999624e-02
9.975115950000000564e-02
9.035249800000000331e-02
7.026268539999999674e-02
1.026608120000000041e-01
8.615504949999999718e-02
8.414526279999999525e-02
1.300730850000000050e-01
7.434611770000000563e-02
9.178768099999999597e-02
6.230253730000000212e-02
1.193406729999999943e-01
6.236357609999999829e-02
8.929125960000000584e-02
7.398395989999999312e-02
5.767041070000000075e-02
5.830850449999999685e-02
1.189994890000000000e-01
1.080195230000000062e-01
8.441581580000000196e-02
9.626014530000000236e-02
1.036688090000000007e-01
5.692605669999999812e-02
8.076353370000000087e-02
8.560458569999999934e-02
4.606939849999999725e-02
5.499967559999999894e-02
1.122610789999999997e-01
7.073935119999999466e-02
8.113647999999999694e-02
5.308044330000000199e-02
8.135037119999999344e-02
1.002638039999999980e-01
1.179874909999999999e-01
9.689366069999999498e-02
9.710855039999999327e-02
6.186570599999999948e-02
8.000059430000000527e-02
1.215866059999999998e-01
1.004745509999999953e-01
8.528143909999999495e-02
6.255181880000000583e-02
5.928074199999999738e-02
9.692184630000000300e-02
1.061960760000000004e-01
9.468990559999999890e-02
1.019112910000000011e-01
1.169423309999999966e-01
9.634807709999999858e-02
1.142423449999999951e-01
1.102139949999999952e-01
9.484465420000000313e-02
7.385864849999999870e-02
9.634807709999999858e-02
6.904863569999999950e-02
6.428396699999999742e-02
8.926590530000000356e-02
5.959134549999999669e-02
9.309075029999999695e-02
6.288990379999999381e-02
9.278895709999999963e-02
1.036987230000000065e-01
9.003099050000000492e-02
9.605413679999999510e-02
6.222010029999999747e-02
1.138100549999999933e-01
1.343849599999999977e-01
1.081091019999999986e-01
1.525464470000000017e-02
7.905038450000000105e-02
6.030401960000000144e-02
6.713646650000000549e-02
1.070639339999999995e-01
7.065815479999999760e-02
1.216071100000000044e-01
9.984916450000000387e-02
1.056846379999999974e-01
9.401743110000000681e-02
8.392556760000000060e-02
6.741251049999999467e-02
9.251983460000000326e-02
6.128847230000000063e-02
1.367991420000000125e-01
1.109489869999999989e-01
7.985758040000000280e-02
7.638486469999999917e-02
1.174068449999999958e-01
8.190435919999999870e-02
4.405842349999999907e-02
7.045459749999999355e-02
6.468605249999999363e-02
1.228403150000000055e-01
8.303539449999999822e-02
7.413577289999999376e-02
1.029819250000000019e-01
8.610514549999999379e-02
5.193683880000000280e-02
7.803125680000000397e-02
7.108617570000000385e-02
7.781830430000000187e-02
8.551558850000000322e-02
5.858737599999999657e-02
2.935028820000000135e-02
8.090811220000000692e-02
1.279033870000000073e-01
1.188387649999999990e-01
5.814234540000000340e-02
9.124927970000000499e-02
7.882329080000000099e-02
3.216366839999999783e-02
1.073434050000000028e-01
9.449693559999999826e-02
1.006289570000000050e-01
8.666926619999999748e-02
1.148991959999999951e-01
1.139254640000000041e-01
1.092709969999999947e-01
7.470968370000000136e-02
4.317941520000000144e-02
6.371991339999999449e-02
6.156794349999999971e-02
6.403566900000000339e-02
8.249189699999999459e-02
9.178251029999999477e-02
5.058766900000000177e-02
1.148498730000000051e-01
1.355557290000000137e-01
1.078782449999999976e-01
6.494411830000000607e-02
8.629134300000000646e-02
8.171980080000000590e-02
8.871529250000000089e-02
8.115478610000000093e-02
8.207549150000000016e-02
5.827587470000000075e-02
7.344234730000000211e-02
7.626055180000000655e-02
6.123768169999999761e-02
1.166403369999999967e-01
7.489462199999999403e-02
9.094224870000000571e-02
8.028183880000000494e-02
9.450563039999999859e-02
7.189866159999999673e-02
1.284174919999999942e-01
3.519091380000000102e-02
1.081287040000000060e-01
1.220037040000000045e-01
1.109388689999999955e-01
9.319914880000000623e-02
9.431783109999999914e-02
1.056603490000000006e-01
1.039754519999999960e-01
4.288592189999999860e-02
7.073440400000000072e-02
1.334749159999999990e-01
1.083658259999999984e-01
1.028546840000000018e-01
6.323730199999999524e-02
1.110855040000000016e-01
1.225525890000000034e-01
7.189355790000000190e-02
1.340790540000000031e-01
9.758231039999999690e-02
5.440078300000000117e-02
1.401422019999999935e-01
6.624701619999999458e-02
6.857225299999999968e-02
7.022719089999999997e-02
4.595518479999999989e-02
1.119653060000000006e-01
1.052138430000000013e-01
8.055754750000000686e-02
7.361659410000000181e-02
4.891537869999999788e-02
7.614196839999999578e-02
9.237024189999999690e-02
7.547480609999999979e-02
9.320536259999999407e-02
9.052170810000000067e-02
5.265292900000000109e-02
5.983481179999999844e-02
1.294312330000000066e-01
9.616331760000000617e-02
7.866090539999999465e-02
9.103024010000000665e-02
1.313786359999999931e-01
1.103714560000000067e-01
8.404068650000000307e-02
7.389605050000000452e-02
9.104742849999999943e-02
9.667395800000000428e-02
7.538606230000000075e-02
8.536061640000000561e-02
1.056318360000000067e-01
4.123791310000000238e-02
1.114094850000000025e-01
7.407698779999999372e-02
9.389728310000000633e-02
8.081946519999999579e-02
9.737511719999999982e-02
6.128229949999999815e-02
5.629618470000000152e-02
9.239956739999999336e-02
1.374117139999999904e-01
7.446609440000000191e-02
8.637522910000000609e-02
8.004605030000000454e-02
1.509881760000000017e-01
9.928461909999999890e-02
1.156962809999999980e-01
9.751790019999999337e-02
6.470881400000000339e-02
9.009417150000000041e-02
1.000646800000000031e-01
3.824227680000000240e-02
7.377686349999999782e-02
1.283302159999999970e-01
9.351786230000000422e-02
9.713602809999999366e-02
1.285810920000000079e-01
1.684418879999999979e-02
7.836861159999999882e-02
6.816358120000000353e-02
6.848242879999999477e-02
7.941357790000000416e-02
8.027032759999999656e-02
8.604217320000000224e-02
9.388145059999999931e-02
1.268452850000000021e-01
8.157111699999999854e-02
6.150406230000000224e-02
8.100961889999999666e-02
4.774079839999999936e-02
6.669966130000000437e-02
8.676820990000000400e-02
8.260722460000000100e-02
6.840066609999999325e-02
4.616371169999999857e-02
7.817023250000000589e-02
8.912235500000000032e-02
7.662144299999999741e-02
1.132128240000000036e-01
6.095137450000000234e-02
-6.987907459999999696e-03
3.792077299999999790e-02
7.185087349999999540e-02
9.210976210000000608e-02
5.961596970000000023e-02
7.811623069999999724e-02
2.377426250000000060e-02
5.657378209999999741e-02
6.728321310000000277e-02
6.535511459999999995e-02
9.665224699999999669e-02
7.285259659999999970e-02
6.039482730000000216e-02
6.955192239999999360e-02
8.806777749999999960e-02
6.110528860000000173e-02
5.973698940000000263e-02
7.935784009999999333e-02
1.136390270000000036e-01
5.195764080000000312e-02
7.051094619999999369e-02
7.038044929999999477e-02
7.938214389999999343e-02
1.052847650000000024e-01
6.665369869999999974e-02
4.917747530000000228e-02
1.022845279999999996e-01
7.999335970000000240e-02
1.186840460000000014e-01
1.140850929999999985e-01
8.019901070000000354e-02
7.299410550000000331e-02
2.831931039999999872e-02
7.785535600000000056e-02
6.801141800000000404e-02
9.492514280000000082e-02
8.035738770000000475e-02
6.241299580000000263e-02
4.878066849999999899e-02
1.095186100000000023e-01
6.594945489999999577e-02
4.042348269999999910e-02
9.968274829999999864e-02
8.246010539999999722e-02
6.127542629999999796e-02
1.215539719999999962e-01
7.270867379999999824e-02
6.824728100000000686e-02
1.075593900000000047e-01
6.870546190000000053e-02
9.273975339999999956e-02
8.072189239999999488e-02
8.612417429999999485e-02
9.176579120000000200e-02
9.014286850000000073e-02
6.446481499999999476e-02
5.479839439999999867e-02
5.952009190000000227e-02
1.237503959999999986e-01
7.858823239999999932e-02
7.790637020000000523e-02
3.708638250000000081e-02
1.080768109999999949e-01
1.421661670000000099e-01
5.450516939999999755e-02
6.579755249999999500e-02
8.575467019999999385e-02
5.147376280000000304e-02
1.039448979999999939e-01
6.991706790000000449e-02
7.678314299999999815e-02
1.034047750000000043e-01
6.027655299999999661e-02
4.265818739999999859e-02
9.015981850000000242e-02
4.179688539999999730e-02
5.369137229999999816e-02
1.049958170000000052e-01
7.842450589999999666e-02
1.009748429999999947e-01
1.287515909999999986e-01
8.112759890000000029e-02
8.522269130000000026e-02
7.409409429999999630e-02
4.911995680000000308e-02
9.857902679999999696e-02
2.283214960000000057e-02
1.072342170000000067e-01
8.402022720000000555e-02
6.583094600000000129e-02
6.458995489999999617e-02
7.251261920000000305e-02
7.988305390000000061e-02
1.414414940000000009e-01
3.636435789999999807e-02
1.008224110000000007e-01
7.676473999999999798e-02
6.009940429999999917e-02
6.299070269999999805e-02
8.131322259999999857e-02
9.964483979999999574e-02
1.055035589999999968e-01
7.678314299999999815e-02
7.166863980000000300e-02
1.068543339999999953e-01
1.013749389999999972e-01
8.657582099999999725e-02
8.141259100000000637e-02
1.243795679999999959e-01
1.190865339999999939e-01
3.289773320000000112e-02
6.845793129999999671e-02
5.258511379999999957e-02
9.389664229999999945e-02
9.968958049999999960e-02
9.017229079999999897e-02
1.133441780000000038e-01
1.171977589999999986e-01
6.748010220000000281e-02
7.929553840000000409e-02
1.236562209999999967e-01
8.152878280000000477e-02
5.534930899999999931e-02
3.576072310000000254e-02
7.587457449999999992e-02
7.213478539999999828e-02
6.014330689999999868e-02
5.455552789999999763e-02
1.113095510000000066e-01
6.529920549999999879e-02
8.446225520000000264e-02
8.596221360000000367e-02
9.938613329999999857e-02
9.655027839999999473e-02
4.715229940000000008e-02
5.177560080000000176e-02
1.776478890000000033e-01
6.682465969999999700e-02
8.484372499999999484e-02
1.075477150000000021e-01
1.061317549999999943e-01
6.723655759999999648e-02
7.454244050000000121e-02
1.219369990000000042e-01
9.380591659999999721e-02
9.644422680000000470e-02
1.233138369999999956e-01
9.886965899999999863e-02
1.012085080000000026e-01
9.081261609999999318e-02
1.009564550000000005e-01
5.784348770000000139e-02
1.519723679999999966e-01
1.123092400000000046e-01
1.222633270000000050e-01
1.062486249999999993e-01
6.119569019999999970e-02
8.467376229999999671e-02
9.700853380000000470e-02
2.570280809999999846e-02
6.898508970000000184e-02
4.842024300000000170e-02
5.816680939999999828e-02
7.854590559999999333e-02
5.004241689999999743e-02
6.306957450000000298e-02
5.367296929999999799e-02
1.519710870000000047e-01
8.622496579999999744e-02
6.476056580000000285e-02
8.543954789999999577e-02
1.050386499999999973e-01
7.207705829999999647e-02
6.133401770000000003e-02
6.767848880000000567e-02
1.752749379999999912e-01
1.184582559999999979e-01
5.690385399999999677e-02
7.503031940000000344e-02
9.757490459999999810e-02
8.637943859999999696e-02
1.070676670000000053e-01
9.405723209999999890e-02
6.177832560000000306e-02
9.924917669999999692e-02
4.953718929999999937e-02
9.155689919999999982e-02
5.171464380000000138e-02
8.059291540000000642e-02
8.502139150000000145e-02
5.981887880000000268e-02
1.042585750000000061e-01
9.299023450000000468e-02
8.698488029999999760e-02
1.408514080000000113e-01
6.683509049999999951e-02
1.572823670000000063e-01
6.989897039999999617e-02
3.474131230000000042e-02
1.107260729999999943e-01
9.912271799999999855e-02
1.197564970000000034e-01
1.040240600000000015e-01
2.866998130000000117e-02
1.993401529999999991e-02
1.252038179999999945e-01
9.482503679999999824e-02
3.004811890000000027e-02
7.190470399999999984e-02
4.631298410000000282e-02
1.638114450000000000e-01
5.733947080000000029e-02
7.297181340000000183e-02
5.167689550000000021e-02
6.730907410000000479e-02
3.104676680000000022e-02
1.039061250000000020e-01
4.351490179999999673e-03
8.274378629999999679e-02
1.248839350000000015e-01
8.009324219999999772e-02
9.583186359999999737e-02
8.676690609999999915e-02
4.902414229999999679e-02
1.652816530000000006e-01
1.090941879999999947e-01
8.406934889999999327e-02
8.616701509999999398e-02
1.340863850000000024e-01
7.491600510000000213e-02
1.132215780000000033e-01
1.434043699999999928e-02
1.074630689999999944e-01
1.240121049999999975e-01
7.127084579999999614e-02
1.101464850000000023e-01
1.567111760000000076e-01
6.823797519999999506e-02
1.929654930000000018e-02
7.630416010000000415e-02
5.758808180000000304e-02
1.141162400000000042e-02
7.031329719999999950e-02
7.784212379999999598e-02
9.682149439999999940e-02
6.923260539999999408e-02
4.978143050000000125e-02
6.164588780000000018e-02
1.219741780000000025e-01
5.897024270000000151e-02
8.600272239999999513e-02
4.089182990000000267e-02
9.861744940000000126e-02
1.826863740000000125e-01
6.547287849999999798e-02
8.815641700000000081e-02
8.531411740000000021e-02
1.316752730000000093e-01
6.898959729999999679e-02
1.100358439999999938e-01
1.232366039999999996e-01
9.407942739999999859e-02
6.084017459999999794e-02
9.754231570000000684e-02
1.287094500000000030e-01
2.854411860000000134e-02
9.095286580000000454e-02
8.746023479999999461e-02
1.044485869999999955e-01
7.513120769999999393e-02
8.452855800000000364e-02
3.063241249999999836e-03
9.763470289999999496e-02
3.590625149999999988e-02
1.480414869999999994e-01
9.682149439999999940e-02
8.598112310000000091e-02
1.119850720000000049e-01
1.007680450000000005e-01
1.247598449999999942e-01
4.389113189999999803e-02
9.561757740000000061e-02
8.336181189999999908e-02
1.041926150000000023e-01
4.969809950000000226e-02
9.186154600000000225e-02
1.199511510000000059e-01
8.882667869999999466e-02
7.245466859999999398e-02
9.795068949999999330e-02
8.055707069999999692e-02
7.413975890000000513e-02
1.042830049999999981e-01
9.177917989999999360e-02
6.005542729999999857e-02
6.318002189999999407e-02
2.658920739999999852e-02
7.814117519999999595e-02
9.546021370000000450e-02
9.257198869999999635e-02
1.206797579999999981e-01
8.797023449999999412e-02
8.202107999999999621e-02
1.381078059999999996e-01
5.283425750000000226e-02
6.934297080000000058e-02
8.637765790000000166e-02
1.495196520000000029e-01
8.182883259999999825e-02
8.374643330000000607e-02
8.954327550000000524e-02
8.953609319999999983e-02
1.664464619999999895e-01
7.127511500000000000e-02
9.029971809999999544e-02
9.332633020000000168e-02
5.548179889999999698e-02
8.630082009999999471e-02
1.587394619999999978e-01
8.788792789999999577e-02
6.821056459999999544e-02
6.967296450000000363e-02
9.108816090000000643e-02
2.658790720000000010e-02
7.468114789999999448e-02
9.124984029999999927e-03
6.086412819999999918e-02
1.206556109999999959e-01
9.899239240000000384e-02
5.261655519999999808e-02
1.093922029999999934e-01
4.039193690000000142e-02
6.050184000000000117e-02
9.033352140000000530e-02
9.737460320000000669e-02
1.112373100000000059e-01
1.106367040000000024e-01
1.306910809999999867e-01
8.012079449999999492e-02
7.958478480000000244e-02
3.142058479999999820e-02
2.514292300000000105e-02
1.060121430000000031e-01
1.076285470000000050e-01
6.431348620000000571e-02
9.276532379999999356e-02
8.351826669999999619e-02
9.534228590000000392e-02
6.768426299999999451e-02
1.009054330000000027e-01
8.450675009999999987e-02
1.059003099999999975e-01
5.972070990000000190e-02
1.325697750000000008e-01
1.422699689999999961e-01
1.141242979999999990e-01
9.781444070000000490e-02
9.671231360000000221e-02
1.224944590000000000e-01
8.869030329999999518e-02
5.662057549999999911e-02
1.081900219999999968e-01
1.048011179999999987e-01
1.072274000000000005e-01
7.129917289999999908e-02
1.347091940000000043e-01
2.399504179999999848e-02
8.107344810000000068e-02
7.674617320000000353e-02
5.962012710000000326e-02
1.404840499999999992e-01
9.699188920000000047e-02
3.641514109999999943e-02
1.300835459999999943e-01
5.244279649999999959e-02
9.711512179999999550e-02
4.147996749999999927e-02
5.889671669999999720e-02
1.318606439999999991e-01
1.168848279999999962e-01
8.699367939999999577e-02
5.464068059999999810e-02
5.257204919999999837e-02
8.073573559999999705e-02
-1.236981709999999957e-02
1.296837779999999996e-01
9.887944910000000254e-02
1.056787299999999985e-01
6.265372040000000142e-02
2.947652149999999832e-02
9.510855379999999526e-02
1.618655469999999985e-01
6.143067029999999679e-02
4.247275739999999827e-02
4.833650589999999997e-02
5.934350189999999803e-02
9.878641370000000588e-02
1.060148630000000008e-01
1.425421090000000002e-01
1.371448789999999973e-01
9.672882409999999931e-02
1.303092240000000013e-01
8.486997340000000667e-02
4.595543440000000174e-02
7.220212369999999547e-02
7.959708570000000039e-02
7.011178140000000336e-02
1.369835729999999974e-01
7.717765869999999861e-02
1.099045349999999976e-01
1.105747740000000007e-01
3.946028649999999693e-02
1.519469019999999948e-01
1.006153899999999990e-01
9.559710320000000539e-02
4.657951369999999841e-02
6.405604630000000244e-02
8.119773119999999789e-02
1.082228419999999997e-01
9.388085449999999943e-02
1.265301259999999928e-01
3.434348479999999731e-02
9.304481000000000557e-02
7.989921419999999885e-02
1.689620689999999856e-02
9.864734109999999390e-02
6.752303989999999811e-02
5.393468590000000118e-02
2.707715330000000017e-02
9.792161729999999953e-02
9.422803670000000353e-02
5.536208299999999943e-02
2.330528200000000008e-02
3.061327339999999828e-02
8.852597330000000486e-02
5.362471189999999666e-02
9.670349960000000633e-02
7.323868570000000022e-02
8.298029749999999427e-02
5.837772410000000023e-02
8.361805980000000527e-02
8.400314300000000234e-02
1.398808510000000005e-01
7.563126829999999856e-02
7.463520020000000144e-02
1.642332230000000115e-01
1.092458439999999947e-01
7.469160110000000463e-02
1.020823639999999949e-01
1.625556950000000001e-01
9.792161729999999953e-02
1.132943410000000067e-01
8.666939290000000295e-02
6.412627549999999621e-02
8.670407530000000251e-02
6.649811569999999894e-02
3.167769310000000116e-02
7.757946849999999839e-02
1.108941209999999983e-01
1.065433100000000022e-01
1.029343530000000062e-01
9.523268040000000545e-02
5.151688680000000159e-02
1.341830489999999987e-01
6.648637350000000112e-02
4.074466229999999800e-02
7.416832449999999355e-02
6.612740459999999487e-02
1.370086520000000085e-01
3.605296460000000092e-02
5.542297659999999987e-02
8.361805980000000527e-02
7.033511250000000492e-02
9.448108080000000575e-02
9.421099719999999345e-02
1.230760889999999996e-01
5.662432690000000074e-02
1.225967780000000035e-01
1.593507829999999958e-01
1.123838649999999995e-01
1.132943410000000067e-01
5.830046159999999894e-02
1.135928410000000000e-01
7.853843269999999377e-02
8.747453239999999908e-02
3.304603700000000033e-02
8.751954139999999771e-02
7.392001900000000347e-02
1.385301349999999987e-01
5.151688680000000159e-02
6.751035149999999596e-02
2.882358989999999829e-02
4.925869029999999787e-02
1.452468189999999992e-01
3.439557919999999824e-02
1.090558840000000057e-01
8.035959300000000693e-02
8.237099650000000162e-02
3.229068219999999684e-02
9.153418989999999311e-02
1.016089880000000008e-02
1.405456360000000016e-01
-1.240564790000000042e-02
7.946161929999999429e-02
2.249840269999999962e-02
1.016368869999999952e-01
6.110845129999999820e-02
9.752134980000000397e-02
3.613564369999999748e-02
1.729551699999999914e-01
4.133919249999999657e-02
6.742044540000000086e-02
2.387607660000000062e-02
7.314234229999999615e-02
8.945249019999999829e-02
8.496002850000000661e-02
1.205035899999999938e-01
4.330118000000000161e-02
7.074588539999999981e-02
8.944167199999999984e-02
6.121690939999999831e-02
2.673139609999999888e-02
4.478261249999999916e-02
1.253966689999999884e-01
1.166181040000000002e-01
2.899331039999999970e-02
4.660132530000000300e-02
1.492095290000000074e-01
1.012968120000000000e-01
2.841600219999999843e-02
1.055967210000000045e-01
8.840042350000000548e-02
1.121862680000000057e-01
8.134718979999999711e-02
8.546373990000000198e-02
1.032422409999999985e-01
1.303285959999999910e-01
7.608108219999999700e-02
7.782082260000000584e-02
4.953375460000000036e-02
7.157798109999999325e-02
8.730689440000000134e-02
1.021434809999999943e-01
1.349741369999999940e-01
1.063910200000000028e-01
4.485568399999999983e-02
8.945508300000000468e-02
6.358610839999999376e-02
1.136466260000000006e-01
9.950561820000000668e-02
1.575210690000000135e-01
1.140898090000000004e-01
1.661394690000000118e-01
4.873082509999999631e-03
9.157994390000000207e-02
6.082766879999999821e-02
3.970167410000000063e-02
1.034769710000000009e-01
5.616421249999999782e-02
5.432315919999999854e-02
7.682835309999999640e-02
4.505658519999999889e-02
3.893605249999999851e-02
8.285735549999999339e-02
1.425548640000000034e-01
8.944445099999999427e-02
1.479139630000000094e-01
8.598323909999999737e-02
4.961036149999999839e-02
3.903705859999999968e-03
7.688780130000000268e-02
9.501206130000000583e-02
1.109439279999999972e-01
1.437632440000000122e-01
6.386216729999999453e-02
1.506217420000000029e-01
7.745353130000000308e-02
7.924421880000000196e-02
1.493264139999999907e-01
1.330281050000000076e-01
1.420174839999999994e-01
1.210044249999999988e-01
1.038912460000000065e-01
4.977561159999999846e-02
4.954895469999999816e-03
8.355150370000000160e-02
3.224813569999999963e-02
2.457102759999999983e-02
7.060327380000000486e-02
1.346289519999999962e-01
1.013983040000000085e-02
2.605842989999999915e-02
3.780744970000000232e-02
2.124184520000000076e-01
1.008576080000000014e-01
8.253782240000000214e-02
1.556758430000000082e-01
4.382344710000000282e-02
4.219191149999999835e-02
4.836244139999999747e-02
8.943003419999999426e-02
9.295111150000000266e-02
4.801827300000000021e-02
-1.141450739999999922e-02
1.379588250000000037e-02
7.340371610000000213e-02
6.106103210000000253e-02
3.633417929999999824e-02
9.055869280000000687e-02
3.506132960000000326e-02
9.301290660000000043e-02
7.077292350000000121e-02
1.424799710000000108e-01
7.173675300000000032e-02
3.808729720000000180e-02
1.338054389999999982e-01
4.959209640000000058e-02
7.319345330000000260e-02
1.506193580000000087e-01
2.100017109999999937e-02
1.121255609999999986e-01
1.330465080000000078e-01
3.853435439999999823e-02
5.205942320000000317e-02
8.290238680000000526e-02
1.113758529999999969e-01
6.986983119999999603e-02
1.065860760000000018e-01
1.236133870000000051e-01
1.611969470000000071e-01
5.849805100000000230e-02
9.195730840000000683e-02
1.088247450000000005e-01
9.667482229999999760e-03
-9.502889590000000719e-03
6.871714439999999924e-02
1.042191779999999957e-02
8.568116280000000196e-02
8.708769830000000212e-02
6.178323179999999776e-02
4.010993239999999932e-02
8.825331179999999776e-02
1.037230120000000033e-01
1.499526949999999970e-01
7.111642510000000528e-02
9.071456640000000182e-02
1.635118419999999906e-01
1.138687210000000061e-01
8.478032800000000202e-02
1.394398809999999878e-01
1.024384420000000046e-01
1.393979190000000090e-01
4.662708189999999892e-02
1.422286409999999959e-02
9.071975949999999678e-02
9.185943010000000020e-02
4.074285180000000034e-02
7.483624669999999757e-02
7.406783849999999669e-02
1.060254050000000031e-01
1.271910669999999910e-01
8.300828929999999606e-02
1.143804040000000050e-01
9.338087589999999327e-02
1.918963640000000137e-01
8.175997440000000449e-02
7.606957849999999854e-02
3.626625239999999722e-02
4.217961060000000040e-02
1.292680649999999876e-01
1.290500460000000016e-01
8.682529629999999332e-02
1.174710239999999933e-01
8.311096580000000567e-02
2.915285529999999889e-02
7.940993459999999560e-02
6.368810680000000501e-02
1.050931809999999939e-01
5.006717520000000116e-02
1.213285250000000065e-01
2.168542440000000016e-01
1.375838740000000053e-02
4.640577729999999929e-02
6.932185030000000310e-03
-8.434061890000000422e-03
1.363112780000000079e-01
1.191059869999999965e-01
8.180079610000000334e-02
1.849856969999999837e-02
3.819173569999999990e-02
1.320307109999999950e-01
1.618050189999999944e-01
8.007545019999999514e-02
9.513928550000000026e-03
2.334534560000000106e-02
3.836546469999999737e-02
5.081664400000000109e-02
1.024927790000000061e-01
2.912418170000000139e-02
3.085079040000000133e-02
5.039450530000000317e-02
1.239674090000000006e-01
5.560352650000000008e-02
5.196585129999999747e-02
1.193957499999999915e-02
1.530114710000000100e-01
9.885103259999999947e-02
1.327243600000000134e-01
5.890140309999999935e-02
1.201281030000000000e-01
1.212222129999999953e-02
3.225450960000000172e-02
1.429266630000000093e-01
1.096349810000000063e-01
1.469397400000000131e-01
4.907132689999999658e-02
6.551120430000000050e-02
1.065464619999999946e-01
1.708147819999999983e-01
4.511231560000000113e-02
1.192746160000000000e-01
9.076341239999999311e-02
1.591235770000000091e-02
1.540700530000000019e-02
8.099565649999999895e-02
8.689923580000000203e-02
-1.499745719999999970e-02
1.864758280000000101e-01
9.638158230000000437e-02
8.084533359999999946e-02
-8.559390550000000025e-04
9.669598940000000142e-02
7.061766830000000550e-02
1.360081429999999980e-01
1.070967609999999987e-01
7.621430610000000383e-02
6.252557039999999400e-02
-1.828046330000000080e-02
1.320403219999999878e-01
2.374646440000000025e-02
8.377097549999999726e-02
5.713664370000000325e-02
4.110601920000000326e-02
1.233485490000000018e-01
4.907132689999999658e-02
1.083243269999999980e-01
1.476159840000000056e-01
8.478538689999999545e-02
7.025118919999999434e-02
1.086581799999999931e-01
2.588269669999999911e-02
1.260913909999999971e-01
1.746984870000000134e-01
9.226901830000000526e-02
5.236381290000000077e-02
-5.041536410000000204e-03
7.524380830000000631e-02
7.910482589999999481e-02
1.070967609999999987e-01
8.796583859999999866e-02
2.975267170000000030e-02
7.922900469999999418e-02
6.034282969999999781e-03
2.967977520000000119e-02
6.180490550000000000e-02
4.851005969999999667e-02
9.513910859999999414e-02
7.810378070000000006e-02
-3.262552989999999847e-02
1.225867640000000008e-01
3.667913379999999945e-02
-2.353756129999999905e-02
8.118835839999999360e-02
8.152413370000000103e-02
9.247767179999999421e-02
9.530097249999999742e-02
6.611710040000000344e-02
3.081480409999999906e-02
-2.852848360000000139e-02
1.606074120000000049e-01
1.072078939999999980e-01
6.960462779999999905e-02
1.086581799999999931e-01
1.900272070000000035e-01
6.566629559999999366e-02
-5.389126389999999989e-02
6.236102429999999808e-02
3.535916659999999850e-02
1.721888779999999897e-02
-7.891661490000000112e-03
1.368404629999999955e-01
9.732443089999999464e-02
1.814182099999999964e-01
7.430535550000000322e-02
1.258683060000000131e-01
8.313672240000000158e-02
1.130017340000000065e-01
1.103572770000000036e-01
5.032797160000000020e-02
1.275594979999999934e-01
6.592068819999999385e-02
6.529131529999999961e-02
4.664364829999999990e-02
3.270647670000000062e-02
-6.115677950000000113e-02
1.052022130000000028e-01
1.107384639999999948e-01
4.215558989999999839e-02
4.155385119999999849e-02
6.503777210000000197e-02
9.605894980000000138e-02
6.487548349999999742e-02
5.970326720000000351e-03
7.509282979999999663e-02
6.686164440000000320e-02
4.395512120000000245e-02
6.342584639999999940e-02
8.931522819999999918e-02
1.673508579999999912e-01
7.783960550000000589e-02
1.225591149999999963e-01
5.046705530000000078e-02
1.113795560000000046e-01
1.523693949999999908e-01
1.199949230000000033e-01
6.151738390000000001e-02
1.273328069999999923e-01
4.747908559999999834e-02
-3.842894449999999847e-03
9.972152859999999786e-02
4.190610719999999720e-03
6.862594190000000094e-02
9.758559059999999744e-03
1.582278310000000132e-01
2.293570710000000096e-02
6.133007630000000127e-02
8.746178450000000049e-02
1.247382390000000008e-01
4.945687580000000111e-02
1.534326750000000045e-02
3.559599819999999942e-02
-8.780063129999999758e-03
1.099952089999999966e-01
1.491819470000000092e-01
1.177441399999999971e-01
1.077406780000000064e-01
8.278924969999999772e-02
1.182447519999999946e-01
1.227925640000000068e-01
9.270350639999999642e-02
7.110318540000000465e-02
3.984264660000000347e-02
1.539541779999999971e-01
1.118407849999999981e-01
9.577118610000000254e-02
1.174030749999999956e-01
1.050086239999999949e-01
2.141543029999999903e-01
5.837937819999999833e-02
6.491766120000000417e-02
1.387895199999999996e-01
1.797702009999999906e-01
-1.450966209999999916e-02
3.985313699999999681e-02
7.914594560000000334e-02
5.708414319999999958e-02
7.717536390000000190e-02
1.339165419999999995e-01
1.105252429999999952e-01
1.009238959999999991e-01
1.199949230000000033e-01
1.153859420000000052e-01
7.374244180000000259e-02
8.737578990000000045e-02
-4.601288589999999630e-03
1.099952089999999966e-01
8.040767910000000407e-02
-5.599213300000000122e-03
6.491766120000000417e-02
1.422531160000000024e-02
1.067246869999999986e-01
6.817677619999999716e-02
6.603723760000000664e-02
1.080485810000000046e-01
7.127922030000000131e-02
1.539794359999999973e-01
2.719034069999999928e-02
3.298832100000000100e-02
8.742814509999999317e-02
8.229994770000000071e-02
9.268327060000000617e-02
6.509065629999999381e-02
7.337963579999999542e-02
8.357752860000000616e-02
8.613066380000000688e-02
1.268617509999999948e-01
-1.004873769999999923e-02
9.796122459999999366e-02
7.039490340000000013e-02
1.608936189999999877e-01
1.980354639999999944e-01
1.274335239999999925e-01
6.551345440000000409e-02
5.322218059999999631e-04
1.190032590000000001e-01
6.786656380000000155e-02
1.027531700000000048e-01
1.972227990000000042e-01
1.988900449999999875e-01
3.338205810000000051e-02
2.036070080000000060e-01
2.820345009999999930e-02
3.175294769999999905e-02
-6.764304640000000368e-02
8.161363750000000250e-02
-8.316034450000000730e-03
9.758559059999999744e-03
1.903943899999999828e-02
1.224112660000000047e-01
9.241049180000000460e-03
9.113842989999999811e-02
9.597396110000000480e-02
5.331511800000000162e-02
4.049307480000000070e-02
3.614241260000000070e-03
1.065484730000000047e-01
1.748968959999999961e-01
1.763800829999999931e-01
1.430533679999999863e-01
-5.497164649999999875e-02
3.902071339999999694e-02
-2.302112619999999860e-02
1.215275900000000048e-01
-7.813779260000000559e-02
1.189135830000000033e-01
6.968874479999999372e-02
-7.284164889999999570e-04
7.434342800000000306e-02
6.067474929999999711e-02
1.735273929999999951e-02
2.968269960000000096e-02
8.646332660000000461e-03
1.207693140000000026e-01
7.361657920000000410e-02
3.442445400000000016e-02
7.133773710000000656e-02
6.358712169999999886e-02
5.535904779999999831e-03
1.033912379999999964e-01
-1.860767790000000116e-02
2.775452659999999919e-02
-1.050320569999999981e-01
-1.255421710000000080e-02
-1.637632210000000005e-02
1.608936189999999877e-01
1.824704410000000110e-01
1.484712960000000026e-01
1.547726690000000016e-01
1.014851560000000069e-01
7.281775029999999760e-02
2.127126460000000052e-01
1.586987669999999906e-01
1.498376879999999967e-01
9.331917759999999729e-02
7.525555790000000578e-02
8.247070010000000229e-02
7.410853359999999834e-02
8.488044140000000626e-02
1.775855869999999892e-01
4.128749670000000233e-02
-7.632377670000000227e-04
4.281925040000000154e-02
5.094890299999999678e-02
1.082904860000000052e-01
1.770469990000000104e-01
7.582390310000000633e-02
6.294805559999999689e-02
2.453128430000000096e-02
7.489752769999999393e-02
6.477799269999999499e-02
8.718285709999999689e-02
2.013824690000000014e-02
2.170106770000000129e-01
1.330749089999999912e-01
9.796629849999999307e-02
1.032859529999999998e-01
1.377933100000000056e-02
1.762554500000000079e-01
3.305524960000000290e-02
8.348222819999999433e-02
-5.159839990000000126e-02
1.639644799999999958e-01
1.132702079999999972e-01
7.176959509999999987e-02
6.502200660000000132e-02
1.039728300000000022e-01
-2.816065770000000107e-02
9.323207290000000425e-02
1.742414830000000026e-01
5.367023869999999752e-02
1.431039119999999998e-01
5.963620919999999825e-02
5.951427299999999948e-02
6.845346839999999489e-02
-2.200616060000000051e-03
1.146818180000000048e-01
1.012943459999999934e-01
6.502200660000000132e-02
9.128000590000000247e-02
4.708033429999999853e-02
2.453128430000000096e-02
8.718285709999999689e-02
9.328965840000000287e-02
3.973688930000000147e-02
1.079622729999999975e-01
1.681095810000000079e-01
2.880627850000000087e-02
8.646332660000000461e-03
6.375487890000000601e-02
8.071162549999999491e-02
8.093708750000000451e-02
5.554930489999999887e-02
6.038564440000000061e-02
5.140978100000000162e-02
1.602676660000000031e-01
1.416371019999999870e-01
6.572344900000000323e-02
2.496674280000000037e-02
-4.871101299999999745e-02
5.598220969999999699e-03
1.970916610000000152e-02
3.779767450000000306e-02
2.281727639999999932e-02
8.685333280000000211e-02
1.044750809999999974e-01
6.672102209999999922e-02
5.304319410000000318e-02
2.453128430000000096e-02
1.195488569999999945e-01
1.475420149999999986e-01
2.453128430000000096e-02
1.428035049999999972e-01
7.817529889999999537e-02
1.594996300000000033e-01
6.516553460000000519e-02
5.238260699999999770e-02
7.582390310000000633e-02
5.523128060000000172e-02
7.530679549999999556e-02
6.966922429999999888e-02
4.834821450000000020e-02
6.947075580000000583e-02
2.343601359999999967e-02
-4.233227299999999665e-02
1.174559820000000004e-01
1.296347529999999915e-01
5.652720110000000048e-02
1.957640200000000108e-01
-5.856279750000000298e-03
8.679921929999999397e-02
5.921927839999999860e-02
1.127011180000000029e-01
1.774180680000000121e-01
2.377219200000000032e-01
7.007776949999999783e-02
1.285164360000000117e-01
8.415583520000000095e-02
8.386388420000000232e-02
1.350376899999999880e-01
7.917917519999999321e-02
8.259893209999999431e-02
1.203662679999999985e-01
1.334999649999999982e-01
7.639865860000000057e-03
1.157984960000000008e-01
7.517146319999999660e-02
8.456715200000000654e-02
2.215745859999999900e-02
5.346193159999999833e-02
7.248019429999999486e-02
1.146818180000000048e-01
9.588499370000000410e-02
1.496833710000000095e-01
1.068971459999999984e-01
-1.222233659999999965e-02
8.004987239999999948e-02
1.739775239999999945e-01
2.226113710000000162e-02
9.390869740000000465e-02
5.799327420000000011e-02
7.938590650000000581e-02
1.292548779999999897e-01
1.631902160000000060e-02
7.626596839999999489e-02
1.312302200000000085e-01
-2.385768480000000080e-02
8.624175560000000781e-03
3.732578830000000264e-02
1.450901930000000062e-01
2.803060409999999850e-02
9.656535830000000098e-02
1.278050990000000053e-01
1.585139329999999958e-01
-4.703907670000000152e-02
1.312302200000000085e-01
8.907230200000000597e-02
1.276124120000000084e-01
1.498839719999999973e-02
9.868104010000000592e-02
9.159329530000000219e-02
9.741547700000000032e-02
1.491807099999999942e-01
3.430406750000000032e-02
3.631285950000000262e-02
1.149955019999999994e-01
7.366422559999999398e-02
6.132668260000000149e-02
9.165171530000000566e-02
1.300220039999999966e-01
1.341712770000000055e-01
7.065176959999999728e-02
7.986900959999999883e-02
1.355479509999999999e-01
6.906181570000000103e-02
8.902144430000000219e-02
2.386131439999999992e-01
6.695850940000000473e-02
5.231049279999999690e-02
1.256506290000000137e-01
1.867671760000000070e-01
3.321790320000000268e-02
9.407686440000000150e-02
7.399009909999999801e-02
8.097609129999999711e-02
1.201224330000000007e-01
1.421513709999999986e-01
1.331578790000000068e-01
4.635570940000000029e-02
5.270233750000000161e-02
9.953199329999999623e-02
2.844271810000000011e-02
1.292528809999999861e-01
1.043886539999999974e-01
6.749078629999999412e-02
6.912307439999999803e-02
3.496641290000000128e-03
-2.373512090000000005e-02
2.002614360000000079e-02
6.502017839999999806e-03
-5.681964009999999898e-02
1.112269800000000031e-02
3.642568130000000022e-03
7.521716509999999689e-02
9.913457929999999751e-02
1.084339099999999945e-01
6.674199549999999814e-02
5.980449169999999676e-02
1.434358950000000077e-01
1.123339609999999961e-01
8.685333280000000211e-02
5.558496710000000035e-02
9.885708990000000029e-02
2.794157150000000159e-02
1.023886799999999958e-01
1.191862820000000045e-01
-6.470836700000000274e-02
-7.107014949999999887e-02
6.073676050000000048e-02
1.026672869999999960e-01
1.354124399999999950e-01
6.012183430000000300e-02
1.582752319999999879e-01
6.478220219999999974e-02
8.642677220000000160e-02
8.897136899999999460e-02
3.121645190000000084e-02
7.653838400000000097e-02
8.380180600000000646e-02
1.204778630000000045e-01
6.034146619999999905e-02
7.023862000000000161e-02
1.467556799999999995e-01
1.244658599999999976e-01
2.626691759999999834e-02
5.740049850000000092e-02
3.675090520000000305e-02
7.366422559999999398e-02
1.036710809999999983e-01
9.473153950000000323e-02
1.708535099999999862e-01
1.453378200000000064e-01
2.741913119999999857e-02
2.652666529999999842e-02
5.489135159999999902e-02
2.861647310000000125e-02
1.443792279999999983e-01
1.264864500000000003e-01
-6.904784589999999993e-03
7.276346529999999646e-02
1.031090100000000009e-01
2.272151709999999936e-01
-3.353725189999999783e-03
8.380180600000000646e-02
1.600887179999999910e-01
6.096884980000000231e-02
1.340414580000000022e-01
8.360743519999999651e-02
3.615664319999999793e-02
1.370224079999999948e-02
1.573590190000000166e-02
6.732837110000000624e-02
1.279192419999999886e-01
8.116170759999999373e-02
-3.394659979999999772e-02
8.293984090000000586e-02
6.067704039999999993e-02
1.594204830000000087e-02
1.106789710000000010e-01
-1.220226660000000019e-01
-4.934833570000000252e-02
1.258130369999999887e-01
-5.398974940000000194e-02
1.204778630000000045e-01
1.328916379999999994e-02
-3.478102760000000016e-02
3.359307299999999847e-03
1.448300630000000089e-01
2.346122080000000165e-02
2.379840759999999888e-01
9.456346929999999429e-02
9.195446220000000337e-02
8.599197120000000305e-02
6.704617290000000618e-02
-9.588524699999999984e-03
1.671960060000000081e-01
-3.480802519999999945e-03
1.514305619999999908e-01
1.403362449999999984e-01
5.195073899999999578e-04
9.198179099999999331e-02
1.835485920000000035e-02
7.360233369999999442e-02
4.684094340000000134e-02
9.178040919999999603e-02
-6.466317920000000385e-02
-8.566085989999999706e-02
1.168230549999999951e-01
-3.284912179999999876e-02
9.200981260000000439e-02
5.580514300000000150e-02
3.463918719999999757e-02
1.588311940000000089e-01
5.580514300000000150e-02
9.467422960000000665e-02
1.039164139999999986e-01
1.229323600000000044e-01
5.397892740000000134e-02
1.753054259999999864e-01
5.126527699999999799e-02
1.046361850000000066e-01
1.419149789999999967e-01
9.862286600000000347e-02
3.733640910000000229e-02
1.652776300000000087e-01
5.496036259999999979e-02
5.964652079999999829e-02
3.609291459999999785e-02
-6.254719570000000055e-03
1.272066380000000108e-01
1.381507070000000115e-01
1.272066380000000108e-01
7.717207819999999385e-02
7.774206999999999645e-02
1.524083469999999996e-01
5.174578729999999849e-02
1.026805789999999940e-01
1.179199739999999968e-01
5.945222819999999853e-02
7.023418689999999520e-02
1.313262580000000013e-01
1.732985679999999862e-01
2.015395650000000038e-02
-1.715332079999999995e-02
8.890349420000000225e-02
-4.374699289999999657e-02
5.621233209999999814e-02
9.958793409999999735e-03
1.082267910000000027e-01
8.891390259999999712e-02
6.266368930000000559e-02
9.807641059999999689e-02
8.580424640000000602e-02
-7.160688939999999836e-02
1.351425649999999923e-01
3.521423039999999755e-02
8.208205919999999461e-03
7.603260870000000393e-02
1.185484879999999970e-02
-3.554812820000000095e-02
-4.331645740000000105e-02
2.268878740000000033e-02
1.306725740000000135e-01
1.911347810000000036e-01
1.015268790000000004e-01
1.275535819999999987e-01
2.969308569999999994e-02
9.850791100000000355e-02
8.208205919999999461e-03
6.414587800000000339e-02
1.381507070000000115e-01
-2.271288070000000020e-02
5.077246199999999737e-02
2.003872690000000067e-01
-2.120069600000000151e-02
4.289444910000000249e-02
4.634195940000000041e-02
7.276346529999999646e-02
4.135906319999999720e-02
1.375718559999999924e-01
1.089385300000000056e-01
-6.064469740000000275e-02
5.637446790000000263e-02
1.464975030000000011e-01
2.029162459999999876e-02
-4.654098300000000105e-02
9.450993689999999392e-02
2.595826980000000006e-01
8.240786190000000400e-02
1.481741819999999876e-01
7.914197439999999528e-02
1.239935030000000049e-02
2.532019649999999941e-02
1.743093430000000055e-01
1.350273640000000108e-01
1.013786569999999970e-01
-1.211384310000000047e-01
2.355206569999999944e-02
7.603260870000000393e-02
7.132792470000000329e-02
-2.444338609999999884e-02
2.537705299999999942e-01
7.023418689999999520e-02
5.677603649999999821e-03
2.321146580000000015e-01
1.715802700000000069e-01
1.937647309999999956e-01
1.275535819999999987e-01
-8.557376449999999288e-03
3.574606400000000100e-02
1.362648459999999950e-01
6.060411040000000110e-02
1.316808020000000135e-01
-9.377326820000000257e-03
5.485530200000000162e-02
-1.048054100000000016e-01
5.077246199999999737e-02
-7.534842190000000384e-02
1.541411430000000082e-01
4.752846060000000261e-02
-7.314746830000000422e-02
-4.879171399999999992e-02
-7.566577200000000614e-02
1.040848870000000009e-01
8.091209829999999881e-02
-2.856935559999999874e-02
5.621233209999999814e-02
2.007317690000000043e-01
8.014580609999999439e-02
1.883719709999999992e-01
3.655757760000000189e-02
1.324513850000000048e-01
-7.979341600000000589e-02
-1.972863819999999893e-02
1.086826770000000053e-01
2.446408419999999972e-01
2.130283560000000020e-01
7.079393420000000547e-02
1.275535819999999987e-01
-4.763521250000000290e-02
-1.702224370000000051e-03
1.721860620000000008e-01
4.885370659999999782e-02
8.510874960000000544e-02
1.361772569999999960e-01
2.166643590000000008e-01
8.885911850000000056e-02
7.106474790000000263e-02
4.454485700000000020e-02
8.878310020000000635e-02
1.002817750000000036e-01
1.446240579999999963e-02
9.624305369999999749e-02
9.233424810000000205e-02
1.753236169999999872e-02
2.398338620000000088e-01
9.190175679999999792e-02
2.038020190000000009e-01
1.006205079999999974e-01
5.111429099999999920e-02
-6.549349429999999639e-02
-3.969048709999999786e-02
8.870908619999999523e-02
5.820555239999999908e-02
-7.942917200000000622e-02
9.952062370000000491e-02
1.078559760000000062e-01
2.216466960000000042e-01
1.565290840000000128e-01
1.369190809999999980e-01
9.938140959999999802e-02
9.298002350000000860e-03
-4.428681450000000221e-03
1.297851499999999880e-01
1.303440479999999901e-01
4.631215329999999880e-02
-1.328007039999999986e-02
1.472692640000000108e-01
1.688897309999999874e-01
6.985243409999999931e-02
1.106316670000000030e-01
-2.271288070000000020e-02
1.268057820000000058e-01
-3.254797680000000304e-02
-1.171121450000000008e-01
1.925985369999999863e-01
1.603458819999999951e-01
9.701456129999999622e-02
-2.972066400000000080e-02
-1.834273339999999836e-02
1.600582600000000078e-01
2.039753940000000043e-01
8.875479549999999718e-02
6.414587800000000339e-02
4.697670419999999680e-02
4.907317089999999743e-02
4.773151500000000214e-02
5.507877840000000025e-02
1.464115679999999919e-01
3.128641100000000008e-02
5.527774340000000432e-03
1.719274739999999968e-02
9.924610700000000008e-02
1.241983849999999945e-01
8.864119650000000517e-02
1.444939970000000129e-01
-8.520873639999999860e-02
7.588027420000000023e-02
2.373496150000000138e-01
7.754776630000000115e-02
5.779628829999999828e-02
1.625254750000000026e-01
1.640036850000000102e-01
6.677624579999999477e-02
-1.424967029999999954e-02
6.092378119999999897e-02
3.655757760000000189e-02
1.410350479999999962e-02
2.930021580000000125e-01
-1.293242280000000133e-01
2.531784770000000129e-01
1.494013670000000071e-01
-4.959855230000000115e-02
1.199271310000000063e-01
4.907317089999999743e-02
1.353179099999999961e-02
9.689331049999999612e-02
3.241866830000000171e-02
1.410350479999999962e-02
1.725368650000000115e-01
-1.006335109999999949e-02
1.345590050000000093e-01
-4.354909430000000053e-02
-1.809190399999999893e-02
1.130279899999999949e-01
-5.154654010000000314e-02
1.597368570000000099e-01
4.418855160000000060e-02
3.077751210000000126e-02
-2.763178570000000139e-02
3.209799900000000206e-02
7.982318100000000693e-02
5.779628829999999828e-02
2.134975600000000098e-02
-6.108642739999999710e-02
1.676297780000000071e-01
1.969189199999999973e-01
8.990977889999999736e-03
2.023529109999999964e-01
3.223630789999999691e-02
2.898512040000000151e-02
1.482579709999999884e-01
5.722006410000000237e-02
1.887424440000000092e-01
6.719869380000000059e-02
8.567919950000000770e-03
-1.841826829999999903e-03
1.610158230000000024e-01
7.926978169999999990e-02
2.364372829999999981e-02
1.429758070000000103e-01
6.758093090000000247e-02
1.350052059999999887e-01
-4.254721479999999667e-02
1.160456170000000037e-01
-4.719818009999999717e-03
4.311721400000000093e-02
3.281738609999999834e-02
7.066399600000000669e-02
8.317825199999999419e-02
1.151064559999999959e-01
1.107801719999999962e-01
1.273839770000000093e-01
-1.207918210000000041e-02
5.535957960000000011e-02
1.529873310000000042e-01
3.378530219999999890e-02
-3.969048709999999786e-02
1.601213959999999922e-02
-1.184840030000000079e-02
7.429644470000000556e-02
2.531784770000000129e-01
3.823988140000000174e-02
2.050645349999999922e-01
-3.600571679999999691e-02
-2.260942009999999947e-01
3.137313760000000080e-03
-8.725795890000000166e-02
1.920633469999999954e-01
-7.210719590000000401e-02
3.832203149999999919e-02
3.241866830000000171e-02
-4.719818009999999717e-03
1.222814990000000018e-01
7.336067409999999511e-02
4.395537449999999818e-02
8.421435950000000226e-02
7.895755580000000245e-03
3.094507459999999988e-01
-3.113021839999999783e-03
-6.694137310000000674e-02
6.459654119999999611e-02
8.401337270000000523e-02
-4.443951320000000260e-02
1.562607589999999991e-01
7.907134289999999399e-02
5.187923829999999820e-02
-1.212639810000000068e-01
6.279644369999999587e-02
-9.598149920000000057e-03
1.222797200000000015e-02
1.797882319999999923e-01
6.459654119999999611e-02
-8.614128829999999348e-02
-2.729154749999999907e-02
5.781798440000000122e-02
1.651923060000000110e-01
-7.738248259999999656e-02
-9.598149920000000057e-03
1.989039479999999971e-01
-3.254455330000000091e-02
-4.521011190000000235e-02
5.600294470000000135e-02
1.681823430000000119e-01
-7.099433799999999885e-03
4.544413829999999904e-02
1.029567869999999941e-01
-2.729154749999999907e-02
6.684227289999999932e-02
6.410332770000000402e-02
5.714892220000000050e-02
8.368294689999999925e-02
2.856817540000000100e-01
8.860381689999999311e-02
1.710883380000000065e-01
2.677447800000000155e-01
4.014686499999999686e-02
3.137313760000000080e-03
1.284214999999999940e-01
9.298440809999999890e-02
1.143053619999999937e-01
1.379031540000000000e-01
-3.423752260000000047e-02
-9.031999109999999664e-02
1.521070599999999884e-01
4.544413829999999904e-02
1.019994619999999991e-01
1.386805329999999947e-01
1.377966700000000100e-01
3.140220939999999739e-01
1.393446180000000034e-01
2.690794130000000173e-02
-1.895373870000000016e-02
-5.269079000000000297e-03
-5.714106929999999973e-02
-5.154654010000000314e-02
1.380347160000000017e-01
6.410332770000000402e-02
-9.274636209999999326e-02
1.587763240000000103e-02
1.405495700000000125e-01
-4.454826559999999769e-02
-8.603358639999999363e-03
8.274096999999999702e-02
9.330373999999999612e-02
-9.772379700000000113e-02
1.124064619999999987e-01
-1.303954520000000054e-02
5.600294470000000135e-02
9.799415620000000160e-02
5.846013869999999724e-02
2.672993209999999925e-02
7.716506720000000652e-02
-5.654433369999999764e-02
-2.336463150000000003e-02
-1.466422530000000002e-01
4.628152769999999833e-02
6.182909009999999761e-02
1.996085980000000121e-02
8.828226479999999599e-02
3.137313760000000080e-03
-6.993851069999999781e-02
-3.183237089999999686e-02
-1.184840030000000079e-02
1.252496539999999881e-01
1.926549519999999904e-01
1.369807869999999927e-01
4.531894250000000068e-02
-8.443874869999999644e-02
2.481580670000000099e-01
2.898512040000000151e-02
-1.595610379999999884e-01
2.511411159999999906e-02
9.927915040000000191e-02
6.639326360000000204e-02
-1.251990050000000021e-01
1.243837549999999986e-01
-1.113821010000000042e-02
9.815609459999999342e-02
1.359719040000000045e-01
5.006340890000000182e-02
-1.622002120000000103e-01
-1.098016840000000036e-02
-1.081613079999999977e-01
1.534735859999999952e-01
5.399634319999999793e-02
2.437733860000000086e-01
1.391367320000000130e-01
2.743829039999999900e-02
1.966410879999999917e-01
3.267011050000000194e-02
-1.442992220000000048e-02
6.406699870000000241e-02
5.846013869999999724e-02
1.607286480000000017e-01
-5.104264239999999758e-02
5.535957960000000011e-02
1.683530769999999968e-02
7.865104080000000220e-02
5.307592919999999659e-03
1.697921450000000054e-01
7.687783989999999457e-02
1.276563699999999912e-01
4.457384720000000244e-02
-2.687819860000000005e-02
4.965945709999999846e-02
5.006340890000000182e-02
2.268957199999999952e-01
2.207868699999999962e-01
-1.154735779999999969e-02
-4.030515249999999661e-02
1.497110279999999960e-01
-1.184840030000000079e-02
2.756249610000000017e-01
1.483891159999999876e-01
5.399634319999999793e-02
-6.879833339999999464e-02
-1.542450859999999931e-02
2.859230340000000203e-01
8.331213889999999900e-02
1.370062529999999945e-01
1.369807869999999927e-01
-2.355355959999999929e-02
8.831326659999999551e-02
-7.915730029999999695e-02
-5.104264239999999758e-02
5.006340890000000182e-02
9.479940679999999953e-02
-1.113821010000000042e-02
2.043005820000000083e-01
-6.019295190000000136e-03
8.258198199999999822e-02
1.911435649999999875e-02
-5.069537460000000245e-02
2.373496150000000138e-01
2.016970959999999924e-01
2.134552299999999958e-01
-2.378710170000000040e-02
6.192056829999999928e-02
-6.394833329999999316e-02
5.621181799999999673e-02
9.927915040000000191e-02
-3.114051190000000080e-02
2.672993209999999925e-02
3.267011050000000194e-02
2.485149799999999964e-01
-4.525908270000000150e-03
6.633625919999999732e-02
1.752636280000000046e-01
4.223216330000000018e-02
1.633047910000000047e-01
-7.478429379999999849e-02
1.483891159999999876e-01
-1.170569209999999943e-01
6.868326660000000083e-02
2.200260310000000108e-01
1.125894110000000004e-01
-1.202569529999999998e-01
-3.020669520000000136e-02
-4.377586020000000244e-02
-1.050179639999999914e-02
-9.979789699999999653e-02
1.110125710000000043e-01
1.034938539999999962e-01
2.043005820000000083e-01
2.071977849999999954e-01
-1.975591670000000077e-02
-6.254913659999999931e-02
1.989148560000000010e-01
-9.705888479999999485e-02
4.823682080000000344e-02
2.200260310000000108e-01
-6.940297780000000138e-02
6.131556629999999897e-02
2.356447429999999899e-01
1.095252480000000056e-01
1.192504169999999974e-01
-2.226219330000000010e-02
-6.320928039999999803e-02
1.497110279999999960e-01
2.672993209999999925e-02
4.725898800000000177e-02
1.899388730000000081e-01
9.627200659999999785e-03
4.070801660000000072e-02
3.072151359999999998e-02
8.463453500000000726e-03
5.933171880000000231e-02
3.737191859999999810e-02
2.132624830000000027e-01
6.812214110000000544e-02
7.110231370000000273e-02
7.020457089999999900e-02
-6.752221290000000320e-02
1.220222190000000012e-01
2.568594220000000039e-01
-1.320653860000000068e-01
6.972248109999999721e-02
3.363836790000000136e-03
-2.445155380000000114e-02
8.802114430000000656e-02
-2.019930400000000213e-03
-1.416977789999999959e-01
1.847273259999999973e-01
6.753030420000000200e-02
3.886971250000000044e-02
6.467457860000000447e-02
5.006340890000000182e-02
1.004730020000000057e-01
7.152095440000000304e-02
1.567646300000000159e-02
1.650202269999999916e-01
1.278917639999999911e-01
-2.650372089999999958e-01
