2.233032559125012750e-01
2.183899611792517736e-01
2.116990161751546029e-01
2.036418495780082660e-01
1.946952668707787881e-01
1.853593833757081755e-01
1.761161632839454427e-01
1.673929761318750098e-01
1.595346370602230557e-01
1.527860684256188706e-01
1.472862347550324691e-01
1.430725916299203926e-01
1.400941467892663495e-01
1.382304885500033609e-01
1.373138437709929827e-01
1.371513595006013941e-01
1.375452723255884691e-01
1.383093131654437868e-01
1.392804581092492444e-01
1.403258564608228232e-01
1.413453545229005348e-01
1.422704359093290571e-01
1.430606034625334644e-01
1.436982536554891610e-01
1.441829828008026615e-01
1.445260664086498725e-01
1.447456188154650492e-01
1.448627114865919385e-01
1.448985342673873855e-01
1.448725398397618103e-01
1.448014212969867820e-01
1.446987308079200618e-01
1.445749431521406725e-01
1.444377895497092057e-01
1.442927217224237446e-01
1.441434056460829949e-01
1.439921806403855475e-01
1.438404495515366033e-01
1.436889879155869021e-01
1.435381744887911648e-01
1.433881536061033524e-01
1.432389431109701849e-01
1.430905017142884428e-01
1.429427679651869842e-01
1.427956805792552908e-01
1.426491873474871330e-01
1.425032476213703991e-01
1.423578315970769337e-01
1.422129183237712535e-01
1.420684934792922627e-01
1.419245474011637254e-01
1.417810735400861499e-01
1.416380673376652077e-01
1.414955254595398337e-01
1.413534452969078814e-01
1.412118246565299273e-01
1.410706615757000293e-01
1.409299542161025764e-01
1.407897008052968191e-01
1.406498996057670980e-01
1.405105488992717533e-01
1.403716469793246657e-01
1.402331921478017496e-01
1.400951827135316907e-01
1.399576169917799429e-01
1.398204933041001796e-01
1.396838099783161424e-01
1.395475653485365453e-01
1.394117577551678699e-01
1.392763855449171417e-01
1.391414470707848239e-01
1.390069406920505790e-01
1.388728647742547284e-01
1.387392176891771023e-01
1.386059978148147520e-01
1.384732035353586632e-01
1.383408332411706354e-01
1.382088853287597174e-01
1.380773582007588096e-01
1.379462502659012657e-01
1.378155599389976338e-01
1.376852856409124803e-01
1.375554257985410478e-01
1.374259788447865505e-01
1.372969432185368321e-01
1.371683173646419118e-01
1.370400997338908633e-01
1.369122887829892221e-01
1.367848829745364758e-01
1.366578807770034709e-01
1.365312806647099031e-01
1.364050811178020850e-01
1.362792806222306585e-01
1.361538776697283903e-01
1.360288707577881062e-01
1.359042583896405698e-01
1.357800390742327223e-01
1.356562113262058111e-01
1.355327736658734628e-01
1.354097246192002280e-01
1.352870627177799046e-01
1.351647864988138881e-01
1.350428945050900775e-01
1.349213852849611706e-01
1.348002573923235692e-01
1.346795093865962301e-01
1.345591398326995147e-01
1.344391473010341786e-01
1.343195303674603325e-01
1.342002876132767919e-01
1.340814176252000944e-01
1.339629189953439325e-01
1.338447903211983647e-01
1.337270302056095816e-01
1.336096372567590340e-01
1.334926100881433930e-01
1.333759473185540390e-01
1.332596475720568829e-01
1.331437094779722996e-01
1.330281316708549211e-01
1.329129127904736807e-01
1.327980514817918845e-01
1.326835463949474214e-01
1.325693961852329184e-01
1.324555995130760888e-01
1.323421550440200545e-01
1.322290614487038607e-01
1.321163174028430198e-01
1.320039215872099991e-01
1.318918726876150416e-01
1.317801693948868202e-01
1.316688104048532870e-01
1.315577944183226045e-01
1.314471201410640500e-01
1.313367862837891142e-01
1.312267915621325720e-01
1.311171346966337747e-01
1.310078144127177768e-01
1.308988294406766562e-01
1.307901785156511121e-01
1.306818603776117582e-01
1.305738737713406650e-01
1.304662174464131241e-01
1.303588901571791359e-01
1.302518906627453399e-01
1.301452177269568078e-01
1.300388701183787521e-01
1.299328466102787627e-01
1.298271459806086547e-01
1.297217670119866495e-01
1.296167084916795276e-01
1.295119692115848375e-01
1.294075479682131879e-01
1.293034435626707612e-01
1.291996548006415779e-01
1.290961804923700662e-01
1.289930194526436869e-01
1.288901705007754750e-01
1.287876324605869427e-01
1.286854041603905652e-01
1.285834844329727944e-01
1.284818721155770449e-01
1.283805660498864298e-01
1.282795650820070243e-01
1.281788680624508792e-01
1.280784738461189787e-01
1.279783812922850039e-01
1.278785892645779299e-01
1.277790966309660381e-01
1.276799022637398195e-01
1.275810050394957929e-01
1.274824038391199343e-01
1.273840975477712467e-01
1.272860850548654943e-01
1.271883652540589382e-01
1.270909370432320717e-01
1.269937993244735497e-01
1.268969510040640902e-01
1.268003909924604322e-01
1.267041182042794034e-01
1.266081315582819611e-01
1.265124299773575101e-01
1.264170123885079711e-01
1.263218777228320988e-01
1.262270249155099389e-01
1.261324529057870625e-01
1.260381606369591623e-01
1.259441470563564813e-01
1.258504111153285199e-01
1.257569517692286032e-01
1.256637679773985605e-01
1.255708587031534595e-01
1.254782229137665073e-01
1.253858595804539788e-01
1.252937676783599796e-01
1.252019461865415406e-01
1.251103940879536025e-01
1.250191103694342498e-01
1.249280940216897784e-01
1.248373440392799016e-01
1.247468594206030817e-01
1.246566391678817637e-01
1.245666822871479562e-01
1.244769877882284242e-01
1.243875546847304225e-01
1.242983819940271101e-01
1.242094687372431450e-01
1.241208139392405291e-01
1.240324166286040225e-01
1.239442758376272796e-01
1.238563906022983885e-01
1.237687599622858819e-01
1.236813829609246379e-01
1.235942586452019321e-01
1.235073860657434075e-01
1.234207642767991692e-01
1.233343923362300310e-01
1.232482693054936240e-01
1.231623942496306856e-01
1.230767662372513754e-01
1.229913843405215645e-01
1.229062476351494293e-01
1.228213552003717401e-01
1.227367061189404002e-01
1.226522994771090808e-01
1.225681343646198851e-01
1.224842098746898172e-01
1.224005251039977510e-01
1.223170791526710099e-01
1.222338711242722809e-01
1.221509001257864852e-01
1.220681652676077061e-01
1.219856656635261577e-01
1.219034004307150976e-01
1.218213686897181153e-01
1.217395695644360593e-01
1.216580021821143526e-01
1.215766656733301421e-01
1.214955591719795031e-01
1.214146818152649215e-01
1.213340327436825128e-01
1.212536111010094897e-01
1.211734160342916866e-01
1.210934466938309167e-01
1.210137022331727041e-01
1.209341818090938075e-01
1.208548845815898692e-01
1.207758097138630915e-01
1.206969563723100242e-01
1.206183237265093938e-01
1.205399109492099191e-01
1.204617172163180844e-01
1.203837417068862325e-01
1.203059836031005192e-01
1.202284420902688666e-01
1.201511163568090568e-01
1.200740055942369211e-01
1.199971089971543503e-01
1.199204257632377063e-01
1.198439550932259429e-01
1.197676961909088372e-01
1.196916482631155132e-01
1.196158105197027977e-01
1.195401821735433967e-01
1.194647624405147657e-01
1.193895505394873408e-01
1.193145456923131731e-01
1.192397471238146323e-01
1.191651540617729016e-01
1.190907657369168066e-01
1.190165813829114350e-01
1.189426002363470763e-01
1.188688215367278977e-01
1.187952445264607998e-01
1.187218684508445365e-01
1.186486925580583357e-01
1.185757160991511711e-01
1.185029383280307436e-01
1.184303585014524068e-01
1.183579758790084674e-01
1.182857897231172628e-01
1.182137992990122954e-01
1.181420038747316992e-01
1.180704027211072343e-01
1.179989951117538377e-01
1.179277803230588395e-01
1.178567576341714995e-01
1.177859263269924045e-01
1.177152856861628516e-01
1.176448349990545372e-01
1.175745735557590099e-01
1.175045006490773591e-01
1.174346155745098486e-01
1.173649176302454661e-01
1.172954061171518902e-01
1.172260803387650541e-01
1.171569396012790559e-01
1.170879832135359871e-01
1.170192104870156902e-01
1.169506207358259608e-01
1.168822132766921817e-01
1.168139874289475105e-01
1.167459425145229573e-01
1.166780778579373096e-01
1.166103927862872924e-01
1.165428866292377852e-01
1.164755587190119540e-01
1.164084083903814959e-01
1.163414349806568687e-01
1.162746378296776184e-01
1.162080162798027061e-01
1.161415696759009186e-01
1.160752973653412096e-01
1.160091986979831929e-01
1.159432730261676370e-01
1.158775197047069300e-01
1.158119380908756851e-01
1.157465275444013314e-01
1.156812874274547182e-01
1.156162170838453684e-01
1.155513159222478770e-01
1.154865832912578549e-01
1.154220185627268525e-01
1.153576211109035576e-01
1.152933903124245679e-01
1.152293255463053140e-01
1.151654261939309976e-01
1.151016916390474321e-01
1.150381212677521192e-01
1.149747144684852285e-01
1.149114706320206875e-01
1.148483891514571476e-01
1.147854694222092686e-01
1.147227108419987263e-01
1.146601128108454964e-01
1.145976747310589877e-01
1.145353960072293120e-01
1.144732760462187082e-01
1.144113142571526465e-01
1.143495100514113488e-01
1.142878628426210047e-01
1.142263720466454024e-01
1.141650370815772142e-01
1.141038573677295720e-01
1.140428323276274775e-01
1.139819613859995168e-01
1.139212439697692286e-01
1.138606795080469025e-01
1.138002674321211688e-01
1.137400071754506303e-01
1.136798981736555775e-01
1.136199398645097863e-01
1.135601316879322614e-01
1.135004730859790339e-01
1.134409635028349184e-01
1.133816023848055882e-01
1.133223891803092492e-01
1.132633233398686740e-01
1.132044043161031660e-01
1.131456315637205112e-01
1.130870045395090395e-01
1.130285227023295896e-01
1.129701855131077376e-01
1.129119924348257753e-01
1.128539429325149251e-01
1.127960364732474158e-01
1.127382725261288354e-01
1.126806505622902632e-01
1.126231700548805115e-01
1.125658304790584652e-01
1.125086313119854353e-01
1.124515720328174012e-01
1.123946521226974748e-01
1.123378710647482681e-01
1.122812283440643849e-01
1.122247234477047884e-01
1.121683558646854179e-01
1.121121250859715840e-01
1.120560306044705856e-01
1.120000719150243684e-01
1.119442485144019617e-01
1.118885599012922616e-01
1.118330055762965652e-01
1.117775850419214373e-01
1.117222978025712576e-01
1.116671433645410882e-01
1.116121212360093595e-01
1.115572309270307511e-01
1.115024719495289751e-01
1.114478438172896713e-01
1.113933460459532454e-01
1.113389781530078337e-01
1.112847396577821835e-01
1.112306300814386861e-01
1.111766489469663693e-01
1.111227957791738191e-01
1.110690701046823381e-01
1.110154714519189373e-01
1.109619993511095776e-01
1.109086533342720782e-01
1.108554329352094830e-01
1.108023376895030665e-01
1.107493671345056718e-01
1.106965208093348974e-01
1.106437982548662963e-01
1.105911990137267154e-01
1.105387226302876752e-01
1.104863686506585146e-01
1.104341366226799376e-01
1.103820260959173100e-01
1.103300366216540263e-01
1.102781677528850840e-01
1.102264190443104086e-01
1.101747900523284140e-01
1.101232803350295358e-01
1.100718894521895558e-01
1.100206169652635374e-01
1.099694624373790813e-01
1.099184254333300664e-01
1.098675055195703215e-01
1.098167022642071444e-01
1.097660152369951542e-01
1.097154440093298794e-01
1.096649881542415550e-01
1.096146472463887939e-01
1.095644208620524390e-01
1.095143085791293602e-01
1.094643099771263062e-01
1.094144246371535623e-01
1.093646521419191497e-01
1.093149920757224003e-01
1.092654440244481134e-01
1.092160075755603948e-01
1.091666823180965501e-01
1.091174678426612421e-01
1.090683637414203988e-01
1.090193696080952318e-01
1.089704850379563800e-01
1.089217096278178587e-01
1.088730429760313284e-01
1.088244846824800716e-01
1.087760343485732334e-01
1.087276915772399516e-01
1.086794559729235415e-01
1.086313271415757370e-01
1.085833046906509447e-01
1.085353882291004157e-01
1.084875773673666249e-01
1.084398717173775395e-01
1.083922708925409012e-01
1.083447745077386754e-01
1.082973821793212776e-01
1.082500935251020646e-01
1.082029081643517271e-01
1.081558257177926974e-01
1.081088458075936676e-01
1.080619680573639135e-01
1.080151920921479936e-01
1.079685175384201001e-01
1.079219440240786615e-01
1.078754711784409431e-01
1.078290986322375106e-01
1.077828260176069836e-01
1.077366529680905266e-01
1.076905791186264921e-01
1.076446041055452024e-01
1.075987275665635651e-01
1.075529491407796745e-01
1.075072684686676910e-01
1.074616851920725258e-01
1.074161989542045809e-01
1.073708093996345175e-01
1.073255161742881214e-01
1.072803189254410983e-01
1.072352173017138977e-01
1.071902109530665642e-01
1.071452995307937001e-01
1.071004826875192745e-01
1.070557600771915446e-01
1.070111313550781013e-01
1.069665961777607199e-01
1.069221542031303790e-01
1.068778050903822219e-01
1.068335485000106722e-01
1.067893840938043820e-01
1.067453115348412779e-01
1.067013304874837171e-01
1.066574406173734918e-01
1.066136415914269997e-01
1.065699330778303450e-01
1.065263147460345089e-01
1.064827862667504649e-01
1.064393473119444461e-01
1.063959975548331160e-01
1.063527366698787530e-01
1.063095643327845036e-01
1.062664802204897063e-01
1.062234840111651035e-01
1.061805753842080952e-01
1.061377540202382286e-01
1.060950196010922997e-01
1.060523718098198703e-01
1.060098103306785916e-01
1.059673348491294992e-01
1.059249450518326002e-01
1.058826406266420717e-01
1.058404212626019025e-01
1.057982866499411895e-01
1.057562364800697097e-01
1.057142704455733689e-01
1.056723882402096776e-01
1.056305895589033927e-01
1.055888740977418833e-01
1.055472415539708414e-01
1.055056916259897865e-01
1.054642240133476377e-01
1.054228384167383570e-01
1.053815345379966462e-01
1.053403120800933956e-01
1.052991707471315208e-01
1.052581102443415906e-01
1.052171302780774559e-01
1.051762305558120308e-01
1.051354107861330045e-01
1.050946706787385526e-01
1.050540099444331049e-01
1.050134282951231540e-01
1.049729254438129811e-01
1.049325011046005618e-01
1.048921549926732089e-01
1.048518868243036167e-01
1.048116963168456151e-01
1.047715831887299776e-01
1.047315471594604946e-01
1.046915879496096297e-01
1.046517052808146331e-01
1.046118988757733653e-01
1.045721684582403138e-01
1.045325137530224990e-01
1.044929344859754777e-01
1.044534303839993600e-01
1.044140011750347707e-01
1.043746465880589086e-01
1.043353663530815906e-01
1.042961602011412414e-01
1.042570278643010356e-01
1.042179690756450394e-01
1.041789835692740890e-01
1.041400710803022100e-01
1.041012313448524129e-01
1.040624641000531397e-01
1.040237690840342677e-01
1.039851460359232510e-01
1.039465946958414294e-01
1.039081148049001563e-01
1.038697061051970100e-01
1.038313683398120607e-01
1.037931012528040819e-01
1.037549045892068728e-01
1.037167780950254276e-01
1.036787215172323556e-01
1.036407346037640509e-01
1.036028171035171391e-01
1.035649687663446755e-01
1.035271893430526474e-01
1.034894785853961718e-01
1.034518362460759844e-01
1.034142620787347755e-01
1.033767558379536100e-01
1.033393172792483050e-01
1.033019461590659466e-01
1.032646422347811982e-01
1.032274052646929008e-01
1.031902350080204506e-01
1.031531312249003018e-01
1.031160936763824698e-01
1.030791221244269917e-01
1.030422163319005963e-01
1.030053760625730258e-01
1.029686010811138169e-01
1.029318911530886227e-01
1.028952460449560069e-01
1.028586655240638775e-01
1.028221493586462115e-01
1.027856973178195438e-01
1.027493091715796780e-01
1.027129846907983285e-01
1.026767236472197198e-01
1.026405258134573395e-01
1.026043909629905104e-01
1.025683188701611431e-01
1.025323093101704747e-01
1.024963620590756963e-01
1.024604768937867755e-01
1.024246535920631113e-01
1.023888919325103702e-01
1.023531916945772113e-01
1.023175526585520245e-01
1.022819746055598361e-01
1.022464573175589780e-01
1.022110005773380209e-01
1.021756041685125266e-01
1.021402678755218840e-01
1.021049914836262840e-01
1.020697747789034021e-01
1.020346175482453460e-01
1.019995195793556714e-01
1.019644806607460791e-01
1.019295005817334870e-01
1.018945791324367967e-01
1.018597161037740062e-01
1.018249112874590467e-01
1.017901644759987428e-01
1.017554754626898150e-01
1.017208440416158960e-01
1.016862700076444359e-01
1.016517531564237603e-01
1.016172932843801002e-01
1.015828901887145669e-01
1.015485436674002651e-01
1.015142535191792678e-01
1.014800195435597713e-01
1.014458415408130282e-01
1.014117193119705856e-01
1.013776526588212878e-01
1.013436413839083894e-01
1.013096852905267242e-01
1.012757841827197497e-01
1.012419378652768126e-01
1.012081461437301377e-01
1.011744088243521356e-01
1.011407257141524740e-01
1.011070966208753308e-01
1.010735213529965620e-01
1.010399997197208993e-01
1.010065315309791323e-01
1.009731165974254163e-01
1.009397547304344694e-01
1.009064457420987548e-01
1.008731894452258998e-01
1.008399856533357258e-01
1.008068341806578339e-01
1.007737348421285511e-01
1.007406874533885305e-01
1.007076918307798774e-01
1.006747477913435412e-01
1.006418551528166089e-01
1.006090137336296819e-01
1.005762233529042260e-01
1.005434838304498923e-01
1.005107949867619088e-01
1.004781566430184986e-01
1.004455686210782017e-01
1.004130307434773495e-01
1.003805428334273858e-01
1.003481047148123834e-01
1.003157162121864482e-01
1.002833771507710553e-01
1.002510873564527033e-01
1.002188466557801250e-01
1.001866548759620251e-01
1.001545118448643190e-01
1.001224173910077730e-01
1.000903713435654235e-01
1.000583735323601620e-01
1.000264237878622231e-01
9.999452194118658988e-02
9.996266782409071738e-02
9.993086126897202104e-02
9.989910210886535080e-02
9.986739017744065972e-02
9.983572530900047814e-02
9.980410733847756843e-02
9.977253610143256568e-02
9.974101143405142422e-02
9.970953317314315556e-02
9.967810115613741362e-02
9.964671522108209389e-02
9.961537520664105749e-02
9.958408095209163313e-02
9.955283229732245220e-02
9.952162908283090914e-02
9.949047114972107975e-02
9.945935833970118156e-02
9.942829049508135342e-02
9.939726745877140723e-02
9.936628907427842716e-02
9.933535518570460465e-02
9.930446563774489310e-02
9.927362027568470415e-02
9.924281894539781212e-02
9.921206149334392543e-02
9.918134776656652163e-02
9.915067761269066859e-02
9.912005087992069308e-02
9.908946741703807126e-02
9.905892707339918057e-02
9.902842969893307923e-02
9.899797514413938293e-02
9.896756326008597504e-02
9.893719389840699430e-02
9.890686691130054498e-02
9.887658215152651808e-02
9.884633947240460683e-02
9.881613872781205843e-02
9.878597977218148141e-02
9.875586246049886108e-02
9.872578664830138073e-02
9.869575219167528446e-02
9.866575894725380935e-02
9.863580677221517323e-02
9.860589552428034033e-02
9.857602506171105061e-02
9.854619524330773817e-02
9.851640592840746335e-02
9.848665697688184506e-02
9.845694824913506227e-02
9.842727960610184179e-02
9.839765090924525170e-02
9.836806202055495274e-02
9.833851280254496396e-02
9.830900311825178928e-02
9.827953283123240513e-02
9.825010180556213724e-02
9.822070990583291195e-02
9.819135699715110521e-02
9.816204294513561357e-02
9.813276761591595287e-02
9.810353087613025991e-02
9.807433259292334948e-02
9.804517263394477156e-02
9.801605086734693772e-02
9.798696716178315058e-02
9.795792138640570246e-02
9.792891341086394641e-02
9.789994310530245047e-02
9.787101034035906866e-02
9.784211498716305355e-02
9.781325691733319672e-02
9.778443600297592742e-02
9.775565211668356402e-02
9.772690513153223235e-02
9.769819492108024195e-02
9.766952135936614321e-02
9.764088432090689551e-02
9.761228368069603534e-02
9.758371931420188605e-02
9.755519109736575378e-02
9.752669890660001228e-02
9.749824261878649312e-02
9.746982211127448725e-02
9.744143726187914911e-02
9.741308794887952593e-02
9.738477405101696183e-02
9.735649544749323814e-02
9.732825201796879711e-02
9.730004364256104876e-02
9.727187020184262234e-02
9.724373157683956215e-02
9.721562764902967613e-02
9.718755830034075949e-02
9.715952341314887386e-02
9.713152287027666809e-02
9.710355655499164351e-02
9.707562435100448861e-02
9.704772614246731655e-02
9.701986181397211084e-02
9.699203125054886576e-02
9.696423433766405975e-02
9.693647096121892071e-02
9.690874100754778842e-02
9.688104436341643533e-02
9.685338091602047061e-02
9.682575055298363320e-02
9.679815316235616807e-02
9.677058863261325805e-02
9.674305685265335852e-02
9.671555771179655980e-02
9.668809109978296346e-02
9.666065690677116962e-02
9.663325502333659778e-02
9.660588534046993248e-02
9.657854774957548571e-02
9.655124214246965653e-02
9.652396841137940442e-02
9.649672644894057016e-02
9.646951614819641863e-02
9.644233740259600118e-02
9.641519010599264305e-02
9.638807415264244449e-02
9.636098943720264320e-02
9.633393585473018494e-02
9.630691330068005818e-02
9.627992167090397568e-02
9.625296086164866760e-02
9.622603076955446588e-02
9.619913129165383325e-02
9.617226232536972563e-02
9.614542376851430150e-02
9.611861551928720104e-02
9.609183747627431105e-02
9.606508953844609955e-02
9.603837160515625582e-02
9.601168357614013604e-02
9.598502535151341719e-02
9.595839683177054269e-02
9.593179791778332077e-02
9.590522851079952282e-02
9.587868851244135682e-02
9.585217782470409342e-02
9.582569634995463659e-02
9.579924399093010801e-02
9.577282065073643158e-02
9.574642623284687626e-02
9.572006064110073764e-02
9.569372377970189469e-02
9.566741555321739421e-02
9.564113586657610466e-02
9.561488462506728681e-02
9.558866173433933078e-02
9.556246710039820180e-02
9.553630062960624669e-02
9.551016222868070893e-02
9.548405180469247966e-02
9.545796926506465441e-02
9.543191451757122856e-02
9.540588747033572348e-02
9.537988803182999298e-02
9.535391611087264130e-02
9.532797161662795449e-02
9.530205445860437385e-02
9.527616454665334411e-02
9.525030179096789784e-02
9.522446610208136486e-02
9.519865739086612322e-02
9.517287556853228081e-02
9.514712054662635698e-02
9.512139223703000579e-02
9.509569055195880860e-02
9.507001540396085859e-02
9.504436670591560887e-02
9.501874437103259574e-02
9.499314831285009253e-02
9.496757844523395775e-02
9.494203468237633059e-02
9.491651693879438190e-02
9.489102512932912070e-02
9.486555916914400644e-02
9.484011897372397748e-02
9.481470445887400789e-02
9.478931554071795551e-02
9.476395213569734077e-02
9.473861416057011153e-02
9.471330153240954675e-02
9.468801416860285480e-02
9.466275198685016046e-02
9.463751490516318643e-02
9.461230284186412931e-02
9.458711571558447995e-02
9.456195344526377444e-02
9.453681595014845618e-02
9.451170314979071008e-02
9.448661496404736626e-02
9.446155131307855390e-02
9.443651211734670203e-02
9.441149729761535991e-02
9.438650677494793417e-02
9.436154047070674511e-02
9.433659830655168055e-02
9.431168020443919664e-02
9.428678608662109661e-02
9.426191587564350383e-02
9.423706949434558500e-02
9.421224686585863428e-02
9.418744791360476876e-02
9.416267256129591534e-02
9.413792073293271445e-02
9.411319235280332651e-02
9.408848734548244663e-02
9.406380563583011112e-02
9.403914714899073990e-02
9.401451181039185978e-02
9.398989954574321626e-02
9.396531028103552452e-02
9.394074394253955351e-02
9.391620045680497408e-02
9.389167975065926264e-02
9.386718175120667418e-02
9.384270638582724311e-02
9.381825358217565913e-02
9.379382326818022642e-02
9.376941537204182275e-02
9.374502982223288650e-02
9.372066654749634795e-02
9.369632547684458856e-02
9.367200653955848333e-02
9.364770966518626283e-02
9.362343478354255566e-02
9.359918182470743087e-02
9.357495071902523220e-02
9.355074139710371772e-02
9.352655378981297729e-02
9.350238782828443340e-02
9.347824344390988360e-02
9.345412056834043191e-02
9.343001913348558674e-02
9.340593907151226172e-02
9.338188031484363771e-02
9.335784279615845505e-02
9.333382644838980613e-02
9.330983120472428893e-02
9.328585699860096614e-02
9.326190376371046309e-02
9.323797143399396858e-02
9.321405994364229119e-02
9.319016922709491557e-02
9.316629921903898937e-02
9.314244985440850444e-02
9.311862106838321440e-02
9.309481279638778806e-02
9.307102497409085184e-02
9.304725753740404615e-02
9.302351042248106772e-02
9.299978356571686477e-02
9.297607690374652678e-02
9.295239037344456279e-02
9.292872391192384673e-02
9.290507745653478477e-02
9.288145094486431608e-02
9.285784431473519118e-02
9.283425750420486178e-02
9.281069045156466191e-02
9.278714309533904470e-02
9.276361537428445825e-02
9.274010722738861012e-02
9.271661859386960691e-02
9.269314941317492729e-02
9.266969962498074198e-02
9.264626916919087296e-02
9.262285798593601627e-02
9.259946601557278445e-02
9.257609319868302655e-02
9.255273947607274565e-02
9.252940478877137720e-02
9.250608907803091474e-02
9.248279228532506335e-02
9.245951435234835147e-02
9.243625522101529823e-02
9.241301483345966405e-02
9.238979313203346533e-02
9.236659005930628052e-02
9.234340555806426487e-02
9.232023957130951197e-02
9.229709204225908237e-02
9.227396291434424025e-02
9.225085213120962080e-02
9.222775963671243915e-02
9.220468537492160221e-02
9.218162929011704254e-02
9.215859132678876076e-02
9.213557142963615942e-02
9.211256954356708548e-02
9.208958561369720575e-02
9.206661958534906320e-02
9.204367140405145253e-02
9.202074101553842089e-02
9.199782836574865730e-02
9.197493340082467383e-02
9.195205606711194524e-02
9.192919631115827050e-02
9.190635407971285697e-02
9.188352931972566806e-02
9.186072197834652120e-02
9.183793200292456049e-02
9.181515934100721588e-02
9.179240394033963413e-02
9.176966574886383232e-02
9.174694471471803170e-02
9.172424078623579724e-02
9.170155391194542704e-02
9.167888404056902252e-02
9.165623112102196102e-02
9.163359510241202155e-02
9.161097593403866313e-02
9.158837356539235863e-02
9.156578794615374828e-02
9.154321902619307061e-02
9.152066675556928821e-02
9.149813108452946320e-02
9.147561196350802171e-02
9.145310934312600448e-02
9.143062317419037299e-02
9.140815340769331554e-02
9.138569999481151174e-02
9.136326288690543862e-02
9.134084203551871839e-02
9.131843739237731350e-02
9.129604890938891604e-02
9.127367653864226771e-02
9.125132023240632717e-02
9.122897994312981207e-02
9.120665562344029698e-02
9.118434722614363053e-02
9.116205470422326929e-02
9.113977801083955610e-02
9.111751709932908172e-02
9.109527192320394928e-02
9.107304243615116368e-02
9.105082859203199319e-02
9.102863034488116456e-02
9.100644764890640503e-02
9.098428045848759582e-02
9.096212872817618922e-02
9.093999241269458411e-02
9.091787146693543209e-02
9.089576584596099906e-02
9.087367550500251301e-02
9.085160039945953947e-02
9.082954048489928767e-02
9.080749571705604151e-02
9.078546605183049345e-02
9.076345144528903675e-02
9.074145185366323807e-02
9.071946723334919915e-02
9.069749754090683513e-02
9.067554273305936108e-02
9.065360276669257034e-02
9.063167759885430719e-02
9.060976718675375907e-02
9.058787148776091536e-02
9.056599045940588733e-02
9.054412405937836694e-02
9.052227224552698848e-02
9.050043497585862073e-02
9.047861220853800623e-02
9.045680390188688691e-02
9.043501001438357390e-02
9.041323050466230915e-02
9.039146533151264096e-02
9.036971445387886881e-02
9.034797783085943279e-02
9.032625542170634458e-02
9.030454718582457685e-02
9.028285308277146648e-02
9.026117307225617337e-02
9.023950711413913917e-02
9.021785516843132402e-02
9.019621719529387349e-02
9.017459315503738304e-02
9.015298300812139842e-02
9.013138671515386058e-02
9.010980423689038399e-02
9.008823553423392361e-02
9.006668056823409485e-02
9.004513930008657685e-02
9.002361169113264061e-02
9.000209770285849675e-02
8.998059729689485142e-02
8.995911043501629567e-02
8.993763707914072258e-02
8.991617719132885544e-02
8.989473073378367873e-02
8.987329766884979976e-02
8.985187795901312946e-02
8.983047156690003587e-02
8.980907845527710820e-02
8.978769858705049067e-02
8.976633192526523031e-02
8.974497843310497158e-02
8.972363807389126256e-02
8.970231081108315241e-02
8.968099660827653918e-02
8.965969542920372570e-02
8.963840723773287833e-02
8.961713199786756900e-02
8.959586967374609523e-02
8.957462022964117476e-02
8.955338362995926560e-02
8.953215983924012189e-02
8.951094882215636372e-02
8.948975054351275549e-02
8.946856496824596994e-02
8.944739206142385268e-02
8.942623178824506136e-02
8.940508411403851052e-02
8.938394900426289980e-02
8.936282642450621427e-02
8.934171634048519717e-02
8.932061871804489184e-02
8.929953352315816995e-02
8.927846072192517635e-02
8.925740028057292663e-02
8.923635216545479365e-02
8.921531634304989689e-02
8.919429277996288041e-02
8.917328144292326064e-02
8.915228229878488508e-02
8.913129531452568255e-02
8.911032045724698314e-02
8.908935769417314354e-02
8.906840699265106132e-02
8.904746832014971691e-02
8.902654164425966021e-02
8.900562693269262193e-02
8.898472415328100016e-02
8.896383327397738849e-02
8.894295426285415973e-02
8.892208708810296625e-02
8.890123171803436530e-02
8.888038812107720843e-02
8.885955626577841937e-02
8.883873612080227244e-02
8.881792765493019826e-02
8.879713083706015919e-02
8.877634563620626085e-02
8.875557202149837732e-02
8.873480996218162387e-02
8.871405942761587116e-02
8.869332038727549550e-02
8.867259281074871269e-02
8.865187666773736985e-02
8.863117192805627931e-02
8.861047856163298264e-02
8.858979653850722336e-02
8.856912582883053053e-02
8.854846640286581638e-02
8.852781823098691827e-02
8.850718128367818238e-02
8.848655553153408904e-02
8.846594094525875307e-02
8.844533749566559078e-02
8.842474515367679255e-02
8.840416389032305922e-02
8.838359367674301914e-02
8.836303448418299233e-02
8.834248628399637981e-02
8.832194904764346932e-02
8.830142274669085245e-02
8.828090735281109158e-02
8.826040283778233131e-02
8.823990917348786822e-02
8.821942633191577621e-02
8.819895428515844849e-02
8.817849300541226454e-02
8.815804246497714602e-02
8.813760263625620983e-02
8.811717349175536562e-02
8.809675500408281623e-02
8.807634714594883563e-02
8.805594989016529706e-02
8.803556320964525672e-02
8.801518707740259295e-02
8.799482146655167314e-02
8.797446635030689577e-02
8.795412170198231572e-02
8.793378749499132507e-02
8.791346370284623679e-02
8.789315029915788224e-02
8.787284725763523652e-02
8.785255455208511310e-02
8.783227215641171981e-02
8.781200004461632569e-02
8.779173819079685859e-02
8.777148656914757208e-02
8.775124515395862912e-02
8.773101391961579676e-02
8.771079284060004366e-02
8.769058189148716542e-02
8.767038104694746536e-02
8.765019028174535209e-02
8.763000957073902031e-02
8.760983888888002058e-02
8.758967821121305120e-02
8.756952751287538916e-02
8.754938676909672368e-02
8.752925595519872592e-02
8.750913504659470210e-02
8.748902401878923263e-02
8.746892284737782519e-02
8.744883150804662331e-02
8.742874997657197611e-02
8.740867822882018856e-02
8.738861624074704959e-02
8.736856398839765170e-02
8.734852144790590522e-02
8.732848859549426079e-02
8.730846540747340401e-02
8.728845186024186686e-02
8.726844793028570857e-02
8.724845359417816859e-02
8.722846882857941686e-02
8.720849361023604029e-02
8.718852791598093177e-02
8.716857172273281829e-02
8.714862500749594176e-02
8.712868774735982313e-02
8.710875991949881825e-02
8.708884150117192358e-02
8.706893246972224887e-02
8.704903280257700326e-02
8.702914247724688468e-02
8.700926147132589938e-02
8.698938976249104282e-02
8.696952732850196655e-02
8.694967414720060350e-02
8.692983019651098764e-02
8.690999545443879593e-02
8.689016989907115407e-02
8.687035350857623406e-02
8.685054626120300436e-02
8.683074813528095237e-02
8.681095910921961256e-02
8.679117916150849710e-02
8.677140827071656848e-02
8.675164641549214239e-02
8.673189357456240201e-02
8.671214972673320365e-02
8.669241485088874377e-02
8.667268892599128138e-02
8.665297193108081886e-02
8.663326384527479662e-02
8.661356464776782949e-02
8.659387431783134581e-02
8.657419283481346262e-02
8.655452017813845822e-02
8.653485632730663346e-02
8.651520126189399251e-02
8.649555496155195145e-02
8.647591740600701904e-02
8.645628857506061637e-02
8.643666844858861886e-02
8.641705700654120359e-02
8.639745422894253013e-02
8.637786009589046299e-02
8.635827458755629404e-02
8.633869768418440949e-02
8.631912936609209552e-02
8.629956961366921919e-02
8.628001840737790917e-02
8.626047572775237537e-02
8.624094155539856199e-02
8.622141587099386995e-02
8.620189865528694872e-02
8.618238988909736331e-02
8.616288955331531663e-02
8.614339762890145524e-02
8.612391409688650856e-02
8.610443893837112228e-02
8.608497213452549757e-02
8.606551366658916902e-02
8.604606351587069935e-02
8.602662166374752672e-02
8.600718809166554846e-02
8.598776278113902383e-02
8.596834571375015777e-02
8.594893687114893432e-02
8.592953623505285299e-02
8.591014378724659561e-02
8.589075950958194317e-02
8.587138338397727610e-02
8.585201539241754665e-02
8.583265551695384854e-02
8.581330373970331993e-02
8.579396004284878252e-02
8.577462440863849180e-02
8.575529681938598436e-02
8.573597725746973097e-02
8.571666570533288676e-02
8.569736214548319408e-02
8.567806656049245517e-02
8.565877893299662926e-02
8.563949924569529137e-02
8.562022748135154904e-02
8.560096362279179250e-02
8.558170765290540327e-02
8.556245955464449049e-02
8.554321931102377985e-02
8.552398690512025281e-02
8.550476232007292454e-02
8.548554553908264964e-02
8.546633654541190006e-02
8.544713532238443210e-02
8.542794185338518920e-02
8.540875612185992727e-02
8.538957811131511755e-02
8.537040780531761353e-02
8.535124518749447053e-02
8.533209024153268207e-02
8.531294295117897164e-02
8.529380330023966783e-02
8.527467127258020474e-02
8.525554685212520523e-02
8.523643002285803683e-02
8.521732076882072848e-02
8.519821907411365136e-02
8.517912492289532456e-02
8.516003829938224856e-02
8.514095918784857220e-02
8.512188757262593997e-02
8.510282343810336714e-02
8.508376676872682343e-02
8.506471754899913584e-02
8.504567576347979441e-02
8.502664139678463295e-02
8.500761443358573199e-02
8.498859485861111340e-02
8.496958265664457388e-02
8.495057781252544904e-02
8.493158031114841910e-02
8.491259013746332851e-02
8.489360727647490834e-02
8.487463171324254041e-02
8.485566343288020175e-02
8.483670242055610378e-02
8.481774866149255354e-02
8.479880214096577329e-02
8.477986284430560904e-02
8.476093075689536405e-02
8.474200586417168779e-02
8.472308815162421514e-02
8.470417760479545533e-02
8.468527420928058380e-02
8.466637795072726180e-02
8.464748881483535881e-02
8.462860678735684150e-02
8.460973185409549624e-02
8.459086400090683189e-02
8.457200321369774676e-02
8.455314947842648698e-02
8.453430278110229956e-02
8.451546310778536297e-02
8.449663044458652350e-02
8.447780477766710094e-02
8.445898609323874984e-02
8.444017437756322353e-02
8.442136961695217989e-02
8.440257179776700092e-02
8.438378090641861229e-02
8.436499692936726136e-02
8.434621985312246162e-02
8.432744966424254862e-02
8.430868634933473549e-02
8.428992989505484923e-02
8.427118028810708095e-02
8.425243751524386093e-02
8.423370156326569214e-02
8.421497241902094200e-02
8.419625006940559264e-02
8.417753450136325477e-02
8.415882570188473744e-02
8.414012365800802029e-02
8.412142835681810094e-02
8.410273978544671736e-02
8.408405793107212589e-02
8.406538278091917060e-02
8.404671432225881145e-02
8.402805254240813815e-02
8.400939742873010652e-02
8.399074896863344131e-02
8.397210714957237254e-02
8.395347195904651061e-02
8.393484338460067973e-02
8.391622141382470978e-02
8.389760603435329755e-02
8.387899723386584017e-02
8.386039500008622694e-02
8.384179932078271447e-02
8.382321018376773236e-02
8.380462757689768893e-02
8.378605148807284630e-02
8.376748190523720938e-02
8.374891881637820668e-02
8.373036220952656539e-02
8.371181207275636693e-02
8.369326839418450570e-02
8.367473116197086946e-02
8.365620036431796469e-02
8.363767598947081938e-02
8.361915802571684431e-02
8.360064646138562483e-02
8.358214128484882377e-02
8.356364248451994547e-02
8.354515004885422480e-02
8.352666396634846058e-02
8.350818422554084908e-02
8.348971081501083136e-02
8.347124372337894060e-02
8.345278293930663560e-02
8.343432845149613419e-02
8.341588024869031615e-02
8.339743831967247334e-02
8.337900265326622651e-02
8.336057323833540034e-02
8.334215006378374591e-02
8.332373311855491294e-02
8.330532239163224162e-02
8.328691787203862384e-02
8.326851954883633666e-02
8.325012741112691739e-02
8.323174144805098318e-02
8.321336164878813391e-02
8.319498800255675786e-02
8.317662049861389295e-02
8.315825912625506022e-02
8.313990387481418054e-02
8.312155473366336644e-02
8.310321169221278337e-02
8.308487473991055250e-02
8.306654386624255648e-02
8.304821906073232840e-02
8.302990031294087137e-02
8.301158761246654749e-02
8.299328094894491137e-02
8.297498031204858515e-02
8.295668569148717530e-02
8.293839707700699504e-02
8.292011445839100880e-02
8.290183782545870739e-02
8.288356716806595526e-02
8.286530247610483790e-02
8.284704373950348144e-02
8.282879094822603872e-02
8.281054409227243951e-02
8.279230316167827952e-02
8.277406814651468159e-02
8.275583903688826792e-02
8.273761582294081318e-02
8.271939849484927221e-02
8.270118704282566902e-02
8.268298145711680536e-02
8.266478172800427460e-02
8.264658784580425355e-02
8.262839980086737757e-02
8.261021758357868505e-02
8.259204118435735376e-02
8.257387059365668691e-02
8.255570580196394670e-02
8.253754679980017384e-02
8.251939357772013206e-02
8.250124612631216936e-02
8.248310443619803756e-02
8.246496849803280904e-02
8.244683830250472412e-02
8.242871384033512161e-02
8.241059510227825846e-02
8.239248207912117095e-02
8.237437476168363304e-02
8.235627314081786499e-02
8.233817720740865820e-02
8.232008695237301443e-02
8.230200236666017355e-02
8.228392344125141922e-02
8.226585016715996790e-02
8.224778253543088558e-02
8.222972053714092122e-02
8.221166416339842353e-02
8.219361340534313276e-02
8.217556825414619459e-02
8.215752870100997973e-02
8.213949473716791738e-02
8.212146635388443972e-02
8.210344354245485698e-02
8.208542629420520487e-02
8.206741460049213344e-02
8.204940845270286554e-02
8.203140784225496085e-02
8.201341276059631591e-02
8.199542319920494204e-02
8.197743914958893763e-02
8.195946060328633542e-02
8.194148755186496380e-02
8.192351998692240511e-02
8.190555790008578751e-02
8.188760128301178498e-02
8.186965012738640912e-02
8.185170442492489817e-02
8.183376416737174475e-02
8.181582934650033501e-02
8.179789995411311521e-02
8.177997598204128638e-02
8.176205742214474881e-02
8.174414426631204655e-02
8.172623650646018700e-02
8.170833413453454375e-02
8.169043714250880106e-02
8.167254552238478738e-02
8.165465926619239201e-02
8.163677836598946802e-02
8.161890281386169343e-02
8.160103260192250185e-02
8.158316772231299918e-02
8.156530816720172772e-02
8.154745392878477717e-02
8.152960499928542382e-02
8.151176137095426932e-02
8.149392303606897703e-02
8.147608998693425808e-02
8.145826221588167715e-02
8.144043971526965242e-02
8.142262247748327519e-02
8.140481049493426824e-02
8.138700376006081927e-02
8.136920226532756706e-02
8.135140600322537940e-02
8.133361496627138088e-02
8.131582914700880016e-02
8.129804853800680353e-02
8.128027313186053648e-02
8.126250292119088781e-02
8.124473789864447570e-02
8.122697805689357842e-02
8.120922338863588441e-02
8.119147388659454789e-02
8.117372954351805003e-02
8.115599035218006019e-02
8.113825630537942202e-02
8.112052739593994533e-02
8.110280361671041993e-02
8.108508496056447690e-02
8.106737142040046362e-02
8.104966298914138834e-02
8.103195965973485071e-02
8.101426142515283368e-02
8.099656827839175899e-02
8.097888021247232060e-02
8.096119722043937372e-02
8.094351929536187928e-02
8.092584643033282066e-02
8.090817861846903714e-02
8.089051585291125168e-02
8.087285812682389052e-02
8.085520543339498600e-02
8.083755776583619046e-02
8.081991511738258194e-02
8.080227748129253929e-02
8.078464485084786706e-02
8.076701721935346245e-02
8.074939458013734306e-02
8.073177692655054971e-02
8.071416425196706323e-02
8.069655654978369341e-02
8.067895381342005123e-02
8.066135603631834072e-02
8.064376321194341446e-02
8.062617533378259316e-02
8.060859239534559628e-02
8.059101439016455593e-02
8.057344131179369762e-02
8.055587315380954849e-02
8.053830990981063198e-02
8.052075157341748168e-02
8.050319813827253035e-02
8.048564959804002661e-02
8.046810594640600722e-02
8.045056717707811667e-02
8.043303328378560713e-02
8.041550426027917198e-02
8.039798010033097353e-02
8.038046079773450425e-02
8.036294634630444800e-02
8.034543673987670775e-02
8.032793197230828075e-02
8.031043203747716130e-02
8.029293692928220205e-02
8.027544664164325272e-02
8.025796116850079931e-02
8.024048050381610286e-02
8.022300464157096356e-02
8.020553357576777620e-02
8.018806730042936370e-02
8.017060580959896321e-02
8.015314909734004567e-02
8.013569715773637137e-02
8.011824998489180949e-02
8.010080757293032427e-02
8.008336991599586396e-02
8.006593700825227755e-02
8.004850884388330090e-02
8.003108541709237633e-02
8.001366672210270814e-02
7.999625275315705442e-02
7.997884350451779645e-02
7.996143897046668891e-02
7.994403914530492927e-02
7.992664402335306062e-02
7.990925359895084679e-02
7.989186786645720295e-02
7.987448682025020952e-02
7.985711045472690395e-02
7.983973876430336403e-02
7.982237174341448582e-02
7.980500938651399756e-02
7.978765168807439023e-02
7.977029864258679270e-02
7.975295024456098558e-02
7.973560648852519306e-02
7.971826736902622168e-02
7.970093288062915504e-02
7.968360301791745093e-02
7.966627777549280254e-02
7.964895714797511073e-02
7.963164113000237299e-02
7.961432971623060018e-02
7.959702290133384428e-02
7.957972068000397636e-02
7.956242304695076983e-02
7.954512999690178943e-02
7.952784152460222467e-02
7.951055762481495925e-02
7.949327829232046005e-02
7.947600352191665218e-02
7.945873330841890514e-02
7.944146764665997729e-02
7.942420653148994647e-02
7.940694995777608511e-02
7.938969792040286022e-02
7.937245041427185011e-02
7.935520743430170276e-02
7.933796897542796933e-02
7.932073503260322900e-02
7.930350560079679756e-02
7.928628067499485232e-02
7.926906025020026558e-02
7.925184432143254909e-02
7.923463288372788182e-02
7.921742593213888795e-02
7.920022346173473393e-02
7.918302546760092042e-02
7.916583194483939323e-02
7.914864288856830743e-02
7.913145829392202735e-02
7.911427815605115432e-02
7.909710247012233242e-02
7.907993123131823454e-02
7.906276443483757632e-02
7.904560207589494958e-02
7.902844414972073905e-02
7.901129065156127507e-02
7.899414157667847269e-02
7.897699692035002605e-02
7.895985667786920015e-02
7.894272084454483085e-02
7.892558941570126940e-02
7.890846238667827139e-02
7.889133975283099676e-02
7.887422150952995425e-02
7.885710765216087659e-02
7.883999817612472039e-02
7.882289307683758295e-02
7.880579234973067448e-02
7.878869599025024872e-02
7.877160399385750578e-02
7.875451635602857825e-02
7.873743307225447574e-02
7.872035413804102932e-02
7.870327954890876665e-02
7.868620930039298134e-02
7.866914338804358031e-02
7.865208180742502830e-02
7.863502455411640335e-02
7.861797162371114700e-02
7.860092301181720309e-02
7.858387871405686509e-02
7.856683872606670671e-02
7.854980304349760967e-02
7.853277166201463877e-02
7.851574457729698642e-02
7.849872178503797260e-02
7.848170328094490611e-02
7.846468906073919558e-02
7.844767912015607192e-02
7.843067345494469933e-02
7.841367206086807817e-02
7.839667493370298945e-02
7.837968206923991155e-02
7.836269346328303409e-02
7.834570911165017471e-02
7.832872901017264022e-02
7.831175315469536546e-02
7.829478154107671894e-02
7.827781416518843349e-02
7.826085102291570339e-02
7.824389211015693457e-02
7.822693742282391116e-02
7.820998695684154567e-02
7.819304070814796226e-02
7.817609867269435797e-02
7.815916084644505823e-02
7.814222722537735033e-02
7.812529780548151115e-02
7.810837258276073780e-02
7.809145155323114762e-02
7.807453471292154223e-02
7.805762205787364350e-02
7.804071358414182980e-02
7.802380928779312219e-02
7.800690916490725380e-02
7.799001321157646160e-02
7.797312142390558365e-02
7.795623379801189246e-02
7.793935033002510893e-02
7.792247101608737458e-02
7.790559585235312667e-02
7.788872483498912591e-02
7.787185796017440098e-02
7.785499522410016526e-02
7.783813662296977520e-02
7.782128215299873031e-02
7.780443181041457601e-02
7.778758559145693141e-02
7.777074349237729500e-02
7.775390550943919732e-02
7.773707163891795113e-02
7.772024187710080412e-02
7.770341622028675843e-02
7.768659466478654296e-02
7.766977720692265497e-02
7.765296384302919352e-02
7.763615456945188731e-02
7.761934938254810845e-02
7.760254827868665051e-02
7.758575125424789498e-02
7.756895830562357541e-02
7.755216942921690226e-02
7.753538462144238252e-02
7.751860387872591684e-02
7.750182719750457749e-02
7.748505457422674714e-02
7.746828600535195231e-02
7.745152148735084952e-02
7.743476101670526690e-02
7.741800458990803768e-02
7.740125220346302792e-02
7.738450385388503938e-02
7.736775953769990666e-02
7.735101925144426127e-02
7.733428299166564268e-02
7.731755075492235951e-02
7.730082253778357282e-02
7.728409833682907404e-02
7.726737814864939602e-02
7.725066196984571587e-02
7.723394979702982721e-02
7.721724162682407078e-02
7.720053745586133442e-02
7.718383728078502537e-02
7.716714109824890366e-02
7.715044890491724872e-02
7.713376069746465113e-02
7.711707647257605436e-02
7.710039622694669914e-02
7.708371995728202641e-02
7.706704766029777443e-02
7.705037933271982609e-02
7.703371497128415346e-02
7.701705457273692879e-02
7.700039813383428855e-02
7.698374565134244452e-02
7.696709712203757270e-02
7.695045254270582724e-02
7.693381191014327103e-02
7.691717522115579242e-02
7.690054247255916076e-02
7.688391366117891534e-02
7.686728878385040709e-02
7.685066783741868746e-02
7.683405081873843911e-02
7.681743772467408693e-02
7.680082855209961756e-02
7.678422329789863499e-02
7.676762195896423557e-02
7.675102453219904974e-02
7.673443101451521420e-02
7.671784140283423314e-02
7.670125569408707544e-02
7.668467388521402195e-02
7.666809597316470715e-02
7.665152195489809139e-02
7.663495182738229439e-02
7.661838558759478945e-02
7.660182323252219538e-02
7.658526475916019316e-02
7.656871016451372025e-02
7.655215944559669305e-02
7.653561259943217343e-02
7.651906962305216053e-02
7.650253051349768796e-02
7.648599526781871272e-02
7.646946388307411524e-02
7.645293635633168550e-02
7.643641268466797034e-02
7.641989286516848168e-02
7.640337689492737727e-02
7.638686477104764116e-02
7.637035649064094489e-02
7.635385205082766136e-02
7.633735144873676770e-02
7.632085468150592855e-02
7.630436174628134338e-02
7.628787264021778813e-02
7.627138736047854584e-02
7.625490590423540660e-02
7.623842826866859823e-02
7.622195445096677235e-02
7.620548444832703217e-02
7.618901825795476590e-02
7.617255587706370235e-02
7.615609730287589696e-02
7.613964253262170412e-02
7.612319156353962446e-02
7.610674439287644366e-02
7.609030101788712142e-02
7.607386143583466653e-02
7.605742564399033123e-02
7.604099363963333358e-02
7.602456542005106566e-02
7.600814098253884377e-02
7.599172032439999169e-02
7.597530344294582683e-02
7.595889033549559077e-02
7.594248099937642160e-02
7.592607543192331221e-02
7.590967363047912420e-02
7.589327559239453236e-02
7.587688131502796918e-02
7.586049079574565257e-02
7.584410403192150263e-02
7.582772102093714162e-02
7.581134176018186621e-02
7.579496624705260588e-02
7.577859447895392286e-02
7.576222645329790117e-02
7.574586216750427148e-02
7.572950161900018906e-02
7.571314480522035872e-02
7.569679172360696540e-02
7.568044237160957699e-02
7.566409674668524155e-02
7.564775484629834845e-02
7.563141666792067008e-02
7.561508220903127853e-02
7.559875146711655947e-02
7.558242443967015667e-02
7.556610112419298586e-02
7.554978151819319310e-02
7.553346561918607149e-02
7.551715342469414449e-02
7.550084493224697157e-02
7.548454013938131479e-02
7.546823904364102775e-02
7.545194164257691682e-02
7.543564793374693545e-02
7.541935791471598982e-02
7.540307158305595281e-02
7.538678893634566391e-02
7.537050997217091541e-02
7.535423468812435521e-02
7.533796308180554235e-02
7.532169515082084987e-02
7.530543089278350644e-02
7.528917030531354082e-02
7.527291338603771254e-02
7.525666013258955345e-02
7.524041054260932615e-02
7.522416461374401009e-02
7.520792234364714890e-02
7.519168372997905858e-02
7.517544877040663320e-02
7.515921746260331715e-02
7.514298980424918839e-02
7.512676579303087521e-02
7.511054542664141742e-02
7.509432870278051619e-02
7.507811561915421483e-02
7.506190617347507921e-02
7.504570036346207285e-02
7.502949818684057082e-02
7.501329964134230421e-02
7.499710472470533240e-02
7.498091343467414016e-02
7.496472576899947116e-02
7.494854172543827242e-02
7.493236130175386089e-02
7.491618449571570137e-02
7.490001130509955918e-02
7.488384172768731972e-02
7.486767576126705792e-02
7.485151340363295491e-02
7.483535465258536745e-02
7.481919950593071689e-02
7.480304796148151691e-02
7.478690001705629031e-02
7.477075567047961058e-02
7.475461491958208804e-02
7.473847776220028660e-02
7.472234419617669599e-02
7.470621421935981499e-02
7.469008782960397108e-02
7.467396502476947306e-02
7.465784580272247228e-02
7.464173016133496263e-02
7.462561809848471117e-02
7.460950961205539689e-02
7.459340469993641642e-02
7.457730336002292570e-02
7.456120559021583993e-02
7.454511138842177809e-02
7.452902075255310455e-02
7.451293368052781807e-02
7.449685017026955181e-02
7.448077021970761491e-02
7.446469382677690929e-02
7.444862098941795736e-02
7.443255170557679101e-02
7.441648597320507652e-02
7.440042379025993413e-02
7.438436515470403521e-02
7.436831006450553283e-02
7.435225851763806182e-02
7.433621051208061381e-02
7.432016604581774544e-02
7.430412511683932852e-02
7.428808772314068887e-02
7.427205386272241194e-02
7.425602353359053720e-02
7.423999673375639152e-02
7.422397346123657536e-02
7.420795371405303209e-02
7.419193749023290929e-02
7.417592478780868359e-02
7.415991560481798028e-02
7.414390993930369822e-02
7.412790778931387103e-02
7.411190915290170877e-02
7.409591402812561178e-02
7.407992241304908743e-02
7.406393430574073622e-02
7.404794970427427958e-02
7.403196860672847657e-02
7.401599101118722102e-02
7.400001691573933338e-02
7.398404631847874113e-02
7.396807921750429837e-02
7.395211561091988295e-02
7.393615549683436872e-02
7.392019887336145900e-02
7.390424573861990865e-02
7.388829609073328808e-02
7.387234992783009435e-02
7.385640724804370949e-02
7.384046804951231724e-02
7.382453233037897244e-02
7.380860008879151779e-02
7.379267132290263931e-02
7.377674603086974148e-02
7.376082421085504437e-02
7.374490586102548650e-02
7.372899097955272485e-02
7.371307956461310706e-02
7.369717161438776865e-02
7.368126712706239700e-02
7.366536610082738412e-02
7.364946853387778491e-02
7.363357442441326173e-02
7.361768377063804270e-02
7.360179657076099113e-02
7.358591282299553615e-02
7.357003252555961714e-02
7.355415567667573928e-02
7.353828227457097355e-02
7.352241231747680406e-02
7.350654580362925294e-02
7.349068273126881101e-02
7.347482309864038219e-02
7.345896690399339457e-02
7.344311414558156448e-02
7.342726482166313240e-02
7.341141893050065481e-02
7.339557647036108745e-02
7.337973743951570205e-02
7.336390183624019734e-02
7.334806965881449092e-02
7.333224090552284413e-02
7.331641557465383430e-02
7.330059366450027147e-02
7.328477517335926783e-02
7.326896009953212663e-02
7.325314844132439773e-02
7.323734019704587761e-02
7.322153536501048443e-02
7.320573394353639685e-02
7.318993593094591521e-02
7.317414132556544770e-02
7.315835012572559359e-02
7.314256232976108774e-02
7.312677793601068954e-02
7.311099694281730788e-02
7.309521934852791780e-02
7.307944515149350506e-02
7.306367435006916322e-02
7.304790694261394102e-02
7.303214292749099501e-02
7.301638230306733979e-02
7.300062506771412552e-02
7.298487121980633263e-02
7.296912075772302164e-02
7.295337367984706944e-02
7.293762998456537749e-02
7.292188967026870527e-02
7.290615273535167029e-02
7.289041917821285910e-02
7.287468899725466076e-02
7.285896219088335013e-02
7.284323875750897681e-02
7.282751869554547619e-02
7.281180200341061393e-02
7.279608867952584716e-02
7.278037872231650496e-02
7.276467213021169111e-02
7.274896890164414542e-02
7.273326903505045182e-02
7.271757252887092737e-02
7.270187938154952512e-02
7.268618959153394510e-02
7.267050315727556498e-02
7.265482007722944002e-02
7.263914034985421986e-02
7.262346397361231498e-02
7.260779094696961922e-02
7.259212126839578727e-02
7.257645493636394329e-02
7.256079194935094456e-02
7.254513230583707617e-02
7.252947600430627306e-02
7.251382304324600903e-02
7.249817342114729668e-02
7.248252713650461809e-02
7.246688418781604968e-02
7.245124457358313730e-02
7.243560829231085463e-02
7.241997534250771418e-02
7.240434572268565627e-02
7.238871943136006293e-02
7.237309646704978561e-02
7.235747682827707583e-02
7.234186051356757130e-02
7.232624752145032365e-02
7.231063785045777070e-02
7.229503149912569482e-02
7.227942846599327842e-02
7.226382874960306235e-02
7.224823234850082099e-02
7.223263926123575651e-02
7.221704948636031851e-02
7.220146302243028724e-02
7.218587986800471812e-02
7.217030002164591396e-02
7.215472348191948049e-02
7.213915024739421533e-02
7.212358031664224678e-02
7.210801368823879787e-02
7.209245036076242230e-02
7.207689033279476853e-02
7.206133360292078793e-02
7.204578016972852661e-02
7.203023003180922257e-02
7.201468318775726407e-02
7.199913963617018964e-02
7.198359937564863253e-02
7.196806240479641792e-02
7.195252872222039631e-02
7.193699832653055459e-02
7.192147121633998830e-02
7.190594739026480442e-02
7.189042684692426022e-02
7.187490958494055504e-02
7.185939560293902462e-02
7.184388489954794677e-02
7.182837747339868018e-02
7.181287332312560889e-02
7.179737244736603130e-02
7.178187484476029889e-02
7.176638051395167750e-02
7.175088945358645831e-02
7.173540166231386073e-02
7.171991713878600461e-02
7.170443588165796578e-02
7.168895788958780380e-02
7.167348316123639540e-02
7.165801169526753167e-02
7.164254349034793190e-02
7.162707854514714645e-02
7.161161685833764001e-02
7.159615842859466672e-02
7.158070325459642280e-02
7.156525133502382452e-02
7.154980266856066085e-02
7.153435725389360733e-02
7.151891508971201794e-02
7.150347617470810546e-02
7.148804050757688600e-02
7.147260808701609569e-02
7.145717891172627401e-02
7.144175298041069433e-02
7.142633029177536397e-02
7.141091084452903803e-02
7.139549463738320556e-02
7.138008166905202012e-02
7.136467193825239697e-02
7.134926544370391588e-02
7.133386218412884894e-02
7.131846215825210500e-02
7.130306536480128521e-02
7.128767180250666913e-02
7.127228147010111758e-02
7.125689436632019758e-02
7.124151048990204349e-02
7.122612983958744037e-02
7.121075241411975454e-02
7.119537821224491969e-02
7.118000723271154795e-02
7.116463947427074943e-02
7.114927493567624328e-02
7.113391361568424665e-02
7.111855551305359957e-02
7.110320062654564011e-02
7.108784895492425981e-02
7.107250049695584826e-02
7.105715525140929301e-02
7.104181321705606289e-02
7.102647439266999985e-02
7.101113877702752708e-02
7.099580636890749641e-02
7.098047716709125765e-02
7.096515117036257536e-02
7.094982837750772597e-02
7.093450878731535902e-02
7.091919239857658042e-02
7.090387921008491079e-02
7.088856922063631327e-02
7.087326242902913798e-02
7.085795883406409423e-02
7.084265843454436162e-02
7.082736122927538180e-02
7.081206721706506668e-02
7.079677639672365963e-02
7.078148876706373549e-02
7.076620432690022833e-02
7.075092307505038980e-02
7.073564501033383078e-02
7.072037013157245200e-02
7.070509843759048563e-02
7.068982992721445369e-02
7.067456459927315415e-02
7.065930245259770259e-02
7.064404348602147665e-02
7.062878769838011606e-02
7.061353508851152261e-02
7.059828565525581856e-02
7.058303939745545763e-02
7.056779631395505847e-02
7.055255640360146019e-02
7.053731966524376396e-02
7.052208609773324977e-02
7.050685569992340418e-02
7.049162847066994808e-02
7.047640440883072566e-02
7.046118351326581541e-02
7.044596578283743304e-02
7.043075121640997305e-02
7.041553981284996711e-02
7.040033157102613959e-02
7.038512648980929653e-02
7.036992456807240892e-02
7.035472580469058490e-02
7.033953019854100042e-02
7.032433774850303798e-02
7.030914845345802300e-02
7.029396231228952907e-02
7.027877932388314208e-02
7.026359948712654346e-02
7.024842280090949631e-02
7.023324926412374825e-02
7.021807887566325346e-02
7.020291163442389515e-02
7.018774753930363819e-02
7.017258658920247361e-02
7.015742878302240471e-02
7.014227411966750259e-02
7.012712259804382287e-02
7.011197421705939181e-02
7.009682897562431736e-02
7.008168687265058094e-02
7.006654790705227343e-02
7.005141207774535916e-02
7.003627938364784256e-02
7.002114982367965701e-02
7.000602339676266495e-02
6.999090010182076882e-02
6.997577993777971683e-02
6.996066290356722783e-02
6.994554899811293580e-02
6.993043822034843149e-02
6.991533056920716527e-02
6.990022604362453040e-02
6.988512464253780754e-02
6.987002636488619245e-02
6.985493120961072666e-02
6.983983917565436683e-02
6.982475026196187373e-02
6.980966446747999266e-02
6.979458179115725913e-02
6.977950223194402668e-02
6.976442578879255008e-02
6.974935246065688821e-02
6.973428224649297347e-02
6.971921514525852848e-02
6.970415115591309385e-02
6.968909027741805595e-02
6.967403250873656362e-02
6.965897784883361143e-02
6.964392629667594259e-02
6.962887785123213213e-02
6.961383251147248985e-02
6.959879027636914350e-02
6.958375114489594171e-02
6.956871511602855107e-02
6.955368218874433128e-02
6.953865236202244615e-02
6.952362563484375257e-02
6.950860200619091156e-02
6.949358147504820782e-02
6.947856404040178568e-02
6.946354970123938544e-02
6.944853845655053759e-02
6.943353030532645187e-02
6.941852524656003109e-02
6.940352327924584341e-02
6.938852440238021946e-02
6.937352861496111356e-02
6.935853591598820089e-02
6.934354630446275258e-02
6.932855977938776060e-02
6.931357633976788224e-02
6.929859598460937076e-02
6.928361871292020024e-02
6.926864452370989911e-02
6.925367341598971660e-02
6.923870538877245628e-02
6.922374044107261482e-02
6.920877857190624316e-02
6.919381978029104374e-02
6.917886406524627330e-02
6.916391142579285389e-02
6.914896186095327579e-02
6.913401536975156969e-02
6.911907195121345937e-02
6.910413160436611191e-02
6.908919432823837359e-02
6.907426012186057562e-02
6.905932898426470068e-02
6.904440091448418859e-02
6.902947591155410290e-02
6.901455397451099205e-02
6.899963510239300046e-02
6.898471929423975746e-02
6.896980654909246056e-02
6.895489686599377832e-02
6.893999024398794750e-02
6.892508668212068978e-02
6.891018617943921176e-02
6.889528873499228823e-02
6.888039434783009562e-02
6.886550301700442023e-02
6.885061474156836669e-02
6.883572952057673278e-02
6.882084735308557910e-02
6.880596823815256224e-02
6.879109217483678207e-02
6.877621916219875398e-02
6.876134919930049216e-02
6.874648228520548188e-02
6.873161841897855451e-02
6.871675759968604025e-02
6.870189982639576809e-02
6.868704509817687154e-02
6.867219341409998290e-02
6.865734477323710838e-02
6.864249917466172524e-02
6.862765661744867074e-02
6.861281710067419770e-02
6.859798062341597447e-02
6.858314718475302940e-02
6.856831678376577865e-02
6.855348941953608166e-02
6.853866509114713013e-02
6.852384379768346190e-02
6.850902553823104424e-02
6.849421031187716280e-02
6.847939811771049101e-02
6.846458895482103457e-02
6.844978282230018696e-02
6.843497971924063228e-02
6.842017964473642855e-02
6.840538259788295217e-02
6.839058857777693956e-02
6.837579758351644554e-02
6.836100961420081557e-02
6.834622466893072734e-02
6.833144274680817698e-02
6.831666384693647898e-02
6.830188796842025234e-02
6.828711511036537896e-02
6.827234527187905910e-02
6.825757845206978369e-02
6.824281465004734815e-02
6.822805386492276913e-02
6.821329609580839559e-02
6.819854134181785321e-02
6.818378960206598893e-02
6.816904087566891257e-02
6.815429516174406621e-02
6.813955245941005767e-02
6.812481276778677153e-02
6.811007608599535523e-02
6.809534241315824687e-02
6.808061174839898089e-02
6.806588409084245173e-02
6.805115943961471958e-02
6.803643779384310752e-02
6.802171915265610436e-02
6.800700351518346176e-02
6.799229088055615267e-02
6.797758124790628798e-02
6.796287461636725535e-02
6.794817098507359432e-02
6.793347035316106564e-02
6.791877271976659580e-02
6.790407808402829093e-02
6.788938644508552001e-02
6.787469780207872061e-02
6.786001215414956544e-02
6.784532950044089294e-02
6.783064984009667953e-02
6.781597317226209509e-02
6.780129949608343365e-02
6.778662881070819657e-02
6.777196111528498157e-02
6.775729640896353823e-02
6.774263469089476797e-02
6.772797596023076572e-02
6.771332021612466723e-02
6.769866745773077399e-02
6.768401768420452547e-02
6.766937089470247135e-02
6.765472708838229932e-02
6.764008626440277949e-02
6.762544842192383387e-02
6.761081356010643917e-02
6.759618167811272393e-02
6.758155277510587144e-02
6.756692685025020295e-02
6.755230390271110830e-02
6.753768393165503203e-02
6.752306693624961220e-02
6.750845291566341666e-02
6.749384186906623451e-02
6.747923379562882629e-02
6.746462869452304889e-02
6.745002656492185555e-02
6.743542740599922647e-02
6.742083121693021042e-02
6.740623799689089701e-02
6.739164774505847222e-02
6.737706046061113507e-02
6.736247614272811157e-02
6.734789479058971018e-02
6.733331640337725243e-02
6.731874098027305908e-02
6.730416852046060272e-02
6.728959902312420249e-02
6.727503248744935715e-02
6.726046891262250915e-02
6.724590829783110013e-02
6.723135064226364033e-02
6.721679594510963918e-02
6.720224420555953593e-02
6.718769542280488005e-02
6.717314959603816471e-02
6.715860672445286839e-02
6.714406680724348264e-02
6.712952984360551212e-02
6.711499583273534963e-02
6.710046477383044272e-02
6.708593666608927975e-02
6.707141150871119561e-02
6.705688930089659383e-02
6.704237004184676607e-02
6.702785373076401709e-02
6.701334036685162310e-02
6.699882994931379010e-02
6.698432247735572331e-02
6.696981795018350225e-02
6.695531636700423339e-02
6.694081772702593913e-02
6.692632202945757169e-02
6.691182927350902698e-02
6.689733945839117235e-02
6.688285258331573557e-02
6.686836864749547138e-02
6.685388765014395329e-02
6.683940959047576791e-02
6.682493446770637613e-02
6.681046228105215479e-02
6.679599302973045216e-02
6.678152671295942144e-02
6.676706332995824278e-02
6.675260287994688735e-02
6.673814536214633941e-02
6.672369077577838814e-02
6.670923912006578027e-02
6.669479039423210909e-02
6.668034459750191156e-02
6.666590172910057122e-02
6.665146178825437362e-02
6.663702477419043702e-02
6.662259068613685109e-02
6.660815952332252432e-02
6.659373128497719785e-02
6.657930597033157039e-02
6.656488357861713168e-02
6.655046410906628740e-02
6.653604756091224814e-02
6.652163393338915431e-02
6.650722322573195122e-02
6.649281543717643073e-02
6.647841056695927286e-02
6.646400861431794871e-02
6.644960957849085914e-02
6.643521345871716832e-02
6.642082025423685920e-02
6.640642996429087230e-02
6.639204258812082815e-02
6.637765812496927709e-02
6.636327657407958824e-02
6.634889793469589403e-02
6.633452220606322891e-02
6.632014938742740451e-02
6.630577947803500960e-02
6.629141247713350726e-02
6.627704838397117937e-02
6.626268719779704330e-02
6.624832891786099076e-02
6.623397354341369059e-02
6.621962107370660267e-02
6.620527150799199179e-02
6.619092484552291378e-02
6.617658108555321550e-02
6.616224022733754873e-02
6.614790227013132851e-02
6.613356721319078868e-02
6.611923505577289861e-02
6.610490579713543258e-02
6.609057943653695588e-02
6.607625597323676936e-02
6.606193540649499263e-02
6.604761773557243920e-02
6.603330295973079689e-02
6.601899107823240576e-02
6.600468209034042466e-02
6.599037599531878961e-02
6.597607279243217215e-02
6.596177248094595158e-02
6.594747506012632599e-02
6.593318052924022898e-02
6.591888888755530196e-02
6.590460013433996345e-02
6.589031426886336751e-02
6.587603129039540373e-02
6.586175119820669721e-02
6.584747399156862246e-02
6.583319966975326176e-02
6.581892823203343290e-02
6.580465967768268920e-02
6.579039400597530562e-02
6.577613121618629266e-02
6.576187130759134081e-02
6.574761427946690384e-02
6.573336013109010167e-02
6.571910886173885913e-02
6.570486047069167002e-02
6.569061495722787469e-02
6.567637232062743802e-02
6.566213256017106037e-02
6.564789567514010826e-02
6.563366166481669761e-02
6.561943052848361047e-02
6.560520226542432276e-02
6.559097687492301820e-02
6.557675435626456051e-02
6.556253470873450728e-02
6.554831793161908227e-02
6.553410402420520309e-02
6.551989298578050902e-02
6.550568481563324996e-02
6.549147951305238358e-02
6.547727707732758917e-02
6.546307750774911505e-02
6.544888080360795890e-02
6.543468696419577069e-02
6.542049598880489425e-02
6.540630787672824242e-02
6.539212262725951907e-02
6.537794023969294155e-02
6.536376071332351823e-02
6.534958404744684035e-02
6.533541024135919306e-02
6.532123929435748599e-02
6.530707120573925328e-02
6.529290597480272296e-02
6.527874360084674754e-02
6.526458408317084570e-02
6.525042742107514671e-02
6.523627361386041823e-02
6.522212266082809407e-02
6.520797456128020475e-02
6.519382931451943308e-02
6.517968691984911411e-02
6.516554737657316576e-02
6.515141068399617208e-02
6.513727684142334162e-02
6.512314584816045193e-02
6.510901770351397444e-02
6.509489240679096345e-02
6.508076995729908387e-02
6.506665035434662514e-02
6.505253359724245954e-02
6.503841968529615325e-02
6.502430861781781368e-02
6.501020039411814500e-02
6.499609501350850360e-02
6.498199247530081490e-02
6.496789277880764268e-02
6.495379592334207808e-02
6.493970190821791999e-02
6.492561073274943917e-02
6.491152239625160025e-02
6.489743689803990911e-02
6.488335423743048225e-02
6.486927441374000514e-02
6.485519742628578777e-02
6.484112327438568135e-02
6.482705195735811998e-02
6.481298347452213449e-02
6.479891782519739407e-02
6.478485500870401204e-02
6.477079502436282332e-02
6.475673787149509308e-02
6.474268354942280812e-02
6.472863205746838544e-02
6.471458339495490819e-02
6.470053756120600075e-02
6.468649455554581484e-02
6.467245437729909896e-02
6.465841702579118444e-02
6.464438250034791611e-02
6.463035080029569390e-02
6.461632192496155613e-02
6.460229587367299908e-02
6.458827264575810190e-02
6.457425224054552659e-02
6.456023465736444866e-02
6.454621989554459871e-02
6.453220795441626245e-02
6.451819883331028072e-02
6.450419253155798005e-02
6.449018904849129763e-02
6.447618838344268410e-02
6.446219053574513136e-02
6.444819550473213088e-02
6.443420328973775701e-02
6.442021389009659760e-02
6.440622730514379557e-02
6.439224353421495184e-02
6.437826257664627794e-02
6.436428443177444336e-02
6.435030909893674211e-02
6.433633657747085677e-02
6.432236686671508052e-02
6.430839996600820618e-02
6.429443587468956778e-02
6.428047459209895731e-02
6.426651611757672189e-02
6.425256045046376374e-02
6.423860759010134591e-02
6.422465753583145309e-02
6.421071028699641692e-02
6.419676584293913801e-02
6.418282420300303048e-02
6.416888536653196640e-02
6.415494933287038681e-02
6.414101610136317688e-02
6.412708567135576299e-02
6.411315804219402947e-02
6.409923321322437417e-02
6.408531118379370839e-02
6.407139195324944303e-02
6.405747552093939146e-02
6.404356188621200541e-02
6.402965104841609745e-02
6.401574300690103525e-02
6.400183776101665833e-02
6.398793531011326419e-02
6.397403565354167765e-02
6.396013879065319541e-02
6.394624472079953048e-02
6.393235344333299264e-02
6.391846495760628022e-02
6.390457926297260505e-02
6.389069635878559528e-02
6.387681624439946193e-02
6.386293891916877685e-02
6.384906438244862537e-02
6.383519263359460627e-02
6.382132367196272082e-02
6.380745749690944213e-02
6.379359410779177064e-02
6.377973350396709540e-02
6.376587568479331891e-02
6.375202064962878779e-02
6.373816839783226496e-02
6.372431892876305459e-02
6.371047224178087720e-02
6.369662833624586962e-02
6.368278721151868216e-02
6.366894886696039535e-02
6.365511330193254769e-02
6.364128051579708012e-02
6.362745050791650259e-02
6.361362327765360258e-02
6.359979882437175047e-02
6.358597714743473295e-02
6.357215824620671141e-02
6.355834212005238848e-02
6.354452876833682762e-02
6.353071819042556412e-02
6.351691038568459124e-02
6.350310535348030472e-02
6.348930309317955822e-02
6.347550360414962178e-02
6.346170688575820951e-02
6.344791293737346571e-02
6.343412175836397882e-02
6.342033334809873968e-02
6.340654770594718326e-02
6.339276483127917472e-02
6.337898472346500944e-02
6.336520738187539914e-02
6.335143280588144410e-02
6.333766099485471646e-02
6.332389194816723244e-02
6.331012566519132745e-02
6.329636214529986427e-02
6.328260138786603872e-02
6.326884339226351850e-02
6.325508815786635985e-02
6.324133568404906314e-02
6.322758597018647564e-02
6.321383901565390262e-02
6.320009481982710731e-02
6.318635338208214436e-02
6.317261470179556804e-02
6.315887877834433506e-02
6.314514561110572133e-02
6.313141519945753011e-02
6.311768754277785609e-02
6.310396264044532133e-02
6.309024049183881155e-02
6.307652109633767046e-02
6.306280445332168583e-02
6.304909056217097851e-02
6.303537942226607182e-02
6.302167103298794704e-02
6.300796539371791849e-02
6.299426250383766135e-02
6.298056236272936426e-02
6.296686496977549341e-02
6.295317032435891746e-02
6.293947842586296304e-02
6.292578927367128983e-02
6.291210286716794609e-02
6.289841920573738254e-02
6.288473828876442462e-02
6.287106011563427244e-02
6.285738468573252857e-02
6.284371199844517031e-02
6.283004205315852186e-02
6.281637484925933768e-02
6.280271038613473300e-02
6.278904866317218392e-02
6.277538967975952733e-02
6.276173343528504422e-02
6.274807992913730703e-02
6.273442916070534614e-02
6.272078112937845562e-02
6.270713583454637363e-02
6.269349327559924079e-02
6.267985345192743363e-02
6.266621636292188380e-02
6.265258200797370336e-02
6.263895038647449010e-02
6.262532149781617485e-02
6.261169534139104931e-02
6.259807191659173820e-02
6.258445122281126871e-02
6.257083325944300112e-02
6.255721802588071201e-02
6.254360552151844166e-02
6.252999574575064667e-02
6.251638869797215836e-02
6.250278437757812722e-02
6.248918278396406456e-02
6.247558391652584253e-02
6.246198777465966634e-02
6.244839435776212283e-02
6.243480366523012498e-02
6.242121569646098128e-02
6.240763045085229166e-02
6.239404792780200298e-02
6.238046812670847152e-02
6.236689104697033803e-02
6.235331668798660409e-02
6.233974504915662518e-02
6.232617612988012451e-02
6.231260992955711675e-02
6.229904644758796350e-02
6.228548568337342189e-02
6.227192763631452660e-02
6.225837230581269394e-02
6.224481969126963860e-02
6.223126979208743609e-02
6.221772260766851581e-02
6.220417813741559859e-02
6.219063638073177303e-02
6.217709733702043301e-02
6.216356100568535409e-02
6.215002738613056854e-02
6.213649647776053886e-02
6.212296827997993570e-02
6.210944279219384606e-02
6.209592001380769694e-02
6.208239994422717206e-02
6.206888258285829518e-02
6.205536792910750638e-02
6.204185598238141225e-02
6.202834674208711901e-02
6.201484020763190635e-02
6.200133637842347029e-02
6.198783525386977050e-02
6.197433683337913446e-02
6.196084111636016023e-02
6.194734810222182753e-02
6.193385779037337974e-02
6.192037018022437250e-02
6.190688527118472922e-02
6.189340306266464392e-02
6.187992355407463674e-02
6.186644674482558864e-02
6.185297263432858184e-02
6.183950122199513566e-02
6.182603250723699151e-02
6.181256648946624466e-02
6.179910316809528181e-02
6.178564254253682969e-02
6.177218461220386481e-02
6.175872937650973143e-02
6.174527683486803059e-02
6.173182698669272411e-02
6.171837983139800976e-02
6.170493536839847387e-02
6.169149359710890401e-02
6.167805451694449714e-02
6.166461812732063064e-02
6.165118442765316759e-02
6.163775341735804048e-02
6.162432509585167445e-02
6.161089946255066119e-02
6.159747651687199482e-02
6.158405625823288460e-02
6.157063868605087281e-02
6.155722379974380015e-02
6.154381159872981261e-02
6.153040208242730597e-02
6.151699525025499521e-02
6.150359110163191451e-02
6.149018963597736170e-02
6.147679085271091221e-02
6.146339475125246060e-02
6.145000133102219986e-02
6.143661059144056580e-02
6.142322253192831344e-02
6.140983715190649617e-02
6.139645445079641023e-02
6.138307442801972658e-02
6.136969708299828963e-02
6.135632241515428381e-02
6.134295042391020580e-02
6.132958110868880208e-02
6.131621446891306892e-02
6.130285050400636343e-02
6.128948921339227168e-02
6.127613059649464344e-02
6.126277465273767542e-02
6.124942138154580717e-02
6.123607078234370726e-02
6.122272285455641200e-02
6.120937759760915892e-02
6.119603501092752557e-02
6.118269509393731154e-02
6.116935784606463561e-02
6.115602326673584554e-02
6.114269135537761524e-02
6.112936211141684062e-02
6.111603553428073682e-02
6.110271162339675488e-02
6.108939037819261647e-02
6.107607179809633469e-02
6.106275588253622100e-02
6.104944263094078116e-02
6.103613204273885401e-02
6.102282411735948653e-02
6.100951885423205878e-02
6.099621625278619369e-02
6.098291631245174316e-02
6.096961903265886440e-02
6.095632441283799913e-02
6.094303245241976252e-02
6.092974315083516529e-02
6.091645650751537772e-02
6.090317252189184072e-02
6.088989119339631439e-02
6.087661252146079477e-02
6.086333650551747909e-02
6.085006314499896013e-02
6.083679243933790004e-02
6.082352438796740507e-02
6.081025899032073412e-02
6.079699624583143752e-02
6.078373615393329460e-02
6.077047871406036916e-02
6.075722392564698177e-02
6.074397178812768888e-02
6.073072230093729679e-02
6.071747546351088931e-02
6.070423127528382784e-02
6.069098973569163336e-02
6.067775084417015297e-02
6.066451460015550440e-02
6.065128100308398579e-02
6.063805005239220058e-02
6.062482174751695346e-02
6.061159608789534747e-02
6.059837307296473546e-02
6.058515270216266457e-02
6.057193497492695256e-02
6.055871989069570166e-02
6.054550744890723618e-02
6.053229764900011634e-02
6.051909049041311051e-02
6.050588597258534790e-02
6.049268409495604792e-02
6.047948485696481857e-02
6.046628825805139967e-02
6.045309429765586412e-02
6.043990297521844440e-02
6.042671429017968526e-02
6.041352824198029103e-02
6.040034483006131300e-02
6.038716405386392733e-02
6.037398591282965021e-02
6.036081040640016437e-02
6.034763753401743702e-02
6.033446729512364354e-02
6.032129968916120216e-02
6.030813471557276706e-02
6.029497237380125607e-02
6.028181266328978133e-02
6.026865558348171864e-02
6.025550113382066586e-02
6.024234931375045676e-02
6.022920012271514717e-02
6.021605356015905658e-02
6.020290962552669878e-02
6.018976831826283735e-02
6.017662963781248570e-02
6.016349358362085842e-02
6.015036015513341994e-02
6.013722935179584284e-02
6.012410117305404950e-02
6.011097561835420516e-02
6.009785268714264855e-02
6.008473237886598206e-02
6.007161469297105788e-02
6.005849962890492943e-02
6.004538718611485137e-02
6.003227736404836284e-02
6.001917016215315565e-02
6.000606557987723383e-02
5.999296361666874716e-02
5.997986427197609521e-02
5.996676754524794123e-02
5.995367343593312193e-02
5.994058194348068219e-02
5.992749306733997222e-02
5.991440680696046017e-02
5.990132316179191257e-02
5.988824213128427637e-02
5.987516371488773442e-02
5.986208791205269164e-02
5.984901472222975416e-02
5.983594414486976404e-02
5.982287617942380620e-02
5.980981082534308352e-02
5.979674808207916664e-02
5.978368794908370254e-02
5.977063042580864349e-02
5.975757551170612220e-02
5.974452320622850726e-02
5.973147350882834772e-02
5.971842641895842158e-02
5.970538193607173583e-02
5.969234005962154727e-02
5.967930078906122371e-02
5.966626412384443828e-02
5.965323006342500289e-02
5.964019860725703476e-02
5.962716975479476905e-02
5.961414350549271157e-02
5.960111985880555546e-02
5.958809881418817428e-02
5.957508037109573995e-02
5.956206452898353543e-02
5.954905128730712816e-02
5.953604064552225211e-02
5.952303260308482863e-02
5.951002715945104965e-02
5.949702431407728059e-02
5.948402406642008811e-02
5.947102641593623312e-02
5.945803136208275413e-02
5.944503890431677984e-02
5.943204904209572342e-02
5.941906177487722707e-02
5.940607710211905784e-02
5.939309502327923262e-02
5.938011553781596258e-02
5.936713864518767397e-02
5.935416434485297349e-02
5.934119263627071067e-02
5.932822351889985996e-02
5.931525699219967335e-02
5.930229305562959713e-02
5.928933170864922331e-02
5.927637295071840062e-02
5.926341678129715823e-02
5.925046319984570570e-02
5.923751220582446769e-02
5.922456379869408399e-02
5.921161797791537479e-02
5.919867474294933374e-02
5.918573409325723900e-02
5.917279602830044505e-02
5.915986054754060475e-02
5.914692765043948891e-02
5.913399733645913203e-02
5.912106960506173514e-02
5.910814445570970743e-02
5.909522188786557606e-02
5.908230190099222900e-02
5.906938449455254037e-02
5.905646966800972425e-02
5.904355742082718211e-02
5.903064775246844725e-02
5.901774066239726113e-02
5.900483615007758725e-02
5.899193421497354178e-02
5.897903485654947681e-02
5.896613807426991094e-02
5.895324386759954322e-02
5.894035223600326001e-02
5.892746317894619751e-02
5.891457669589360291e-02
5.890169278631095934e-02
5.888881144966392339e-02
5.887593268541833208e-02
5.886305649304024445e-02
5.885018287199589304e-02
5.883731182175165608e-02
5.882444334177417550e-02
5.881157743153019035e-02
5.879871409048671727e-02
5.878585331811091858e-02
5.877299511387008846e-02
5.876013947723181946e-02
5.874728640766380128e-02
5.873443590463391789e-02
5.872158796761028920e-02
5.870874259606117390e-02
5.869589978945505271e-02
5.868305954726051737e-02
5.867022186894641639e-02
5.865738675398176477e-02
5.864455420183571632e-02
5.863172421197766077e-02
5.861889678387716823e-02
5.860607191700395457e-02
5.859324961082791605e-02
5.858042986481919873e-02
5.856761267844803193e-02
5.855479805118487396e-02
5.854198598250039132e-02
5.852917647186541006e-02
5.851636951875086728e-02
5.850356512262799152e-02
5.849076328296812233e-02
5.847796399924277272e-02
5.846516727092368471e-02
5.845237309748272519e-02
5.843958147839196926e-02
5.842679241312366545e-02
5.841400590115020108e-02
5.840122194194420635e-02
5.838844053497844327e-02
5.837566167972585429e-02
5.836288537565956919e-02
5.835011162225289122e-02
5.833734041897930406e-02
5.832457176531243709e-02
5.831180566072614174e-02
5.829904210469434578e-02
5.828628109669128921e-02
5.827352263619129530e-02
5.826076672266888856e-02
5.824801335559875309e-02
5.823526253445575340e-02
5.822251425871492747e-02
5.820976852785148675e-02
5.819702534134080230e-02
5.818428469865843944e-02
5.817154659928008842e-02
5.815881104268168927e-02
5.814607802833928613e-02
5.813334755572909657e-02
5.812061962432753942e-02
5.810789423361120698e-02
5.809517138305680256e-02
5.808245107214126540e-02
5.806973330034165270e-02
5.805701806713528534e-02
5.804430537199947726e-02
5.803159521441188934e-02
5.801888759385024491e-02
5.800618250979248935e-02
5.799347996171669295e-02
5.798077994910111332e-02
5.796808247142417464e-02
5.795538752816448147e-02
5.794269511880074941e-02
5.793000524281194386e-02
5.791731789967713429e-02
5.790463308887554977e-02
5.789195080988665532e-02
5.787927106218999918e-02
5.786659384526531696e-02
5.785391915859253859e-02
5.784124700165174660e-02
5.782857737392316927e-02
5.781591027488720141e-02
5.780324570402442519e-02
5.779058366081554765e-02
5.777792414474149096e-02
5.776526715528325362e-02
5.775261269192210473e-02
5.773996075413939666e-02
5.772731134141666914e-02
5.771466445323562150e-02
5.770202008907811958e-02
5.768937824842618189e-02
5.767673893076200042e-02
5.766410213556791287e-02
5.765146786232641651e-02
5.763883611052017519e-02
5.762620687963201233e-02
5.761358016914491786e-02
5.760095597854204830e-02
5.758833430730665032e-02
5.757571515492222736e-02
5.756309852087239387e-02
5.755048440464091003e-02
5.753787280571170948e-02
5.752526372356889933e-02
5.751265715769671161e-02
5.750005310757955179e-02
5.748745157270199191e-02
5.747485255254876357e-02
5.746225604660469555e-02
5.744966205435488721e-02
5.743707057528445875e-02
5.742448160887882180e-02
5.741189515462340187e-02
5.739931121200392283e-02
5.738672978050614326e-02
5.737415085961605765e-02
5.736157444881976458e-02
5.734900054760355692e-02
5.733642915545383856e-02
5.732386027185722849e-02
5.731129389630041510e-02
5.729873002827032963e-02
5.728616866725397966e-02
5.727360981273860174e-02
5.726105346421148795e-02
5.724849962116018709e-02
5.723594828307231042e-02
5.722339944943570511e-02
5.721085311973830162e-02
5.719830929346823162e-02
5.718576797011371005e-02
5.717322914916320858e-02
5.716069283010521973e-02
5.714815901242850660e-02
5.713562769562193638e-02
5.712309887917449425e-02
5.711057256257535963e-02
5.709804874531383689e-02
5.708552742687938997e-02
5.707300860676165627e-02
5.706049228445034954e-02
5.704797845943544027e-02
5.703546713120694750e-02
5.702295829925508458e-02
5.701045196307023832e-02
5.699794812214287881e-02
5.698544677596366348e-02
5.697294792402343017e-02
