2.334093600000000102e-01
2.422667149999999936e-01
2.319957910000000068e-01
2.514677049999999858e-01
2.210722569999999942e-01
2.296351939999999869e-01
2.311106920000000065e-01
2.052018339999999996e-01
2.138549829999999985e-01
2.104980200000000079e-01
2.314969000000000054e-01
2.466571029999999887e-01
2.014673499999999895e-01
2.214232389999999939e-01
2.264066040000000113e-01
2.227770980000000067e-01
2.316081229999999991e-01
2.046723219999999899e-01
2.136259379999999874e-01
2.218497989999999864e-01
2.168942540000000085e-01
1.973847599999999924e-01
2.060209359999999879e-01
2.255112830000000068e-01
2.194872350000000027e-01
2.199604360000000092e-01
2.130203840000000071e-01
1.978277119999999889e-01
2.144399879999999980e-01
2.017103279999999943e-01
1.936181630000000098e-01
1.945669050000000122e-01
2.040355060000000054e-01
1.845485570000000020e-01
2.108738420000000058e-01
2.051300560000000051e-01
1.925287539999999964e-01
1.982819439999999878e-01
1.996036320000000031e-01
1.907799390000000095e-01
1.887903659999999872e-01
1.930893509999999924e-01
1.864304240000000112e-01
2.068424080000000054e-01
1.990981400000000068e-01
1.836641729999999861e-01
1.860912590000000089e-01
1.840132469999999909e-01
1.954599320000000029e-01
1.904169619999999952e-01
2.051051259999999987e-01
1.945245120000000105e-01
1.727614100000000041e-01
1.921562250000000138e-01
1.788090019999999947e-01
1.843914989999999865e-01
2.064926770000000134e-01
1.802053150000000048e-01
1.787041430000000097e-01
1.937691420000000053e-01
1.816157999999999939e-01
1.883822830000000115e-01
1.903467480000000100e-01
1.826852860000000023e-01
1.928074210000000066e-01
1.870380339999999919e-01
1.813266719999999943e-01
1.870102580000000125e-01
1.841838359999999897e-01
1.900977050000000057e-01
1.892075990000000041e-01
1.578466299999999878e-01
1.727414879999999986e-01
1.923099159999999974e-01
1.718958019999999864e-01
1.713749920000000038e-01
1.639376280000000019e-01
1.848302330000000104e-01
1.834736469999999897e-01
1.658687000000000078e-01
1.849545240000000090e-01
1.782604160000000049e-01
1.613071110000000030e-01
1.627524640000000133e-01
1.534489099999999939e-01
1.604523660000000129e-01
1.950278129999999943e-01
1.547064190000000117e-01
1.742166729999999886e-01
1.642441749999999923e-01
1.714269670000000134e-01
1.687198729999999924e-01
1.639605759999999968e-01
1.757087710000000136e-01
1.522232289999999877e-01
1.510467679999999979e-01
1.729874459999999892e-01
1.581033470000000052e-01
1.634047780000000005e-01
1.721085009999999971e-01
1.639775340000000081e-01
1.706936360000000097e-01
1.791834240000000078e-01
1.638958450000000122e-01
1.739702670000000118e-01
1.790183479999999938e-01
1.560548539999999929e-01
1.544906199999999952e-01
1.647069449999999935e-01
1.698487999999999942e-01
1.462854150000000020e-01
1.614205840000000058e-01
1.756876410000000055e-01
1.649215669999999911e-01
1.380734150000000049e-01
1.585974539999999988e-01
1.603635099999999869e-01
1.520372329999999939e-01
1.397608969999999950e-01
1.586986930000000018e-01
1.418187619999999871e-01
1.475871649999999924e-01
1.412181849999999961e-01
1.405344749999999920e-01
1.541491299999999953e-01
1.690583079999999905e-01
1.420611890000000044e-01
1.490325030000000106e-01
1.429252920000000093e-01
1.527441890000000024e-01
1.469812390000000135e-01
1.660641880000000015e-01
1.655744309999999941e-01
1.553532930000000034e-01
1.432577369999999961e-01
1.715886000000000078e-01
1.549501269999999931e-01
1.582113209999999881e-01
1.477902979999999866e-01
1.404838860000000023e-01
1.429090650000000018e-01
1.484583170000000063e-01
1.812385469999999998e-01
1.555037800000000081e-01
1.710265870000000077e-01
1.524692179999999897e-01
1.330538089999999951e-01
1.447350079999999983e-01
1.482397320000000129e-01
1.498737189999999886e-01
1.684745850000000100e-01
1.556947079999999872e-01
1.733801359999999903e-01
1.667706369999999994e-01
1.551038030000000123e-01
1.429279300000000086e-01
1.299184260000000035e-01
1.316955539999999925e-01
1.491007209999999916e-01
1.458366070000000070e-01
1.453957110000000108e-01
1.553951349999999898e-01
1.558126210000000123e-01
1.448651549999999955e-01
1.517651379999999939e-01
1.613240240000000103e-01
1.571858080000000102e-01
1.484893110000000127e-01
1.500413270000000021e-01
1.599701050000000013e-01
1.549079720000000049e-01
1.371864379999999939e-01
1.495190560000000113e-01
1.416334810000000055e-01
1.553567200000000037e-01
1.336244490000000062e-01
1.420844500000000010e-01
1.194650609999999974e-01
1.485842619999999947e-01
1.403187220000000068e-01
1.281410010000000044e-01
1.351076810000000072e-01
1.478565779999999885e-01
1.376452589999999920e-01
1.390560419999999908e-01
1.513189520000000066e-01
1.551079599999999892e-01
1.287106419999999862e-01
1.370190380000000097e-01
1.431699399999999955e-01
1.442039009999999954e-01
1.501806970000000019e-01
1.374687109999999934e-01
1.205612270000000069e-01
1.156959530000000042e-01
1.507661939999999923e-01
1.546766009999999969e-01
1.603126529999999994e-01
1.453874709999999904e-01
1.552995000000000070e-01
1.555182489999999973e-01
1.314586849999999918e-01
1.483091410000000054e-01
1.353331799999999974e-01
1.173186299999999932e-01
1.062550470000000052e-01
1.499536629999999870e-01
1.701935529999999974e-01
1.516852230000000079e-01
1.548048109999999866e-01
1.414401680000000050e-01
1.159960329999999984e-01
1.432618649999999882e-01
1.444225010000000087e-01
1.471740310000000107e-01
1.710200610000000010e-01
1.431271430000000122e-01
1.194386409999999982e-01
1.352937220000000051e-01
1.415228689999999956e-01
1.285311429999999866e-01
1.297441569999999988e-01
1.332587899999999881e-01
1.387588230000000034e-01
1.375309229999999994e-01
1.366339920000000097e-01
1.576053050000000011e-01
1.466150730000000124e-01
1.305589530000000054e-01
1.352512389999999953e-01
1.336003090000000004e-01
1.287415030000000071e-01
1.444813010000000064e-01
1.337689459999999997e-01
1.331867429999999963e-01
1.405142689999999972e-01
1.430919019999999930e-01
1.334267849999999922e-01
1.417112500000000108e-01
1.430359930000000002e-01
1.259906440000000127e-01
1.413793269999999991e-01
1.301295010000000085e-01
1.516166180000000085e-01
1.410319810000000007e-01
1.272597910000000110e-01
1.388364139999999913e-01
1.560199110000000111e-01
1.337012350000000016e-01
1.215779260000000028e-01
1.383502189999999965e-01
1.312244680000000108e-01
1.152511690000000005e-01
1.328810159999999907e-01
1.583420339999999926e-01
1.330710049999999922e-01
1.416887940000000068e-01
1.313772199999999890e-01
1.388772580000000034e-01
1.212346549999999967e-01
1.528516410000000103e-01
1.306582089999999974e-01
1.155473290000000042e-01
1.548650560000000009e-01
1.476912049999999921e-01
1.337404700000000002e-01
1.224364119999999945e-01
1.113111670000000025e-01
1.315843610000000108e-01
1.416886900000000060e-01
1.295984689999999939e-01
1.469970790000000027e-01
1.094160680000000052e-01
1.240581419999999963e-01
1.313179879999999966e-01
1.454169150000000077e-01
1.116475610000000063e-01
1.274502130000000066e-01
1.296795460000000066e-01
1.168837249999999939e-01
1.369299140000000137e-01
1.361986400000000097e-01
1.192166209999999948e-01
1.184462089999999967e-01
1.245986969999999944e-01
1.521158370000000037e-01
1.305955199999999927e-01
1.213815580000000005e-01
1.410190759999999932e-01
1.442015319999999934e-01
1.379849019999999926e-01
1.140755710000000006e-01
1.322831060000000114e-01
1.166995990000000011e-01
1.388714610000000016e-01
1.101848410000000056e-01
1.273735910000000082e-01
1.379083399999999904e-01
1.364708390000000104e-01
1.096358219999999939e-01
1.181414050000000049e-01
1.384789200000000053e-01
1.196182439999999986e-01
1.455655399999999933e-01
1.164810659999999942e-01
1.097981710000000000e-01
1.319370420000000044e-01
1.246560220000000052e-01
1.106023119999999943e-01
1.326939759999999913e-01
1.238568129999999962e-01
1.359584779999999937e-01
1.266143170000000040e-01
1.391257939999999971e-01
1.131233950000000016e-01
1.225597860000000039e-01
1.137712820000000014e-01
1.163816820000000002e-01
1.231269309999999950e-01
1.432836650000000045e-01
1.189839320000000006e-01
1.295833289999999971e-01
1.375406680000000048e-01
1.380470540000000024e-01
1.309548909999999899e-01
1.238097320000000057e-01
1.100267250000000058e-01
1.212624459999999960e-01
1.359390769999999915e-01
1.343301239999999952e-01
1.428876819999999881e-01
1.312016550000000004e-01
1.079434749999999971e-01
1.279686240000000030e-01
1.661380530000000078e-01
1.415020969999999934e-01
1.250537929999999964e-01
1.310622389999999970e-01
1.324603860000000133e-01
1.272376480000000087e-01
1.114729720000000035e-01
1.321458670000000002e-01
1.299734260000000030e-01
1.394825879999999907e-01
1.320261510000000083e-01
1.283735480000000040e-01
1.227880789999999944e-01
1.562200780000000122e-01
1.425927429999999940e-01
1.199084740000000010e-01
1.443599909999999931e-01
1.282493030000000089e-01
1.548394260000000022e-01
1.196364459999999935e-01
1.178678050000000060e-01
1.299948690000000129e-01
1.381352690000000050e-01
1.370359810000000012e-01
1.268416490000000008e-01
1.243173550000000044e-01
1.239580359999999937e-01
1.243860049999999939e-01
1.196225360000000015e-01
9.592382609999999810e-02
1.423856169999999921e-01
1.202426780000000056e-01
1.217916379999999937e-01
1.251268389999999897e-01
1.371105159999999878e-01
1.378515210000000046e-01
1.392002999999999990e-01
1.415442530000000088e-01
1.128955330000000062e-01
1.370903400000000050e-01
1.309414060000000102e-01
1.192309039999999987e-01
1.537045240000000090e-01
1.185063050000000062e-01
1.415943060000000031e-01
1.177418009999999932e-01
1.435031740000000111e-01
1.043180150000000000e-01
1.305198969999999958e-01
1.334973570000000109e-01
1.361061779999999943e-01
1.250043060000000095e-01
1.156266630000000045e-01
1.298096479999999997e-01
9.975330529999999751e-02
9.893303359999999769e-02
1.330344079999999929e-01
1.008309720000000048e-01
1.344168779999999896e-01
1.120461449999999998e-01
1.412040740000000127e-01
1.253492979999999979e-01
1.250755640000000002e-01
1.241717489999999979e-01
1.205401869999999931e-01
1.372443590000000102e-01
1.206595379999999967e-01
1.464444249999999892e-01
8.509460089999999755e-02
1.465113160000000025e-01
1.138919889999999990e-01
1.374383720000000031e-01
1.137406749999999994e-01
9.192513670000000692e-02
1.226442529999999947e-01
1.328471300000000077e-01
1.209019199999999961e-01
1.196755619999999992e-01
1.196124930000000003e-01
1.277511420000000120e-01
1.305277790000000104e-01
8.641240000000000032e-02
1.297509669999999948e-01
1.219391449999999988e-01
1.177571560000000017e-01
1.348873230000000034e-01
1.197221879999999933e-01
1.374584440000000130e-01
1.225596139999999973e-01
1.238939460000000048e-01
1.437462569999999884e-01
1.001084740000000028e-01
1.230854910000000052e-01
1.271409840000000124e-01
1.026507239999999987e-01
1.318830099999999950e-01
1.472627069999999927e-01
9.746895730000000591e-02
1.238393859999999957e-01
1.593474450000000042e-01
1.233737990000000062e-01
1.155931949999999958e-01
1.371677370000000118e-01
1.308759150000000093e-01
1.092567740000000009e-01
1.218678499999999998e-01
1.152442399999999978e-01
9.989985819999999683e-02
1.388971210000000123e-01
1.123549340000000035e-01
1.143599230000000022e-01
1.221203430000000062e-01
1.230119239999999947e-01
1.264046729999999952e-01
1.117287649999999938e-01
1.243657469999999987e-01
1.314860280000000048e-01
1.102344769999999974e-01
1.209503190000000006e-01
1.219721960000000049e-01
1.194260570000000021e-01
1.119495479999999960e-01
1.053877990000000042e-01
1.474270819999999871e-01
1.272128670000000072e-01
1.419292390000000126e-01
1.285745199999999977e-01
1.342476310000000062e-01
1.518157420000000035e-01
1.055331449999999949e-01
1.276315150000000009e-01
1.322215939999999978e-01
1.435084640000000022e-01
1.333029119999999956e-01
1.187434120000000065e-01
1.124007250000000069e-01
1.214938309999999966e-01
1.322942669999999932e-01
1.480772939999999982e-01
1.253656599999999899e-01
1.102595700000000012e-01
1.150531020000000043e-01
8.921928699999999435e-02
1.257551460000000121e-01
1.058934629999999932e-01
1.134911920000000046e-01
1.347670699999999888e-01
1.108623519999999973e-01
9.879267960000000237e-02
1.133122669999999943e-01
1.242936480000000066e-01
1.343658269999999932e-01
1.362896710000000011e-01
1.411843899999999929e-01
1.149564389999999936e-01
1.350626649999999984e-01
1.248962579999999961e-01
1.475775539999999997e-01
1.174018160000000061e-01
9.776835890000000473e-02
1.337410509999999997e-01
1.349116559999999909e-01
1.433860959999999907e-01
1.479578019999999994e-01
9.094402190000000497e-02
9.216164050000000274e-02
1.056455369999999977e-01
8.533323560000000141e-02
1.185322999999999932e-01
1.125313710000000050e-01
1.039176289999999975e-01
1.108770820000000018e-01
1.124088689999999946e-01
1.124361529999999970e-01
1.257063150000000129e-01
1.141456660000000067e-01
1.021976619999999947e-01
1.206131430000000060e-01
1.234928589999999965e-01
1.136896679999999937e-01
1.063731089999999935e-01
1.240062120000000045e-01
1.512492000000000003e-01
1.349796209999999941e-01
1.219928559999999967e-01
1.207710359999999983e-01
1.369031219999999882e-01
1.131919990000000015e-01
1.107937840000000063e-01
1.211646869999999931e-01
1.222107780000000060e-01
1.163114529999999952e-01
9.946012499999999645e-02
1.274319289999999993e-01
1.121196450000000039e-01
1.142122369999999942e-01
1.096760330000000061e-01
1.320095209999999908e-01
1.410945799999999972e-01
1.193654019999999955e-01
9.115179630000000421e-02
1.064265219999999956e-01
1.011180730000000028e-01
1.244389340000000010e-01
1.174997760000000002e-01
1.267814339999999984e-01
1.203715729999999956e-01
1.163071690000000019e-01
1.244471300000000030e-01
1.204625819999999986e-01
1.372071059999999953e-01
1.176067809999999936e-01
1.077362969999999948e-01
1.220388409999999951e-01
1.324937190000000098e-01
1.379390209999999950e-01
1.009020729999999949e-01
1.240135359999999937e-01
9.697175030000000640e-02
1.230244929999999987e-01
1.067068129999999976e-01
9.771162270000000039e-02
1.068643179999999998e-01
1.183252780000000060e-01
1.304815410000000064e-01
1.426620040000000089e-01
1.365731950000000083e-01
1.158670559999999961e-01
1.220324410000000054e-01
1.038041930000000029e-01
1.109308080000000057e-01
1.442035730000000016e-01
1.541987059999999909e-01
1.150067369999999978e-01
1.158840280000000000e-01
8.538326620000000200e-02
8.474753050000000121e-02
1.316301669999999924e-01
1.208292769999999988e-01
1.279435750000000038e-01
1.218262759999999972e-01
1.163682419999999967e-01
1.007025019999999993e-01
1.113994489999999976e-01
1.082177009999999995e-01
1.068170960000000003e-01
1.155027819999999983e-01
1.195024100000000034e-01
9.865007550000000347e-02
1.138439920000000050e-01
1.320751759999999886e-01
1.596405800000000041e-01
1.136791780000000057e-01
1.284237799999999874e-01
1.327854990000000013e-01
1.236031199999999969e-01
1.322833449999999966e-01
1.167665499999999967e-01
1.071006129999999973e-01
1.319436880000000034e-01
1.113093869999999957e-01
1.257066880000000109e-01
1.097853409999999946e-01
1.149785069999999937e-01
1.310183849999999872e-01
1.438265890000000047e-01
1.469305009999999911e-01
1.031522529999999993e-01
1.271880569999999933e-01
1.368188110000000124e-01
1.448643059999999982e-01
1.250796620000000081e-01
1.063732649999999946e-01
1.196155029999999980e-01
1.131824180000000069e-01
1.223976310000000067e-01
1.135591420000000018e-01
1.276728960000000079e-01
1.137568729999999945e-01
1.353723699999999919e-01
1.187814850000000061e-01
1.182544600000000057e-01
1.278805879999999895e-01
1.337081039999999943e-01
9.745889159999999996e-02
1.136715110000000029e-01
1.118914780000000025e-01
8.576563750000000541e-02
1.288461089999999865e-01
1.228582190000000046e-01
1.238604489999999975e-01
1.427343929999999872e-01
1.088115649999999990e-01
9.807978570000000507e-02
1.337227669999999924e-01
1.062012090000000047e-01
1.217612099999999947e-01
9.871301799999999960e-02
1.163381339999999958e-01
1.079434600000000050e-01
8.942751590000000417e-02
1.017324029999999990e-01
9.301210190000000488e-02
1.064340029999999993e-01
1.040310339999999945e-01
1.238606649999999948e-01
1.366455699999999940e-01
1.006209629999999938e-01
1.275218579999999879e-01
1.370608959999999876e-01
1.163747980000000015e-01
1.071238290000000037e-01
1.306005869999999902e-01
1.116567849999999945e-01
7.854094359999999608e-02
9.651547670000000523e-02
1.002716649999999959e-01
1.181892009999999937e-01
1.032012920000000000e-01
1.030861589999999967e-01
1.323593999999999882e-01
1.184963210000000017e-01
1.144149299999999980e-01
1.348256019999999888e-01
1.565551159999999942e-01
1.203883590000000003e-01
1.003796829999999973e-01
1.566768879999999864e-01
1.103914010000000001e-01
1.158756019999999942e-01
7.204652579999999695e-02
8.885834369999999482e-02
1.153119799999999945e-01
1.098255070000000028e-01
1.109190139999999963e-01
9.610839929999999420e-02
1.241206680000000034e-01
1.186260279999999945e-01
1.012080389999999996e-01
1.100540309999999966e-01
1.165117620000000048e-01
1.247056349999999952e-01
9.631624819999999587e-02
1.170427950000000050e-01
1.149305330000000014e-01
1.141159759999999940e-01
1.124877860000000063e-01
1.214975189999999983e-01
1.372580680000000108e-01
1.419300290000000131e-01
1.285992260000000109e-01
6.653068210000000204e-02
1.681355240000000084e-01
1.098522170000000020e-01
1.060505510000000068e-01
9.421321000000000556e-02
9.711498020000000619e-02
9.766981750000000573e-02
1.421536210000000078e-01
1.051364320000000019e-01
1.164291580000000048e-01
8.498421309999999729e-02
9.850589190000000328e-02
1.209277289999999977e-01
1.228921119999999978e-01
1.273595090000000096e-01
1.098511890000000019e-01
1.146546009999999949e-01
7.369850579999999429e-02
1.224205939999999937e-01
1.364528690000000044e-01
9.219410270000000240e-02
1.448206449999999978e-01
1.353760509999999972e-01
1.069167179999999939e-01
8.866073939999999376e-02
1.177570889999999953e-01
1.059755909999999940e-01
9.342046830000000357e-02
1.287862810000000025e-01
1.275641170000000046e-01
1.216184270000000012e-01
1.534609349999999928e-01
1.224501129999999993e-01
1.006276160000000031e-01
1.213871460000000013e-01
9.845536200000000460e-02
1.078401880000000035e-01
9.759261460000000221e-02
1.157363730000000035e-01
1.050426069999999962e-01
8.835624899999999782e-02
1.264361440000000003e-01
1.226184220000000047e-01
9.250034390000000384e-02
1.080623190000000039e-01
1.400866209999999945e-01
1.266359979999999996e-01
8.381472530000000365e-02
1.237764509999999957e-01
1.036758420000000042e-01
8.815606680000000195e-02
9.450449789999999795e-02
1.079626010000000053e-01
1.183096990000000043e-01
1.101168839999999982e-01
1.433441639999999961e-01
1.429196299999999920e-01
1.247200519999999979e-01
1.216984019999999972e-01
1.355635819999999880e-01
1.032728110000000060e-01
1.027246039999999971e-01
8.957911279999999921e-02
9.164033829999999881e-02
1.001136599999999932e-01
1.063034459999999959e-01
1.379326580000000135e-01
1.164229140000000023e-01
7.818287610000000665e-02
1.012906580000000056e-01
1.221147919999999998e-01
1.378469320000000053e-01
1.076105239999999991e-01
1.246817709999999968e-01
9.821409729999999727e-02
1.172723400000000027e-01
1.095495370000000024e-01
1.431116759999999932e-01
9.634231029999999751e-02
1.129647720000000050e-01
1.427849079999999882e-01
9.866833690000000046e-02
1.113939879999999993e-01
1.316431309999999966e-01
1.094429189999999996e-01
1.256447139999999907e-01
1.006914750000000025e-01
1.076390299999999967e-01
9.212068469999999676e-02
1.546892229999999868e-01
1.150466049999999962e-01
1.058447730000000031e-01
1.178131480000000064e-01
9.954646970000000095e-02
1.127738580000000046e-01
1.007905679999999971e-01
1.350934059999999992e-01
9.677563610000000649e-02
9.962551299999999888e-02
9.088566900000000226e-02
1.380440290000000125e-01
1.012045439999999935e-01
9.379537400000000080e-02
1.200979429999999987e-01
9.564616530000000227e-02
1.180003139999999950e-01
9.576598549999999765e-02
1.122330130000000065e-01
1.116946340000000010e-01
9.588636459999999584e-02
1.117142589999999963e-01
9.472846980000000638e-02
7.824937249999999733e-02
1.028213349999999998e-01
1.152778710000000040e-01
9.695936739999999610e-02
1.219012289999999998e-01
1.125957969999999975e-01
1.247453020000000024e-01
9.269842509999999536e-02
8.910030870000000547e-02
8.169686049999999589e-02
1.357086000000000126e-01
1.097970080000000015e-01
8.226829019999999659e-02
8.453386279999999808e-02
1.194753419999999983e-01
1.062765120000000035e-01
9.609305109999999317e-02
9.214002640000000521e-02
1.228366199999999936e-01
9.547975659999999309e-02
1.376766560000000084e-01
1.019607929999999940e-01
1.169336809999999977e-01
1.104046109999999997e-01
1.166719199999999984e-01
1.381398590000000037e-01
1.131849810000000039e-01
1.090148019999999940e-01
1.094624619999999965e-01
8.956249800000000427e-02
1.265530739999999876e-01
1.167372170000000042e-01
1.036979180000000000e-01
9.191864730000000316e-02
8.430367710000000181e-02
9.949813779999999719e-02
1.105940489999999998e-01
8.588406440000000142e-02
9.646237639999999391e-02
1.104207190000000005e-01
1.209936959999999978e-01
1.148295700000000058e-01
1.359612940000000103e-01
1.337868120000000050e-01
9.047243739999999423e-02
1.069231850000000039e-01
1.308650670000000016e-01
1.160571279999999955e-01
7.843755930000000098e-02
1.285282970000000136e-01
1.141771750000000057e-01
9.546332809999999447e-02
9.676192699999999758e-02
1.568292079999999977e-01
8.814512939999999408e-02
1.290997120000000054e-01
1.088647769999999959e-01
1.061438920000000036e-01
1.301766040000000013e-01
1.602689619999999870e-01
1.317297520000000055e-01
1.285328870000000123e-01
9.077496079999999856e-02
7.731661950000000283e-02
1.170294209999999946e-01
9.714252499999999346e-02
9.941357369999999360e-02
1.124012689999999981e-01
9.368418900000000105e-02
7.638911160000000367e-02
9.223384410000000366e-02
7.300869379999999631e-02
1.222971379999999997e-01
8.514344690000000271e-02
8.396239580000000591e-02
9.005360310000000423e-02
1.184054759999999956e-01
9.004638339999999908e-02
1.279231010000000113e-01
9.868481760000000214e-02
1.044358459999999988e-01
1.013750209999999957e-01
8.930613850000000686e-02
1.308935579999999932e-01
8.502673360000000125e-02
1.317490940000000110e-01
1.272390340000000009e-01
1.224593890000000018e-01
1.243223620000000057e-01
9.456910940000000376e-02
1.435871870000000050e-01
1.171299519999999955e-01
1.085810069999999933e-01
1.072648540000000067e-01
9.959350529999999591e-02
8.402105420000000047e-02
1.312237229999999866e-01
1.211331709999999978e-01
8.502193539999999827e-02
1.106715800000000055e-01
1.177920850000000047e-01
9.371524300000000363e-02
1.093660669999999974e-01
1.153193339999999956e-01
1.286802290000000071e-01
9.295486660000000512e-02
8.771242199999999822e-02
9.881954639999999956e-02
1.074793339999999958e-01
9.600508959999999592e-02
1.457864789999999966e-01
1.092372159999999981e-01
1.267646699999999960e-01
1.065190059999999994e-01
9.006118030000000163e-02
9.684085100000000557e-02
1.383981850000000069e-01
1.116139959999999931e-01
9.453746679999999736e-02
9.271508459999999729e-02
9.629851579999999800e-02
1.021293399999999990e-01
1.250208909999999951e-01
1.043646780000000024e-01
1.195201199999999936e-01
1.203258410000000028e-01
7.923027130000000195e-02
1.139727160000000017e-01
9.432920810000000600e-02
6.542675940000000634e-02
1.187671500000000019e-01
1.104996129999999965e-01
1.078788410000000031e-01
1.175461260000000008e-01
1.101413819999999960e-01
1.090188770000000001e-01
1.355253309999999989e-01
7.472276690000000110e-02
9.249814600000000331e-02
1.034062879999999990e-01
1.282182339999999865e-01
1.243109180000000064e-01
5.795694140000000327e-02
1.345756949999999952e-01
1.302234830000000010e-01
7.293083520000000208e-02
1.077317670000000061e-01
6.498242910000000261e-02
1.040832549999999995e-01
1.139727160000000017e-01
1.160979490000000058e-01
1.226966159999999945e-01
9.253442289999999626e-02
1.121472639999999965e-01
1.314047869999999951e-01
8.760620650000000564e-02
9.864562749999999935e-02
1.169541109999999995e-01
9.996576610000000584e-02
6.550631669999999740e-02
1.067468300000000009e-01
1.189891029999999988e-01
1.034815979999999941e-01
1.216214300000000026e-01
1.366755809999999904e-01
8.674523230000000251e-02
1.601264769999999893e-01
1.025569959999999975e-01
1.485418530000000015e-01
1.124684890000000048e-01
9.442569319999999378e-02
9.291788939999999497e-02
7.650581750000000347e-02
8.312074099999999799e-02
1.282969860000000017e-01
1.426359419999999878e-01
1.013438779999999984e-01
8.633556959999999503e-02
1.272149680000000116e-01
9.186670180000000574e-02
9.009813519999999853e-02
1.150801999999999936e-01
8.584980670000000313e-02
1.475705210000000100e-01
1.035782620000000043e-01
1.112284439999999958e-01
1.394283920000000121e-01
1.142112460000000024e-01
1.153110789999999969e-01
6.536412240000000207e-02
9.704436360000000261e-02
9.540441630000000284e-02
5.848437179999999708e-02
1.348808999999999980e-01
1.052452180000000015e-01
9.429182110000000616e-02
8.687941729999999751e-02
7.325362409999999769e-02
9.268625830000000454e-02
1.226187799999999967e-01
8.014940469999999595e-02
8.436036110000000310e-02
9.040789309999999745e-02
1.312312929999999989e-01
1.009916960000000058e-01
9.590889510000000229e-02
1.065464990000000028e-01
1.474189459999999952e-01
9.516313669999999780e-02
1.190230030000000022e-01
1.126077989999999945e-01
1.152011530000000006e-01
7.973401989999999440e-02
9.012617169999999345e-02
9.575395289999999449e-02
7.232891769999999498e-02
1.069477280000000058e-01
9.777118270000000055e-02
8.221625539999999344e-02
9.224853660000000011e-02
8.422622080000000122e-02
1.091082689999999938e-01
7.771661879999999800e-02
8.022248740000000045e-02
9.713657200000000436e-02
9.578286860000000125e-02
7.857298109999999447e-02
7.423927630000000388e-02
1.087540389999999968e-01
9.379442779999999646e-02
1.253159339999999899e-01
1.018923969999999957e-01
1.240432340000000022e-01
7.516177740000000440e-02
8.126509930000000437e-02
1.255342959999999897e-01
9.599333999999999645e-02
8.857450629999999436e-02
1.039305110000000032e-01
9.424352649999999387e-02
1.309907140000000081e-01
1.094023209999999968e-01
1.144699309999999970e-01
1.216578259999999967e-01
9.524296969999999918e-02
9.257996079999999961e-02
8.424799889999999569e-02
1.017668550000000033e-01
1.441083700000000134e-01
1.060306579999999999e-01
7.442444559999999987e-02
7.306545230000000002e-02
1.294000150000000071e-01
1.394061890000000137e-01
1.255979839999999959e-01
1.394686250000000127e-01
9.461595120000000636e-02
8.535357559999999510e-02
9.359873089999999618e-02
1.135492399999999957e-01
1.049950199999999945e-01
1.253019270000000074e-01
7.969646900000000589e-02
1.030336990000000064e-01
1.208874510000000069e-01
6.592705849999999645e-02
7.809686659999999503e-02
8.350036289999999972e-02
1.255841849999999871e-01
1.212234269999999947e-01
1.097220549999999989e-01
1.240939199999999965e-01
8.914827559999999318e-02
9.818777439999999690e-02
1.026495919999999978e-01
1.146335680000000051e-01
7.699687780000000203e-02
1.075679290000000066e-01
9.527140109999999995e-02
1.067658290000000065e-01
9.237420559999999503e-02
1.266752630000000102e-01
7.926881310000000180e-02
1.207285000000000025e-01
1.058577899999999933e-01
1.192170159999999951e-01
1.504769619999999919e-01
9.150939430000000485e-02
6.264161320000000144e-02
1.386251900000000092e-01
1.321611699999999945e-01
1.028284950000000059e-01
7.714723800000000686e-02
1.065801009999999965e-01
9.364093099999999670e-02
7.052168250000000194e-02
7.330144939999999609e-02
8.220110090000000425e-02
1.036770489999999934e-01
1.072440219999999944e-01
1.224534510000000048e-01
1.155261919999999998e-01
6.728841359999999938e-02
1.164133700000000021e-01
9.879872200000000548e-02
1.278691140000000059e-01
9.568179400000000057e-02
1.016668679999999936e-01
1.195455789999999990e-01
1.021580400000000055e-01
1.366472689999999879e-01
1.131696249999999959e-01
7.939573380000000680e-02
9.430021049999999516e-02
1.121472570000000002e-01
1.107525969999999943e-01
1.532776499999999875e-01
9.412755070000000668e-02
1.054980979999999985e-01
8.031246810000000624e-02
1.179890559999999949e-01
1.160622609999999999e-01
5.280648169999999780e-02
1.165656300000000034e-01
1.223155930000000002e-01
1.174435389999999996e-01
7.920693609999999996e-02
1.433525380000000016e-01
9.784684329999999985e-02
5.285672100000000234e-02
8.309404550000000500e-02
1.109628680000000062e-01
1.288960429999999879e-01
8.345533160000000172e-02
1.230844630000000051e-01
1.127591649999999945e-01
9.488552059999999511e-02
4.340219499999999758e-02
9.159489719999999724e-02
8.386510610000000310e-02
5.888658019999999660e-02
1.036947299999999988e-01
7.824406030000000123e-02
6.422061469999999772e-02
7.731078569999999539e-02
1.146621560000000012e-01
8.129664509999999511e-02
1.059891659999999958e-01
1.202563420000000022e-01
1.178447160000000021e-01
7.606817039999999586e-02
5.425887929999999998e-02
1.025761740000000061e-01
9.461091459999999842e-02
1.027931200000000017e-01
1.309839339999999963e-01
1.504386219999999941e-01
5.512041229999999764e-02
9.689805660000000431e-02
1.017094330000000019e-01
9.598553930000000567e-02
1.018912490000000032e-01
9.522899240000000376e-02
1.211656779999999989e-01
1.212489530000000065e-01
7.920023800000000613e-02
6.968709829999999994e-02
1.194395419999999958e-01
8.073339609999999333e-02
1.018361299999999969e-01
1.047890040000000050e-01
8.517722789999999933e-02
8.494529870000000482e-02
1.121472490000000044e-01
1.162845269999999986e-01
1.216580869999999981e-01
1.078345109999999940e-01
9.060686079999999420e-02
9.493412819999999530e-02
6.613394620000000168e-02
9.664566069999999676e-02
8.019778880000000276e-02
6.907670940000000537e-02
1.083961050000000065e-01
8.675158019999999748e-02
9.589965640000000513e-02
8.600253609999999882e-02
1.213288609999999962e-01
1.156444549999999932e-01
1.062645239999999991e-01
1.018126379999999970e-01
1.065901890000000019e-01
1.574192939999999874e-01
1.029761579999999982e-01
1.361911150000000015e-01
9.986964610000000075e-02
1.194716470000000003e-01
1.178500059999999933e-01
1.382410679999999947e-01
7.344219829999999727e-02
5.198397109999999821e-02
1.501463500000000117e-01
1.101708109999999935e-01
8.215635270000000434e-02
8.203058689999999376e-02
1.332473459999999887e-01
9.372983129999999663e-02
8.545247470000000289e-02
7.406321170000000620e-02
1.248743009999999931e-01
1.494008900000000084e-01
1.294272989999999957e-01
7.699722800000000089e-02
1.346615999999999924e-01
1.291039880000000029e-01
1.043995469999999953e-01
1.274129449999999997e-01
1.694782529999999954e-01
6.589739769999999885e-02
9.873171149999999952e-02
1.505464169999999879e-01
8.274219189999999780e-02
1.172492279999999970e-01
1.485461439999999911e-01
1.235817889999999974e-01
5.886646360000000189e-02
9.153430910000000253e-02
1.006237720000000002e-01
1.061226130000000045e-01
1.217899840000000039e-01
7.102447000000000621e-02
1.118308380000000019e-01
7.870535550000000435e-02
8.406852930000000002e-02
8.617708829999999598e-02
1.155928519999999959e-01
7.022136449999999419e-02
1.028766710000000029e-01
1.145035769999999953e-01
9.859067950000000025e-02
1.303677709999999934e-01
9.148965030000000276e-02
8.983104679999999453e-02
8.731915060000000617e-02
7.054959239999999965e-02
8.496896180000000631e-02
8.601815250000000024e-02
9.190979600000000194e-02
9.967309239999999626e-02
9.524744749999999871e-02
1.109352779999999983e-01
1.283670809999999940e-01
9.716069700000000420e-02
7.582423839999999360e-02
1.676295700000000055e-01
1.084885369999999960e-01
1.112647729999999974e-01
1.688527320000000054e-01
1.036815420000000015e-01
7.594244930000000615e-02
9.317913649999999548e-02
1.467593759999999969e-01
7.715878639999999844e-02
9.412173179999999695e-02
1.312180460000000048e-01
1.030875740000000013e-01
9.723874180000000034e-02
7.011810690000000457e-02
6.714974340000000319e-02
1.298636350000000050e-01
1.015562120000000068e-01
7.270351799999999476e-02
1.095715089999999975e-01
1.255528780000000066e-01
8.330037440000000182e-02
1.138932329999999965e-01
9.118147190000000513e-02
1.218906859999999981e-01
8.049590140000000005e-02
1.081868109999999938e-01
1.027066410000000013e-01
1.053951310000000030e-01
1.187188700000000041e-01
8.373911679999999913e-02
8.627764139999999360e-02
1.295187180000000049e-01
8.854828030000000405e-02
1.235152409999999978e-01
1.039615200000000017e-01
1.215402109999999952e-01
1.470550599999999875e-01
7.543689010000000084e-02
1.228682029999999953e-01
9.477349370000000273e-02
1.459744269999999899e-01
7.164691389999999771e-02
7.363557069999999982e-02
8.801244199999999629e-02
9.350162739999999528e-02
1.414216160000000000e-01
1.252319219999999955e-01
1.231680809999999987e-01
9.571839869999999861e-02
8.742494139999999747e-02
6.773851070000000418e-02
9.745514389999999916e-02
1.001774670000000061e-01
9.259501100000000484e-02
7.028824840000000296e-02
9.170862289999999473e-02
1.261157099999999920e-01
1.058967410000000026e-01
1.107676179999999982e-01
1.058101949999999958e-01
1.270512940000000091e-01
1.073526370000000008e-01
9.526908400000000388e-02
1.387828740000000005e-01
9.170862289999999473e-02
6.790425629999999324e-02
7.582826909999999809e-02
9.577329460000000294e-02
8.343977480000000502e-02
8.383464070000000434e-02
9.549976890000000385e-02
1.237485779999999980e-01
1.142188979999999993e-01
1.177623720000000040e-01
7.883115860000000641e-02
7.972214369999999772e-02
6.929767130000000219e-02
1.157254949999999977e-01
1.214491429999999955e-01
9.817270190000000618e-02
6.637985999999999887e-02
1.071863029999999967e-01
1.345561000000000118e-01
1.152461540000000034e-01
1.446564200000000078e-01
8.705980330000000211e-02
9.424696859999999454e-02
1.063064630000000038e-01
1.443367750000000005e-01
1.326801780000000097e-01
1.278693680000000110e-01
1.310455650000000027e-01
4.372831430000000130e-02
1.514916420000000097e-01
1.105231120000000067e-01
9.084121139999999650e-02
5.106315019999999733e-02
8.886299279999999856e-02
9.792775659999999882e-02
7.427691670000000079e-02
1.280237730000000074e-01
1.000909059999999934e-01
5.653928589999999976e-02
8.118227869999999902e-02
1.598602679999999998e-01
1.275538499999999964e-01
1.448581519999999900e-01
6.895288080000000486e-02
1.128215860000000015e-01
7.781458650000000477e-02
1.000062379999999973e-01
9.832210090000000069e-02
9.228280930000000437e-02
9.433735159999999398e-02
7.992289219999999805e-02
8.673853430000000309e-02
1.063266469999999964e-01
9.034258130000000220e-02
1.358849410000000091e-01
1.170095210000000052e-01
8.775039760000000189e-02
1.427269579999999871e-01
1.026672049999999975e-01
1.306886969999999926e-01
8.129041639999999569e-02
1.185493920000000034e-01
1.218245180000000066e-01
7.005086539999999529e-02
1.469382939999999971e-01
1.394920649999999984e-01
1.086632679999999934e-01
7.379801569999999700e-02
1.262790860000000126e-01
8.345519749999999459e-02
1.202568930000000036e-01
1.247401679999999985e-01
7.796628029999999598e-02
1.226637069999999968e-01
1.181229129999999961e-01
5.123520639999999682e-02
1.496296970000000059e-01
8.132464440000000683e-02
7.032921170000000499e-02
1.553829009999999899e-01
6.205871329999999853e-02
1.281199160000000004e-01
1.068593560000000026e-01
1.280208979999999941e-01
1.091890630000000029e-01
1.368894280000000074e-01
1.273149399999999876e-01
1.365796479999999979e-01
1.088464559999999942e-01
1.082169119999999984e-01
1.184255480000000055e-01
1.033977050000000064e-01
1.264734720000000034e-01
1.022504119999999989e-01
1.083383190000000024e-01
6.187845019999999724e-02
1.245421619999999979e-01
8.457297830000000405e-02
4.211371020000000132e-02
1.111168560000000000e-01
6.934044509999999495e-02
1.145340059999999938e-01
6.625217939999999972e-02
1.118087620000000060e-01
1.017337960000000013e-01
7.943365719999999353e-02
1.124287169999999975e-01
1.741051520000000130e-01
9.315549580000000163e-02
6.876574459999999778e-02
1.078851599999999938e-01
8.482062070000000176e-02
9.685864299999999427e-02
9.378244730000000196e-02
1.843129400000000084e-01
6.403103470000000297e-02
7.673674079999999453e-02
5.675832930000000026e-02
4.912639409999999818e-02
6.099864099999999928e-02
8.985897149999999556e-02
1.114008580000000054e-01
4.665232080000000087e-02
7.638814300000000557e-02
5.755780259999999926e-02
8.929720519999999329e-02
1.215895639999999972e-01
6.611701849999999936e-02
7.895003259999999745e-02
1.322590710000000058e-01
9.103340660000000528e-02
9.379157420000000522e-02
1.009209380000000017e-01
7.455237950000000169e-02
3.470048679999999941e-02
9.757187220000000660e-02
1.024356859999999980e-01
1.191473749999999998e-01
4.714081810000000233e-02
1.401478200000000063e-01
9.925822169999999611e-02
6.564654409999999551e-02
1.154071910000000062e-01
8.298969270000000620e-02
1.064552369999999942e-01
1.735690830000000129e-01
1.443191470000000087e-01
1.343327019999999983e-01
8.406407389999999424e-02
9.649237989999999432e-02
5.734490980000000321e-02
1.196316409999999969e-01
1.012280359999999935e-01
1.171377299999999955e-01
1.320367309999999905e-01
8.402387050000000024e-02
1.073969379999999973e-01
1.368970569999999887e-01
7.562057669999999732e-02
1.353505849999999955e-01
6.664491440000000488e-02
6.788460910000000681e-02
9.512615200000000548e-02
1.116527169999999985e-01
4.301178829999999925e-02
1.440639940000000008e-01
3.513013200000000141e-02
4.789745060000000221e-02
1.504257019999999945e-01
1.119745669999999971e-01
9.332983200000000146e-02
1.201402919999999958e-01
9.212871640000000473e-02
1.334382739999999956e-01
1.102545709999999957e-01
9.917218240000000296e-02
1.072029550000000026e-01
6.306701150000000589e-02
1.085510920000000018e-01
1.238868459999999949e-01
9.434223179999999542e-02
1.454808860000000037e-01
9.389472009999999536e-02
9.530948849999999750e-02
1.229434759999999960e-01
4.583275319999999958e-02
9.231609849999999895e-02
4.745421930000000288e-02
1.289938389999999990e-01
1.164157019999999959e-01
9.662587200000000154e-02
1.055553999999999937e-01
1.162066610000000028e-01
9.868115189999999981e-02
1.099798830000000005e-01
2.399844489999999886e-02
1.319742200000000032e-01
1.183813509999999958e-01
6.704759600000000097e-02
7.860828940000000320e-02
1.221476120000000026e-01
1.187884959999999934e-01
5.833364280000000179e-02
9.375897049999999677e-02
1.369075180000000058e-01
8.500887449999999790e-02
1.053807590000000044e-01
5.449372160000000298e-02
5.273592469999999893e-02
9.512814880000000639e-02
1.218203080000000021e-01
1.290924999999999989e-01
1.123911810000000067e-01
6.581903990000000093e-02
9.467265749999999314e-02
1.219480109999999951e-01
1.011219770000000018e-01
8.988104019999999805e-02
1.182943209999999939e-01
8.616823699999999475e-02
1.146554570000000023e-01
8.281371740000000037e-02
1.147441859999999980e-01
1.427283589999999991e-01
1.421036420000000022e-01
7.019405809999999801e-02
7.505124059999999930e-02
7.111044969999999465e-02
1.165551320000000057e-01
8.680272849999999540e-02
8.923593159999999858e-02
8.194334809999999358e-02
4.088074340000000251e-02
1.867046509999999993e-01
6.451766940000000505e-02
6.391465659999999438e-02
9.313264490000000562e-02
1.419099570000000032e-01
1.015685719999999959e-01
9.966789930000000131e-02
3.947666660000000161e-02
6.418740000000000556e-02
2.891151789999999930e-02
7.313106210000000496e-02
1.499295230000000090e-01
4.092420270000000221e-02
1.426118610000000064e-01
7.660827039999999755e-02
9.473989900000000242e-02
1.469712410000000025e-01
7.804693279999999622e-02
1.346653549999999866e-01
3.758801519999999813e-02
7.680156829999999768e-02
1.250530930000000041e-01
4.321607570000000204e-02
7.763756809999999842e-02
1.389795689999999972e-01
4.875040430000000119e-02
1.555313919999999905e-01
9.413618590000000230e-02
8.099491150000000250e-02
8.166279640000000117e-02
1.641662120000000058e-01
8.789109439999999440e-02
5.771060289999999787e-02
1.040085480000000062e-01
7.337944209999999745e-02
7.812730219999999837e-02
1.122776119999999989e-01
9.123582389999999875e-02
8.058212700000000339e-02
1.075637190000000021e-01
4.647536199999999923e-02
4.928765820000000075e-02
1.054581249999999998e-01
6.851363180000000219e-02
4.120880739999999848e-02
1.447998139999999989e-01
1.244743090000000052e-01
8.787094800000000427e-02
1.459387990000000079e-01
1.643876730000000119e-01
1.130675899999999956e-01
6.698056310000000124e-02
9.346365180000000550e-02
6.862813230000000542e-02
6.874896590000000030e-02
5.103631320000000249e-02
2.854038589999999959e-02
1.036652029999999974e-01
1.040840519999999964e-01
8.042918150000000210e-02
1.140960010000000024e-01
1.310077759999999925e-01
7.917307319999999926e-02
9.686170519999999506e-02
9.990427640000000553e-02
1.139609659999999969e-01
1.372166129999999873e-01
1.017106769999999993e-01
4.835272210000000209e-02
1.588854640000000040e-01
8.845590050000000371e-02
8.467438820000000588e-02
7.389982039999999641e-02
8.376048510000000391e-02
1.052712350000000047e-01
6.719329949999999774e-02
1.234918240000000000e-01
7.735680039999999480e-02
9.661359340000000295e-02
5.518817899999999693e-02
1.568434690000000131e-01
1.502347589999999955e-01
8.851678670000000249e-02
4.726162180000000046e-02
8.471982929999999357e-02
1.350228940000000044e-01
5.478031190000000328e-02
9.557472170000000378e-02
6.597112859999999801e-02
1.254914550000000018e-01
1.028742859999999953e-01
7.001159340000000231e-02
8.372315019999999886e-02
9.489808230000000566e-02
1.048695520000000048e-01
1.274451460000000091e-01
5.898556490000000235e-02
3.896208109999999697e-02
1.405752749999999995e-01
1.280275730000000056e-01
1.601900759999999868e-01
9.959436950000000177e-02
1.079988409999999982e-01
1.671603319999999948e-01
1.085308720000000005e-01
2.174014230000000103e-02
6.744217869999999393e-02
3.352728860000000338e-02
1.344583030000000012e-01
1.091977580000000059e-01
2.680643649999999920e-02
1.372460570000000046e-01
1.059424649999999996e-01
8.607412130000000050e-02
1.002916690000000000e-01
1.474041490000000121e-01
8.763615040000000134e-02
8.241634820000000305e-02
1.241225080000000064e-01
1.471688600000000124e-01
1.335384400000000082e-01
1.432399000000000033e-01
6.585223229999999373e-02
7.424203309999999334e-02
1.141224730000000021e-01
1.256035269999999926e-01
7.322127370000000579e-02
1.259432879999999866e-01
4.292442650000000137e-02
4.959213729999999848e-02
1.016007440000000067e-01
6.450956310000000027e-02
6.140821049999999753e-02
1.150798650000000034e-01
1.797787700000000044e-01
1.026531380000000049e-01
7.634007930000000219e-02
1.184245200000000053e-01
1.166507450000000001e-01
1.133616189999999968e-01
1.153186709999999976e-01
6.036368009999999729e-02
8.741560580000000413e-02
1.173776910000000062e-01
5.821850519999999946e-02
1.594706180000000084e-01
1.158868150000000041e-01
5.782870579999999788e-02
1.491077540000000090e-01
8.094280210000000253e-02
7.827631379999999695e-02
4.287845269999999986e-02
1.116954460000000038e-01
1.195918990000000015e-01
1.146158349999999992e-01
7.553163920000000031e-02
1.238993699999999948e-01
8.018153159999999446e-02
1.097078469999999972e-01
1.178491039999999962e-01
9.323381629999999420e-02
9.962908180000000502e-02
1.026554630000000023e-01
1.087995989999999968e-01
7.179367540000000658e-02
1.014180110000000024e-01
1.333080530000000097e-01
1.082243469999999985e-01
4.313171279999999941e-02
7.574429359999999833e-02
7.095289979999999663e-02
8.651291580000000647e-02
1.081153299999999956e-01
9.386647489999999650e-02
1.075667589999999979e-01
9.634947779999999962e-02
9.593135860000000237e-02
1.049515460000000067e-01
6.113412979999999913e-02
4.438800739999999856e-02
1.451732669999999947e-01
1.007153239999999950e-01
1.452111010000000091e-01
1.274932320000000119e-01
1.002578360000000030e-01
1.693481360000000102e-01
1.021143419999999968e-01
9.332953389999999738e-02
1.228552239999999990e-01
9.162295609999999979e-02
1.414517309999999972e-01
1.138115529999999959e-01
8.489917219999999765e-02
5.894985419999999865e-02
8.576638250000000185e-02
7.758267970000000402e-02
1.381862309999999927e-01
8.478182550000000484e-02
4.092885930000000200e-02
7.878702129999999582e-02
3.204420580000000296e-02
2.770245630000000084e-02
-8.448814040000000511e-03
5.772966890000000295e-02
1.224870309999999962e-01
8.484956620000000393e-02
5.750778320000000249e-02
1.531149300000000102e-01
1.403566900000000062e-01
1.404228060000000111e-01
6.823446599999999362e-02
5.131613460000000043e-02
1.192131560000000007e-01
9.079859410000000464e-02
6.343985350000000412e-02
1.763712319999999889e-01
6.887017939999999505e-02
1.223363880000000042e-01
1.376438289999999953e-01
1.448255029999999943e-01
1.191360880000000011e-01
1.033562269999999950e-01
1.208987309999999954e-01
1.355294730000000114e-01
1.303212049999999955e-01
9.343066810000000277e-02
1.577283889999999966e-01
6.534003469999999369e-02
9.431830049999999355e-02
1.416994779999999898e-01
9.756673870000000248e-02
7.783687109999999632e-02
1.642734260000000002e-01
1.264826799999999862e-01
1.090978009999999943e-01
1.149782909999999964e-01
1.437102560000000084e-01
1.075043080000000068e-01
5.024665589999999932e-02
7.997857780000000583e-02
1.534391489999999969e-01
8.114334939999999496e-02
9.905974569999999313e-02
1.470868140000000102e-01
1.041309309999999960e-01
7.548706980000000066e-02
5.307948219999999995e-02
2.066746949999999916e-01
6.809249520000000555e-02
1.468520610000000060e-01
1.429660020000000087e-01
9.992463890000000126e-02
8.326934280000000688e-02
1.126561090000000043e-01
7.584688809999999559e-02
8.994127809999999390e-02
2.714871989999999985e-02
1.208528579999999936e-01
9.956537190000000481e-02
1.555442659999999866e-01
8.901380000000000403e-02
1.067683180000000009e-01
1.034621669999999938e-01
1.202587340000000060e-01
1.294961719999999927e-01
1.279250979999999871e-01
1.060493440000000037e-01
4.223524409999999951e-02
1.046647349999999949e-01
1.021382400000000069e-03
5.920321120000000131e-02
1.158791039999999967e-01
1.449208260000000026e-01
1.020315440000000018e-01
1.148266490000000029e-01
7.506811620000000684e-02
9.093151239999999746e-02
1.348387600000000019e-01
1.045574920000000019e-01
1.073728949999999960e-01
6.256882850000000662e-02
2.823863180000000042e-02
8.059182759999999890e-02
1.118546200000000018e-01
6.628402320000000014e-02
9.797776490000000005e-02
4.498156529999999820e-02
8.180425319999999612e-02
1.202945490000000006e-01
8.306369190000000013e-02
1.007288169999999983e-01
1.169080360000000068e-01
9.403613210000000278e-02
4.547230900000000242e-02
9.204853329999999889e-02
4.450318959999999963e-02
6.617049869999999667e-02
5.847266689999999767e-02
8.894810829999999502e-02
4.155744980000000005e-02
1.229198799999999953e-01
1.544939429999999947e-01
2.428109200000000065e-02
1.761346010000000017e-01
1.233536009999999933e-01
3.750536220000000309e-02
8.894484490000000021e-02
1.371982840000000037e-01
8.496528120000000628e-02
6.955719740000000650e-02
4.003717749999999992e-02
1.122202800000000056e-01
1.404766139999999996e-01
6.142560019999999954e-02
8.287274090000000537e-02
1.685738559999999941e-01
1.440968810000000100e-01
4.063038900000000286e-02
9.636039289999999424e-02
1.185709830000000048e-01
6.571049240000000069e-02
5.268283189999999581e-03
5.798402799999999996e-02
3.776166219999999712e-02
1.357329640000000115e-01
1.089947220000000022e-01
1.329323649999999968e-01
9.192065150000000573e-02
1.039361280000000026e-01
8.895456050000000170e-02
1.467280830000000091e-01
4.893941059999999676e-02
1.359792499999999960e-01
1.415916229999999998e-01
1.149071829999999961e-01
6.541308020000000112e-02
9.386682509999999535e-02
6.467250730000000114e-02
1.409989889999999912e-01
1.099039089999999941e-01
1.541556119999999974e-01
1.544300759999999995e-01
8.024670180000000042e-02
1.162395630000000041e-01
8.995618669999999595e-02
7.419691979999999687e-02
1.173211859999999940e-01
4.593874139999999662e-02
4.360995809999999862e-02
1.467280830000000091e-01
9.691462670000000612e-02
5.354896559999999806e-02
6.067050160000000275e-03
1.129786670000000048e-01
9.459393470000000692e-02
1.012753839999999961e-01
1.353227790000000041e-01
1.204698829999999998e-01
9.911404549999999758e-02
5.214861409999999725e-02
5.248521639999999960e-02
1.239131759999999999e-01
1.194372620000000024e-01
7.182555649999999847e-02
8.997164670000000475e-02
9.772536900000000637e-02
9.847164899999999443e-02
9.223690630000000445e-02
7.205399129999999486e-02
2.184481620000000013e-01
1.293267459999999924e-01
8.461112159999999160e-03
8.997976030000000291e-02
6.514423340000000118e-02
1.334895040000000088e-01
1.131436450000000010e-01
8.548714220000000474e-02
1.046338829999999970e-01
1.273425820000000097e-01
9.217077490000000206e-02
7.542108740000000311e-02
8.774595709999999382e-02
5.893753100000000134e-02
7.735504209999999325e-02
8.996686339999999948e-02
8.775492760000000447e-02
8.187700059999999946e-02
5.970739199999999802e-02
4.962156339999999888e-02
9.996088590000000440e-02
8.677483349999999540e-02
1.788535529999999915e-02
1.312306970000000073e-01
1.200968030000000020e-01
9.798269719999999627e-02
1.015856559999999964e-01
8.776381610000000277e-02
9.794492270000000611e-02
9.118095789999999812e-02
1.310642059999999887e-01
1.466864350000000039e-01
1.323300599999999994e-01
1.433728819999999932e-02
9.585243459999999438e-02
1.590663049999999912e-01
5.210248010000000096e-02
7.763543729999999865e-02
7.938919219999999999e-02
9.218154850000000178e-02
1.696955709999999895e-01
8.191359789999999585e-02
8.168874680000000332e-02
1.084908099999999931e-01
8.999668809999999963e-02
5.633834380000000280e-02
1.413198260000000095e-01
7.735504209999999325e-02
1.441963910000000071e-01
5.084179340000000158e-02
8.640145509999999640e-02
1.299292149999999868e-01
1.026090909999999995e-01
6.305271390000000142e-02
8.880656209999999995e-02
8.132619409999999882e-02
3.329401840000000001e-02
1.014233459999999976e-01
5.913226309999999875e-02
1.278646290000000074e-01
7.802941650000000395e-02
1.248507950000000005e-01
1.402591470000000007e-01
7.908531280000000163e-02
2.219662440000000000e-02
6.299471110000000318e-02
4.836131259999999765e-02
1.505813000000000013e-01
4.372981189999999851e-02
3.852839770000000136e-02
1.818490960000000017e-02
1.669284550000000034e-01
1.229488849999999939e-01
4.322607440000000162e-02
7.148784399999999484e-02
1.586479990000000118e-01
1.642551570000000127e-01
1.279818360000000051e-02
-3.153252180000000199e-03
5.296058580000000127e-02
9.249983729999999849e-02
1.465665250000000031e-01
1.340093910000000055e-01
1.267099379999999942e-01
1.110771599999999942e-01
1.694933469999999887e-01
5.510464679999999699e-02
4.433922099999999811e-02
1.091704150000000068e-01
9.244555229999999735e-02
1.505113389999999940e-01
6.993097809999999914e-02
7.792969049999999565e-02
2.712038719999999847e-02
9.503620120000000338e-02
8.340987560000000245e-02
1.798660609999999938e-01
1.409323510000000113e-01
5.260035400000000194e-02
1.705425979999999897e-01
1.005567829999999968e-01
9.566643090000000182e-02
1.315401790000000071e-01
5.726670469999999707e-02
6.787152589999999319e-02
1.931605789999999989e-01
5.725066739999999654e-02
2.238488380000000152e-02
1.014233459999999976e-01
4.525888709999999898e-02
1.415622980000000031e-01
8.615878220000000587e-02
7.254727930000000324e-02
1.348997349999999928e-01
1.012469160000000062e-01
4.468701779999999929e-02
6.256234650000000452e-02
2.759134020000000159e-02
8.610213549999999605e-02
9.386739130000000542e-02
7.619908450000000000e-02
8.749219029999999453e-02
6.066196780000000094e-02
1.819742619999999977e-01
1.695650519999999939e-01
1.425611970000000006e-01
1.025432049999999984e-01
4.719812419999999675e-02
1.567004170000000085e-01
1.106798430000000000e-01
1.072038710000000061e-01
7.799338549999999814e-02
7.995577900000000460e-02
5.584860219999999986e-02
-2.981623820000000105e-02
5.909145250000000238e-02
1.340928949999999932e-02
9.674589340000000481e-02
1.180551420000000018e-01
1.602178509999999945e-01
9.553505480000000494e-02
9.001774340000000263e-02
9.645502270000000378e-02
5.020418389999999759e-02
1.268551950000000039e-01
5.552912880000000079e-02
1.413926329999999898e-01
2.026605230000000021e-02
8.859770749999999750e-02
1.005383299999999987e-02
1.089066189999999962e-01
1.491170529999999994e-01
9.621717779999999776e-02
1.195067169999999984e-01
7.934493569999999385e-02
1.218403430000000037e-01
1.295738220000000052e-01
7.847926769999999386e-02
1.885103809999999838e-02
3.864914180000000171e-02
1.017701550000000010e-01
1.237405020000000022e-01
1.622125510000000104e-01
1.313117149999999955e-01
1.362615530000000075e-01
1.081867440000000014e-01
1.256259979999999887e-01
9.003283080000000493e-02
5.485312269999999962e-02
1.109857040000000045e-01
3.641857579999999844e-02
1.316934379999999960e-01
3.181260820000000183e-02
1.529758270000000087e-01
1.418386249999999960e-01
3.577134799999999882e-03
6.853578979999999654e-02
4.577428480000000216e-02
1.224979530000000066e-01
1.883523320000000112e-01
8.690048749999999822e-02
9.291402999999999468e-02
7.241348179999999857e-02
2.078921499999999978e-01
2.161036620000000158e-02
1.675228179999999900e-01
1.127202439999999972e-01
7.862669229999999509e-02
1.012926849999999934e-01
7.261653240000000287e-02
6.999611109999999414e-02
-1.938331130000000083e-02
1.288807989999999903e-01
1.573196649999999974e-01
7.420504840000000102e-02
1.270682959999999972e-01
1.302553120000000120e-01
1.851911250000000120e-01
1.131924990000000020e-01
1.203944009999999981e-01
2.896798030000000135e-02
1.293382050000000116e-01
1.391206530000000108e-01
1.137526709999999996e-01
1.397380380000000089e-01
1.511401679999999914e-01
4.796814919999999732e-02
6.940894570000000208e-02
1.356766520000000087e-01
4.760321969999999764e-02
1.127202439999999972e-01
1.062823090000000054e-01
4.677389559999999696e-02
9.850511700000000315e-02
1.102963000000000034e-02
6.483206900000000605e-02
6.586427990000000288e-02
1.235069260000000030e-01
7.922174040000000417e-02
1.381764560000000031e-01
1.416887639999999948e-01
2.395566849999999914e-01
1.247700449999999961e-01
7.703406359999999398e-02
1.684719769999999950e-01
8.078569169999999522e-02
7.166501129999999775e-02
1.039690449999999960e-01
1.150418889999999944e-01
5.436322090000000190e-02
9.282495829999999615e-02
5.618274580000000296e-02
7.072219999999999895e-02
1.737248750000000008e-01
1.213611960000000045e-01
7.261653240000000287e-02
6.946919109999999398e-02
7.477971910000000277e-02
2.947828549999999964e-02
9.504872559999999471e-02
7.213708759999999665e-02
1.500667039999999952e-01
1.182281669999999951e-01
4.417661579999999921e-02
6.679558750000000322e-02
8.183490720000000454e-04
1.103957220000000017e-01
1.038810010000000006e-01
9.646729380000000631e-02
4.323387520000000067e-02
5.981789529999999994e-02
9.646729380000000631e-02
1.092869270000000059e-01
7.581036539999999602e-02
8.713453259999999478e-02
1.089862290000000039e-01
1.152776550000000066e-01
1.196591179999999949e-01
9.171980620000000362e-02
9.006676819999999417e-02
4.034407059999999684e-02
1.009867410000000049e-01
6.035057829999999901e-02
1.249109209999999942e-01
7.581585650000000065e-02
1.215619220000000028e-01
9.008142349999999354e-02
8.072945480000000285e-02
1.301114710000000063e-01
1.026876119999999976e-01
7.225218419999999975e-02
3.389490020000000131e-02
1.343087850000000139e-01
1.310550119999999985e-01
1.018221970000000032e-01
1.273616399999999982e-01
1.145786119999999964e-01
4.973743860000000294e-02
5.696374550000000286e-02
1.469901349999999940e-01
5.995362619999999865e-02
1.080552939999999962e-01
6.311523909999999793e-02
1.377633659999999982e-01
8.234434570000000175e-02
1.020720600000000061e-01
1.309088919999999989e-01
1.687495709999999871e-01
6.866057959999999349e-02
1.371130499999999863e-01
5.436322090000000190e-02
1.599923219999999924e-01
1.586927469999999951e-01
9.323728829999999856e-02
1.243966890000000047e-01
6.392003599999999952e-02
9.484475109999999931e-02
6.933875379999999977e-02
1.017411500000000024e-01
1.065314339999999943e-01
7.516374439999999602e-02
1.322761329999999902e-01
6.903958320000000426e-02
1.044660580000000005e-01
1.010862960000000060e-01
-7.371443790000000405e-03
1.115621720000000046e-02
1.497190589999999877e-01
3.124407489999999829e-02
1.046821329999999967e-01
1.409767120000000040e-01
1.187823120000000010e-01
1.459158210000000011e-01
4.712935070000000282e-03
3.104370269999999835e-02
4.167918489999999920e-02
1.083899660000000043e-01
1.440574380000000099e-01
6.539984609999999719e-03
1.127125699999999980e-01
1.230006520000000020e-01
1.521633269999999871e-01
1.056536440000000049e-01
7.202047109999999697e-02
1.017411500000000024e-01
3.554196280000000013e-02
1.016611830000000022e-01
3.353101389999999654e-02
1.159078330000000018e-01
1.072380470000000030e-01
1.046175139999999948e-01
6.425612420000000047e-02
1.181663270000000016e-01
7.102882859999999632e-02
4.651041329999999752e-02
1.350891140000000101e-01
1.335021110000000066e-01
1.576020120000000135e-01
7.913041110000000600e-02
8.261130010000000690e-02
1.191744510000000007e-01
6.925605240000000384e-02
1.920125779999999893e-01
1.093086149999999979e-01
9.913884850000000137e-02
8.071313800000000371e-02
1.598616089999999879e-01
2.018858940000000102e-01
1.239618960000000020e-01
1.010862960000000060e-01
6.911148879999999550e-02
1.014306690000000011e-01
7.389146089999999722e-02
1.111135629999999985e-01
8.666378260000000278e-02
1.160625819999999975e-01
7.247792179999999751e-02
1.348365549999999968e-01
7.805289329999999526e-02
9.751895820000000548e-02
1.399453579999999919e-01
4.987011100000000169e-02
1.333763000000000032e-01
1.140775829999999963e-01
1.168258860000000038e-01
1.675260960000000132e-01
5.191263559999999971e-02
9.794671829999999912e-02
2.093946339999999962e-01
1.200762689999999994e-01
1.284410360000000084e-01
4.651822149999999823e-02
1.172974330000000065e-01
1.127952110000000063e-01
1.075583029999999940e-01
1.196511309999999939e-01
7.218188790000000521e-02
1.881605390000000086e-02
8.824770899999999363e-02
1.106318010000000018e-01
5.965672429999999832e-02
2.138517950000000112e-01
3.691454599999999947e-02
1.413025410000000037e-01
3.383307530000000118e-02
4.269128290000000214e-02
-4.465077440000000258e-02
1.023906690000000036e-01
1.636363710000000027e-01
7.497124369999999538e-02
1.743003280000000044e-01
4.370732229999999691e-02
-3.232942149999999681e-02
1.239618960000000020e-01
1.886409370000000085e-01
3.015328379999999975e-02
2.391174440000000123e-01
6.615155940000000401e-02
7.809763399999999911e-02
5.609064180000000038e-02
1.617610160000000075e-01
1.162430569999999969e-01
3.487062450000000258e-02
1.688310949999999866e-01
1.293587240000000083e-01
9.214753659999999624e-02
2.555698750000000019e-01
1.089513079999999967e-01
1.221492069999999958e-01
3.610729049999999996e-02
2.588407139999999995e-02
-2.189268360000000153e-03
5.617132410000000298e-02
2.395003890000000080e-01
1.006454749999999981e-01
5.065512660000000278e-02
8.622450380000000469e-02
-2.204211060000000125e-02
6.780716779999999833e-02
2.311172339999999908e-02
7.997035980000000155e-02
2.105220220000000170e-02
3.190210090000000082e-02
9.842820469999999378e-03
6.037929279999999788e-02
1.918199810000000005e-01
5.059876289999999666e-02
1.100286469999999933e-01
1.371677069999999998e-01
-1.050948540000000084e-02
8.812427520000000458e-02
9.231241049999999726e-02
1.720378850000000015e-01
1.034944279999999994e-01
4.618221150000000053e-02
1.587396560000000068e-01
7.152293619999999796e-02
7.648511230000000494e-02
7.659211009999999931e-02
7.474184039999999529e-02
8.067619059999999592e-03
4.792360219999999837e-02
5.898374690000000170e-02
3.413075950000000330e-02
1.407974509999999901e-01
4.162938890000000142e-02
1.356211009999999939e-01
1.621536460000000124e-01
1.304380149999999905e-01
1.752831340000000071e-01
8.811081199999999669e-02
1.704544719999999958e-01
1.438153070000000068e-02
1.527572869999999916e-01
1.478833840000000040e-03
6.447602060000000301e-02
1.258192509999999931e-01
6.710650769999999821e-02
1.073730960000000012e-01
5.857607349999999907e-02
2.367390880000000072e-02
1.266309620000000136e-01
1.838637439999999956e-01
8.578565720000000394e-02
7.605775450000000493e-02
8.141027389999999642e-02
-2.205952629999999998e-02
1.208749789999999935e-01
1.323930319999999938e-01
9.697794910000000213e-02
6.128706779999999743e-02
1.497709600000000085e-01
2.717707310000000084e-02
5.369938910000000148e-02
1.621536460000000124e-01
8.607938889999999788e-02
1.579358730000000044e-01
1.659454409999999991e-01
1.196197489999999974e-01
9.691274910000000076e-02
4.423227159999999769e-02
5.167238410000000309e-02
1.666163499999999964e-01
1.487964539999999947e-01
1.476889550000000106e-01
2.368894029999999915e-02
1.340243520000000133e-01
7.584363219999999683e-02
9.762293099999999613e-02
9.226910019999999546e-02
9.015344079999999816e-02
9.210320189999999380e-03
2.125006170000000028e-01
5.167238410000000309e-02
1.423375610000000013e-01
3.629589829999999712e-02
1.461946070000000042e-01
8.110404760000000657e-02
9.704434870000000490e-02
1.741587929999999923e-02
-1.958275959999999927e-02
1.173601819999999935e-01
1.753512020000000046e-02
1.296947900000000042e-01
7.523235679999999703e-02
1.652790010000000087e-01
1.926990600000000053e-01
2.016031559999999917e-02
7.848948990000000070e-02
5.511194099999999763e-02
1.735198500000000033e-02
5.426712709999999967e-02
8.567702030000000357e-02
3.433245790000000186e-02
8.339624110000000423e-02
1.293666960000000032e-01
6.153626739999999706e-02
9.444048049999999609e-04
1.792201700000000120e-01
1.425953359999999892e-01
7.804644850000000411e-02
2.384785409999999883e-01
8.787824210000000358e-02
1.833143680000000053e-01
1.107843970000000067e-01
5.719519409999999915e-02
7.816044240000000198e-02
2.700868759999999931e-03
2.564130130000000229e-01
8.780464529999999768e-02
6.667645279999999397e-02
4.906940829999999892e-02
-2.306040189999999934e-02
8.571388570000000595e-02
8.720907380000000181e-03
1.512609719999999935e-01
1.178009960000000050e-01
9.473653510000000846e-03
1.143701230000000041e-01
8.110404760000000657e-02
9.794806690000000537e-02
1.569455419999999934e-01
-6.457314359999999885e-03
9.803359209999999713e-02
2.899590319999999916e-02
9.266298259999999898e-02
2.089247409999999971e-01
6.425545359999999817e-02
5.898374690000000170e-02
2.896236630000000034e-02
1.226284279999999977e-01
9.027089180000000268e-02
8.784215150000000694e-02
2.777127739999999886e-02
1.336001460000000030e-01
1.511155220000000021e-01
7.781159129999999646e-02
1.083735819999999961e-01
1.246173079999999961e-01
6.358786949999999626e-03
9.245175869999999740e-02
5.685780199999999895e-02
1.013301010000000058e-01
2.083998469999999992e-01
1.454497580000000123e-01
1.667990679999999948e-01
1.559395490000000106e-01
2.005247769999999874e-01
2.899590319999999916e-02
4.695178199999999746e-02
1.787252129999999939e-01
2.679397760000000184e-01
7.202729580000000187e-02
1.331782639999999907e-01
1.323152479999999964e-01
5.616158990000000295e-02
1.255006640000000118e-01
4.022910820000000220e-02
6.155307220000000301e-02
1.261149940000000080e-01
1.246173079999999961e-01
1.281708179999999919e-01
2.057683319999999982e-01
6.892281029999999808e-02
1.726623620000000137e-01
1.682319489999999917e-01
9.739551690000000650e-02
8.261187370000000474e-02
1.782016899999999959e-01
5.383263339999999619e-03
1.796965600000000052e-01
2.202121619999999891e-01
1.170243249999999985e-01
2.015173729999999996e-01
1.869091089999999900e-01
1.205313060000000047e-01
2.959024719999999928e-02
1.083538980000000040e-01
2.050301059999999967e-02
1.447927950000000019e-01
2.044337240000000111e-01
9.821011129999999978e-02
1.431900259999999980e-01
8.791299160000000390e-02
1.815069169999999898e-01
-3.573723139999999965e-02
1.085611729999999969e-01
1.392439749999999921e-01
8.784215150000000694e-02
5.752573910000000068e-02
1.721035690000000118e-01
6.827101110000000084e-02
1.863297220000000032e-01
1.209516820000000048e-01
-7.003204520000000377e-02
1.872127799999999953e-01
1.275653690000000118e-01
5.044415590000000255e-02
1.218369309999999955e-01
1.577969939999999960e-01
1.692526940000000091e-01
8.140910419999999523e-03
1.349164690000000111e-01
1.058259379999999944e-01
1.517853140000000045e-01
8.720403910000000536e-02
1.009392139999999993e-01
7.825503500000000057e-02
7.310724259999999697e-02
6.539365649999999419e-02
1.416703310000000104e-01
1.148601439999999939e-02
1.594621870000000052e-02
6.191934649999999984e-02
5.109886830000000268e-02
1.595303269999999995e-01
1.660311819999999994e-01
1.981962029999999875e-01
1.236142370000000018e-01
6.000816450000000246e-02
1.136187540000000024e-01
3.954641889999999799e-02
6.566255540000000279e-02
8.735789360000000003e-02
7.927750799999999654e-02
1.040201929999999969e-01
7.586055249999999750e-02
8.434364939999999811e-02
1.803457290000000102e-01
-6.355718239999999693e-03
9.033137559999999955e-02
2.631858919999999907e-02
1.883132010000000134e-01
1.083538980000000040e-01
9.032469989999999949e-02
6.332902610000000487e-02
1.362224670000000137e-01
2.764356509999999975e-02
8.759257199999999355e-02
1.497602909999999898e-01
1.826706680000000083e-01
8.130943029999999905e-02
5.109886830000000268e-02
4.184168199999999810e-02
1.634898780000000051e-01
7.164666799999999669e-02
9.346085040000000344e-02
5.062985699999999686e-03
-1.436968800000000025e-02
7.183900479999999478e-02
2.052619009999999966e-01
7.271284610000000592e-02
9.029947219999999442e-02
1.403572859999999978e-01
6.892281029999999808e-02
9.031818060000000592e-02
-1.283826310000000040e-02
4.654871669999999934e-02
6.157296520000000301e-02
-6.380259250000000493e-02
3.728590910000000036e-02
1.530150180000000026e-01
1.108898890000000054e-01
1.981607230000000108e-01
9.613005819999999313e-02
1.274309309999999973e-01
1.189105359999999972e-01
1.426333039999999885e-01
2.353280339999999915e-01
2.834901589999999985e-02
8.759257199999999355e-02
-1.691875049999999950e-02
1.361833660000000001e-01
8.741435409999999406e-02
3.067760909999999938e-02
1.317531170000000029e-01
1.206938699999999948e-01
1.391137540000000061e-01
1.164436340000000042e-01
1.167922019999999977e-01
6.092900779999999711e-02
9.957032650000000040e-02
4.205706339999999710e-02
1.967112870000000124e-01
2.204036709999999955e-01
-9.178783740000000246e-02
-1.240420569999999972e-01
1.407370420000000066e-01
6.817073369999999966e-02
1.284596030000000055e-01
1.399343309999999951e-01
6.668735300000000477e-02
1.512332710000000024e-01
1.203199630000000020e-01
1.439778210000000058e-01
6.576541069999999878e-02
8.732862769999999442e-02
4.441386829999999925e-02
6.162618100000000210e-02
1.032604429999999934e-01
1.669964190000000070e-01
9.868616610000000011e-02
1.253501770000000071e-01
1.642896980000000118e-01
1.030875069999999949e-01
9.037491679999999639e-02
-7.003204520000000377e-02
1.227095349999999946e-01
-9.728702159999999544e-02
7.718129460000000552e-02
-1.315121449999999935e-02
2.784135940000000142e-02
1.154266740000000069e-01
1.066352200000000028e-01
7.839363069999999434e-02
4.770771039999999880e-02
1.476840080000000055e-01
-1.402056120000000003e-02
1.011372919999999932e-02
7.117191700000000121e-02
-1.320742909999999930e-02
1.863907870000000022e-01
-1.565226730000000149e-02
2.134539189999999920e-01
1.002176399999999967e-01
1.355791389999999874e-01
1.221242550000000010e-01
7.329767939999999593e-02
8.726789799999999653e-02
1.356565650000000067e-01
1.135813670000000025e-01
8.000559359999999398e-02
1.030875069999999949e-01
-7.430663699999999483e-02
1.255043600000000092e-01
1.154266740000000069e-01
5.543450269999999902e-02
3.351961819999999675e-02
1.164373830000000054e-01
-3.955616149999999741e-03
1.514294589999999885e-01
1.829367130000000008e-01
1.276466850000000097e-01
1.008003580000000066e-01
1.514235879999999979e-01
2.046109740000000010e-01
-9.973970239999999446e-03
1.005011130000000030e-01
1.671900749999999936e-01
1.236142370000000018e-01
1.307148489999999941e-01
1.838784810000000103e-01
2.488938719999999882e-01
5.788461119999999821e-02
1.103470919999999938e-01
-3.533816709999999806e-02
4.031520710000000007e-02
1.934184810000000049e-03
7.582312099999999723e-04
1.468276679999999945e-01
-1.637861129999999919e-03
5.282685629999999723e-03
7.106113429999999509e-02
9.041652079999999703e-02
1.338223219999999936e-01
1.651435639999999927e-01
1.937957260000000015e-01
3.351961819999999675e-02
8.076282590000000150e-02
4.592610899999999968e-02
1.331340219999999908e-01
1.476501970000000108e-01
1.651253850000000134e-01
2.027434110000000123e-01
1.018071769999999987e-01
4.472555970000000047e-02
2.283492679999999941e-01
-2.839308930000000210e-03
1.603122949999999935e-01
5.173620949999999802e-02
9.047439690000000367e-02
6.760378179999999848e-02
6.988883020000000168e-02
8.351166549999999855e-02
6.245575099999999685e-02
2.855739930000000121e-02
-1.208088639999999915e-02
4.078431799999999996e-02
1.250061090000000041e-01
7.718129460000000552e-02
1.305831520000000079e-01
-3.156980499999999940e-02
-4.160593080000000304e-02
5.748457089999999686e-02
9.876283260000000286e-02
8.687072249999999718e-02
1.757413600000000131e-01
1.639484800000000006e-02
1.394603550000000081e-01
-1.308376059999999917e-02
1.310292479999999871e-01
3.236131040000000004e-03
6.425457449999999460e-02
-5.809551569999999929e-03
-7.228542860000000680e-02
8.087773619999999442e-02
9.759707750000000404e-02
1.018071769999999987e-01
3.185778859999999907e-02
6.038334590000000307e-02
1.406113950000000001e-01
-5.701059850000000234e-02
-1.690759559999999943e-03
9.041652079999999703e-02
1.122247130000000037e-01
1.225901620000000025e-01
9.398858990000000246e-02
1.019930909999999941e-01
1.222856640000000022e-01
-6.413528320000000393e-02
1.199798660000000045e-01
-2.401469460000000070e-02
6.961064040000000674e-02
1.200108599999999970e-01
8.699111639999999868e-02
5.113206060000000108e-02
6.932455299999999709e-02
1.412460650000000040e-01
-3.922009779999999874e-04
1.502664830000000062e-01
5.788461119999999821e-02
1.265443709999999888e-01
-5.894375959999999942e-02
9.807568789999999981e-02
8.678445220000000071e-02
3.652304779999999973e-02
1.965074390000000060e-01
1.131699459999999935e-01
1.933002470000000084e-01
5.946350839999999666e-02
5.946350839999999666e-02
6.074547770000000152e-02
4.407763480000000123e-02
-1.546941880000000068e-02
2.778143809999999991e-02
-1.783092970000000037e-03
2.139388919999999916e-01
1.432350129999999944e-01
2.256730650000000060e-01
3.141131400000000129e-01
1.360862110000000125e-01
1.288170959999999921e-01
1.067969129999999933e-01
5.697965990000000008e-02
3.050825000000000065e-02
2.853172829999999979e-02
1.168339919999999976e-01
1.178823259999999956e-01
3.976145760000000112e-02
2.790432270000000048e-01
1.139056239999999970e-01
5.071667020000000109e-03
4.525971040000000001e-02
2.852876779999999890e-01
3.270080310000000184e-02
3.144941109999999790e-02
1.122247130000000037e-01
4.237833249999999746e-02
2.349223350000000099e-01
1.913586110000000118e-01
8.673934640000000029e-02
1.571834679999999929e-01
-2.010008129999999935e-02
2.622560599999999853e-02
1.023826669999999966e-01
9.417748450000000549e-02
8.649154750000000169e-02
-6.006681829999999979e-03
2.571429310000000190e-01
9.404973689999999997e-02
8.687072249999999718e-02
2.126279769999999958e-01
1.995823379999999980e-01
-1.162960080000000063e-01
1.111371910000000067e-02
2.554822270000000062e-01
1.076767670000000066e-01
2.399949729999999865e-02
1.259324249999999867e-01
3.686504070000000133e-01
7.910902799999999790e-02
9.431306270000000547e-02
1.270873989999999898e-01
2.972565029999999983e-02
2.577634750000000197e-01
-9.797362980000000332e-02
1.734364330000000010e-01
1.308763330000000114e-01
2.458159480000000063e-01
6.626617160000000673e-02
2.373084430000000078e-01
1.589275900000000075e-01
1.542908550000000045e-01
5.196543039999999836e-02
1.467652319999999955e-01
1.605999019999999888e-01
1.919169540000000007e-02
2.027434110000000123e-01
1.032412649999999987e-01
1.093640179999999934e-01
-1.300132550000000081e-02
1.528120189999999934e-01
2.307297439999999866e-01
9.411267939999999610e-02
2.050404700000000024e-01
1.799685960000000085e-01
1.958407460000000100e-01
2.488916670000000109e-01
1.675726099999999899e-02
5.449416490000000279e-02
-1.300132550000000081e-02
3.144941109999999790e-02
6.282163409999999559e-02
2.076403649999999934e-01
7.454336429999999791e-02
1.622840909999999914e-01
1.816289869999999917e-02
1.220135170000000019e-01
7.429382950000000541e-02
2.055395389999999933e-01
1.153464470000000047e-01
3.925858809999999838e-02
1.104237510000000005e-01
2.953620439999999833e-02
3.144941109999999790e-02
8.185495439999999900e-02
8.261308820000000386e-02
4.977470259999999813e-02
1.042250920000000053e-01
5.250433089999999997e-02
1.510350130000000062e-02
1.517026870000000027e-01
2.466340660000000129e-01
3.995987399999999939e-02
1.114679429999999999e-01
6.121865659999999737e-02
1.541462239999999984e-01
1.589039340000000106e-02
6.379383800000000548e-02
1.386295859999999991e-01
-7.648388300000000251e-02
1.884432580000000024e-01
1.219257039999999959e-01
1.997658459999999969e-01
2.413886339999999908e-01
1.248091310000000037e-01
9.504234790000000432e-02
1.739470660000000113e-01
-3.796614329999999787e-02
7.076291739999999997e-02
2.296090870000000103e-02
1.316311510000000018e-01
3.292680159999999967e-02
1.739470660000000113e-01
9.504234790000000432e-02
1.935796740000000071e-01
-9.599266950000000242e-02
9.876283260000000286e-02
2.702427800000000158e-01
-5.082404609999999906e-02
9.056927260000000035e-02
1.562788340000000054e-01
9.064232560000000383e-02
1.539617930000000134e-01
6.425408270000000643e-02
4.735010120000000128e-02
-7.119506600000000129e-02
9.544703359999999470e-02
-3.696079549999999742e-02
2.338778230000000125e-01
1.378050299999999950e-01
3.356711569999999700e-02
-2.048280840000000005e-02
2.167665059999999977e-01
1.153464470000000047e-01
1.228592540000000011e-01
2.243676330000000108e-01
1.819868980000000080e-01
9.417748450000000549e-02
1.189506129999999967e-01
-3.498633619999999816e-03
1.539617930000000134e-01
-1.946511860000000108e-02
3.255463389999999763e-02
9.061159189999999641e-02
1.977498380000000111e-01
7.376936820000000450e-02
1.384590569999999965e-01
5.797038229999999792e-02
2.176955790000000002e-01
2.892993689999999729e-01
7.228805119999999473e-02
8.171266319999999361e-02
1.053636970000000062e-01
1.328297260000000091e-01
6.123604629999999938e-02
1.227048560000000010e-01
-1.772079799999999941e-02
7.125969229999999655e-02
1.222566219999999954e-01
4.232014529999999705e-03
2.422125080000000000e-02
1.188057510000000011e-01
-6.427373740000000280e-02
-2.883643279999999892e-02
-3.194886820000000099e-02
1.257942770000000099e-01
1.461139170000000098e-01
-1.521674360000000066e-02
3.828825429999999780e-02
1.520203499999999985e-01
2.108218819999999882e-01
2.161147999999999889e-02
-1.028032150000000033e-01
1.189506129999999967e-01
1.222566219999999954e-01
2.102983740000000101e-01
1.589039340000000106e-02
1.405943040000000033e-01
1.279722899999999886e-01
9.069276599999999411e-02
1.841980220000000168e-02
3.356711569999999700e-02
1.126232300000000047e-01
5.611627920000000075e-02
7.570622019999999862e-03
6.968408080000000615e-02
1.213505859999999964e-01
1.935796740000000071e-01
2.274941209999999936e-01
1.012253240000000054e-01
1.403288249999999904e-01
6.425338240000000312e-02
6.924731280000000211e-02
8.568948510000000407e-02
2.244037090000000068e-01
-1.343064199999999958e-02
2.084278019999999954e-01
3.490982200000000008e-02
-6.392099710000000157e-02
9.907053409999999616e-02
1.880106179999999905e-01
-9.842798110000000600e-02
2.088771020000000089e-01
3.623123090000000129e-02
3.423628860000000208e-03
1.728229779999999882e-02
2.084278019999999954e-01
6.250181050000000460e-02
2.231654379999999938e-01
2.113956959999999941e-01
1.253000049999999921e-01
-1.579137889999999989e-01
2.718300930000000157e-02
1.618490670000000131e-01
2.618049089999999746e-01
5.316003410000000318e-02
2.901156249999999881e-01
2.053009869999999903e-01
4.757406559999999979e-02
1.727762969999999954e-01
-2.801072599999999968e-02
2.039128839999999887e-01
3.527462780000000242e-01
2.364870010000000022e-01
1.337619270000000027e-01
1.378050299999999950e-01
8.532656730000000300e-02
1.134642139999999938e-01
1.590131519999999909e-01
2.320975359999999932e-01
3.526722190000000090e-01
9.878007700000000085e-03
6.177377700000000194e-02
2.974918299999999849e-02
3.062907460000000026e-01
4.933681709999999943e-02
1.139123439999999987e-01
1.465178880000000128e-01
1.019975540000000042e-01
7.125969229999999655e-02
1.101862940000000041e-01
2.642953399999999897e-01
9.733110670000000297e-02
1.227048560000000010e-01
3.074384629999999952e-01
2.452205869999999899e-01
1.378050299999999950e-01
3.423628860000000208e-03
-1.086981130000000059e-02
4.500788819999999857e-02
1.952592129999999870e-01
5.611627920000000075e-02
1.764776259999999986e-01
2.404513510000000076e-01
-1.417629140000000072e-02
1.233462389999999964e-01
9.795750679999999655e-02
1.700707230000000070e-01
4.462143030000000066e-02
-9.230342510000000278e-02
1.175532340000000064e-01
1.150874570000000041e-01
1.368219260000000104e-01
-4.244901980000000130e-02
9.079084549999999476e-02
7.949467749999999944e-02
1.906151470000000125e-01
-2.435117029999999891e-02
7.405482230000000332e-02
6.831413510000000633e-02
-1.319044980000000089e-01
6.354289500000000201e-02
5.583501230000000037e-02
3.838749229999999929e-02
9.091171620000000619e-02
1.305787710000000101e-01
5.245437850000000263e-02
4.847425219999999813e-02
3.028935940000000021e-02
2.220066340000000082e-01
1.558427810000000135e-01
1.039023399999999958e-01
2.254193569999999869e-01
5.319951469999999877e-02
5.319951469999999877e-02
2.276573179999999974e-01
1.257942770000000099e-01
1.475863010000000031e-01
3.238534029999999841e-01
3.458356859999999755e-01
1.574536260000000132e-01
1.487309490000000012e-01
1.627472040000000134e-02
1.630112830000000068e-01
1.305787710000000101e-01
2.715106609999999865e-01
2.591755989999999787e-01
6.781494620000000362e-02
1.837146879999999871e-01
1.270030440000000094e-01
1.680927869999999935e-01
5.471850560000000169e-02
4.565053060000000273e-02
1.319361930000000072e-01
6.250181050000000460e-02
-5.253205080000000055e-02
1.503351780000000137e-01
2.099156980000000117e-01
8.035855740000000247e-02
4.698305729999999736e-01
2.274941209999999936e-01
1.886447069999999948e-01
1.802575140000000076e-01
-4.623937229999999787e-02
3.208884000000000181e-01
1.459157020000000082e-01
3.088161050000000074e-01
2.564564650000000223e-01
1.731017679999999892e-01
1.429760609999999876e-01
1.378050299999999950e-01
2.087315919999999936e-01
3.598333520000000091e-02
-2.058283660000000126e-03
2.805149259999999978e-01
1.368219260000000104e-01
2.166381629999999947e-01
-3.451127930000000288e-02
2.660852670000000142e-01
4.663373900000000044e-02
3.302835820000000200e-01
-5.599177999999999794e-02
1.567535549999999889e-01
-4.145169630000000022e-02
1.612794250000000040e-01
4.015286559999999838e-01
1.630112830000000068e-01
-1.280559000000000003e-01
-4.197134820000000127e-02
2.254193569999999869e-01
6.478824469999999724e-02
-1.133107470000000033e-01
7.816231249999999742e-02
3.458356859999999755e-01
3.426270929999999937e-02
1.163827179999999961e-01
1.970925930000000104e-01
1.242446450000000008e-01
1.133647339999999948e-01
1.612794250000000040e-01
1.475413889999999950e-01
1.391015499999999905e-01
-1.068416830000000067e-01
1.944023219999999885e-01
5.816172809999999721e-02
2.076774540000000113e-01
1.261937469999999950e-01
