2.315374555306529691e-01
2.309653687874158867e-01
2.303958390318873173e-01
2.298288587313705722e-01
2.292644218531368072e-01
2.287025237622437313e-01
2.281431610668832599e-01
2.275863314469189214e-01
2.270320334633592618e-01
2.264802663523539650e-01
2.259310298075895007e-01
2.253843237551811374e-01
2.248401481252988443e-01
2.242985026248261182e-01
2.237593865153316430e-01
2.232227984005326904e-01
2.226887360272507832e-01
2.221571961036062082e-01
2.216281741378706982e-01
2.211016643010114691e-01
2.205776593155096832e-01
2.200561503725438073e-01
2.195371270790917873e-01
2.190205774359426372e-01
2.185064878470260041e-01
2.179948431598761338e-01
2.174856267364620732e-01
2.169788205530417402e-01
2.164744053271516477e-01
2.159723606693316755e-01
2.154726652567199308e-01
2.149752970887535697e-01
2.144802334399632526e-01
2.139874514601492750e-01
2.134969281445708578e-01
2.130086406255798370e-01
2.125225663988305203e-01
2.120386835436081086e-01
2.115569709331198978e-01
2.110774084307808218e-01
2.105999770687912165e-01
2.101246592056372209e-01
2.096514386595429436e-01
2.091803008153569066e-01
2.087112327028551595e-01
2.082442230449844667e-01
2.077792622751338802e-01
2.073163425231080992e-01
2.068554575700654041e-01
2.063966027732680453e-01
2.059397749620625329e-01
2.054849723070481526e-01
2.050321941648990121e-01
2.045814409017616409e-01
2.041327136985551793e-01
2.036860143418414981e-01
2.032413450042036829e-01
2.027987080182696022e-01
2.023581056486355167e-01
2.019195398659849872e-01
2.014830121276547370e-01
2.010485231687792473e-01
2.006160728079440791e-01
2.001856597710047481e-01
1.997572815363852783e-01
1.993309342047648869e-01
1.989066123956010346e-01
1.984843091724317610e-01
1.980640159983562687e-01
1.976457227225247304e-01
1.972294175978832054e-01
1.968150873298306069e-01
1.964027171548618222e-01
1.959922909477062047e-01
1.955837913549340612e-01
1.951771999525045431e-01
1.947724974242783513e-01
1.943696637581229236e-01
1.939686784559078447e-01
1.935695207534268436e-01
1.931721698460947823e-01
1.927766051161629024e-01
1.923828063571643987e-01
1.919907539913583983e-01
1.916004292760700445e-01
1.912118144950380738e-01
1.908248931311610219e-01
1.904396500173867468e-01
1.900560714629022374e-01
1.896741453522454990e-01
1.892938612154739242e-01
1.889152102680686507e-01
1.885381854198243667e-01
1.881627812525603349e-01
1.877889939670747688e-01
1.874168213003456485e-01
1.870462624145396158e-01
1.866773177599245770e-01
1.863099889142702248e-01
1.859442784017653061e-01
1.855801894948651276e-01
1.852177260028035066e-01
1.848568920507548952e-01
1.844976918538071553e-01
1.841401294900018304e-01
1.837842086767168537e-01
1.834299325546014936e-01
1.830773034831301715e-01
1.827263228516224913e-01
1.823769909092843311e-01
1.820293066174640262e-01
1.816832675269012543e-01
1.813388696822711421e-01
1.809961075558136345e-01
1.806549740112881053e-01
1.803154602989221478e-01
1.799775560814386999e-01
1.796412494906599600e-01
1.793065272136103172e-01
1.789733746064855746e-01
1.786417758343292472e-01
1.783117140337746875e-01
1.779831714957764432e-01
1.776561298648791365e-01
1.773305703512602638e-01
1.770064739515448404e-01
1.766838216742252499e-01
1.763625947654331172e-01
1.760427749308055012e-01
1.757243445492623901e-01
1.754072868746657798e-01
1.750915862215600693e-01
1.747772281314954601e-01
1.744641995168018100e-01
1.741524887791073561e-01
1.738420859003726171e-01
1.735329825047295937e-01
1.732251718899658066e-01
1.729186490280665012e-01
1.726134105348102465e-01
1.723094546089986578e-01
1.720067809424699612e-01
1.717053906025999832e-01
1.714052858895094844e-01
1.711064701706735414e-01
1.708089476960551190e-01
1.705127233972489609e-01
1.702178026744233519e-01
1.699241911750768719e-01
1.696318945687781410e-01
1.693409183221327718e-01
1.690512674782163050e-01
1.687629464446234462e-01
1.684759587941251080e-01
1.681903070816805346e-01
1.679059926812464798e-01
1.676230156454488474e-01
1.673413745907509353e-01
1.670610666102712860e-01
1.667820872158817802e-01
1.665044303106645307e-01
1.662280881922340858e-01
1.659530515868478662e-01
1.656793097136498860e-01
1.654068503778232668e-01
1.651356600908832351e-01
1.648657242158322045e-01
1.645970271344290581e-01
1.643295524334106583e-01
1.640632831061469288e-01
1.637982017659205258e-01
1.635342908668060979e-01
1.632715329279805783e-01
1.630099107572340333e-01
1.627494076694671610e-01
1.624900076960567596e-01
1.622316957811452132e-01
1.619744579611573088e-01
1.617182815241655913e-01
1.614631551461060410e-01
1.612090690012842331e-01
1.609560148450966954e-01
1.607039860674172593e-01
1.604529777156515347e-01
1.602029864870346543e-01
1.599540106903273584e-01
1.597060501776420838e-01
1.594591062476933274e-01
1.592131815223052360e-01
1.589682797985112750e-01
1.587244058790415191e-01
1.584815653843982264e-01
1.582397645500663030e-01
1.579990100126842656e-01
1.577593085892071423e-01
1.575206670532239839e-01
1.572830919126441684e-01
1.570465891929383184e-01
1.568111642300150099e-01
1.565768214766294908e-01
1.563435643259643570e-01
1.561113949556976188e-01
1.558803141954850924e-01
1.556503214203425467e-01
1.554214144719223145e-01
1.551935896091544975e-01
1.549668414891671175e-01
1.547411631788294939e-01
1.545165461966853671e-01
1.542929805844701630e-01
1.540704550068489054e-01
1.538489568774809024e-01
1.536284725090213132e-01
1.534089872842199775e-01
1.531904858448819573e-01
1.529729522951180920e-01
1.527563704150476653e-01
1.525407238809188548e-01
1.523259964874938144e-01
1.521121723685057159e-01
1.518992362110309080e-01
1.516871734597392829e-01
1.514759705071754281e-01
1.512656148664903444e-01
1.510560953233753001e-01
1.508474020643431335e-01
1.506395267789484294e-01
1.504324627340324072e-01
1.502262048186042420e-01
1.500207495585263451e-01
1.498160951007393993e-01
1.496122411673382890e-01
1.494091889803765560e-01
1.492069411588303474e-01
1.490055015896746549e-01
1.488048752755125326e-01
1.486050681616393476e-01
1.484060869458086462e-01
1.482079388742913728e-01
1.480106315280776408e-01
1.478141726032515813e-01
1.476185696896802346e-01
1.474238300521852618e-01
1.472299604183178179e-01
1.470369667767311705e-01
1.468448541899417537e-01
1.466536266249990061e-01
1.464632868052423709e-01
1.462738360859262288e-01
1.460852743560424605e-01
1.458975999681739188e-01
1.457108096976843792e-01
1.455248987319960330e-01
1.453398606901391554e-01
1.451556876721863953e-01
1.449723703376229467e-01
1.447898980111579637e-01
1.446082588139664116e-01
1.444274398178729824e-01
1.442474272195581608e-01
1.440682065314908833e-01
1.438897627859794526e-01
1.437120807484861262e-01
1.435351451361798758e-01
1.433589408376038377e-01
1.431834531293162960e-01
1.430086678854234628e-01
1.428345717760578781e-01
1.426611524510677798e-01
1.424883987054627876e-01
1.423163006235078631e-01
1.421448496987611776e-01
1.419740389278063841e-01
1.418038628759273057e-01
1.416343177135026277e-01
1.414654012224501323e-01
1.412971127726160292e-01
1.411294532685703762e-01
1.409624250678269408e-01
1.407960318720448967e-01
1.406302785932765365e-01
1.404651711977956130e-01
1.403007165304600290e-01
1.401369221229301076e-01
1.399737959893632977e-01
1.398113464134422279e-01
1.396495817307520093e-01
1.394885101106098091e-01
1.393281393414552705e-01
1.391684766238434345e-01
1.390095283749329391e-01
1.388513000481462756e-01
1.386937959713881174e-01
1.385370192068576811e-01
1.383809714350812681e-01
1.382256528653330874e-01
1.380710621741149391e-01
1.379171964728335420e-01
1.377640513052650617e-01
1.376116206748343451e-01
1.374598971011733728e-01
1.373088717048739638e-01
1.371585343188175821e-01
1.370088736239656602e-01
1.368598773070352215e-01
1.367115322370724417e-01
1.365638246575840709e-01
1.364167403905942599e-01
1.362702650487733480e-01
1.361243842516345059e-01
1.359790838417211101e-01
1.358343500967096884e-01
1.356901699334338574e-01
1.355465310999890982e-01
1.354034223523054303e-01
1.352608336118702737e-01
1.351187561016416461e-01
1.349771824576040113e-01
1.348361068138805019e-01
1.346955248149073470e-01
1.345554338232152203e-01
1.344158326479108212e-01
1.342767216936296415e-01
1.341381028553812471e-01
1.339999794306703518e-01
1.338623560055026418e-01
1.337252383164404812e-01
1.335886330913226006e-01
1.334525478716641067e-01
1.333169908200934894e-01
1.331819705164654644e-01
1.330474957464973240e-01
1.329135752869161635e-01
1.327802176911657139e-01
1.326474310797097211e-01
1.325152229388777969e-01
1.323835999320367718e-01
1.322525677266354338e-01
1.321221308403683348e-01
1.319922925093424959e-01
1.318630545807133736e-01
1.317344174317944538e-01
1.316063799171432458e-01
1.314789393445993659e-01
1.313520914807036755e-01
1.312258305853732099e-01
1.311001494751556362e-01
1.309750396138495421e-01
1.308504912287608291e-01
1.307264934503850062e-01
1.306030344728644765e-01
1.304801017321813583e-01
1.303576820987134011e-01
1.302357620805131844e-01
1.301143280334716712e-01
1.299933663743998991e-01
1.298728637930104401e-01
1.297528074588053804e-01
1.296331852189747114e-01
1.295139857835832242e-01
1.293951988945652998e-01
1.292768154753550780e-01
1.291588277583472499e-01
1.290412293878030192e-01
1.289240154962808527e-01
1.288071827531715174e-01
1.286907293844446742e-01
1.285746551632559742e-01
1.284589613716142220e-01
1.283436507338531207e-01
1.282287273231816904e-01
1.281141964430957680e-01
1.280000644859033421e-01
1.278863387710467148e-01
1.277730273662835425e-01
1.276601388951079108e-01
1.275476823340510046e-01
1.274356668036867868e-01
1.273241013572851132e-01
1.272129947710949616e-01
1.271023553402066686e-01
1.269921906838341885e-01
1.268825075636767219e-01
1.267733117187708203e-01
1.266646077199294618e-01
1.265563988464936673e-01
1.264486869876990938e-01
1.263414725704947728e-01
1.262347545151506489e-01
1.261285302194661284e-01
1.260227955718525028e-01
1.259175449930174939e-01
1.258127715054411233e-01
1.257084668293100560e-01
1.256046215030796609e-01
1.255012250263698448e-01
1.253982660224834123e-01
1.252957324174669429e-01
1.251936116323254522e-01
1.250918907847577144e-01
1.249905568966020869e-01
1.248895971030789392e-01
1.247889988598851196e-01
1.246887501442395796e-01
1.245888396460971825e-01
1.244892569459355725e-01
1.243899926757772029e-01
1.242910386604256373e-01
1.241923880362730270e-01
1.240940353454586392e-01
1.239959766036255878e-01
1.238982093400221307e-01
1.238007326092155497e-01
1.237035469742224225e-01
1.236066544613982077e-01
1.235100584879596092e-01
1.234137637635307344e-01
1.233177761675882250e-01
1.232221026051372736e-01
1.231267508433554481e-01
1.230317293322983757e-01
1.229370470130598386e-01
1.228427131170097830e-01
1.227487369599013778e-01
1.226551277347290442e-01
1.225618943072410844e-01
1.224690450179555939e-01
1.223765874944037907e-01
1.222845284771266888e-01
1.221928736626913953e-01
1.221016275666663708e-01
1.220107934091194668e-01
1.219203730247730572e-01
1.218303667994857648e-01
1.217407736342320940e-01
1.216515909372317406e-01
1.215628146443501340e-01
1.214744392673581530e-01
1.213864579691150553e-01
1.212988626642319684e-01
1.212116441432945224e-01
1.211247922182814157e-01
1.210382958864182623e-01
1.209521435093615926e-01
1.208663230043219017e-01
1.207808220435129254e-01
1.206956282581611167e-01
1.206107294432265803e-01
1.205261137589776071e-01
1.204417699256232765e-01
1.203576874073441078e-01
1.202738565822623895e-01
1.201902688951645010e-01
1.201069169901127498e-01
1.200237948204687793e-01
1.199408977342764498e-01
1.198582225334196838e-01
1.197757675054658827e-01
1.196935324276213880e-01
1.196115185427514965e-01
1.195297285079437166e-01
1.194481663166103297e-01
1.193668371956232432e-01
1.192857474794433159e-01
1.192049044636382116e-01
1.191243162405681011e-01
1.190439915203521520e-01
1.189639394405029998e-01
1.188841693678261008e-01
1.188046906963234201e-01
1.187255126449122539e-01
1.186466440587690963e-01
1.185680932180374902e-01
1.184898676574948073e-01
1.184119740005637744e-01
1.183344178107806483e-01
1.182572034634993274e-01
1.181803340402272084e-01
1.181038112475594620e-01
1.180276353622127655e-01
1.179518052031666847e-01
1.178763181314085168e-01
1.178011700772570863e-01
1.177263555947221513e-01
1.176518679418455532e-01
1.175776991854836778e-01
1.175038403285305066e-01
1.174302814571610842e-01
1.173570119052990690e-01
1.172840204331920544e-01
1.172112954167148086e-01
1.171388250438221562e-01
1.170665975144429827e-01
1.169946012400448210e-01
1.169228250391098761e-01
1.168512583248436237e-01
1.167798912815878609e-01
1.167087150266257894e-01
1.166377217543472372e-01
1.165669048600757179e-01
1.164962590412462751e-01
1.164257803740526426e-01
1.163554663641450521e-01
1.162853159704516914e-01
1.162153296017041232e-01
1.161455090857604205e-01
1.160758576123342850e-01
1.160063796502366767e-01
1.159370808407170356e-01
1.158679678689387565e-01
1.157990483160338951e-01
1.157303304945449390e-01
1.156618232703715693e-01
1.155935358745909247e-01
1.155254777087073165e-01
1.154576581470066338e-01
1.153900863397418763e-01
1.153227710208555024e-01
1.152557203238556288e-01
1.151889416093048596e-01
1.151224413071578606e-01
1.150562247769008756e-01
1.149902961881070912e-01
1.149246584236345708e-01
1.148593130072641660e-01
1.147942600571125321e-01
1.147294982656680978e-01
1.146650249067951710e-01
1.146008358695434076e-01
1.145369257180941930e-01
1.144732877766850149e-01
1.144099142378822986e-01
1.143467962921361908e-01
1.142839242761519852e-01
1.142212878372606266e-01
1.141588761106735045e-01
1.140966779062667913e-01
1.140346819013654533e-01
1.139728768358879152e-01
1.139112517061720842e-01
1.138497959538325305e-01
1.137884996460969689e-01
1.137273536442339888e-01
1.136663497569133235e-01
1.136054808756263301e-01
1.135447410896371911e-01
1.134841257783226337e-01
1.134236316791869675e-01
1.133632569302999160e-01
1.133030010863874393e-01
1.132428651083036836e-01
1.131828513261129154e-01
1.131229633765088033e-01
1.130632061157796214e-01
1.130035855099877223e-01
1.129441085044591009e-01
1.128847828750660365e-01
1.128256170641252498e-01
1.127666200040216699e-01
1.127078009318941143e-01
1.126491691988843052e-01
1.125907340775487847e-01
1.125325045710630911e-01
1.124744892278101011e-01
1.124166959648377900e-01
1.123591319035011915e-01
1.123018032203688538e-01
1.122447150161840213e-01
1.121878712053253069e-01
1.121312744278246259e-01
1.120749259855709085e-01
1.120188258038714579e-01
1.119629724190632086e-01
1.119073629923747343e-01
1.118519933497450769e-01
1.117968580468164941e-01
1.117419504578455042e-01
1.116872628868273154e-01
1.116327866987116835e-01
1.115785124682141249e-01
1.115244301433958724e-01
1.114705292209131060e-01
1.114167989296191152e-01
1.113632284190499006e-01
1.113098069492363951e-01
1.112565240782658754e-01
1.112033698440619556e-01
1.111503349369660359e-01
1.110974108598806326e-01
1.110445900729736396e-01
1.109918661202368706e-01
1.109392337355380870e-01
1.108866889261945071e-01
1.108342290325218804e-01
1.107818527622683596e-01
1.107295601993160128e-01
1.106773527865191759e-01
1.106252332830357232e-01
1.105732056969877947e-01
1.105212751947517863e-01
1.104694479886164371e-01
1.104177312049526988e-01
1.103661327354037575e-01
1.103146610739200589e-01
1.102633251427268951e-01
1.102121341105172098e-01
1.101610972063040012e-01
1.101102235324437212e-01
1.100595218803537695e-01
1.100090005523914338e-01
1.099586671932405307e-01
1.099085286339698542e-01
1.098585907516826249e-01
1.098088583473806612e-01
1.097593350443188537e-01
1.097100232087371841e-01
1.096609238944334513e-01
1.096120368121885208e-01
1.095633603245866894e-01
1.095148914662944645e-01
1.094666259893813526e-01
1.094185584327952016e-01
1.093706822146507940e-01
1.093229897455621075e-01
1.092754725608553051e-01
1.092281214691458169e-01
1.091809267144590173e-01
1.091338781488217918e-01
1.090869654120599636e-01
1.090401781154043404e-01
1.089935060254421800e-01
1.089469392449479990e-01
1.089004683871916956e-01
1.088540847404494416e-01
1.088077804196318499e-01
1.087615485021905665e-01
1.087153831457650099e-01
1.086692796853777482e-01
1.086232347083761068e-01
1.085772461057384758e-01
1.085313130988116159e-01
1.084854362410090367e-01
1.084396173944726233e-01
1.083938596821722583e-01
1.083481674163786351e-01
1.083025460048902266e-01
1.082570018368105846e-01
1.082115421500562114e-01
1.081661748831159175e-01
1.081209085138751524e-01
1.080757518885598623e-01
1.080307140440346786e-01
1.079858040268121544e-01
1.079410307121862894e-01
1.078964026268966064e-01
1.078519277786578051e-01
1.078076134957560162e-01
1.077634662797180287e-01
1.077194916738102581e-01
1.076756941498210468e-01
1.076320770152328354e-01
1.075886423425031074e-01
1.075453909217544690e-01
1.075023222377309712e-01
1.074594344714199928e-01
1.074167245262731413e-01
1.073741880784969266e-01
1.073318196504309957e-01
1.072896127055984333e-01
1.072475597636058792e-01
1.072056525327010068e-01
1.071638820574642020e-01
1.071222388788308499e-01
1.070807132034119757e-01
1.070392950789101072e-01
1.069979745723175363e-01
1.069567419475364323e-01
1.069155878390753017e-01
1.068745034185567683e-01
1.068334805509097291e-01
1.067925119373199783e-01
1.067515912422651869e-01
1.067107132022654670e-01
1.066698737143275399e-01
1.066290699024466659e-01
1.065883001609459618e-01
1.065475641738708873e-01
1.065068629101090097e-01
1.064661985943628625e-01
1.064255746545580139e-01
1.063849956467125130e-01
1.063444671587151780e-01
1.063039956948574616e-01
1.062635885433216437e-01
1.062232536291462942e-01
1.061829993554610219e-01
1.061428344359968690e-01
1.061027677220408999e-01
1.060628080271021068e-01
1.060229639525939183e-01
1.059832437178154646e-01
1.059436549974262648e-01
1.059042047694647298e-01
1.058648991767562469e-01
1.058257434043007039e-01
1.057867415749243062e-01
1.057478966651331231e-01
1.057092104427220652e-01
1.056706834272807538e-01
1.056323148743052859e-01
1.055941027831785450e-01
1.055560439288316804e-01
1.055181339164543014e-01
1.054803672581870327e-01
1.054427374703177100e-01
1.054052371891192469e-01
1.053678583031178728e-01
1.053305920992753941e-01
1.052934294203101556e-01
1.052563608301765319e-01
1.052193767845731182e-01
1.051824678032604182e-01
1.051456246409393780e-01
1.051088384534746845e-01
1.050721009563393427e-01
1.050354045723078250e-01
1.049987425656335599e-01
1.049621091602042228e-01
1.049254996394745482e-01
1.048889104263231592e-01
1.048523391413608979e-01
1.048157846386262859e-01
1.047792470180312074e-01
1.047427276143594460e-01
1.047062289630620036e-01
1.046697547435301578e-01
1.046333097009502500e-01
1.045968995482459696e-01
1.045605308499866076e-01
1.045242108904760742e-01
1.044879475285325487e-01
1.044517490417145728e-01
1.044156239629445565e-01
1.043795809126185498e-01
1.043436284293712130e-01
1.043077748026856322e-01
1.042720279104972919e-01
1.042363950648424048e-01
1.042008828684446720e-01
1.041654970849235362e-01
1.041302425250459907e-01
1.040951229511383885e-01
1.040601410014285189e-01
1.040252981357108059e-01
1.039905946033222173e-01
1.039560294339965246e-01
1.039216004517308223e-01
1.038873043113657108e-01
1.038531365571530446e-01
1.038190917021715037e-01
1.037851633270605728e-01
1.037513441961810251e-01
1.037176263889856287e-01
1.036840014441006291e-01
1.036504605133834606e-01
1.036169945230383943e-01
1.035835943387442698e-01
1.035502509316772041e-01
1.035169555423003929e-01
1.034836998388394963e-01
1.034504760674677254e-01
1.034172771913860756e-01
1.033840970161974682e-01
1.033509302992365320e-01
1.033177728408225665e-01
1.032846215557473440e-01
1.032514745236842585e-01
1.032183310176048585e-01
1.031851915097042605e-01
1.031520576547617224e-01
1.031189322512875844e-01
1.030858191812254188e-01
1.030527233293814376e-01
1.030196504841325716e-01
1.029866072213146133e-01
1.029536007735056269e-01
1.029206388871913569e-01
1.028877296705225375e-01
1.028548814345477819e-01
1.028221025309226794e-01
1.027894011891574838e-01
1.027567853564693157e-01
1.027242625432501222e-01
1.026918396770511582e-01
1.026595229678188281e-01
1.026273177869007902e-01
1.025952285620769927e-01
1.025632586905646376e-01
1.025314104716048003e-01
1.024996850598656195e-01
1.024680824405045099e-01
1.024366014263203145e-01
1.024052396770116502e-01
1.023739937401395156e-01
1.023428591129856152e-01
1.023118303241042776e-01
1.022809010329982504e-01
1.022500641460093729e-01
1.022193119462131011e-01
1.021886362348459754e-01
1.021580284815826328e-01
1.021274799808163658e-01
1.020969820109893927e-01
1.020665259939669556e-01
1.020361036514537550e-01
1.020057071555116462e-01
1.019753292703547698e-01
1.019449634827668261e-01
1.019146041187043716e-01
1.018842464439147222e-01
1.018538867467016079e-01
1.018235224013115947e-01
1.017931519107818789e-01
1.017627749284787386e-01
1.017323922579591589e-01
1.017020058311965264e-01
1.016716186656188431e-01
1.016412348008069177e-01
1.016108592160798879e-01
1.015804977305552609e-01
1.015501568875961519e-01
1.015198438258502062e-01
1.014895661393325071e-01
1.014593317292072777e-01
1.014291486500742134e-01
1.013990249536643046e-01
1.013689685328929835e-01
1.013389869692068318e-01
1.013090873860924973e-01
1.012792763114952477e-01
1.012495595517218655e-01
1.012199420791815158e-01
1.011904279360534703e-01
1.011610201556667060e-01
1.011317207030393295e-01
1.011025304356629045e-01
1.010734490852327472e-01
1.010444752606299429e-01
1.010156064720601210e-01
1.009868391758548950e-01
1.009581688390550208e-01
1.009295900225220949e-01
1.009010964809793631e-01
1.008726812780671028e-01
1.008443369142170143e-01
1.008160554649148860e-01
1.007878287267275769e-01
1.007596483683306232e-01
1.007315060836824760e-01
1.007033937444570953e-01
1.006753035488655995e-01
1.006472281640708732e-01
1.006191608595252696e-01
1.005910956287372066e-01
1.005630272971950873e-01
1.005349516144420779e-01
1.005068653285970809e-01
1.004787662419519556e-01
1.004506532466326735e-01
1.004225263396906764e-01
1.003943866173788307e-01
1.003662362487586224e-01
1.003380784291744154e-01
1.003099173145093059e-01
1.002817579374960660e-01
1.002536061076937379e-01
1.002254682970437627e-01
1.001973515131881348e-01
1.001692631629585994e-01
1.001412109086256275e-01
1.001132025196282971e-01
1.000852457225854947e-01
1.000573480524162145e-01
1.000295167073700781e-01
1.000017584106910884e-01
9.997407928150596479e-02
9.994648471735162465e-02
9.991897929053072946e-02
9.989156666022105946e-02
9.986424950196307049e-02
9.983702945582011157e-02
9.980990709415139828e-02
9.978288190956695336e-02
9.975595232325200346e-02
9.972911571346486370e-02
9.970236846363264571e-02
9.967570602910073851e-02
9.964912302124336041e-02
9.962261330731717046e-02
9.959617012414723192e-02
9.956978620347706199e-02
9.954345390660045145e-02
9.951716536572041694e-02
9.949091262936157753e-02
9.946468780908827856e-02
9.943848322476440960e-02
9.941229154562125636e-02
9.938610592448562930e-02
9.935992012265419671e-02
9.933372862308005591e-02
9.930752672976407569e-02
9.928131065150572199e-02
9.925507756846724261e-02
9.922882568033188078e-02
9.920255423518517524e-02
9.917626353861361266e-02
9.914995494288852962e-02
9.912363081647820873e-02
9.909729449450128957e-02
9.907095021109212085e-02
9.904460301498765884e-02
9.901825866995883629e-02
9.899192354199116972e-02
9.896560447536580096e-02
9.893930865999610302e-02
9.891304349253578210e-02
9.888681643388577691e-02
9.886063486579085846e-02
9.883450594922758847e-02
9.880843648724677020e-02
9.878243279484411055e-02
9.875650057829507555e-02
9.873064482620751148e-02
9.870486971431891021e-02
9.867917852580435079e-02
9.865357358856348402e-02
9.862805623063317095e-02
9.860262675452938219e-02
9.857728443096178128e-02
9.855202751200127509e-02
9.852685326341194261e-02
9.850175801550045684e-02
9.847673723148689384e-02
9.845178559207441726e-02
9.842689709459175040e-02
9.840206516481223020e-02
9.837728277931759302e-02
9.835254259608076921e-02
9.832783709079227774e-02
9.830315869635065928e-02
9.827849994288465063e-02
9.825385359566850274e-02
9.822921278833851577e-02
9.820457114891145700e-02
9.817992291624678958e-02
9.815526304477971420e-02
9.813058729557674886e-02
9.810589231202755667e-02
9.808117567877981668e-02
9.805643596284148444e-02
9.803167273611418375e-02
9.800688657897101141e-02
9.798207906485177643e-02
9.795725272620425805e-02
9.793241100245210495e-02
9.790755817100643688e-02
9.788269926265555365e-02
9.785783996295832621e-02
9.783298650152744136e-02
9.780814553131250699e-02
9.778332400017690496e-02
9.775852901720259724e-02
9.773376771625165438e-02
9.770904711935889109e-02
9.768437400252838465e-02
9.765975476645576137e-02
9.763519531459993739e-02
9.761070094088469817e-02
9.758627622912417754e-02
9.756192496604113029e-02
9.753765006948705851e-02
9.751345353318345566e-02
9.748933638898953091e-02
9.746529868736951430e-02
9.744133949638898728e-02
9.741745691921904760e-02
9.739364812977982511e-02
9.736990942581295883e-02
9.734623629834697478e-02
9.732262351621208396e-02
9.729906522398094892e-02
9.727555505146255610e-02
9.725208623266266839e-02
9.722865173195052724e-02
9.720524437504050874e-02
9.718185698231261715e-02
9.715848250195548153e-02
9.713511414042635961e-02
9.711174548777648519e-02
9.708837063549347057e-02
9.706498428465819284e-02
9.704158184239999874e-02
9.701815950485993822e-02
9.699471432512896119e-02
9.697124426491403326e-02
9.694774822899518418e-02
9.692422608186172794e-02
9.690067864625323546e-02
9.687710768367216452e-02
9.685351585727403068e-02
9.682990667787297334e-02
9.680628443411508355e-02
9.678265410817007974e-02
9.675902127855953716e-02
9.673539201197967063e-02
9.671177274617981379e-02
9.668817016612123172e-02
9.666459107576272358e-02
9.664104226789700658e-02
9.661753039449255676e-02
9.659406183998135720e-02
9.657064259987163668e-02
9.654727816695954368e-02
9.652397342726522222e-02
9.650073256763118390e-02
9.647755899669695212e-02
9.645445528070818730e-02
9.643142309533581091e-02
9.640846319437708367e-02
9.638557539588986367e-02
9.636275858598275512e-02
9.634001074015009769e-02
9.631732896171105174e-02
9.629470953659073629e-02
9.627214800337569045e-02
9.624963923728999116e-02
9.622717754647996946e-02
9.620475677876710874e-02
9.618237043683530718e-02
9.616001179966501833e-02
9.613767404791372095e-02
9.611535039087289178e-02
9.609303419260799284e-02
9.607071909490762229e-02
9.604839913473464663e-02
9.602606885398011494e-02
9.600372339947044198e-02
9.598135861136772307e-02
9.595897109832420002e-02
9.593655829800633306e-02
9.591411852188200249e-02
9.589165098346288940e-02
9.586915580950873539e-02
9.584663403402025883e-02
9.582408757517346665e-02
9.580151919566871899e-02
9.577893244727851696e-02
9.575633160067410776e-02
9.573372156188621196e-02
9.571110777700272965e-02
9.568849612692507944e-02
9.566589281418734492e-02
9.564330424398718999e-02
9.562073690168212958e-02
9.559819722906531814e-02
9.557569150175340700e-02
9.555322570999225107e-02
9.553080544511674543e-02
9.550843579378950898e-02
9.548612124199148954e-02
9.546386559054988175e-02
9.544167188376655175e-02
9.541954235246094540e-02
9.539747837246585760e-02
9.537548043932207731e-02
9.535354815961016861e-02
9.533168025904451004e-02
9.530987460713755133e-02
9.528812825793170349e-02
9.526643750599428362e-02
9.524479795658558068e-02
9.522320460864619474e-02
9.520165194901042405e-02
9.518013405604655586e-02
9.515864471074970965e-02
9.513717751317898874e-02
9.511572600203334338e-02
9.509428377510814601e-02
9.507284460836193385e-02
9.505140257135510917e-02
9.502995213689571785e-02
9.500848828284141900e-02
9.498700658415953901e-02
9.496550329353496689e-02
9.494397540903534716e-02
9.492242072759000948e-02
9.490083788330945513e-02
9.487922636996005965e-02
9.485758654720788385e-02
9.483591963055322538e-02
9.481422766518354805e-02
9.479251348427571167e-02
9.477078065256937245e-02
9.474903339630895427e-02
9.472727652090587314e-02
9.470551531790025179e-02
9.468375546299948042e-02
9.466200290713452925e-02
9.464026376260183115e-02
9.461854418644602416e-02
9.459685026328584767e-02
9.457518788979035751e-02
9.455356266297661183e-02
9.453197977442261146e-02
9.451044391237270470e-02
9.448895917355980278e-02
9.446752898638076379e-02
9.444615604684392096e-02
9.442484226846421802e-02
9.440358874701468284e-02
9.438239574076293104e-02
9.436126266652616890e-02
9.434018811158156881e-02
9.431916986116849200e-02
9.429820494102746087e-02
9.427728967413807892e-02
9.425641975055326638e-02
9.423559030898315259e-02
9.421479602856384916e-02
9.419403122905888048e-02
9.417328997758570019e-02
9.415256619984231634e-02
9.413185379372913941e-02
9.411114674322042239e-02
9.409043923034160484e-02
9.406972574314839686e-02
9.404900117768477674e-02
9.402826093201535618e-02
9.400750099058073628e-02
9.398671799731202203e-02
9.396590931615543540e-02
9.394507307789864980e-02
9.392420821245089924e-02
9.390331446600529153e-02
9.388239240279734610e-02
9.386144339146496041e-02
9.384046957630433339e-02
9.381947383400091045e-02
9.379845971668553106e-02
9.377743138242200516e-02
9.375639351446587999e-02
9.373535123084238141e-02
9.371430998597002349e-02
9.369327546620161151e-02
9.367225348126433093e-02
9.365124985365330668e-02
9.363027030806532480e-02
9.360932036295484260e-02
9.358840522624814473e-02
9.356752969716876367e-02
9.354669807600661524e-02
9.352591408351035307e-02
9.350518079139559513e-02
9.348450056524966467e-02
9.346387502087652455e-02
9.344330499486980246e-02
9.342279052993214539e-02
9.340233087517985089e-02
9.338192450138957379e-02
9.336156913086200715e-02
9.334126178130329465e-02
9.332099882286296055e-02
9.330077604722081253e-02
9.328058874739184048e-02
9.326043180671937660e-02
9.324029979535802815e-02
9.322018707241062907e-02
9.320008789178207964e-02
9.317999650974811976e-02
9.315990729220910427e-02
9.313981481961061681e-02
9.311971398756185847e-02
9.309960010126801244e-02
9.307946896201538256e-02
9.305931694410059241e-02
9.303914106078081669e-02
9.301893901803112708e-02
9.299870925512833397e-02
9.297845097133118630e-02
9.295816413819010804e-02
9.293784949729208544e-02
9.291750854352008593e-02
9.289714349418000394e-02
9.287675724461222360e-02
9.285635331115889290e-02
9.283593576259246971e-02
9.281550914132703778e-02
9.279507837592142205e-02
9.277464868654400343e-02
9.275422548519744737e-02
9.273381427259459742e-02
9.271342053363607061e-02
9.269304963346086668e-02
9.267270671602487186e-02
9.265239660711049874e-02
9.263212372358177460e-02
9.261189199057631716e-02
9.259170476817307760e-02
9.257156478889122520e-02
9.255147410716853262e-02
9.253143406173902630e-02
9.251144525158426501e-02
9.249150752587584345e-02
9.247161998806099903e-02
9.245178101397803772e-02
9.243198828362336750e-02
9.241223882593610495e-02
9.239252907572316487e-02
9.237285494162122967e-02
9.235321188378693702e-02
9.233359499982719820e-02
9.231399911733027819e-02
9.229441889123815579e-02
9.227484890421461250e-02
9.225528376811113762e-02
9.223571822461820724e-02
9.221614724320890966e-02
9.219656611453848349e-02
9.217697053755352643e-02
9.215735669868768687e-02
9.213772134167397265e-02
9.211806182668463849e-02
9.209837617771339524e-02
9.207866311733955977e-02
9.205892208825325329e-02
9.203915326117169393e-02
9.201935752903396548e-02
9.199953648762020098e-02
9.197969240299641580e-02
9.195982816643279156e-02
9.193994723767795474e-02
9.192005357768814888e-02
9.190015157210598695e-02
9.188024594695401448e-02
9.186034167815117224e-02
9.184044389657207430e-02
9.182055779044821786e-02
9.180068850695562166e-02
9.178084105484364541e-02
9.176102020993508190e-02
9.174123042526884098e-02
9.172147574756395194e-02
9.170175974156047349e-02
9.168208542364021663e-02
9.166245520595157903e-02
9.164287085206182515e-02
9.162333344494062726e-02
9.160384336784339887e-02
9.158440029842006280e-02
9.156500321612336124e-02
9.154565042274159792e-02
9.152633957563317824e-02
9.150706773300285035e-02
9.148783141033439703e-02
9.146862664688695799e-02
9.144944908097588088e-02
9.143029403259674004e-02
9.141115659181700548e-02
9.139203171125606651e-02
9.137291430090092870e-02
9.135379932346684995e-02
9.133468188850585312e-02
9.131555734349539044e-02
9.129642136020066356e-02
9.127727001469772283e-02
9.125809985956873094e-02
9.123890798693166937e-02
9.121969208114349970e-02
9.120045046021303670e-02
9.118118210517525690e-02
9.116188667690738878e-02
9.114256452010482956e-02
9.112321665437797535e-02
9.110384475267267745e-02
9.108445110745637396e-02
9.106503858533969431e-02
9.104561057102053545e-02
9.102617090163474256e-02
9.100672379277668922e-02
9.098727375760494451e-02
9.096782552057493254e-02
9.094838392743827271e-02
9.092895385321232704e-02
9.090954010985882738e-02
9.089014735540973389e-02
9.087078000624698726e-02
9.085144215417874369e-02
9.083213748985918823e-02
9.081286923397607902e-02
9.079364007747924015e-02
9.077445213194970663e-02
9.075530689101544979e-02
9.073620520350871022e-02
9.071714725883724129e-02
9.069813258481033980e-02
9.067916005792540923e-02
9.066022792588648849e-02
9.064133384189607123e-02
9.062247491004137012e-02
9.060364774088965067e-02
9.058484851621682876e-02
9.056607306162531290e-02
9.054731692566161949e-02
9.052857546392607813e-02
9.050984392657730748e-02
9.049111754757453718e-02
9.047239163397280404e-02
9.045366165359061683e-02
9.043492331940385098e-02
9.041617266908685835e-02
9.039740613821749260e-02
9.037862062578615185e-02
9.035981355079743260e-02
9.034098289892475431e-02
9.032212725836813449e-02
9.030324584427072698e-02
9.028433851126795029e-02
9.026540575396616028e-02
9.024644869537751246e-02
9.022746906356211849e-02
9.020846915695213131e-02
9.018945179904228060e-02
9.017042028333065173e-02
9.015137830957410670e-02
9.013232991258326998e-02
9.011327938491879574e-02
9.009423119496175192e-02
9.007518990191352992e-02
9.005616006933420126e-02
9.003714617885107130e-02
9.001815254566079838e-02
8.999918323741104564e-02
8.998024199797827194e-02
8.996133217756210887e-02
8.994245667039427183e-02
8.992361786121190470e-02
8.990481758147764180e-02
8.988605707614194529e-02
8.986733698154281136e-02
8.984865731482608031e-02
8.983001747505216239e-02
8.981141625593398736e-02
8.979285186993270218e-02
8.977432198322393697e-02
8.975582376084517700e-02
8.973735392114413900e-02
8.971890879847628508e-02
8.970048441294722896e-02
8.968207654586619892e-02
8.966368081947408142e-02
8.964529277943225627e-02
8.962690797851186053e-02
8.960852205990431363e-02
8.959013083858657911e-02
8.957173037921459247e-02
8.955331706908987999e-02
8.953488768483974791e-02
8.951643945157473914e-02
8.949797009343221643e-02
8.947947787458018776e-02
8.946096162993748269e-02
8.944242078506280114e-02
8.942385536487040820e-02
8.940526599104149652e-02
8.938665386821319225e-02
8.936802075923917787e-02
8.934936895001927004e-02
8.933070120459170316e-02
8.931202071136186416e-02
8.929333102150614765e-02
8.927463598073394346e-02
8.925593965571124166e-02
8.923724625654758102e-02
8.921856005681631785e-02
8.919988531262139364e-02
8.918122618223674192e-02
8.916258664782894527e-02
8.914397044073073262e-02
8.912538097166050610e-02
8.910682126718720564e-02
8.908829391361701433e-02
8.906980100933610534e-02
8.905134412648081643e-02
8.903292428262876701e-02
8.901454192301358481e-02
8.899619691356595863e-02
8.897788854487966026e-02
8.895961554699489959e-02
8.894137611468776183e-02
8.892316794275836878e-02
8.890498827062294496e-02
8.888683393534255184e-02
8.886870143206475336e-02
8.885058698071801597e-02
8.883248659768468170e-02
8.881439617108825846e-02
8.879631153826700318e-02
8.877822856396908047e-02
8.876014321779505944e-02
8.874205164943262114e-02
8.872395026027421472e-02
8.870583577008027409e-02
8.868770527744899990e-02
8.866955631297290807e-02
8.865138688410442724e-02
8.863319551091101978e-02
8.861498125207502297e-02
8.859674372067871673e-02
8.857848308950855287e-02
8.856020008581111380e-02
8.854189597563165426e-02
8.852357253806224235e-02
8.850523202991479599e-02
8.848687714151379224e-02
8.846851094446779584e-02
8.845013683242747282e-02
8.843175845596679130e-02
8.841337965283131706e-02
8.839500437488054252e-02
8.837663661310934948e-02
8.835828032216630490e-02
8.833993934579033314e-02
8.832161734456685231e-02
8.830331772735566798e-02
8.828504358766983695e-02
8.826679764618779178e-02
8.824858220046133406e-02
8.823039908274422916e-02
8.821224962670938530e-02
8.819413464365369326e-02
8.817605440860877553e-02
8.815800865658816876e-02
8.813999658900999179e-02
8.812201689014273476e-02
8.810406775323276207e-02
8.808614691579229328e-02
8.806825170335441655e-02
8.805037908084546727e-02
8.803252571058424458e-02
8.801468801579492851e-02
8.799686224842195870e-02
8.797904455995646245e-02
8.796123107393187535e-02
8.794341795871898904e-02
8.792560149924967539e-02
8.790777816632222574e-02
8.788994468219217537e-02
8.787209808122516119e-02
8.785423576448622707e-02
8.783635554725707784e-02
8.781845569860939615e-02
8.780053497231438131e-02
8.778259262853413403e-02
8.776462844591581547e-02
8.774664272389136321e-02
8.772863627517027418e-02
8.771061040859810809e-02
8.769256690273349863e-02
8.767450797067094515e-02
8.765643621679861108e-02
8.763835458633090214e-02
8.762026630858889276e-02
8.760217483511544001e-02
8.758408377380656751e-02
8.756599682031122878e-02
8.754791768799952134e-02
8.752985003782176587e-02
8.751179740937885254e-02
8.749376315449766683e-02
8.747575037455312952e-02
8.745776186270505514e-02
8.743980005212097228e-02
8.742186697114023852e-02
8.740396420620108464e-02
8.738609287320336927e-02
8.736825359781900946e-02
8.735044650509191100e-02
8.733267121849321024e-02
8.731492686841915707e-02
8.729721210994169367e-02
8.727952514944725682e-02
8.726186377963428276e-02
8.724422542218365773e-02
8.722660717727413748e-02
8.720900587898905432e-02
8.719141815555205011e-02
8.717384049324296280e-02
8.715626930277892148e-02
8.713870098690307264e-02
8.712113200790555512e-02
8.710355895380550439e-02
8.708597860195342599e-02
8.706838797886488901e-02
8.705078441517193066e-02
8.703316559467377811e-02
8.701552959658279129e-02
8.699787493019289775e-02
8.698020056134261879e-02
8.696250593020131425e-02
8.694479096007225183e-02
8.692705605707638783e-02
8.690930210075198392e-02
8.689153042577721364e-02
8.687374279518851605e-02
8.685594136562665990e-02
8.683812864529046049e-02
8.682030744541353873e-02
8.680248082619862471e-02
8.678465203824488328e-02
8.676682446058547882e-02
8.674900153651279866e-02
8.673118670840608557e-02
8.671338335279146770e-02
8.669559471685592267e-02
8.667782385760477992e-02
8.666007358479947686e-02
8.664234640873692828e-02
8.662464449383712461e-02
8.660696961889344236e-02
8.658932314471176617e-02
8.657170598972276088e-02
8.655411861400019724e-02
8.653656101195807138e-02
8.651903271383522276e-02
8.650153279591053790e-02
8.648405989922733350e-02
8.646661225644632076e-02
8.644918772629489601e-02
8.643178383493915762e-02
8.641439782347687393e-02
8.639702670063738321e-02
8.637966729967928858e-02
8.636231633840099620e-02
8.634497048112457773e-02
8.632762640147970123e-02
8.631028084480336926e-02
8.629293068898262475e-02
8.627557300259992845e-02
8.625820509929674196e-02
8.624082458734395884e-02
8.622342941350294443e-02
8.620601790037081547e-02
8.618858877652883776e-02
8.617114119895057101e-02
8.615367476727454898e-02
8.613618952969966103e-02
8.611868598042085599e-02
8.610116504868160769e-02
8.608362807967760710e-02
8.606607680769831625e-02
8.604851332203813929e-02
8.603094002634313620e-02
8.601335959218039950e-02
8.599577490772324084e-02
8.597818902253501205e-02
8.596060508950306711e-02
8.594302630502585749e-02
8.592545584858439500e-02
8.590789682283754558e-02
8.589035219536678145e-02
8.587282474316067227e-02
8.585531700087520313e-02
8.583783121383041503e-02
8.582036929661172875e-02
8.580293279803638540e-02
8.578552287312209146e-02
8.576814026256208978e-02
8.575078528006696565e-02
8.573345780778467151e-02
8.571615729985755661e-02
8.569888279402129716e-02
8.568163293100050648e-02
8.566440598130876938e-02
8.564719987892405184e-02
8.563001226118158171e-02
8.561284051411276186e-02
8.559568182235761935e-02
8.557853322269642904e-02
8.556139166018017495e-02
8.554425404579489578e-02
8.552711731456945354e-02
8.550997848303139304e-02
8.549283470493242165e-02
8.547568332420014958e-02
8.545852192412974058e-02
8.544134837190220377e-02
8.542416085760805300e-02
8.540695792706068379e-02
8.538973850780340324e-02
8.537250192784447134e-02
8.535524792679236028e-02
8.533797665920818398e-02
8.532068869013918755e-02
8.530338498294418037e-02
8.528606687966708289e-02
8.526873607435343783e-02
8.525139457983689495e-02
8.523404468864272110e-02
8.521668892876538282e-02
8.519933001516956372e-02
8.518197079794233295e-02
8.516461420808396632e-02
8.514726320196558396e-02
8.512992070550363943e-02
8.511258955910266932e-02
8.509527246439965720e-02
8.507797193380621514e-02
8.506069024378784538e-02
8.504342939274694979e-02
8.502619106428564721e-02
8.500897659652106864e-02
8.499178695800936600e-02
8.497462273070835459e-02
8.495748410027459396e-02
8.494037085385189312e-02
8.492328238536651919e-02
8.490621770820300229e-02
8.488917547499623406e-02
8.487215400414213629e-02
8.485515131250452592e-02
8.483816515368092226e-02
8.482119306108733270e-02
8.480423239503472044e-02
8.478728039289649965e-02
8.477033422141293240e-02
8.475339103013974917e-02
8.473644800503178642e-02
8.471950242115257323e-02
8.470255169352092217e-02
8.468559342514470067e-02
8.466862545134734575e-02
8.465164587956655606e-02
8.463465312389210904e-02
8.461764593371129406e-02
8.460062341594457025e-02
8.458358505047498810e-02
8.456653069850558757e-02
8.454946060371283656e-02
8.453237538619975955e-02
8.451527602938836703e-02
8.449816386012314051e-02
8.448104052238412931e-02
8.446390794512741163e-02
8.444676830487878039e-02
8.442962398380327027e-02
8.441247752405613147e-02
8.439533157928706675e-02
8.437818886422081277e-02
8.436105210326969028e-02
8.434392397914865225e-02
8.432680708245920975e-02
8.430970386318857590e-02
8.429261658502866517e-02
8.427554728336504597e-02
8.425849772771318302e-02
8.424146938929261141e-02
8.422446341433077743e-02
8.420748060357843845e-02
8.419052139839945659e-02
8.417358587367324008e-02
8.415667373761859249e-02
8.413978433851751482e-02
8.412291667818741492e-02
8.410606943192361351e-02
8.408924097451406232e-02
8.407242941181380935e-02
8.405563261726609059e-02
8.403884827266379365e-02
8.402207391236965472e-02
8.400530697015023973e-02
8.398854482773285279e-02
8.397178486416563559e-02
8.395502450504881142e-02
8.393826127071160603e-02
8.392149282243137332e-02
8.390471700583333747e-02
8.388793189066351408e-02
8.387113580620048081e-02
8.385432737165497696e-02
8.383750552100374676e-02
8.382066952181098374e-02
8.380381898770454530e-02
8.378695388429581448e-02
8.377007452845586233e-02
8.375318158098539467e-02
8.373627603284099219e-02
8.371935918520047315e-02
8.370243262376467208e-02
8.368549818780077199e-02
8.366855793452880607e-02
8.365161409953854321e-02
8.363466905399626061e-02
8.361772525945852796e-02
8.360078522115176047e-02
8.358385144060276328e-02
8.356692636851351108e-02
8.355001235876659271e-02
8.353311162442193794e-02
8.351622619652616930e-02
8.349935788649881507e-02
8.348250825278992482e-02
8.346567857242115362e-02
8.344886981792713765e-02
8.343208264011156561e-02
8.341531735692057914e-02
8.339857394862036644e-02
8.338185205934615929e-02
8.336515100497006447e-02
8.334846978711601961e-02
8.333180711303543597e-02
8.331516142094771982e-02
8.329853091034858381e-02
8.328191357669711969e-02
8.326530724981316689e-02
8.324870963524796941e-02
8.323211835783916879e-02
8.321553100662196223e-02
8.319894518024671670e-02
8.318235853204622443e-02
8.316576881390601306e-02
8.314917391811674219e-02
8.313257191642867139e-02
8.311596109558368195e-02
8.309933998866975147e-02
8.308270740172325752e-02
8.306606243509645493e-02
8.304940449920786283e-02
8.303273332439992105e-02
8.301604896474100437e-02
8.299935179572258404e-02
8.298264250591814994e-02
8.296592208278326386e-02
8.294919179288634536e-02
8.293245315696262665e-02
8.291570792028082892e-02
8.289895801889722582e-02
8.288220554244787874e-02
8.286545269419225146e-02
8.284870174907017770e-02
8.283195501056929422e-02
8.281521476721842578e-02
8.279848324952759908e-02
8.278176258818287225e-02
8.276505477427784085e-02
8.274836162232243608e-02
8.273168473671461964e-02
8.271502548229255070e-02
8.269838495950583568e-02
8.268176398465569565e-02
8.266516307555632492e-02
8.264858244286668598e-02
8.263202198723448855e-02
8.261548130228357767e-02
8.259895968336669614e-02
8.258245614189656247e-02
8.256596942496446934e-02
8.254949803985736634e-02
8.253304028299290884e-02
8.251659427271150482e-02
8.250015798529361510e-02
8.248372929351195648e-02
8.246730600698404245e-02
8.245088591355817509e-02
8.243446682095109668e-02
8.241804659785212372e-02
8.240162321372275500e-02
8.238519477654789036e-02
8.236875956783626385e-02
8.235231607422170697e-02
8.233586301508441507e-02
8.231939936568696825e-02
8.230292437540773220e-02
8.228643758074719039e-02
8.226993881288240107e-02
8.225342819964893970e-02
8.223690616193392311e-02
8.222037340457014065e-02
8.220383090192348585e-02
8.218727987846534411e-02
8.217072178471525323e-02
8.215415826902378038e-02
8.213759114574335773e-02
8.212102236039912906e-02
8.210445395252753686e-02
8.208788801689043124e-02
8.207132666380076436e-02
8.205477197931010380e-02
8.203822598600735150e-02
8.202169060516385779e-02
8.200516762093219836e-02
8.198865864726392894e-02
8.197216509815843932e-02
8.195568816178960825e-02
8.193922877898185408e-02
8.192278762642395129e-02
8.190636510491748623e-02
8.188996133286190193e-02
8.187357614507793924e-02
8.185720909697087599e-02
8.184085947393429650e-02
8.182452630579718778e-02
8.180820838602233247e-02
8.179190429527681550e-02
8.177561242891337456e-02
8.175933102783077000e-02
8.174305821211888534e-02
8.172679201684471262e-02
8.171053042929765642e-02
8.169427142698734712e-02
8.167801301567648165e-02
8.166175326673247303e-02
8.164549035309816294e-02
8.162922258321030078e-02
8.161294843223523832e-02
8.159666657004525925e-02
8.158037588542177421e-02
8.156407550604467815e-02
8.154776481390885179e-02
8.153144345589545539e-02
8.151511134931835323e-02
8.149876868236123617e-02
8.148241590941741885e-02
8.146605374144016976e-02
8.144968313150466321e-02
8.143330525587266777e-02
8.141692149093361641e-02
8.140053338647229575e-02
8.138414263578111485e-02
8.136775104319127205e-02
8.135136048964433653e-02
8.133497289695958143e-02
8.131859019147472112e-02
8.130221426774655868e-02
8.128584695299420626e-02
8.126948997295103949e-02
8.125314491976201592e-02
8.123681322252267190e-02
8.122049612100286364e-02
8.120419464303765822e-02
8.118790958599547691e-02
8.117164150265616940e-02
8.115539069174725062e-02
8.113915719329720111e-02
8.112294078887444249e-02
8.110674100668775754e-02
8.109055713143270561e-02
8.107438821867957168e-02
8.105823311351441351e-02
8.104209047306477898e-02
8.102595879247122268e-02
8.100983643380185728e-02
8.099372165735403695e-02
8.097761265474495707e-02
8.096150758316102147e-02
8.094540460011727390e-02
8.092930189807052976e-02
8.091319773823583972e-02
8.089709048297315241e-02
8.088097862614056222e-02
8.086486082085152238e-02
8.084873590412386402e-02
8.083260291796974528e-02
8.081646112654423952e-02
8.080031002904540516e-02
8.078414936814082292e-02
8.076797913377993521e-02
8.075179956233910494e-02
8.073561113113464360e-02
8.071941454842562758e-02
8.070321073911305987e-02
8.068700082642159266e-02
8.067078610992529930e-02
8.065456804034530636e-02
8.063834819160678458e-02
8.062212823069228596e-02
8.060590988586727179e-02
8.058969491388251472e-02
8.057348506677454447e-02
8.055728205889037263e-02
8.054108753475598681e-02
8.052490303838960584e-02
8.050872998463129426e-02
8.049256963301994194e-02
8.047642306469876550e-02
8.046029116277139681e-02
8.044417459646396873e-02
8.042807380937566641e-02
8.041198901202192828e-02
8.039592017879319819e-02
8.037986704936797566e-02
8.036382913453564425e-02
8.034780572630119411e-02
8.033179591206432435e-02
8.031579859258915211e-02
8.029981250341111654e-02
8.028383623926406421e-02
8.026786828105547666e-02
8.025190702487190741e-02
8.023595081246069627e-02
8.021999796260792515e-02
8.020404680281928433e-02
8.018809570070589698e-02
8.017214309448633669e-02
8.015618752203425290e-02
8.014022764793157783e-02
8.012426228802596584e-02
8.010829043104152059e-02
8.009231125684782016e-02
8.007632415105780943e-02
8.006032871569472575e-02
8.004432477574426053e-02
8.002831238148515325e-02
8.001229180657230822e-02
7.999626354192587718e-02
7.998022828555902131e-02
7.996418692855235266e-02
7.994814053745491478e-02
7.993209033345806402e-02
7.991603766874690040e-02
7.989998400048661797e-02
7.988393086294234835e-02
7.986787983826529325e-02
7.985183252650014663e-02
7.983579051538124138e-02
7.981975535048677073e-02
7.980372850631067827e-02
7.978771135879303422e-02
7.977170515981946153e-02
7.975571101416081832e-02
7.973972985927725576e-02
7.972376244835409353e-02
7.970780933687555969e-02
7.969187087297374683e-02
7.967594719171879059e-02
7.966003821344103120e-02
7.964414364609963271e-02
7.962826299163648647e-02
7.961239555617853625e-02
7.959654046388098259e-02
7.958069667413518455e-02
7.956486300180344584e-02
7.954903814008736085e-02
7.953322068558839331e-02
7.951740916507973878e-02
7.950160206347886560e-02
7.948579785248935381e-02
7.946999501937020149e-02
7.945419209529099025e-02
7.943838768274127937e-02
7.942258048148238825e-02
7.940676931255957749e-02
7.939095313993117797e-02
7.937513108931788797e-02
7.935930246392927656e-02
7.934346675678491390e-02
7.932762365941299632e-02
7.931177306677798799e-02
7.929591507836040998e-02
7.928004999538561248e-02
7.926417831426896266e-02
7.924830071641772444e-02
7.923241805459654841e-02
7.921653133612797937e-02
7.920064170325716302e-02
7.918475041106268209e-02
7.916885880333913994e-02
7.915296828691413544e-02
7.913708030488932066e-02
7.912119630931366276e-02
7.910531773380524712e-02
7.908944596663718130e-02
7.907358232479151650e-02
7.905772802946567368e-02
7.904188418348533085e-02
7.902605175104125690e-02
7.901023154012044858e-02
7.899442418795132870e-02
7.897863014972336670e-02
7.896284969077951854e-02
7.894708288241326921e-02
7.893132960133410203e-02
7.891558953279528832e-02
7.889986217730969587e-02
7.888414686081193783e-02
7.886844274806041610e-02
7.885274885901336073e-02
7.883706408785835784e-02
7.882138722432521782e-02
7.880571697687198396e-02
7.879005199729949283e-02
7.877439090632543106e-02
7.875873231963244347e-02
7.874307487389844984e-02
7.872741725231938159e-02
7.871175820914652621e-02
7.869609659278099800e-02
7.868043136699728879e-02
7.866476162990475307e-02
7.864908663029977764e-02
7.863340578111308043e-02
7.861771866971092870e-02
7.860202506487073970e-02
7.858632492031412953e-02
7.857061837474585420e-02
7.855490574841308971e-02
7.853918753626523697e-02
7.852346439785708176e-02
7.850773714420034022e-02
7.849200672182334027e-02
7.847627419435147800e-02
7.846054072196553819e-02
7.844480753913379845e-02
7.842907593104378461e-02
7.841334720918349821e-02
7.839762268653469035e-02
7.838190365284654348e-02
7.836619135045481965e-02
7.835048695109878003e-02
7.833479153416765539e-02
7.831910606677962294e-02
7.830343138605994069e-02
7.828776818394232728e-02
7.827211699476760431e-02
7.825647818590168725e-02
7.824085195153528127e-02
7.822523830976824133e-02
7.820963710301916116e-02
7.819404800173757053e-02
7.817847051133454406e-02
7.816290398218703195e-02
7.814734762251439315e-02
7.813180051387201563e-02
7.811626162895907166e-02
7.810072985139533686e-02
7.808520399708612780e-02
7.806968283676664344e-02
7.805416511929631762e-02
7.803864959526152223e-02
7.802313504044162962e-02
7.800762027869725945e-02
7.799210420385269127e-02
7.797658580016562924e-02
7.796106416100512249e-02
7.794553850539451267e-02
7.793000819211737262e-02
7.791447273113236149e-02
7.789893179209364527e-02
7.788338520983008328e-02
7.786783298669303077e-02
7.785227529174310046e-02
7.783671245680459649e-02
7.782114496947650784e-02
7.780557346324450119e-02
7.778999870489315682e-02
7.777442157946713730e-02
7.775884307307515120e-02
7.774326425386995920e-02
7.772768625156999123e-02
7.771211023591485800e-02
7.769653739446417962e-02
7.768096891016074146e-02
7.766540593908109746e-02
7.764984958879080079e-02
7.763430089770946563e-02
7.761876081586875642e-02
7.760323018741906165e-02
7.758770973520653924e-02
7.757220004770055966e-02
7.755670156850788532e-02
7.754121458865829986e-02
7.752573924179489984e-02
7.751027550234639019e-02
7.749482318670210257e-02
7.747938195735454281e-02
7.746395132991763799e-02
7.744853068287622933e-02
7.743311926987091198e-02
7.741771623427555482e-02
7.740232062578300543e-02
7.738693141867825087e-02
7.737154753144723229e-02
7.735616784734662688e-02
7.734079123554338242e-02
7.732541657242361643e-02
7.731004276266954800e-02
7.729466875970845974e-02
7.727929358515284175e-02
7.726391634686957666e-02
7.724853625534505719e-02
7.723315263804621245e-02
7.721776495151586039e-02
7.720237279098580985e-02
7.718697589733758413e-02
7.717157416129218073e-02
7.715616762476273927e-02
7.714075647935722535e-02
7.712534106207252771e-02
7.710992184827374085e-02
7.709449944210293448e-02
7.707907456450963091e-02
7.706364803913887118e-02
7.704822077635233024e-02
7.703279375569126175e-02
7.701736800711848907e-02
7.700194459139772518e-02
7.698652457998340914e-02
7.697110903480132438e-02
7.695569898830106892e-02
7.694029542415418976e-02
7.692489925895823477e-02
7.690951132528618672e-02
7.689413235639391830e-02
7.687876297286580507e-02
7.686340367144078867e-02
7.684805481621911905e-02
7.683271663240405502e-02
7.681738920268496584e-02
7.680207246631721996e-02
7.678676622090431503e-02
7.677147012683588345e-02
7.675618371428617748e-02
7.674090639262926006e-02
7.672563746208309332e-02
7.671037612735286115e-02
7.669512151300783565e-02
7.667987268029466397e-02
7.666462864506386199e-02
7.664938839646755209e-02
7.663415091607289620e-02
7.661891519703004083e-02
7.660368026293334909e-02
7.658844518602309082e-02
7.657320910438797368e-02
7.655797123784932601e-02
7.654273090223497056e-02
7.652748752178091529e-02
7.651224063943684595e-02
7.649698992489110949e-02
7.648173518017482853e-02
7.646647634275091643e-02
7.645121348604165534e-02
7.643594681739676600e-02
7.642067667355215144e-02
7.640540351367625105e-02
7.639012791014629378e-02
7.637485053723813699e-02
7.635957215795260988e-02
7.634429360923435104e-02
7.632901578586902269e-02
7.631373962336798766e-02
7.629846608016653542e-02
7.628319611947458057e-02
7.626793069112208778e-02
7.625267071374113026e-02
7.623741705761810650e-02
7.622217052853527686e-02
7.620693185290140781e-02
7.619170166444458325e-02
7.617648049271069643e-02
7.616126875357515091e-02
7.614606674193706570e-02
7.613087462672278594e-02
7.611569244828242375e-02
7.610052011821652473e-02
7.608535742162528259e-02
7.607020402172606777e-02
7.605505946674194495e-02
7.603992319892007024e-02
7.602479456550131909e-02
7.600967283142469333e-02
7.599455719352002370e-02
7.597944679591470130e-02
7.596434074635888267e-02
7.594923813315823669e-02
7.593413804239199094e-02
7.591903957509207879e-02
7.590394186405963195e-02
7.588884409000475062e-02
7.587374549670891644e-02
7.585864540492952279e-02
7.584354322479086585e-02
7.582843846643604058e-02
7.581333074874700706e-02
7.579821980597864495e-02
7.578310549219137437e-02
7.576798778340958218e-02
7.575286677747632147e-02
7.573774269161723249e-02
7.572261585777143034e-02
7.570748671578658717e-02
7.569235580461747270e-02
7.567722375170216065e-02
7.566209126072485913e-02
7.564695909800300822e-02
7.563182807776133720e-02
7.561669904657515595e-02
7.560157286727928194e-02
7.558645040264808102e-02
7.557133249915444495e-02
7.555621997111290622e-02
7.554111358550344435e-02
7.552601404775774463e-02
7.551092198877108752e-02
7.549583795337835856e-02
7.548076239050327541e-02
7.546569564515907824e-02
7.545063795244126570e-02
7.543558943361670932e-02
7.542055009437213797e-02
7.540551982524458519e-02
7.539049840421563342e-02
7.537548550140982240e-02
7.536048068579903614e-02
7.534548343377706070e-02
7.533049313943408765e-02
7.531550912632949124e-02
7.530053066053472854e-02
7.528555696469446668e-02
7.527058723283687469e-02
7.525562064565068099e-02
7.524065638593965821e-02
7.522569365396263030e-02
7.521073168237164819e-02
7.519576975046844691e-02
7.518080719751522867e-02
7.516584343485331610e-02
7.515087795660772840e-02
7.513591034878336350e-02
7.512094029658918093e-02
7.510596758986122501e-02
7.509099212649193722e-02
7.507601391381076017e-02
7.506103306789975449e-02
7.504604981086759885e-02
7.503106446614270231e-02
7.501607745188376697e-02
7.500108927264081959e-02
7.498610050943212146e-02
7.497111180843112066e-02
7.495612386848324316e-02
7.494113742769256681e-02
7.492615324933574183e-02
7.491117210737086030e-02
7.489619477181620744e-02
7.488122199427407755e-02
7.486625449387172837e-02
7.485129294388148669e-02
7.483633795926844523e-02
7.482139008539560876e-02
7.480644978809287970e-02
7.479151744527065548e-02
7.477659334022730697e-02
7.476167765676915156e-02
7.474677047622504955e-02
7.473187177640298884e-02
7.471698143249846935e-02
7.470209921992822244e-02
7.468722481902669019e-02
7.467235782150727363e-02
7.465749773855881455e-02
7.464264401041664776e-02
7.462779601722101253e-02
7.461295309095233863e-02
7.459811452821374367e-02
7.458327960361574305e-02
7.456844758350925084e-02
7.455361773980596907e-02
7.453878936362641483e-02
7.452396177851965120e-02
7.450913435300797472e-02
7.449430651222407884e-02
7.447947774842636481e-02
7.446464763019999822e-02
7.444981581017735828e-02
7.443498203113974032e-02
7.442014613039366067e-02
7.440530804234794793e-02
7.439046779925216624e-02
7.437562553009131883e-02
7.436078145766696068e-02
7.434593589392840540e-02
7.433108923365074061e-02
7.431624194658641158e-02
7.430139456824588762e-02
7.428654768948728115e-02
7.427170194511684143e-02
7.425685800171956397e-02
7.424201654495252156e-02
7.422717826654273710e-02
7.421234385123548494e-02
7.419751396393862997e-02
7.418268923730421405e-02
7.416787025997810534e-02
7.415305756573589702e-02
7.413825162370475674e-02
7.412345282984950101e-02
7.410866149987734020e-02
7.409387786368672180e-02
7.407910206145822130e-02
7.406433414145147109e-02
7.404957405954211425e-02
7.403482168049833889e-02
7.402007678096406140e-02
7.400533905408489266e-02
7.399060811568079765e-02
7.397588351184219979e-02
7.396116472779938611e-02
7.394645119789193533e-02
7.393174231644536465e-02
7.391703744934563503e-02
7.390233594609052492e-02
7.388763715208893079e-02
7.387294042097498903e-02
7.385824512670621789e-02
7.384355067521838900e-02
7.382885651542075989e-02
7.381416214932763620e-02
7.379946714114088424e-02
7.378477112511680480e-02
7.377007381207643932e-02
7.375537499444315137e-02
7.374067454972040025e-02
7.372597244235203073e-02
7.371126872393837792e-02
7.369656353181219810e-02
7.368185708600975825e-02
7.366714968470196301e-02
7.365244169817905528e-02
7.363773356150993266e-02
7.362302576602001991e-02
7.360831884975452266e-02
7.359361338711145617e-02
7.357890997784331810e-02
7.356420923563787573e-02
7.354951177649460270e-02
7.353481820711668671e-02
7.352012911353653091e-02
7.350544505018774544e-02
7.349076652962686917e-02
7.347609401309458665e-02
7.346142790209000961e-02
7.344676853111105352e-02
7.343211616169179057e-02
7.341747097784208365e-02
7.340283308296829956e-02
7.338820249832542220e-02
7.337357916302174321e-02
7.335896293556856684e-02
7.334435359693726453e-02
7.332975085505928636e-02
7.331515435067624542e-02
7.330056366442412596e-02
7.328597832501122789e-02
7.327139781833111321e-02
7.325682159733405696e-02
7.324224909246739024e-02
7.322767972248600543e-02
7.321311290542711903e-02
7.319854806954258220e-02
7.318398466398313984e-02
7.316942216903503382e-02
7.315486010571861653e-02
7.314029804457193584e-02
7.312573561345811490e-02
7.311117250425464009e-02
7.309660847830480590e-02
7.308204337053475497e-02
7.306747709216573905e-02
7.305290963197795528e-02
7.303834105610930438e-02
7.302377150640043668e-02
7.300920119732523528e-02
7.299463041157071286e-02
7.298005949435745765e-02
7.296548884661323287e-02
7.295091891713430254e-02
7.293635019388688967e-02
7.292178319461727065e-02
7.290721845695008474e-02
7.289265652816394325e-02
7.287809795483847497e-02
7.286354327256798491e-02
7.284899299593459998e-02
7.283444760892876513e-02
7.281990755599423992e-02
7.280537323386321313e-02
7.279084498433081862e-02
7.277632308810008666e-02
7.276180775980767290e-02
7.274729914431761479e-02
7.273279731434625917e-02
7.271830226945634468e-02
7.270381393643168821e-02
7.268933217101865296e-02
7.267485676099423586e-02
7.266038743049639537e-02
7.264592384552846782e-02
7.263146562052817667e-02
7.261701232587217114e-02
7.260256349616991955e-02
7.258811863918698815e-02
7.257367724522685581e-02
7.255923879679181121e-02
7.254480277834067514e-02
7.253036868595841291e-02
7.251593603675692001e-02
7.250150437783148272e-02
7.248707329460631066e-02
7.247264241841629151e-02
7.245821143318528779e-02
7.244378008108114109e-02
7.242934816704561796e-02
7.241491556212044378e-02
7.240048220551290048e-02
7.238604810536902745e-02
7.237161333824625176e-02
7.235717804730279479e-02
7.234274243924375403e-02
7.232830678008872471e-02
7.231387138984619878e-02
7.229943663620058691e-02
7.228500292733619492e-02
7.227057070403718197e-02
7.225614043121617036e-02
7.224171258903364090e-02
7.222728766377733978e-02
7.221286613867461401e-02
7.219844848481041244e-02
7.218403515232177381e-02
7.216962656203229631e-02
7.215522309768210296e-02
7.214082509889606365e-02
7.212643285501851853e-02
7.211204659992613564e-02
7.209766650791106513e-02
7.208329269070616607e-02
7.206892519570250177e-02
7.205456400538581829e-02
7.204020903799661368e-02
7.202586014939475756e-02
7.201151713608716642e-02
7.199717973935544635e-02
7.198284765040006972e-02
7.196852051639916759e-02
7.195419794736276908e-02
7.193987952364969130e-02
7.192556480400207064e-02
7.191125333394365882e-02
7.189694465438220550e-02
7.188263831025287764e-02
7.186833385903998450e-02
7.185403087901755248e-02
7.183972897705512284e-02
7.182542779584430437e-02
7.181112702041339557e-02
7.179682638381125470e-02
7.178252567185780531e-02
7.176822472687738319e-02
7.175392345034922736e-02
7.173962180443196890e-02
7.172531981233890019e-02
7.171101755756310869e-02
7.169671518197366644e-02
7.168241288282393986e-02
7.166811090873494161e-02
7.165380955473393820e-02
7.163950915644724804e-02
7.162521008356077801e-02
7.161091273267496116e-02
7.159661751969208232e-02
7.158232487188134763e-02
7.156803521977288252e-02
7.155374898903377190e-02
7.153946659247911732e-02
7.152518842236782470e-02
7.151091484312595281e-02
7.149664618463263954e-02
7.148238273619186844e-02
7.146812474129914106e-02
7.145387239329804852e-02
7.143962583200286209e-02
7.142538514134601224e-02
7.141115034808885598e-02
7.139692142161446764e-02
7.138269827480017704e-02
7.136848076594826118e-02
7.135426870173197655e-02
7.134006184109661919e-02
7.132585990003713350e-02
7.131166255715724878e-02
7.129746945990174389e-02
7.128328023134093694e-02
7.126909447737683756e-02
7.125491179423308619e-02
7.124073177608643281e-02
7.122655402269532920e-02
7.121237814688242962e-02
7.119820378173070952e-02
7.118403058735998934e-02
7.116985825715810288e-02
7.115568652335289845e-02
7.114151516182364021e-02
7.112734399606585045e-02
7.111317290023891347e-02
7.109900180124492652e-02
7.108483067980436720e-02
7.107065957051410254e-02
7.105648856089204213e-02
7.104231778943195796e-02
7.102814744271061798e-02
7.101397775160631087e-02
7.099980898670524287e-02
7.098564145298623396e-02
7.097147548388786642e-02
7.095731143487271630e-02
7.094314967661283222e-02
7.092899058792612177e-02
7.091483454859844049e-02
7.090068193222648363e-02
7.088653309921631729e-02
7.087238839006800017e-02
7.085824811907134868e-02
7.084411256852894689e-02
7.082998198361219189e-02
7.081585656794370243e-02
7.080173647998491693e-02
7.078762183029287114e-02
7.077351267969267390e-02
7.075940903839482432e-02
7.074531086606920816e-02
7.073121807286908425e-02
7.071713052138019207e-02
7.070304802945370781e-02
7.068897037386459581e-02
7.067489729472242743e-02
7.066082850054694608e-02
7.064676367391010958e-02
7.063270247753462849e-02
7.061864456073226048e-02
7.060458956605888958e-02
7.059053713605988045e-02
7.057648691997850388e-02
7.056243858030142313e-02
7.054839179901917223e-02
7.053434628348542734e-02
7.052030177176679682e-02
7.050625803738605479e-02
7.049221489337219315e-02
7.047817219554557144e-02
7.046412984498015564e-02
7.045008778960153151e-02
7.043604602489497712e-02
7.042200459371558696e-02
7.040796358520876042e-02
7.039392313286640945e-02
7.037988341175999141e-02
7.036584463500740461e-02
7.035180704954388520e-02
7.033777093128071312e-02
7.032373657974587411e-02
7.030970431231065021e-02
7.029567445811246706e-02
7.028164735179076583e-02
7.026762332715372206e-02
7.025360271089621522e-02
7.023958581648626076e-02
7.022557293833429914e-02
7.021156434635307531e-02
7.019756028100862522e-02
7.018356094895224218e-02
7.016956651931278988e-02
7.015557712071493479e-02
7.014159283907576981e-02
7.012761371621643869e-02
7.011363974931085485e-02
7.009967089117664918e-02
7.008570705139882673e-02
7.007174809825938988e-02
7.005779386143337617e-02
7.004384413539528620e-02
7.002989868346838620e-02
7.001595724243692143e-02
7.000201952763179802e-02
6.998808523839071538e-02
6.997415406378863778e-02
6.996022568852919288e-02
6.994629979888501714e-02
6.993237608857527654e-02
6.991845426447054757e-02
6.990453405201800530e-02
6.989061520028706787e-02
6.987669748654271040e-02
6.986278072026268215e-02
6.984886474652679533e-02
6.983494944871763976e-02
6.982103475048603847e-02
6.980712061694839543e-02
6.979320705509751976e-02
6.977929411342423394e-02
6.976538188076038260e-02
6.975147048437048414e-02
6.973756008733103529e-02
6.972365088525185606e-02
6.970974310240381222e-02
6.969583698732981225e-02
6.968193280802426059e-02
6.966803084677400393e-02
6.965413139475964965e-02
6.964023474652041024e-02
6.962634119438684821e-02
6.961245102298703469e-02
6.959856450392813698e-02
6.958468189075341093e-02
6.957080341426710723e-02
6.955692927831338968e-02
6.954305965608618967e-02
6.952919468703622208e-02
6.951533447442971581e-02
6.950147908360172766e-02
6.948762854093204488e-02
6.947378283355970519e-02
6.945994190983653671e-02
6.944610568050763044e-02
6.943227402059196085e-02
6.941844677192407498e-02
6.940462374630508580e-02
6.939080472920064468e-02
6.937698948391253506e-02
6.936317775614370129e-02
6.934936927886767299e-02
6.933556377740994481e-02
6.932176097464384790e-02
6.930796059620304705e-02
6.929416237561236702e-02
6.928036605924092761e-02
6.926657141098553627e-02
6.925277821659787947e-02
6.923898628757586826e-02
6.922519546454895811e-02
6.921140562009626962e-02
6.919761666094796648e-02
6.918382852953199047e-02
6.917004120484078478e-02
6.915625470260562679e-02
6.914246907477937520e-02
6.912868440834102346e-02
6.911490082344884378e-02
6.910111847098009130e-02
6.908733752950761697e-02
6.907355820177286942e-02
6.905978071072506330e-02
6.904600529520291130e-02
6.903223220534283888e-02
6.901846169780080642e-02
6.900469403087933218e-02
6.899092945965161483e-02
6.897716823117427953e-02
6.896341057987849521e-02
6.894965672322507511e-02
6.893590685770367710e-02
6.892216115524914255e-02
6.890841976014043524e-02
6.889468278643719190e-02
6.888095031599920925e-02
6.886722239712299298e-02
6.885349904381671271e-02
6.883978023572451255e-02
6.882606591869676327e-02
6.881235600599280855e-02
6.879865038008921296e-02
6.878494889505623600e-02
6.877125137945477862e-02
6.875755763969590428e-02
6.874386746379752833e-02
6.873018062546487617e-02
6.871649688841666159e-02
6.870281601087363521e-02
6.868913775012454315e-02
6.867546186708332889e-02
6.866178813075125842e-02
6.864811632250153450e-02
6.863444624010621442e-02
6.862077770143139299e-02
6.860711054773320494e-02
6.859344464649501372e-02
6.857977989375482752e-02
6.856611621588253047e-02
6.855245357077643931e-02
6.853879194846017320e-02
6.852513137107218988e-02
6.851147189225148537e-02
6.849781359593491714e-02
6.848415659459167193e-02
6.847050102693190421e-02
6.845684705513534196e-02
6.844319486165476030e-02
6.842954464565730033e-02
6.841589661917196752e-02
6.840225100301842998e-02
6.838860802259366656e-02
6.837496790359791354e-02
6.836133086777951284e-02
6.834769712877913905e-02
6.833406688815073238e-02
6.832044033163305052e-02
6.830681762574042359e-02
6.829319891473474569e-02
6.827958431803378414e-02
6.826597392810161702e-02
6.825236780885830801e-02
6.823876599463533921e-02
6.822516848969363557e-02
6.821157526830956552e-02
6.819798627542428271e-02
6.818440142784061575e-02
6.817082061594197107e-02
6.815724370589770764e-02
6.814367054231076914e-02
6.813010095125522636e-02
6.811653474364416649e-02
6.810297171886270373e-02
6.808941166859643068e-02
6.807585438078188333e-02
6.806229964360431539e-02
6.804874724946692599e-02
6.803519699885773875e-02
6.802164870404142638e-02
6.800810219250781608e-02
6.799455731011404269e-02
6.798101392386268760e-02
6.796747192426594308e-02
6.795393122725400248e-02
6.794039177559400844e-02
6.792685353979650842e-02
6.791331651849449869e-02
6.789978073829207317e-02
6.788624625308772864e-02
6.787271314288882695e-02
6.785918151214209715e-02
6.784565148761483033e-02
6.783212321586895577e-02
6.781859686037783330e-02
6.780507259834264722e-02
6.779155061726933884e-02
6.777803111137230274e-02
6.776451427787344439e-02
6.775100031326652950e-02
6.773748940961779597e-02
6.772398175097141260e-02
6.771047750992754966e-02
6.769697684445573349e-02
6.768347989500245188e-02
6.766998678194516281e-02
6.765649760343891983e-02
6.764301243369380545e-02
6.762953132171234394e-02
6.761605429050870919e-02
6.760258133682099657e-02
6.758911243131912605e-02
6.757564751930172919e-02
6.756218652186558871e-02
6.754872933752321951e-02
6.753527584423524299e-02
6.752182590181703137e-02
6.750837935467184081e-02
6.749493603479754522e-02
6.748149576500837854e-02
6.746805836231006825e-02
6.745462364136388389e-02
6.744119141797405570e-02
6.742776151253258854e-02
6.741433375335742495e-02
6.740090797986121596e-02
6.738748404549289861e-02
6.737406182039729075e-02
6.736064119374522707e-02
6.734722207569172892e-02
6.733380439892813762e-02
6.732038811980106674e-02
6.730697321898015950e-02
6.729355970166435441e-02
6.728014759732606209e-02
6.726673695900022010e-02
6.725332786213518432e-02
6.723992040302875783e-02
6.722651469688212256e-02
6.721311087550979613e-02
6.719970908475147997e-02
6.718630948163567540e-02
6.717291223135014866e-02
6.715951750407740672e-02
6.714612547175542734e-02
6.713273630482483045e-02
6.711935016902424722e-02
6.710596722229293654e-02
6.709258761183939379e-02
6.707921147142899276e-02
6.706583891894098148e-02
6.705247005423883855e-02
6.703910495739233422e-02
6.702574368728234089e-02
6.701238628061245706e-02
6.699903275134354297e-02
6.698568309055930037e-02
6.697233726676248000e-02
6.695899522659408409e-02
6.694565689595881330e-02
6.693232218153387370e-02
6.691899097262961338e-02
6.690566314336558740e-02
6.689233855511886317e-02
6.687901705919696571e-02
6.686569849968361512e-02
6.685238271640329966e-02
6.683906954794749389e-02
6.682575883470577571e-02
6.681245042184455474e-02
6.679914416217792861e-02
6.678583991887714066e-02
6.677253756796885931e-02
6.675923700057653787e-02
6.674593812486430411e-02
6.673264086764855996e-02
6.671934517564917511e-02
6.670605101635887491e-02
6.669275837851686151e-02
6.667946727217996528e-02
6.666617772839304734e-02
6.665288979846634154e-02
6.663960355287680548e-02
6.662631907981558799e-02
6.661303648341164452e-02
6.659975588166633376e-02
6.658647740414054550e-02
6.657320118943786669e-02
6.655992738253420360e-02
6.654665613200320962e-02
6.653338758719162804e-02
6.652012189539729947e-02
6.650685919910313826e-02
6.649359963331850920e-02
6.648034332307761751e-02
6.646709038114068102e-02
6.645384090594008697e-02
6.644059497980854545e-02
6.642735266752058942e-02
6.641411401517345603e-02
6.640087904942575114e-02
6.638764777710617904e-02
6.637442018519763842e-02
6.636119624119420080e-02
6.634797589382251948e-02
6.633475907411129358e-02
6.632154569678701261e-02
6.630833566196731033e-02
6.629512885711867642e-02
6.628192515923964079e-02
6.626872443722742201e-02
6.625552655438195215e-02
6.624233137099991287e-02
6.622913874700890602e-02
6.621594854459232626e-02
6.620276063075555828e-02
6.618957487978564813e-02
6.617639117555867978e-02
6.616320941365287644e-02
6.615002950322823594e-02
6.613685136863964309e-02
6.612367495075380242e-02
6.611050020794817517e-02
6.609732711677410166e-02
6.608415567227444998e-02
6.607098588795158600e-02
6.605781779538860699e-02
6.604465144353309503e-02
6.603148689765883650e-02
6.601832423802721228e-02
6.600516355827525106e-02
6.599200496356219525e-02
6.597884856851113367e-02
6.596569449498558557e-02
6.595254286974386315e-02
6.593939382201602362e-02
6.592624748104959631e-02
6.591310397367027007e-02
6.589996342190332368e-02
6.588682594070020826e-02
6.587369163581234532e-02
6.586056060185109529e-02
6.584743292056932651e-02
6.583430865939540744e-02
6.582118787024565654e-02
6.580807058863591408e-02
6.579495683310675191e-02
6.578184660497143899e-02
6.576873988838957685e-02
6.575563665076225583e-02
6.574253684344015525e-02
6.572944040272854505e-02
6.571634725116905218e-02
6.570325729907201817e-02
6.569017044626895840e-02
6.567708658405124744e-02
6.566400559725697750e-02
6.565092736646599425e-02
6.563785177026114359e-02
6.562477868751295795e-02
6.561170799964441414e-02
6.559863959283340762e-02
6.558557336011218430e-02
6.557250920332442778e-02
6.555944703490461378e-02
6.554638677944689407e-02
6.553332837503569874e-02
6.552027177431411775e-02
6.550721694527224248e-02
6.549416387174167298e-02
6.548111255358940452e-02
6.546806300660895639e-02
6.545501526211293386e-02
6.544196936623640493e-02
6.542892537896598248e-02
6.541588337291487365e-02
6.540284343186829330e-02
6.538980564912796889e-02
6.537677012568858526e-02
6.536373696828072510e-02
6.535070628731888542e-02
6.533767819479296968e-02
6.532465280214361236e-02
6.531163021816142888e-02
6.529861054694922895e-02
6.528559388598548230e-02
6.527258032432446677e-02
6.525956994096623887e-02
6.524656280342611137e-02
6.523355896652875685e-02
6.522055847144889174e-02
6.520756134501437540e-02
6.519456759928360379e-02
6.518157723140299842e-02
6.516859022374596466e-02
6.515560654432836496e-02
6.514262614749141700e-02
6.512964897483711213e-02
6.511667495639728021e-02
6.510370401201255597e-02
6.509073605289408815e-02
6.507777098333757115e-02
6.506480870255618165e-02
6.505184910659754516e-02
6.503889209030760954e-02
6.502593754930494074e-02
6.501298538192755438e-02
6.500003549111639523e-02
6.498708778620006232e-02
6.497414218454815316e-02
6.496119861306291765e-02
6.494825700948203551e-02
6.493531732346952134e-02
6.492237951747546754e-02
6.490944356734970611e-02
6.489650946270017484e-02
6.488357720698974263e-02
6.487064681737263194e-02
6.485771832427410233e-02
6.484479177072360878e-02
6.483186721145524356e-02
6.481894471179416861e-02
6.480602434635072961e-02
6.479310619754899414e-02
6.478019035401749726e-02
6.476727690887380817e-02
6.475436595793587768e-02
6.474145759789416699e-02
6.472855192447894701e-02
6.471564903065776808e-02
6.470274900489625391e-02
6.468985192951473562e-02
6.467695787917125683e-02
6.466406691949803942e-02
6.465117910591666739e-02
6.463829448265273614e-02
6.462541308196724510e-02
6.461253492361801465e-02
6.459966001455950957e-02
6.458678834888506581e-02
6.457391990801163162e-02
6.456105466110120816e-02
6.454819256570996922e-02
6.453533356865159831e-02
6.452247760705652480e-02
6.450962460960656120e-02
6.449677449792037831e-02
6.448392718806247870e-02
6.447108259214706649e-02
6.445824062000558852e-02
6.444540118088637470e-02
6.443256418515437567e-02
6.441972954595848178e-02
6.440689718083617010e-02
6.439406701322487880e-02
6.438123897385275574e-02
6.436841300198344051e-02
6.435558904649223144e-02
6.434276706675452762e-02
6.432994703333126674e-02
6.431712892843959029e-02
6.430431274620139470e-02
6.429149849266650729e-02
6.427868618561151381e-02
6.426587585411945580e-02
6.425306753794982062e-02
6.424026128671203595e-02
6.422745715885910811e-02
6.421465522052158259e-02
6.420185554420512752e-02
6.418905820737640100e-02
6.417626329096520754e-02
6.416347087781129610e-02
6.415068105108530372e-02
6.413789389271402908e-02
6.412510948183923476e-02
6.411232789333885795e-02
6.409954919643831572e-02
6.408677345343678777e-02
6.407400071857223545e-02
6.406123103704543242e-02
6.404846444422006291e-02
6.403570096501309816e-02
6.402294061348554055e-02
6.401018339263979395e-02
6.399742929442618633e-02
6.398467829995739542e-02
6.397193037992489340e-02
6.395918549520866747e-02
6.394644359766739339e-02
6.393370463109272761e-02
6.392096853230927467e-02
6.390823523239792803e-02
6.389550465801940859e-02
6.388277673281188285e-02
6.387005137883641770e-02
6.385732851804246102e-02
6.384460807372566160e-02
6.383188997195093917e-02
6.381917414291404800e-02
6.380646052221650155e-02
6.379374905203050172e-02
6.378103968213259811e-02
6.376833237078785577e-02
6.375562708546830826e-02
6.374292380339387221e-02
6.373022251188631415e-02
6.371752320853114882e-02
6.370482590114548427e-02
6.369213060755385403e-02
6.367943735517725412e-02
6.366674618044491918e-02
6.365405712804023119e-02
6.364137024999690084e-02
6.362868560466272694e-02
6.361600325555170909e-02
6.360332327010659315e-02
6.359064571839587177e-02
6.357797067177003991e-02
6.356529820150262633e-02
6.355262837744185545e-02
6.353996126669793354e-02
6.352729693239048125e-02
6.351463543247955201e-02
6.350197681870101141e-02
6.348932113562640034e-02
6.347666841986331077e-02
6.346401869941109553e-02
6.345137199318245935e-02
6.343872831069906348e-02
6.342608765196569576e-02
6.341345000752417194e-02
6.340081535868455354e-02
6.338818367792854735e-02
6.337555492947605229e-02
6.336292907000318220e-02
6.335030604949723476e-02
6.333768581223178651e-02
6.332506829784255442e-02
6.331245344248333240e-02
6.329984118003949278e-02
6.328723144337609907e-02
6.327462416559695435e-02
6.326201928129045193e-02
6.324941672773956580e-02
6.323681644607266616e-02
6.322421838233474589e-02
6.321162248845886567e-02
6.319902872312041509e-02
6.318643705245903519e-02
6.317384745065533769e-02
6.316125990035270643e-02
6.314867439291704798e-02
6.313609092853120219e-02
6.312350951612259731e-02
6.311093017312739695e-02
6.309835292509612115e-02
6.308577780514952604e-02
6.307320485329573345e-02
6.306063411562275178e-02
6.304806564338190367e-02
6.303549949198050673e-02
6.302293571990333354e-02
6.301037438758332054e-02
6.299781555624332785e-02
6.298525928673097407e-02
6.297270563836819546e-02
6.296015466783744241e-02
6.294760642812484430e-02
6.293506096754000745e-02
6.292251832883030693e-02
6.290997854840588155e-02
6.289744165568864065e-02
6.288490767259732883e-02
6.287237661317687798e-02
6.285984848337822228e-02
6.284732328099199017e-02
6.283480099573569844e-02
6.282228160949222817e-02
6.280976509669398966e-02
6.279725142484432476e-02
6.278474055516583552e-02
6.277223244336206653e-02
6.275972704047808048e-02
6.274722429384253786e-02
6.273472414807323982e-02
6.272222654612684412e-02
6.270973143037281150e-02
