2.312218201374680593e-01
2.304174759052401156e-01
2.294924719073349328e-01
2.284683907894143606e-01
2.273717364376449668e-01
2.262325278510798898e-01
2.250827173203734932e-01
2.239545217389031784e-01
2.228787598696471139e-01
2.218832869789360840e-01
2.209916114981445023e-01
2.202217667707279669e-01
2.195854952542130034e-01
2.190877837847206577e-01
2.187267678578437846e-01
2.184940016111734939e-01
2.183750695992752455e-01
2.183504977501917743e-01
2.183969051567800634e-01
2.184883264497116118e-01
2.185976270261422993e-01
2.186979306833030656e-01
2.187639812426482311e-01
2.187733662679712809e-01
2.187075414346191515e-01
2.185526077289403069e-01
2.182998095137930472e-01
2.179457385527640290e-01
2.174922462762394482e-01
2.169460828666135987e-01
2.163182962073698923e-01
2.156234356974603417e-01
2.148786139697946573e-01
2.141024865992157411e-01
2.133142082085060787e-01
2.125324244020157516e-01
2.117743517861218339e-01
2.110549908683574394e-01
2.103865063662408996e-01
2.097777979067253773e-01
2.092342719427771336e-01
2.087578137145712220e-01
2.083469469416543152e-01
2.079971592540496017e-01
2.077013636304133881e-01
2.074504606353761438e-01
2.072339632009439492e-01
2.070406450834315071e-01
2.068591758042390982e-01
2.066787085773379440e-01
2.064893930636631791e-01
2.062827913266359336e-01
2.060521826098353493e-01
2.057927500289288836e-01
2.055016495031888046e-01
2.051779678381589200e-01
2.048225824753930335e-01
2.044379398015874483e-01
2.040277719083328778e-01
2.035967732629417049e-01
2.031502589301119599e-01
2.026938248943531140e-01
2.022330288608996662e-01
2.017731068931372662e-01
2.013187376410293383e-01
2.008738620008218567e-01
2.004415620860750535e-01
2.000239996242554330e-01
1.996224105253510406e-01
1.992371495571647055e-01
1.988677769131760587e-01
1.985131770281374775e-01
1.981716992889385465e-01
1.978413102640305954e-01
1.975197476568288091e-01
1.972046672716951388e-01
1.968937757415918366e-01
1.965849434719570965e-01
1.962762940742091011e-01
1.959662683718585430e-01
1.956536627553718266e-01
1.953376431519202594e-01
1.950177370995414272e-01
1.946938073329871344e-01
1.943660108853779711e-01
1.940347479921675222e-01
1.937006050767695331e-01
1.933642958399622025e-01
1.930266040173994058e-01
1.926883307664100098e-01
1.923502489513247704e-01
1.920130658700438253e-01
1.916773952521840241e-01
1.913437387018982749e-01
1.910124761880213351e-01
1.906838647223237371e-01
1.903580440251776695e-01
1.900350477595085796e-01
1.897148188131339563e-01
1.893972271146110720e-01
1.890820885618952896e-01
1.887691838068304984e-01
1.884582758508550060e-01
1.881491256476505725e-01
1.878415051576542427e-01
1.875352075407565877e-01
1.872300543936517292e-01
1.869259001272277898e-01
1.866226337307203831e-01
1.863201782801245932e-01
1.860184886186462550e-01
1.857175476693604943e-01
1.854173618392743750e-01
1.851179559455056189e-01
1.848193680448715071e-01
1.845216444845677317e-01
1.842248354202713212e-01
1.839289909747151286e-01
1.836341581394511924e-01
1.833403784589599517e-01
1.830476864821751481e-01
1.827561089234854275e-01
1.824656644439493491e-01
1.821763639435703408e-01
1.818882112460997180e-01
1.816012040575371578e-01
1.813153350865557289e-01
1.810305932276192742e-01
1.807469647237237576e-01
1.804644342437565496e-01
1.801829858279088425e-01
1.799026036721660116e-01
1.796232727386926353e-01
1.793449791922988867e-01
1.790677106737603719e-01
1.787914564284768804e-01
1.785162073138943650e-01
1.782419557115456910e-01
1.779686953698632057e-01
1.776964212025068102e-01
1.774251290642938628e-01
1.771548155233454436e-01
1.768854776441767251e-01
1.766171127924971718e-01
1.763497184687199126e-01
1.760832921738087198e-01
1.758178313082453537e-01
1.755533331026463417e-01
1.752897945769108234e-01
1.750272125237077592e-01
1.747655835115545786e-01
1.745049039026136950e-01
1.742451698805520532e-01
1.739863774842753674e-01
1.737285226439741204e-01
1.734716012166283294e-01
1.732156090188416708e-01
1.729605418555633101e-01
1.727063955438749299e-01
1.724531659315365617e-01
1.722008489104029927e-01
1.719494404251231956e-01
1.716989364777397609e-01
1.714493331289164979e-01
1.712006264965577063e-01
1.709528127525592189e-01
1.707058881183652066e-01
1.704598488599095019e-01
1.702146912824120950e-01
1.699704117253889590e-01
1.697270065581262810e-01
1.694844721757741701e-01
1.692428049961327841e-01
1.690020014571395890e-01
1.687620580150177851e-01
1.685229711430119570e-01
1.682847373306191052e-01
1.680473530832153062e-01
1.678108149219774969e-01
1.675751193840102071e-01
1.673402630225963306e-01
1.671062424075063502e-01
1.668730541253149458e-01
1.666406947796873761e-01
1.664091609916117098e-01
1.661784493995631384e-01
1.659485566595957917e-01
1.657194794453640541e-01
1.654912144480794045e-01
1.652637583764129114e-01
1.650371079563534016e-01
1.648112599310326554e-01
1.645862110605275930e-01
1.643619581216491654e-01
1.641384979077248896e-01
1.639158272283814388e-01
1.636939429093321463e-01
1.634728417921715027e-01
1.632525207341793960e-01
1.630329766081357601e-01
1.628142063021448815e-01
1.625962067194699490e-01
1.623789747783765114e-01
1.621625074119835974e-01
1.619468015681218565e-01
1.617318542091973066e-01
1.615176623120599675e-01
1.613042228678760459e-01
1.610915328820040349e-01
1.608795893738729499e-01
1.606683893768630078e-01
1.604579299381883872e-01
1.602482081187816265e-01
1.600392209931801313e-01
1.598309656494138475e-01
1.596234391888948223e-01
1.594166387263086515e-01
1.592105613895070104e-01
1.590052043194025710e-01
1.588005646698651685e-01
1.585966396076199103e-01
1.583934263121470065e-01
1.581909219755833484e-01
1.579891238026256972e-01
1.577880290104358152e-01
1.575876348285470685e-01
1.573879384987726116e-01
1.571889372751155145e-01
1.569906284236799732e-01
1.567930092225844896e-01
1.565960769618760517e-01
1.563998289434463673e-01
1.562042624809487357e-01
1.560093748997169461e-01
1.558151635366850918e-01
1.556216257403087444e-01
1.554287588704874878e-01
1.552365602984885629e-01
1.550450274068716772e-01
1.548541575894150646e-01
1.546639482510425434e-01
1.544743968077517959e-01
1.542855006865436196e-01
1.540972573253522881e-01
1.539096641729768566e-01
1.537227186890135489e-01
1.535364183437890051e-01
1.533507606182947236e-01
1.531657430041218904e-01
1.529813630033978467e-01
1.527976181287228341e-01
1.526145059031078222e-01
1.524320238599132515e-01
1.522501695427884993e-01
1.520689405056120935e-01
1.518883343124327601e-01
1.517083485374114138e-01
1.515289807647635933e-01
1.513502285887026455e-01
1.511720896133840752e-01
1.509945614528498403e-01
1.508176417309740891e-01
1.506413280814088984e-01
1.504656181475310939e-01
1.502905095823897641e-01
1.501160000486538582e-01
1.499420872185609210e-01
1.497687687738662454e-01
1.495960424057924676e-01
1.494239058149800237e-01
1.492523567114377725e-01
1.490813928144945344e-01
1.489110118527510185e-01
1.487412115640320276e-01
1.485719896953396346e-01
1.484033440028063866e-01
1.482352722516493693e-01
1.480677722161246046e-01
1.479008416794817260e-01
1.477344784339194028e-01
1.475686802805410980e-01
1.474034450293111032e-01
1.472387704990114066e-01
1.470746545171984498e-01
1.469110949201607730e-01
1.467480895528766316e-01
1.465856362689723913e-01
1.464237329306811997e-01
1.462623774088017414e-01
1.461015675826577709e-01
1.459413013400577552e-01
1.457815765772551564e-01
1.456223911989084907e-01
1.454637431180423879e-01
1.453056302560086499e-01
1.451480505424475320e-01
1.449910019152497731e-01
1.448344823205183485e-01
1.446784897125310554e-01
1.445230220537032928e-01
1.443680773145506469e-01
1.442136534736526421e-01
1.440597485176160208e-01
1.439063604410387442e-01
1.437534872464739932e-01
1.436011269443946969e-01
1.434492775531580888e-01
1.432979370989707624e-01
1.431471036158538657e-01
1.429967751456083513e-01
1.428469497377809760e-01
1.426976254496300500e-01
1.425488003460916586e-01
1.424004724997461335e-01
1.422526399907847738e-01
1.421053009069765949e-01
1.419584533436355211e-01
1.418120954035878567e-01
1.416662251971395614e-01
1.415208407955989012e-01
1.413759404171806011e-01
1.412315221478371019e-01
1.410875841274737419e-01
1.409441245033166978e-01
1.408011414298817043e-01
1.406586330689433006e-01
1.405165975895038000e-01
1.403750331677628416e-01
1.402339379870869429e-01
1.400933102379792461e-01
1.399531481180494585e-01
1.398134498319840713e-01
1.396742135915166605e-01
1.395354376153982723e-01
1.393971201293682516e-01
1.392592593661249600e-01
1.391218535652968824e-01
1.389849009734137331e-01
1.388483998438777289e-01
1.387123484369353621e-01
1.385767450196487005e-01
1.384415878658675492e-01
1.383068752562011672e-01
1.381726054779906232e-01
1.380387768252808178e-01
1.379053875987932831e-01
1.377724361058983715e-01
1.376399206605883052e-01
1.375078395834499756e-01
1.373761912016378262e-01
1.372449738488471793e-01
1.371141858652875078e-01
1.369838255976559005e-01
1.368538913991106110e-01
1.367243816292446901e-01
1.365952946540601176e-01
1.364666288459415455e-01
1.363383825836304297e-01
1.362105542521995227e-01
1.360831422430268667e-01
1.359561449537707856e-01
1.358295607883440170e-01
1.357033881568888711e-01
1.355776254757519728e-01
1.354522711674592539e-01
1.353273236606910013e-01
1.352027813902573483e-01
1.350786427970734893e-01
1.349549063281350880e-01
1.348315704364941581e-01
1.347086335812344993e-01
1.345860942274476335e-01
1.344639508462089073e-01
1.343422019145533719e-01
1.342208459154519973e-01
1.340998813377879961e-01
1.339793066763333707e-01
1.338591204317250150e-01
1.337393211104417889e-01
1.336199072247809816e-01
1.335008772928351906e-01
1.333822298384693406e-01
1.332639633912975907e-01
1.331460764866606028e-01
1.330285676656027816e-01
1.329114354748494597e-01
1.327946784667846380e-01
1.326782951994283088e-01
1.325622842364141685e-01
1.324466441469674960e-01
1.323313735058827822e-01
1.322164708935018862e-01
1.321019348956919970e-01
1.319877641038237071e-01
1.318739571147494460e-01
1.317605125307816649e-01
1.316474289596711866e-01
1.315347050145860008e-01
1.314223393140897533e-01
1.313103304821202355e-01
1.311986771479685676e-01
1.310873779462578270e-01
1.309764315169221482e-01
1.308658365051856842e-01
1.307555915615419839e-01
1.306456953417329536e-01
1.305361465067285121e-01
1.304269437227057460e-01
1.303180856610285654e-01
1.302095709982273586e-01
1.301013984159784809e-01
1.299935666010842150e-01
1.298860742454526207e-01
1.297789200460773562e-01
1.296721027050178887e-01
1.295656209293793160e-01
1.294594734312928819e-01
1.293536589278960758e-01
1.292481761413130925e-01
1.291430237986351259e-01
1.290382006319010511e-01
1.289337053780779119e-01
1.288295367790416590e-01
1.287256935815579706e-01
1.286221745372629621e-01
1.285189784026442017e-01
1.284161039390216696e-01
1.283135499125289680e-01
1.282113150940942248e-01
1.281093982594215253e-01
1.280077981889721772e-01
1.279065136679461145e-01
1.278055434862632733e-01
1.277048864385452176e-01
1.276045413240967652e-01
1.275045069468876413e-01
1.274047821155341320e-01
1.273053656432812375e-01
1.272062563479841590e-01
1.271074530520906465e-01
1.270089545826228461e-01
1.269107597711595925e-01
1.268128674538183676e-01
1.267152764712378699e-01
1.266179856685600846e-01
1.265209938954129365e-01
1.264243000058926369e-01
1.263279028585462260e-01
1.262318013163544195e-01
1.261359942467138728e-01
1.260404805214204726e-01
1.259452590166517949e-01
1.258503286129501186e-01
1.257556881952054950e-01
1.256613366526386222e-01
1.255672728787841641e-01
1.254734957714736532e-01
1.253800042328190312e-01
1.252867971691957183e-01
1.251938734912261819e-01
1.251012321137632000e-01
1.250088719558735684e-01
1.249167919408214616e-01
1.248249909960523069e-01
1.247334680531762274e-01
1.246422220479520976e-01
1.245512519202711943e-01
1.244605566141410852e-01
1.243701350776696829e-01
1.242799862630492996e-01
1.241901091265405627e-01
1.241005026284567742e-01
1.240111657331479933e-01
1.239220974089853960e-01
1.238332966283455377e-01
1.237447623675948100e-01
1.236564936070739112e-01
1.235684893310823457e-01
1.234807485278629907e-01
1.233932701895868733e-01
1.233060533123376684e-01
1.232190968960966415e-01
1.231323999447273831e-01
1.230459614659607653e-01
1.229597804713798981e-01
1.228738559764049748e-01
1.227881870002785758e-01
1.227027725660506385e-01
1.226176117005637056e-01
1.225327034344381033e-01
1.224480468020573282e-01
1.223636408415533505e-01
1.222794845947920289e-01
1.221955771073586355e-01
1.221119174285433123e-01
1.220285046113267213e-01
1.219453377123656534e-01
1.218624157919787065e-01
1.217797379141321579e-01
1.216973031464256422e-01
1.216151105600780380e-01
1.215331592299134650e-01
1.214514482343472812e-01
1.213699766553718723e-01
1.212887435785431622e-01
1.212077480929663470e-01
1.211269892912823498e-01
1.210464662696539295e-01
1.209661781277520803e-01
1.208861239687423622e-01
1.208063028992712867e-01
1.207267140294528002e-01
1.206473564728547804e-01
1.205682293464856863e-01
1.204893317707810968e-01
1.204106628695903736e-01
1.203322217701634916e-01
1.202540076031377858e-01
1.201760195025246142e-01
1.200982566056965073e-01
1.200207180533739565e-01
1.199434029896123827e-01
1.198663105617892438e-01
1.197894399205910732e-01
1.197127902200006699e-01
1.196363606172841376e-01
1.195601502729783522e-01
1.194841583508780974e-01
1.194083840180234224e-01
1.193328264446870124e-01
1.192574848043616714e-01
1.191823582737478598e-01
1.191074460327410239e-01
1.190327472644194251e-01
1.189582611550315666e-01
1.188839868939840783e-01
1.188099236738291570e-01
1.187360706902527013e-01
1.186624271420617938e-01
1.185889922311728073e-01
1.185157651625991793e-01
1.184427451444394902e-01
1.183699313878653764e-01
1.182973231071096643e-01
1.182249195194544078e-01
1.181527198452190647e-01
1.180807233077487556e-01
1.180089291334024265e-01
1.179373365515411359e-01
1.178659447945164529e-01
1.177947530976587859e-01
1.177237606992658087e-01
1.176529668405909973e-01
1.175823707658320422e-01
1.175119717221194821e-01
1.174417689595053105e-01
1.173717617309515543e-01
1.173019492923190188e-01
1.172323309023560606e-01
1.171629058226873465e-01
1.170936733178025296e-01
1.170246326550454102e-01
1.169557831046025703e-01
1.168871239394924932e-01
1.168186544355545031e-01
1.167503738714378292e-01
1.166822815285906284e-01
1.166143766912492163e-01
1.165466586464271037e-01
1.164791266839043243e-01
1.164117800962166799e-01
1.163446181786448735e-01
1.162776402292041017e-01
1.162108455486331876e-01
1.161442334403841870e-01
1.160778032106117713e-01
1.160115541681625839e-01
1.159454856245651644e-01
1.158795968940190407e-01
1.158138872933848068e-01
1.157483561421734641e-01
1.156830027625362495e-01
1.156178264792543930e-01
1.155528266197288906e-01
1.154880025139703170e-01
1.154233534945886264e-01
1.153588788967831874e-01
1.152945780583325835e-01
1.152304503195847318e-01
1.151664950234467938e-01
1.151027115153752528e-01
1.150390991433660470e-01
1.149756572579446884e-01
1.149123852121564232e-01
1.148492823615565178e-01
1.147863480642003220e-01
1.147235816806338321e-01
1.146609825738836991e-01
1.145985501094478887e-01
1.145362836552859115e-01
1.144741825818093028e-01
1.144122462618720470e-01
1.143504740707612238e-01
1.142888653861873910e-01
1.142274195882753418e-01
1.141661360595545016e-01
1.141050141849498517e-01
1.140440533517724647e-01
1.139832529497101926e-01
1.139226123708186322e-01
1.138621310095116607e-01
1.138018082625525396e-01
1.137416435290445754e-01
1.136816362104221961e-01
1.136217857104417778e-01
1.135620914351726796e-01
1.135025527929882511e-01
1.134431691945568532e-01
1.133839400528330460e-01
1.133248647830485401e-01
1.132659428027035092e-01
1.132071735315577088e-01
1.131485563916216353e-01
1.130900908071479638e-01
1.130317762046226804e-01
1.129736120127564081e-01
1.129155976624758723e-01
1.128577325869151854e-01
1.128000162214074092e-01
1.127424480034758258e-01
1.126850273728255830e-01
1.126277537713351456e-01
1.125706266430479136e-01
1.125136454341636727e-01
1.124568095930304629e-01
1.124001185701359873e-01
1.123435718180994525e-01
1.122871687916632139e-01
1.122309089476845601e-01
1.121747917451275528e-01
1.121188166450546586e-01
1.120629831106188939e-01
1.120072906070553737e-01
1.119517386016735394e-01
1.118963265638487914e-01
1.118410539650147723e-01
1.117859202786551515e-01
1.117309249802956733e-01
1.116760675474964409e-01
1.116213474598437144e-01
1.115667641989422643e-01
1.115123172484074332e-01
1.114580060938573647e-01
1.114038302229051619e-01
1.113497891251512412e-01
1.112958822921755186e-01
1.112421092175297777e-01
1.111884693967299387e-01
1.111349623272485931e-01
1.110815875085071625e-01
1.110283444418685705e-01
1.109752326306295001e-01
1.109222515800130510e-01
1.108694007971611217e-01
1.108166797911270540e-01
1.107640880728681942e-01
1.107116251552383440e-01
1.106592905529806686e-01
1.106070837827201891e-01
1.105550043629563994e-01
1.105030518140562162e-01
1.104512256582464852e-01
1.103995254196069448e-01
1.103479506240629265e-01
1.102965007993781665e-01
1.102451754751477414e-01
1.101939741827909769e-01
1.101428964555442175e-01
1.100919418284539292e-01
1.100411098383695246e-01
1.099904000239365215e-01
1.099398119255894229e-01
1.098893450855448900e-01
1.098389990477946637e-01
1.097887733580988345e-01
1.097386675639788617e-01
1.096886812147108287e-01
1.096388138613185043e-01
1.095890650565666813e-01
1.095394343549542931e-01
1.094899213127078358e-01
1.094405254877744843e-01
1.093912464398154871e-01
1.093420837301995879e-01
1.092930369219962394e-01
1.092441055799690947e-01
1.091952892705694567e-01
1.091465875619295617e-01
1.090980000238563202e-01
1.090495262278244754e-01
1.090011657469704964e-01
1.089529181560857929e-01
1.089047830316104554e-01
1.088567599516268442e-01
1.088088484958532193e-01
1.087610482456373151e-01
1.087133587839500537e-01
1.086657796953792721e-01
1.086183105661233661e-01
1.085709509839851289e-01
1.085237005383654640e-01
1.084765588202571407e-01
1.084295254222387150e-01
1.083825999384682853e-01
1.083357819646773579e-01
1.082890710981648102e-01
1.082424669377907295e-01
1.081959690839703753e-01
1.081495771386681570e-01
1.081032907053915693e-01
1.080571093891852380e-01
1.080110327966249534e-01
1.079650605358117438e-01
1.079191922163658113e-01
1.078734274494208417e-01
1.078277658476179957e-01
1.077822070251000380e-01
1.077367505975056206e-01
1.076913961819633420e-01
1.076461433970860582e-01
1.076009918629650258e-01
1.075559412011642957e-01
1.075109910347148423e-01
1.074661409881089713e-01
1.074213906872945740e-01
1.073767397596695206e-01
1.073321878340760677e-01
1.072877345407950850e-01
1.072433795115406707e-01
1.071991223794544756e-01
1.071549627791001519e-01
1.071109003464578990e-01
1.070669347189188436e-01
1.070230655352796961e-01
1.069792924357372277e-01
1.069356150618827744e-01
1.068920330566969640e-01
1.068485460645441643e-01
1.068051537311672378e-01
1.067618557036820875e-01
1.067186516305723976e-01
1.066755411616843036e-01
1.066325239482209947e-01
1.065895996427376896e-01
1.065467678991360995e-01
1.065040283726593900e-01
1.064613807198869222e-01
1.064188245987290338e-01
1.063763596684219048e-01
1.063339855895223673e-01
1.062917020239028121e-01
1.062495086347460954e-01
1.062074050865404046e-01
1.061653910450741922e-01
1.061234661774311805e-01
1.060816301519852262e-01
1.060398826383954635e-01
1.059982233076011415e-01
1.059566518318167810e-01
1.059151678845271644e-01
1.058737711404824228e-01
1.058324612756930821e-01
1.057912379674252196e-01
1.057501008941955783e-01
1.057090497357666553e-01
1.056680841731419546e-01
1.056272038885611025e-01
1.055864085654950185e-01
1.055456978886412656e-01
1.055050715439190823e-01
1.054645292184648447e-01
1.054240706006272510e-01
1.053836953799625192e-01
1.053434032472298776e-01
1.053031938943867762e-01
1.052630670145842523e-01
1.052230223021622807e-01
1.051830594526452362e-01
1.051431781627371609e-01
1.051033781303173376e-01
1.050636590544355847e-01
1.050240206353077882e-01
1.049844625743113352e-01
1.049449845739806736e-01
1.049055863380027459e-01
1.048662675712124792e-01
1.048270279795884830e-01
1.047878672702483999e-01
1.047487851514447010e-01
1.047097813325600230e-01
1.046708555241030458e-01
1.046320074377039833e-01
1.045932367861101692e-01
1.045545432831818250e-01
1.045159266438877438e-01
1.044773865843008631e-01
1.044389228215941018e-01
1.044005350740360577e-01
1.043622230609867058e-01
1.043239865028931929e-01
1.042858251212856191e-01
1.042477386387728466e-01
1.042097267790382809e-01
1.041717892668356377e-01
1.041339258279849744e-01
1.040961361893683323e-01
1.040584200789257535e-01
1.040207772256511315e-01
1.039832073595880618e-01
1.039457102118258869e-01
1.039082855144955186e-01
1.038709330007654558e-01
1.038336524048377313e-01
1.037964434619439158e-01
1.037593059083411068e-01
1.037222394813079596e-01
1.036852439191406072e-01
1.036483189611489969e-01
1.036114643476526015e-01
1.035746798199767421e-01
1.035379651204485774e-01
1.035013199923932453e-01
1.034647441801299778e-01
1.034282374289682283e-01
1.033917994852038558e-01
1.033554300961152944e-01
1.033191290099596676e-01
1.032828959759690968e-01
1.032467307443468291e-01
1.032106330662634630e-01
1.031746026938532984e-01
1.031386393802104784e-01
1.031027428793852840e-01
1.030669129463804429e-01
1.030311493371474790e-01
1.029954518085829246e-01
1.029598201185246975e-01
1.029242540257484517e-01
1.028887532899639690e-01
1.028533176718114533e-01
1.028179469328579926e-01
1.027826408355938942e-01
1.027473991434291190e-01
1.027122216206897698e-01
1.026771080326144420e-01
1.026420581453507397e-01
1.026070717259517096e-01
1.025721485423723711e-01
1.025372883634661642e-01
1.025024909589814931e-01
1.024677560995582298e-01
1.024330835567242581e-01
1.023984731028920320e-01
1.023639245113551338e-01
1.023294375562848607e-01
1.022950120127268103e-01
1.022606476565974531e-01
1.022263442646808296e-01
1.021921016146251221e-01
1.021579194849392691e-01
1.021237976549897036e-01
1.020897359049969810e-01
1.020557340160324206e-01
1.020217917700149135e-01
1.019879089497074953e-01
1.019540853387141816e-01
1.019203207214766371e-01
1.018866148832709151e-01
1.018529676102042786e-01
1.018193786892119257e-01
1.017858479080537837e-01
1.017523750553112893e-01
1.017189599203842526e-01
1.016856022934875814e-01
1.016523019656482563e-01
1.016190587287020275e-01
1.015858723752903897e-01
1.015527426988573484e-01
1.015196694936464361e-01
1.014866525546974652e-01
1.014536916778435716e-01
1.014207866597079954e-01
1.013879372977011251e-01
1.013551433900173743e-01
1.013224047356321850e-01
1.012897211342989462e-01
1.012570923865460382e-01
1.012245182936736959e-01
1.011919986577511643e-01
1.011595332816136589e-01
1.011271219688593265e-01
1.010947645238463588e-01
1.010624607516899531e-01
1.010302104582595922e-01
1.009980134501757554e-01
1.009658695348073509e-01
1.009337785202685939e-01
1.009017402154161885e-01
1.008697544298464560e-01
1.008378209738923920e-01
1.008059396586209189e-01
1.007741102958299440e-01
1.007423326980455419e-01
1.007106066785191240e-01
1.006789320512246622e-01
1.006473086308558584e-01
1.006157362328232718e-01
1.005842146732516956e-01
1.005527437689772152e-01
1.005213233375445991e-01
1.004899531972044263e-01
1.004586331669103799e-01
1.004273630663165551e-01
1.003961427157747249e-01
1.003649719363315651e-01
1.003338505497261002e-01
1.003027783783867893e-01
1.002717552454290978e-01
1.002407809746526657e-01
1.002098553905387129e-01
1.001789783182473748e-01
1.001481495836150232e-01
1.001173690131517829e-01
1.000866364340387282e-01
1.000559516741254262e-01
1.000253145619272449e-01
9.999472492662279943e-02
9.996418259805142648e-02
9.993368740671057515e-02
9.990323918375318413e-02
9.987283776098523913e-02
9.984248297086323332e-02
9.981217464649153048e-02
9.978191262162000585e-02
9.975169673064142317e-02
9.972152680858896445e-02
9.969140269113378749e-02
9.966132421458243074e-02
9.963129121587456505e-02
9.960130353258025981e-02
9.957136100289780412e-02
9.954146346565100056e-02
9.951161076028697261e-02
9.948180272687362491e-02
9.945203920609720083e-02
9.942232003926003425e-02
9.939264506827795442e-02
9.936301413567801000e-02
9.933342708459617920e-02
9.930388375877481633e-02
9.927438400256047291e-02
9.924492766090137197e-02
9.921551457934529861e-02
9.918614460403707422e-02
9.915681758171632221e-02
9.912753335971513646e-02
9.909829178595581933e-02
9.906909270894855013e-02
9.903993597778908142e-02
9.901082144215656022e-02
9.898174895231115489e-02
9.895271835909184854e-02
9.892372951391417701e-02
9.889478226876802225e-02
9.886587647621535024e-02
9.883701198938799060e-02
9.880818866198542993e-02
9.877940634827264699e-02
9.875066490307780886e-02
9.872196418179021715e-02
9.869330404035799031e-02
9.866468433528607918e-02
9.863610492363390769e-02
9.860756566301331905e-02
9.857906641158642458e-02
9.855060702806348050e-02
9.852218737170069518e-02
9.849380730229820302e-02
9.846546668019784398e-02
9.843716536628117908e-02
9.840890322196731155e-02
9.838068010921077744e-02
9.835249589049957497e-02
9.832435042885298571e-02
9.829624358781953453e-02
9.826817523147506062e-02
9.824014522442041375e-02
9.821215343177967794e-02
9.818419971919799261e-02
9.815628395283951257e-02
9.812840599938554842e-02
9.810056572603234604e-02
9.807276300048925477e-02
9.804499769097663187e-02
9.801726966622396897e-02
9.798957879546779659e-02
9.796192494844975507e-02
9.793430799541465170e-02
9.790672780710854561e-02
9.787918425477665219e-02
9.785167721016166387e-02
9.782420654550147421e-02
9.779677213352755416e-02
9.776937384746295367e-02
9.774201156102027555e-02
9.771468514839985742e-02
9.768739448428798156e-02
9.766013944385482093e-02
9.763291990275259347e-02
9.760573573711378570e-02
9.757858682354922375e-02
9.755147303914615819e-02
9.752439426146650159e-02
9.749735036854501047e-02
9.747034123888734247e-02
9.744336675146829385e-02
9.741642678572995373e-02
9.738952122157992775e-02
9.736264993938946455e-02
9.733581281999173496e-02
9.730900974467997233e-02
9.728224059520576561e-02
9.725550525377713029e-02
9.722880360305689862e-02
9.720213552616088770e-02
9.717550090665609541e-02
9.714889962855906280e-02
9.712233157633397285e-02
9.709579663489106838e-02
9.706929468958480633e-02
9.704282562621220631e-02
9.701638933101106033e-02
9.698998569065832298e-02
9.696361459226829349e-02
9.693727592339096422e-02
9.691096957201042472e-02
9.688469542654293276e-02
9.685845337583554038e-02
9.683224330916416489e-02
9.680606511623210397e-02
9.677991868716824542e-02
9.675380391252548506e-02
9.672772068327904760e-02
9.670166889082495998e-02
9.667564842697817795e-02
9.664965918397119826e-02
9.662370105445231006e-02
9.659777393148402669e-02
9.657187770854148978e-02
9.654601227951074838e-02
9.652017753868737115e-02
9.649437338077462845e-02
9.646859970088214609e-02
9.644285639452407355e-02
9.641714335761771004e-02
9.639146048648190857e-02
9.636580767783541057e-02
9.634018482879537493e-02
9.631459183687586523e-02
9.628902859998618446e-02
9.626349501642951501e-02
9.623799098490121162e-02
9.621251640448737208e-02
9.618707117466332446e-02
9.616165519529214223e-02
9.613626836662299280e-02
9.611091058928981912e-02
9.608558176430975761e-02
9.606028179308162551e-02
9.603501057738449143e-02
9.600976801937616267e-02
9.598455402159182526e-02
9.595936848694235077e-02
9.593421131871303353e-02
9.590908242056210564e-02
9.588398169651919656e-02
9.585890905098401471e-02
9.583386438872480706e-02
9.580884761487699908e-02
9.578385863494172370e-02
9.575889735478440579e-02
9.573396368063340212e-02
9.570905751907850256e-02
9.568417877706961172e-02
9.565932736191526398e-02
9.563450318128137451e-02
9.560970614318962946e-02
9.558493615601634796e-02
9.556019312849094172e-02
9.553547696969455494e-02
9.551078758905881538e-02
9.548612489636432166e-02
9.546148880173942197e-02
9.543687921565872923e-02
9.541229604894194138e-02
9.538773921275235657e-02
9.536320861859555464e-02
9.533870417831818989e-02
9.531422580410651990e-02
9.528977340848519828e-02
9.526534690431587293e-02
9.524094620479590934e-02
9.521657122345716928e-02
9.519222187416455372e-02
9.516789807111483701e-02
9.514359972883532079e-02
9.511932676218258498e-02
9.509507908634114159e-02
9.507085661682226907e-02
9.504665926946263832e-02
9.502248696042316090e-02
9.499833960618754569e-02
9.497421712356127199e-02
9.495011942967022944e-02
9.492604644195938579e-02
9.490199807819171829e-02
9.487797425644688143e-02
9.485397489511999958e-02
9.482999991292041797e-02
9.480604922887055086e-02
9.478212276230453537e-02
9.475822043286719065e-02
9.473434216051267176e-02
9.471048786550331777e-02
9.468665746840852770e-02
9.466285089010342824e-02
9.463906805176777737e-02
9.461530887488478481e-02
9.459157328123989072e-02
9.456786119291960002e-02
9.454417253231037210e-02
9.452050722209737188e-02
9.449686518526338730e-02
9.447324634508759422e-02
9.444965062514443233e-02
9.442607794930257814e-02
9.440252824172358503e-02
9.437900142686089788e-02
9.435549742945868734e-02
9.433201617455072574e-02
9.430855758745924911e-02
9.428512159379383306e-02
9.426170811945025485e-02
9.423831709060946638e-02
9.421494843373638683e-02
9.419160207557890352e-02
9.416827794316665057e-02
9.414497596381000977e-02
9.412169606509898645e-02
9.409843817490215478e-02
9.407520222136549204e-02
9.405198813291144877e-02
9.402879583823768594e-02
9.400562526631620064e-02
9.398247634639206316e-02
9.395934900798255662e-02
9.393624318087596958e-02
9.391315879513066622e-02
9.389009578107383736e-02
9.386705406930073714e-02
9.384403359067342021e-02
9.382103427631977022e-02
9.379805605763254228e-02
9.377509886626818336e-02
9.375216263414594409e-02
9.372924729344683792e-02
9.370635277661257256e-02
9.368347901634453689e-02
9.366062594560282950e-02
9.363779349760528725e-02
9.361498160582637507e-02
9.359219020399631161e-02
9.356941922609998685e-02
9.354666860637603221e-02
9.352393827931576586e-02
9.350122817966230460e-02
9.347853824240952292e-02
9.345586840280109553e-02
9.343321859632952586e-02
9.341058875873513301e-02
9.338797882600523292e-02
9.336538873437298658e-02
9.334281842031665055e-02
9.332026782055839742e-02
9.329773687206356636e-02
9.327522551203965007e-02
9.325273367793528168e-02
9.323026130743944373e-02
9.320780833848037183e-02
9.318537470922479138e-02
9.316296035807686282e-02
9.314056522367727964e-02
9.311818924490247729e-02
9.309583236086350910e-02
9.307349451090525527e-02
9.305117563460563179e-02
9.302887567177441086e-02
9.300659456245251311e-02
9.298433224691109167e-02
9.296208866565058848e-02
9.293986375939988775e-02
9.291765746911538615e-02
9.289546973598011848e-02
9.287330050140296667e-02
9.285114970701761894e-02
9.282901729468186203e-02
9.280690320647656810e-02
9.278480738470493150e-02
9.276272977189159441e-02
9.274067031078173096e-02
9.271862894434022839e-02
9.269660561575082669e-02
9.267460026841527199e-02
9.265261284595249780e-02
9.263064329219772297e-02
9.260869155120166063e-02
9.258675756722964389e-02
9.256484128476082096e-02
9.254294264848736407e-02
9.252106160331353968e-02
9.249919809435494522e-02
9.247735206693771803e-02
9.245552346659763332e-02
9.243371223907941026e-02
9.241191833033579606e-02
9.239014168652681658e-02
9.236838225401887426e-02
9.234663997938413749e-02
9.232491480939951367e-02
9.230320669104609410e-02
9.228151557150812700e-02
9.225984139817240692e-02
9.223818411862737265e-02
9.221654368066238561e-02
9.219492003226698040e-02
9.217331312162993506e-02
9.215172289713875753e-02
9.213014930737861707e-02
9.210859230113183083e-02
9.208705182737690620e-02
9.206552783528793027e-02
9.204402027423368160e-02
9.202252909377700574e-02
9.200105424367392704e-02
9.197959567387302415e-02
9.195815333451458351e-02
9.193672717592990540e-02
9.191531714864054070e-02
9.189392320335758313e-02
9.187254529098091982e-02
9.185118336259845417e-02
9.182983736948543974e-02
9.180850726310374466e-02
9.178719299510110230e-02
9.176589451731036184e-02
9.174461178174882214e-02
9.172334474061757947e-02
9.170209334630055609e-02
9.168085755136420878e-02
9.165963730855633540e-02
9.163843257080582505e-02
9.161724329122158950e-02
9.159606942309209132e-02
9.157491091988460841e-02
9.155376773524442902e-02
9.153263982299429669e-02
9.151152713713366083e-02
9.149042963183796895e-02
9.146934726145802830e-02
9.144827998051929807e-02
9.142722774372126493e-02
9.140619050593662420e-02
9.138516822221080804e-02
9.136416084776113888e-02
9.134316833797631596e-02
9.132219064841558265e-02
9.130122773480822684e-02
9.128027955305277608e-02
9.125934605921644238e-02
9.123842720953449781e-02
9.121752296040946950e-02
9.119663326841064011e-02
9.117575809027327061e-02
9.115489738289814237e-02
9.113405110335071058e-02
9.111321920886059078e-02
9.109240165682085111e-02
9.107159840478745716e-02
9.105080941047856424e-02
9.103003463177397614e-02
9.100927402671438182e-02
9.098852755350081423e-02
9.096779517049412289e-02
9.094707683621412742e-02
9.092637250933922888e-02
9.090568214870561881e-02
9.088500571330677957e-02
9.086434316229283215e-02
9.084369445496992546e-02
9.082305955079963966e-02
9.080243840939840327e-02
9.078183099053681315e-02
9.076123725413913490e-02
9.074065716028263673e-02
9.072009066919706211e-02
9.069953774126400525e-02
9.067899833701623113e-02
9.065847241713723137e-02
9.063795994246061360e-02
9.061746087396946314e-02
9.059697517279569068e-02
9.057650280021969924e-02
9.055604371766957927e-02
9.053559788672060904e-02
9.051516526909474114e-02
9.049474582665990863e-02
9.047433952142962255e-02
9.045394631556218090e-02
9.043356617136040498e-02
9.041319905127079282e-02
9.039284491788313058e-02
9.037250373392990976e-02
9.035217546228570262e-02
9.033186006596666262e-02
9.031155750813003869e-02
9.029126775207355071e-02
9.027099076123477894e-02
9.025072649919076151e-02
9.023047492965735605e-02
9.021023601648882340e-02
9.019000972367709201e-02
9.016979601535139721e-02
9.014959485577764275e-02
9.012940620935799840e-02
9.010923004063016439e-02
9.008906631426708000e-02
9.006891499507624355e-02
9.004877604799917112e-02
9.002864943811104970e-02
9.000853513062002931e-02
8.998843309086682063e-02
8.996834328432412597e-02
8.994826567659616745e-02
8.992820023341810409e-02
8.990814692065565716e-02
8.988810570430445790e-02
8.986807655048960342e-02
8.984805942546521262e-02
8.982805429561378785e-02
8.980806112744592340e-02
8.978807988759955616e-02
8.976811054283967417e-02
8.974815306005771987e-02
8.972820740627114600e-02
8.970827354862288827e-02
8.968835145438090739e-02
8.966844109093775883e-02
8.964854242580994059e-02
8.962865542663757401e-02
8.960878006118387640e-02
8.958891629733467532e-02
8.956906410309789512e-02
8.954922344660315447e-02
8.952939429610126676e-02
8.950957661996374048e-02
8.948977038668234907e-02
8.946997556486867287e-02
8.945019212325354407e-02
8.943042003068671364e-02
8.941065925613629617e-02
8.939090976868838134e-02
8.937117153754650656e-02
8.935144453203119896e-02
8.933172872157961464e-02
8.931202407574498348e-02
8.929233056419624837e-02
8.927264815671751008e-02
8.925297682320768033e-02
8.923331653367996830e-02
8.921366725826150590e-02
8.919402896719279272e-02
8.917440163082741844e-02
8.915478521963145220e-02
8.913517970418313729e-02
8.911558505517240547e-02
8.909600124340040506e-02
8.907642823977912627e-02
8.905686601533098490e-02
8.903731454118829491e-02
8.901777378859299095e-02
8.899824372889604540e-02
8.897872433355721866e-02
8.895921557414442071e-02
8.893971742233350297e-02
8.892022984990768930e-02
8.890075282875727070e-02
8.888128633087907793e-02
8.886183032837617624e-02
8.884238479345739348e-02
8.882294969843688992e-02
8.880352501573382518e-02
8.878411071787187248e-02
8.876470677747885785e-02
8.874531316728632990e-02
8.872592986012921290e-02
8.870655682894534877e-02
8.868719404677506690e-02
8.866784148676092048e-02
8.864849912214710359e-02
8.862916692627925697e-02
8.860984487260385734e-02
8.859053293466809254e-02
8.857123108611919537e-02
8.855193930070423547e-02
8.853265755226967515e-02
8.851338581476098089e-02
8.849412406222226246e-02
8.847487226879580113e-02
8.845563040872184146e-02
8.843639845633806396e-02
8.841717638607925200e-02
8.839796417247691718e-02
8.837876179015892453e-02
8.835956921384911789e-02
8.834038641836695904e-02
8.832121337862713917e-02
8.830205006963923187e-02
8.828289646650723521e-02
8.826375254442939133e-02
8.824461827869761743e-02
8.822549364469729760e-02
8.820637861790683876e-02
8.818727317389726816e-02
8.816817728833203915e-02
8.814909093696646214e-02
8.813001409564753807e-02
8.811094674031350049e-02
8.809188884699341304e-02
8.807284039180697521e-02
8.805380135096402272e-02
8.803477170076422220e-02
8.801575141759679366e-02
8.799674047794008025e-02
8.797773885836118746e-02
8.795874653551573330e-02
8.793976348614741811e-02
8.792078968708770537e-02
8.790182511525553022e-02
8.788286974765688320e-02
8.786392356138453263e-02
8.784498653361766385e-02
8.782605864162153220e-02
8.780713986274713001e-02
8.778823017443090904e-02
8.776932955419437798e-02
8.775043797964381109e-02
8.773155542846990118e-02
8.771268187844744046e-02
8.769381730743498748e-02
8.767496169337460343e-02
8.765611501429139418e-02
8.763727724829331600e-02
8.761844837357078697e-02
8.759962836839642331e-02
8.758081721112463691e-02
8.756201488019137169e-02
8.754322135411383987e-02
8.752443661149003629e-02
8.750566063099866898e-02
8.748689339139859023e-02
8.746813487152872713e-02
8.744938505030755427e-02
8.743064390673292718e-02
8.741191141988174929e-02
8.739318756890959716e-02
8.737447233305051242e-02
8.735576569161664084e-02
8.733706762399794099e-02
8.731837810966182334e-02
8.729969712815301153e-02
8.728102465909308438e-02
8.726236068218019837e-02
8.724370517718890716e-02
8.722505812396968983e-02
8.720641950244882590e-02
8.718778929262797905e-02
8.716916747458397507e-02
8.715055402846848265e-02
8.713194893450770806e-02
8.711335217300214540e-02
8.709476372432628510e-02
8.707618356892823930e-02
8.705761168732961686e-02
8.703904806012507933e-02
8.702049266798216054e-02
8.700194549164093349e-02
8.698340651191378836e-02
8.696487570968503000e-02
8.694635306591076696e-02
8.692783856161846734e-02
8.690933217790682008e-02
8.689083389594538798e-02
8.687234369697428849e-02
8.685386156230404109e-02
8.683538747331519259e-02
8.681692141145809505e-02
8.679846335825261439e-02
8.678001329528790830e-02
8.676157120422202385e-02
8.674313706678180025e-02
8.672471086476253588e-02
8.670629258002766904e-02
8.668788219450852817e-02
8.666947969020417919e-02
8.665108504918106469e-02
8.663269825357269860e-02
8.661431928557952742e-02
8.659594812746858328e-02
8.657758476157324801e-02
8.655922917029301722e-02
8.654088133609325051e-02
8.652254124150483838e-02
8.650420886912404961e-02
8.648588420161219814e-02
8.646756722169542109e-02
8.644925791216448441e-02
8.643095625587443598e-02
8.641266223574439742e-02
8.639437583475728655e-02
8.637609703595970634e-02
8.635782582246148698e-02
8.633956217743558870e-02
8.632130608411781036e-02
8.630305752580655354e-02
8.628481648586257269e-02
8.626658294770873925e-02
8.624835689482980572e-02
8.623013831077211422e-02
8.621192717914348547e-02
8.619372348361281633e-02
8.617552720790998266e-02
8.615733833582549239e-02
8.613915685121034671e-02
8.612098273797574866e-02
8.610281598009288107e-02
8.608465656159265678e-02
8.606650446656555209e-02
8.604835967916125983e-02
8.603022218358860607e-02
8.601209196411520319e-02
8.599396900506724173e-02
8.597585329082935157e-02
8.595774480584426891e-02
8.593964353461261418e-02
8.592154946169275331e-02
8.590346257170056177e-02
8.588538284930907762e-02
8.586731027924841830e-02
8.584924484630547525e-02
8.583118653532380293e-02
8.581313533120325798e-02
8.579509121889981882e-02
8.577705418342547461e-02
8.575902420984786445e-02
8.574100128329019410e-02
8.572298538893090292e-02
8.570497651200349731e-02
8.568697463779637036e-02
8.566897975165252421e-02
8.565099183896941748e-02
8.563301088519875703e-02
8.561503687584622047e-02
8.559706979647126179e-02
8.557910963268698656e-02
8.556115637015984654e-02
8.554320999460951480e-02
8.552527049180859431e-02
8.550733784758249301e-02
8.548941204780913239e-02
8.547149307841882260e-02
8.545358092539406814e-02
8.543567557476924867e-02
8.541777701263054967e-02
8.539988522511569868e-02
8.538200019841379884e-02
8.536412191876502353e-02
8.534625037246064416e-02
8.532838554584254442e-02
8.531052742530326194e-02
8.529267599728562743e-02
8.527483124828275085e-02
8.525699316483760504e-02
8.523916173354302572e-02
8.522133694104139234e-02
8.520351877402450314e-02
8.518570721923332534e-02
8.516790226345791193e-02
8.515010389353708242e-02
8.513231209635829799e-02
8.511452685885753655e-02
8.509674816801891806e-02
8.507897601087473227e-02
8.506121037450510569e-02
8.504345124603789052e-02
8.502569861264845652e-02
8.500795246155951057e-02
8.499021278004087465e-02
8.497247955540936093e-02
8.495475277502857747e-02
8.493703242630872008e-02
8.491931849670640575e-02
8.490161097372452004e-02
8.488390984491198110e-02
8.486621509786360096e-02
8.484852672021990505e-02
8.483084469966696572e-02
8.481316902393618018e-02
8.479549968080411781e-02
8.477783665809240921e-02
8.476017994366744079e-02
8.474252952544034101e-02
8.472488539136661945e-02
8.470724752944616687e-02
8.468961592772299152e-02
8.467199057428508036e-02
8.465437145726421864e-02
8.463675856483578175e-02
8.461915188521867970e-02
8.460155140667502405e-02
8.458395711751010015e-02
8.456636900607217289e-02
8.454878706075222294e-02
8.453121126998396073e-02
8.451364162224342391e-02
8.449607810604904679e-02
8.447852070996139662e-02
8.446096942258292384e-02
8.444342423255794816e-02
8.442588512857243654e-02
8.440835209935379502e-02
8.439082513367081317e-02
8.437330422033337274e-02
8.435578934819240593e-02
8.433828050613964566e-02
8.432077768310758392e-02
8.430328086806915255e-02
8.428579005003772329e-02
8.426830521806684404e-02
8.425082636125010016e-02
8.423335346872107277e-02
8.421588652965296407e-02
8.419842553325869450e-02
8.418097046879052803e-02
8.416352132554007215e-02
8.414607809283805584e-02
8.412864076005421854e-02
8.411120931659707423e-02
8.409378375191388366e-02
8.407636405549039071e-02
8.405895021685079460e-02
8.404154222555744458e-02
8.402414007121082606e-02
8.400674374344938022e-02
8.398935323194929581e-02
8.397196852642445364e-02
8.395458961662619068e-02
8.393721649234327231e-02
8.391984914340160084e-02
8.390248755966418781e-02
8.388513173103095966e-02
8.386778164743859121e-02
8.385043729886049180e-02
8.383309867530645831e-02
8.381576576682274460e-02
8.379843856349170061e-02
8.378111705543185572e-02
8.376380123279762724e-02
8.374649108577926493e-02
8.372918660460264284e-02
8.371188777952910665e-02
8.369459460085551528e-02
8.367730705891389398e-02
8.366002514407132329e-02
8.364274884672999455e-02
8.362547815732680745e-02
8.360821306633342553e-02
8.359095356425608192e-02
8.357369964163542664e-02
8.355645128904642949e-02
8.353920849709821350e-02
8.352197125643397169e-02
8.350473955773073109e-02
8.348751339169936669e-02
8.347029274908435159e-02
8.345307762066370150e-02
8.343586799724879433e-02
8.341866386968425917e-02
8.340146522884786529e-02
8.338427206565038330e-02
8.336708437103546032e-02
8.334990213597943953e-02
8.333272535149131854e-02
8.331555400861256899e-02
8.329838809841702552e-02
8.328122761201083024e-02
8.326407254053211360e-02
8.324692287515106370e-02
8.322977860706974595e-02
8.321263972752196425e-02
8.319550622777312221e-02
8.317837809912011215e-02
8.316125533289123184e-02
8.314413792044603180e-02
8.312702585317516268e-02
8.310991912250031977e-02
8.309281771987409027e-02
8.307572163677980071e-02
8.305863086473148915e-02
8.304154539527366929e-02
8.302446521998130269e-02
8.300739033045964610e-02
8.299032071834415436e-02
8.297325637530032771e-02
8.295619729302360079e-02
8.293914346323928710e-02
8.292209487770239862e-02
8.290505152819753476e-02
8.288801340653878524e-02
8.287098050456963294e-02
8.285395281416282898e-02
8.283693032722024008e-02
8.281991303567277918e-02
8.280290093148032216e-02
8.278589400663147191e-02
8.276889225314359999e-02
8.275189566306268008e-02
8.273490422846309367e-02
8.271791794144764398e-02
8.270093679414736165e-02
8.268396077872146310e-02
8.266698988735717013e-02
8.265002411226964052e-02
8.263306344570187090e-02
8.261610787992458571e-02
8.259915740723608457e-02
8.258221201996218674e-02
8.256527171045610625e-02
8.254833647109834083e-02
8.253140629429654707e-02
8.251448117248555425e-02
8.249756109812707294e-02
8.248064606370972274e-02
8.246373606174883797e-02
8.244683108478649547e-02
8.242993112539132028e-02
8.241303617615830523e-02
8.239614622970892199e-02
8.237926127869080184e-02
8.236238131577777732e-02
8.234550633366971573e-02
8.232863632509239415e-02
8.231177128279752730e-02
8.229491119956251766e-02
8.227805606819039996e-02
8.226120588150982738e-02
8.224436063237484940e-02
8.222752031366488412e-02
8.221068491828462110e-02
8.219385443916386869e-02
8.217702886925752626e-02
8.216020820154551485e-02
8.214339242903245797e-02
8.212658154474793137e-02
8.210977554174603288e-02
8.209297441310561827e-02
8.207617815192984334e-02
8.205938675134634430e-02
8.204260020450709900e-02
8.202581850458816326e-02
8.200904164478980962e-02
8.199226961833627758e-02
8.197550241847575969e-02
8.195874003848024891e-02
8.194198247164545534e-02
8.192522971129083398e-02
8.190848175075927939e-02
8.189173858341719514e-02
8.187500020265439660e-02
8.185826660188393056e-02
8.184153777454204748e-02
8.182481371408811821e-02
8.180809441400450910e-02
8.179137986779655423e-02
8.177467006899233337e-02
8.175796501114278303e-02
8.174126468782144661e-02
8.172456909262440505e-02
8.170787821917030458e-02
8.169119206110012077e-02
8.167451061207720020e-02
8.165783386578706615e-02
8.164116181593744637e-02
8.162449445625800937e-02
8.160783178050051712e-02
8.159117378243853358e-02
8.157452045586748024e-02
8.155787179460446956e-02
8.154122779248822173e-02
8.152458844337902300e-02
8.150795374115868408e-02
8.149132367973030422e-02
8.147469825301831281e-02
8.145807745496840002e-02
8.144146127954735026e-02
8.142484972074298666e-02
8.140824277256419883e-02
8.139164042904062368e-02
8.137504268422281195e-02
8.135844953218203390e-02
8.134186096701020996e-02
8.132527698281977191e-02
8.130869757374370455e-02
8.129212273393542076e-02
8.127555245756859503e-02
8.125898673883721890e-02
8.124242557195546222e-02
8.122586895115753436e-02
8.120931687069772587e-02
8.119276932485021414e-02
8.117622630790914673e-02
8.115968781418836375e-02
8.114315383802142567e-02
8.112662437376155777e-02
8.111009941578158078e-02
8.109357895847373043e-02
8.107706299624971302e-02
8.106055152354055271e-02
8.104404453479649439e-02
8.102754202448705922e-02
8.101104398710082255e-02
8.099455041714535841e-02
8.097806130914730893e-02
8.096157665765213451e-02
8.094509645722415547e-02
8.092862070244635775e-02
8.091214938792057332e-02
8.089568250826703610e-02
8.087922005812464565e-02
8.086276203215074510e-02
8.084630842502099624e-02
8.082985923142946283e-02
8.081341444608838853e-02
8.079697406372825241e-02
8.078053807909756079e-02
8.076410648696297212e-02
8.074767928210900558e-02
8.073125645933812433e-02
8.071483801347062448e-02
8.069842393934452407e-02
8.068201423181559084e-02
8.066560888575717569e-02
8.064920789606018492e-02
8.063281125763303858e-02
8.061641896540153174e-02
8.060003101430887607e-02
8.058364739931549170e-02
8.056726811539911826e-02
8.055089315755452339e-02
8.053452252079364160e-02
8.051815620014544927e-02
8.050179419065582598e-02
8.048543648738752665e-02
8.046908308542019550e-02
8.045273397985015784e-02
8.043638916579053111e-02
8.042004863837098894e-02
8.040371239273777504e-02
8.038738042405367545e-02
8.037105272749786589e-02
8.035472929826595334e-02
8.033841013156982347e-02
8.032209522263759893e-02
8.030578456671361165e-02
8.028947815905831953e-02
8.027317599494823708e-02
8.025687806967587989e-02
8.024058437854969528e-02
8.022429491689399284e-02
8.020800968004893061e-02
8.019172866337044570e-02
8.017545186223010156e-02
8.015917927201512971e-02
8.014291088812831865e-02
8.012664670598801386e-02
8.011038672102796521e-02
8.009413092869734074e-02
8.007787932446064350e-02
8.006163190379764205e-02
8.004538866220335669e-02
8.002914959518790672e-02
8.001291469827653824e-02
7.999668396700955475e-02
7.998045739694224776e-02
7.996423498364478577e-02
7.994801672270226978e-02
7.993180260971453899e-02
7.991559264029628185e-02
7.989938681007680010e-02
7.988318511470009209e-02
7.986698754982465842e-02
7.985079411112364078e-02
7.983460479428457213e-02
7.981841959500945993e-02
7.980223850901459193e-02
7.978606153203061935e-02
7.976988865980247367e-02
7.975371988808918622e-02
7.973755521266402690e-02
7.972139462931426834e-02
7.970523813384129685e-02
7.968908572206040430e-02
7.967293738980088524e-02
7.965679313290581487e-02
7.964065294723211841e-02
7.962451682865054337e-02
7.960838477304546523e-02
7.959225677631497076e-02
7.957613283437073304e-02
7.956001294313795602e-02
7.954389709855541613e-02
7.952778529657526796e-02
7.951167753316307207e-02
7.949557380429776721e-02
7.947947410597154538e-02
7.946337843418992131e-02
7.944728678497148255e-02
7.943119915434808387e-02
7.941511553836454185e-02
7.939903593307881535e-02
7.938296033456183898e-02
7.936688873889745366e-02
7.935082114218237892e-02
7.933475754052621287e-02
7.931869793005134894e-02
7.930264230689290650e-02
7.928659066719868920e-02
7.927054300712915724e-02
7.925449932285735799e-02
7.923845961056887044e-02
7.922242386646186074e-02
7.920639208674681853e-02
7.919036426764672343e-02
7.917434040539686468e-02
7.915832049624491051e-02
7.914230453645067220e-02
7.912629252228624288e-02
7.911028445003594201e-02
7.909428031599609332e-02
7.907828011647513589e-02
7.906228384779359630e-02
7.904629150628389445e-02
7.903030308829042672e-02
7.901431859016946890e-02
7.899833800828912067e-02
7.898236133902936107e-02
7.896638857878177098e-02
7.895041972394981067e-02
7.893445477094844509e-02
7.891849371620439368e-02
7.890253655615581119e-02
7.888658328725250968e-02
7.887063390595570878e-02
7.885468840873806340e-02
7.883874679208363601e-02
7.882280905248788272e-02
7.880687518645751455e-02
7.879094519051051126e-02
7.877501906117609365e-02
7.875909679499466798e-02
7.874317838851771501e-02
7.872726383830791486e-02
7.871135314093891111e-02
7.869544629299533856e-02
7.867954329107286482e-02
7.866364413177805159e-02
7.864774881172832688e-02
7.863185732755198498e-02
7.861596967588810325e-02
7.860008585338650045e-02
7.858420585670772285e-02
7.856832968252300264e-02
7.855245732751417465e-02
7.853658878837367630e-02
7.852072406180451991e-02
7.850486314452018166e-02
7.848900603324467096e-02
7.847315272471236391e-02
7.845730321566804499e-02
7.844145750286687924e-02
7.842561558307427350e-02
7.840977745306600133e-02
7.839394310962798096e-02
7.837811254955637241e-02
7.836228576965743875e-02
7.834646276674760157e-02
7.833064353765337162e-02
7.831482807921123779e-02
7.829901638826770871e-02
7.828320846167929892e-02
7.826740429631236229e-02
7.825160388904316144e-02
7.823580723675788162e-02
7.822001433635239476e-02
7.820422518473242601e-02
7.818843977881340113e-02
7.817265811552044641e-02
7.815688019178831936e-02
7.814110600456146416e-02
7.812533555079383130e-02
7.810956882744898855e-02
7.809380583149989896e-02
7.807804655992918452e-02
7.806229100972870982e-02
7.804653917789985962e-02
7.803079106145337229e-02
7.801504665740924271e-02
7.799930596279686101e-02
7.798356897465477666e-02
7.796783569003086500e-02
7.795210610598209133e-02
7.793638021957459416e-02
7.792065802788368523e-02
7.790493952799369681e-02
7.788922471699803729e-02
7.787351359199912171e-02
7.785780615010833017e-02
7.784210238844602170e-02
7.782640230414138161e-02
7.781070589433256024e-02
7.779501315616650647e-02
7.777932408679900933e-02
7.776363868339454533e-02
7.774795694312641725e-02
7.773227886317662927e-02
7.771660444073578977e-02
7.770093367300322240e-02
7.768526655718678564e-02
7.766960309050299771e-02
7.765394327017682841e-02
7.763828709344181012e-02
7.762263455753992680e-02
7.760698565972162788e-02
7.759134039724571719e-02
7.757569876737945014e-02
7.756006076739839494e-02
7.754442639458643260e-02
7.752879564623570141e-02
7.751316851964662469e-02
7.749754501212784141e-02
7.748192512099617846e-02
7.746630884357656732e-02
7.745069617720214128e-02
7.743508711921409660e-02
7.741948166696166478e-02
7.740387981780214033e-02
7.738828156910082523e-02
7.737268691823097344e-02
7.735709586257373538e-02
7.734150839951825507e-02
7.732592452646153136e-02
7.731034424080837630e-02
7.729476753997144289e-02
7.727919442137115569e-02
7.726362488243575244e-02
7.724805892060113144e-02
7.723249653331092091e-02
7.721693771801642348e-02
7.720138247217663008e-02
7.718583079325802565e-02
7.717028267873476954e-02
7.715473812608855675e-02
7.713919713280857626e-02
7.712365969639158048e-02
7.710812581434167701e-02
7.709259548417059238e-02
7.707706870339725569e-02
7.706154546954810391e-02
7.704602578015690151e-02
7.703050963276471264e-02
7.701499702491997057e-02
7.699948795417828340e-02
7.698398241810257281e-02
7.696848041426296305e-02
7.695298194023673932e-02
7.693748699360832000e-02
7.692199557196933990e-02
7.690650767291848378e-02
7.689102329406151404e-02
7.687554243301125689e-02
7.686006508738756071e-02
7.684459125481725439e-02
7.682912093293416123e-02
7.681365411937902954e-02
7.679819081179953266e-02
7.678273100785022731e-02
7.676727470519255359e-02
7.675182190149477945e-02
7.673637259443194525e-02
7.672092678168596080e-02
7.670548446094539730e-02
7.669004562990563989e-02
7.667461028626874897e-02
7.665917842774347402e-02
7.664375005204519808e-02
7.662832515689597945e-02
7.661290374002444059e-02
7.659748579916582367e-02
7.658207133206190731e-02
7.656666033646097880e-02
7.655125281011787575e-02
7.653584875079388894e-02
7.652044815625676233e-02
7.650505102428070692e-02
7.648965735264626198e-02
7.647426713914047547e-02
7.645888038155664035e-02
7.644349707769444724e-02
7.642811722535984564e-02
7.641274082236511334e-02
7.639736786652881473e-02
7.638199835567566209e-02
7.636663228763665434e-02
7.635126966024900763e-02
7.633591047135597496e-02
7.632055471880712372e-02
7.630520240045800262e-02
7.628985351417036376e-02
7.627450805781192666e-02
7.625916602925650323e-02
7.624382742638402544e-02
7.622849224708028171e-02
7.621316048923712505e-02
7.619783215075238980e-02
7.618250722952976672e-02
7.616718572347891403e-02
7.615186763051537411e-02
7.613655294856054578e-02
7.612124167554172594e-02
7.610593380939190133e-02
7.609062934805004008e-02
7.607532828946075854e-02
7.606003063157447397e-02
7.604473637234734906e-02
7.602944550974125026e-02
7.601415804172372004e-02
7.599887396626800462e-02
7.598359328135297075e-02
7.596831598496313342e-02
7.595304207508860039e-02
7.593777154972508603e-02
7.592250440687382806e-02
7.590724064454162923e-02
7.589198026074080172e-02
7.587672325348918112e-02
7.586146962081011247e-02
7.584621936073228377e-02
7.583097247128996188e-02
7.581572895052270111e-02
7.580048879647555138e-02
7.578525200719889166e-02
7.577001858074847163e-02
7.575478851518537005e-02
7.573956180857595311e-02
7.572433845899194382e-02
7.570911846451031102e-02
7.569390182321325544e-02
7.567868853318822364e-02
7.566347859252788022e-02
7.564827199933009394e-02
7.563306875169790999e-02
7.561786884773949446e-02
7.560267228556821761e-02
7.558747906330247346e-02
7.557228917906584631e-02
7.555710263098693036e-02
7.554191941719938519e-02
7.552673953584196354e-02
7.551156298505838638e-02
7.549638976299739845e-02
7.548121986781268500e-02
7.546605329766298276e-02
7.545089005071187183e-02
7.543573012512791442e-02
7.542057351908455776e-02
7.540542023076016176e-02
7.539027025833792972e-02
7.537512360000593603e-02
7.535998025395708455e-02
7.534484021838908085e-02
7.532970349150441836e-02
7.531457007151040606e-02
7.529943995661908529e-02
7.528431314504722971e-02
7.526918963501635917e-02
7.525406942475268424e-02
7.523895251248713389e-02
7.522383889645527233e-02
7.520872857489728502e-02
7.519362154605810367e-02
7.517851780818717022e-02
7.516341735953854797e-02
7.514832019837093535e-02
7.513322632294754111e-02
7.511813573153611201e-02
7.510304842240900225e-02
7.508796439384300692e-02
7.507288364411944526e-02
7.505780617152411904e-02
7.504273197434725706e-02
7.502766105088354287e-02
7.501259339943218418e-02
7.499752901829663532e-02
7.498246790578490251e-02
7.496741006020925246e-02
7.495235547988637892e-02
7.493730416313730547e-02
7.492225610828739946e-02
7.490721131366626095e-02
7.489216977760791705e-02
7.487713149845057203e-02
7.486209647453676008e-02
7.484706470421319258e-02
7.483203618583086913e-02
7.481701091774499435e-02
7.480198889831493614e-02
7.478697012590430904e-02
7.477195459888084927e-02
7.475694231561644254e-02
7.474193327448715174e-02
7.472692747387311984e-02
7.471192491215861153e-02
7.469692558773198543e-02
7.468192949898566635e-02
7.466693664431614530e-02
7.465194702212395172e-02
7.463696063081361187e-02
7.462197746879375981e-02
7.460699753447691540e-02
7.459202082627963692e-02
7.457704734262243784e-02
7.456207708192982841e-02
7.454711004263019081e-02
7.453214622315586235e-02
7.451718562194309392e-02
7.450222823743199441e-02
7.448727406806662787e-02
7.447232311229481927e-02
7.445737536856832095e-02
7.444243083534271554e-02
7.442748951107736044e-02
7.441255139423544329e-02
7.439761648328396815e-02
7.438268477669364442e-02
7.436775627293909507e-02
7.435283097049848189e-02
7.433790886785389407e-02
7.432298996349100129e-02
7.430807425589928961e-02
7.429316174357182556e-02
7.427825242500547820e-02
7.426334629870068316e-02
7.424844336316159532e-02
7.423354361689593617e-02
7.421864705841510479e-02
7.420375368623412238e-02
7.418886349887156284e-02
7.417397649484959443e-02
7.415909267269395200e-02
7.414421203093397861e-02
7.412933456810247290e-02
7.411446028273585562e-02
7.409958917337397533e-02
7.408472123856023328e-02
7.406985647684154184e-02
7.405499488676821340e-02
7.404013646689411310e-02
7.402528121577651998e-02
7.401042913197609929e-02
7.399558021405702735e-02
7.398073446058683889e-02
7.396589187013648259e-02
7.395105244128029331e-02
7.393621617259600598e-02
7.392138306266463066e-02
7.390655311007061912e-02
7.389172631340171216e-02
7.387690267124900900e-02
7.386208218220688404e-02
7.384726484487302844e-02
7.383245065784836692e-02
7.381763961973719645e-02
7.380283172914701983e-02
7.378802698468857335e-02
7.377322538497584070e-02
7.375842692862606687e-02
7.374363161425964708e-02
7.372883944050023786e-02
7.371405040597463210e-02
7.369926450931285622e-02
7.368448174914804527e-02
7.366970212411649843e-02
7.365492563285772065e-02
7.364015227401425612e-02
7.362538204623179927e-02
7.361061494815913930e-02
7.359585097844824342e-02
7.358109013575404866e-02
7.356633241873460072e-02
7.355157782605101224e-02
7.353682635636749065e-02
7.352207800835118545e-02
7.350733278067231313e-02
7.349259067200415718e-02
7.347785168102292930e-02
7.346311580640786654e-02
7.344838304684116193e-02
7.343365340100803385e-02
7.341892686759660114e-02
7.340420344529793861e-02
7.338948313280607705e-02
7.337476592881797544e-02
7.336005183203347935e-02
7.334534084115536257e-02
7.333063295488927158e-02
7.331592817194375333e-02
7.330122649103021359e-02
7.328652791086293083e-02
7.327183243015900072e-02
7.325714004763840548e-02
7.324245076202391680e-02
7.322776457204112355e-02
7.321308147641847341e-02
7.319840147388714802e-02
7.318372456318111841e-02
7.316905074303718670e-02
7.315438001219488895e-02
7.313971236939649512e-02
7.312504781338703685e-02
7.311038634291429361e-02
7.309572795672876488e-02
7.308107265358364246e-02
7.306642043223482430e-02
7.305177129144094228e-02
7.303712522996326506e-02
7.302248224656579523e-02
7.300784234001508888e-02
7.299320550908047767e-02
7.297857175253388839e-02
7.296394106914984301e-02
7.294931345770556963e-02
7.293468891698084988e-02
7.292006744575807442e-02
7.290544904282222904e-02
7.289083370696093633e-02
7.287622143696434462e-02
7.286161223162518352e-02
7.284700608973870839e-02
7.283240301010279749e-02
7.281780299151777158e-02
7.280320603278658820e-02
7.278861213271459185e-02
7.277402129010977772e-02
7.275943350378254182e-02
7.274484877254579207e-02
7.273026709521494826e-02
7.271568847060787266e-02
7.270111289754489781e-02
7.268654037484884034e-02
7.267197090134491777e-02
7.265740447586081785e-02
7.264284109722660143e-02
7.262828076427485513e-02
7.261372347584042763e-02
7.259916923076067952e-02
7.258461802787535833e-02
7.257006986602652920e-02
7.255552474405869978e-02
7.254098266081866753e-02
7.252644361515565852e-02
7.251190760592120255e-02
7.249737463196917475e-02
7.248284469215582337e-02
7.246831778533964485e-02
7.245379391038149486e-02
7.243927306614454664e-02
7.242475525149422166e-02
7.241024046529825897e-02
7.239572870642667357e-02
7.238121997375174255e-02
7.236671426614800506e-02
7.235221158249227624e-02
7.233771192166359165e-02
7.232321528254323506e-02
7.230872166401468293e-02
7.229423106496372931e-02
7.227974348427824991e-02
7.226525892084843805e-02
7.225077737356661034e-02
7.223629884132730383e-02
7.222182332302722052e-02
7.220735081756524121e-02
7.219288132384241163e-02
7.217841484076195635e-02
7.216395136722919545e-02
7.214949090215162786e-02
7.213503344443883414e-02
7.212057899300261532e-02
7.210612754675681246e-02
7.209167910461738993e-02
7.207723366550240762e-02
7.206279122833204875e-02
7.204835179202855044e-02
7.203391535551621760e-02
7.201948191772143681e-02
7.200505147757273183e-02
7.199062403400054155e-02
7.197619958593746980e-02
7.196177813231809106e-02
7.194735967207904759e-02
7.193294420415899393e-02
7.191853172749859691e-02
7.190412224104053562e-02
7.188971574372950146e-02
7.187531223451215645e-02
7.186091171233720265e-02
7.184651417615524338e-02
7.183211962491892200e-02
7.181772805758283862e-02
7.180333947310350851e-02
7.178895387043943144e-02
7.177457124855106396e-02
7.176019160640080552e-02
7.174581494295290129e-02
7.173144125717363651e-02
7.171707054803112824e-02
7.170270281449545036e-02
7.168833805553853633e-02
7.167397627013426253e-02
7.165961745725835108e-02
7.164526161588842534e-02
7.163090874500399607e-02
7.161655884358640589e-02
7.160221191061891255e-02
7.158786794508655016e-02
7.157352694597626797e-02
7.155918891227683321e-02
7.154485384297880335e-02
7.153052173707466488e-02
7.151619259355861125e-02
7.150186641142672328e-02
7.148754318967685817e-02
7.147322292730869109e-02
7.145890562332364582e-02
7.144459127672500576e-02
7.143027988651778903e-02
7.141597145170879013e-02
7.140166597130656601e-02
7.138736344432144998e-02
7.137306386976553785e-02
7.135876724665264625e-02
7.134447357399835432e-02
7.133018285081996201e-02
7.131589507613653178e-02
7.130161024896876365e-02
7.128732836833921727e-02
7.127304943327203435e-02
7.125877344279309134e-02
7.124450039593001327e-02
7.123023029171204890e-02
7.121596312917019556e-02
7.120169890733707430e-02
7.118743762524702701e-02
7.117317928193601928e-02
7.115892387644172368e-02
7.114467140780339482e-02
7.113042187506204983e-02
7.111617527726024623e-02
7.110193161344223467e-02
7.108769088265386171e-02
7.107345308394261152e-02
7.105921821635763358e-02
7.104498627894960394e-02
7.103075727077086399e-02
7.101653119087537880e-02
7.100230803831862614e-02
7.098808781215776298e-02
7.097387051145148673e-02
7.095965613526004911e-02
7.094544468264533943e-02
7.093123615267074578e-02
7.091703054440133547e-02
7.090282785690352196e-02
7.088862808924550896e-02
7.087443124049684628e-02
7.086023730972877688e-02
7.084604629601393144e-02
7.083185819842661990e-02
7.081767301604258158e-02
7.080349074793906849e-02
7.078931139319487309e-02
7.077513495089031437e-02
7.076096142010716850e-02
7.074679079992872432e-02
7.073262308943976950e-02
7.071845828772657661e-02
7.070429639387684762e-02
7.069013740697983883e-02
7.067598132612623596e-02
7.066182815040815413e-02
7.064767787891923501e-02
7.063353051075452194e-02
7.061938604501054317e-02
7.060524448078521476e-02
7.059110581717792376e-02
7.057697005328954221e-02
7.056283718822224660e-02
7.054870722107972614e-02
7.053458015096707168e-02
7.052045597699080348e-02
7.050633469825876021e-02
7.049221631388029319e-02
7.047810082296608603e-02
7.046398822462825173e-02
7.044987851798019396e-02
7.043577170213687066e-02
7.042166777621443330e-02
7.040756673933051824e-02
7.039346859060410799e-02
7.037937332915553124e-02
7.036528095410646277e-02
7.035119146457995132e-02
7.033710485970039172e-02
7.032302113859351111e-02
7.030894030038634113e-02
7.029486234420735669e-02
7.028078726918622621e-02
7.026671507445406140e-02
7.025264575914313969e-02
7.023857932238725121e-02
7.022451576332131018e-02
7.021045508108163247e-02
7.019639727480583846e-02
7.018234234363282531e-02
7.016829028670271140e-02
7.015424110315704453e-02
7.014019479213851049e-02
7.012615135279116896e-02
7.011211078426030086e-02
7.009807308569249162e-02
7.008403825623554795e-02
7.007000629503856715e-02
7.005597720125189554e-02
7.004195097402712844e-02
7.002792761251706855e-02
7.001390711587582305e-02
6.999988948325869265e-02
6.998587471382221314e-02
6.997186280672418324e-02
6.995785376112359510e-02
6.994384757618062054e-02
6.992984425105672197e-02
6.991584378491452756e-02
6.990184617691791447e-02
6.988785142623189783e-02
6.987385953202271405e-02
6.985987049345777911e-02
6.984588430970579964e-02
6.983190097993652312e-02
6.981792050332093214e-02
6.980394287903121664e-02
6.978996810624074620e-02
6.977599618412395899e-02
6.976202711185656991e-02
6.974806088861543185e-02
6.973409751357846631e-02
6.972013698592485764e-02
6.970617930483488656e-02
6.969222446948994398e-02
6.967827247907265598e-02
6.966432333276667555e-02
6.965037702975686307e-02
6.963643356922920302e-02
6.962249295037076235e-02
6.960855517236973211e-02
6.959462023441544132e-02
6.958068813569830147e-02
6.956675887540990366e-02
6.955283245274283821e-02
6.953890886689090278e-02
6.952498811704888038e-02
6.951107020241276135e-02
6.949715512217950752e-02
6.948324287554726031e-02
6.946933346171520196e-02
6.945542687988359720e-02
6.944152312925375159e-02
6.942762220902812254e-02
6.941372411841013890e-02
6.939982885660438139e-02
6.938593642281636054e-02
6.937204681625280811e-02
6.935816003612137182e-02
6.934427608163079571e-02
6.933039495199089242e-02
6.931651664641245991e-02
6.930264116410736475e-02
6.928876850428852818e-02
6.927489866616984293e-02
6.926103164896628417e-02
6.924716745189381240e-02
6.923330607416941507e-02
6.921944751501109272e-02
6.920559177363788672e-02
6.919173884926980989e-02
6.917788874112786035e-02
6.916404144843407709e-02
6.915019697041152602e-02
6.913635530628417514e-02
6.912251645527707489e-02
6.910868041661617778e-02
6.909484718952847715e-02
6.908101677324196555e-02
6.906718916698553756e-02
6.905336436998912863e-02
6.903954238148359013e-02
6.902572320070077261e-02
6.901190682687351197e-02
6.899809325923556003e-02
6.898428249702162618e-02
6.897047453946739126e-02
6.895666938580949368e-02
6.894286703528550164e-02
6.892906748713391318e-02
6.891527074059421165e-02
6.890147679490678245e-02
6.888768564931295468e-02
6.887389730305495950e-02
6.886011175537599949e-02
6.884632900552020707e-02
6.883254905273254731e-02
6.881877189625902613e-02
6.880499753534644047e-02
6.879122596924262811e-02
6.877745719719623174e-02
6.876369121845683774e-02
6.874992803227494842e-02
6.873616763790192652e-02
6.872241003459005071e-02
6.870865522159250172e-02
6.869490319816334845e-02
6.868115396355750635e-02
6.866740751703086232e-02
6.865366385784008041e-02
6.863992298524274061e-02
6.862618489849733883e-02
6.861244959686318978e-02
6.859871707960053799e-02
6.858498734597040514e-02
6.857126039523471495e-02
6.855753622665627933e-02
6.854381483949874287e-02
6.853009623302659670e-02
6.851638040650519235e-02
6.850266735920076955e-02
6.848895709038027579e-02
6.847524959931167166e-02
6.846154488526368098e-02
6.844784294750580478e-02
6.843414378530848774e-02
6.842044739794295172e-02
6.840675378468122347e-02
6.839306294479620407e-02
6.837937487756158561e-02
6.836568958225185122e-02
6.835200705814237221e-02
6.833832730450928317e-02
6.832465032062956523e-02
6.831097610578094892e-02
6.829730465924203908e-02
6.828363598029218995e-02
6.826997006821157454e-02
6.825630692228117080e-02
6.824264654178276157e-02
6.822898892599889298e-02
6.821533407421291606e-02
6.820168198570893126e-02
6.818803265977192718e-02
6.817438609568753083e-02
6.816074229274229901e-02
6.814710125022339915e-02
6.813346296741891461e-02
6.811982744361763653e-02
6.810619467810914707e-02
6.809256467018373615e-02
6.807893741913251251e-02
6.806531292424736201e-02
6.805169118482087831e-02
6.803807220014643220e-02
6.802445596951813001e-02
6.801084249223086908e-02
6.799723176758025456e-02
6.798362379486268259e-02
6.797001857337522934e-02
6.795641610241573427e-02
6.794281638128278622e-02
6.792921940927573732e-02
6.791562518569463358e-02
6.790203370984025655e-02
6.788844498101410940e-02
6.787485899851844473e-02
6.786127576165619513e-02
6.784769526973108422e-02
6.783411752204746015e-02
6.782054251791050370e-02
6.780697025662600630e-02
6.779340073750050877e-02
6.777983395984127357e-02
6.776626992295624319e-02
6.775270862615410949e-02
6.773915006874418887e-02
6.772559425003657485e-02
6.771204116934202710e-02
6.769849082597198531e-02
6.768494321923861079e-02
6.767139834845471713e-02
6.765785621293383956e-02
6.764431681199019331e-02
6.763078014493867363e-02
6.761724621109485578e-02
6.760371500977495340e-02
6.759018654029597117e-02
6.757666080197546887e-02
6.756313779413170018e-02
6.754961751608365428e-02
6.753609996715091712e-02
6.752258514665378242e-02
6.750907305391319613e-02
6.749556368825075647e-02
6.748205704898871393e-02
6.746855313545001287e-02
6.745505194695818052e-02
6.744155348283752127e-02
6.742805774241286687e-02
6.741456472500970132e-02
6.740107442995425802e-02
6.738758685657335323e-02
6.737410200419439998e-02
6.736061987214553293e-02
6.734714045975546959e-02
6.733366376635357975e-02
6.732018979126987157e-02
6.730671853383497771e-02
6.729324999338016922e-02
6.727978416923735550e-02
6.726632106073900108e-02
6.725286066721830602e-02
6.723940298800896997e-02
6.722594802244544199e-02
6.721249576986267071e-02
6.719904622959631257e-02
6.718559940098252359e-02
6.717215528335822305e-02
6.715871387606077436e-02
6.714527517842833193e-02
6.713183918979946652e-02
6.711840590951349828e-02
6.710497533691024696e-02
6.709154747133022623e-02
6.707812231211444931e-02
6.706469985860459559e-02
6.705128011014289957e-02
6.703786306607226186e-02
6.702444872573602719e-02
6.701103708847827578e-02
6.699762815364358748e-02
6.698422192057718050e-02
6.697081838862477265e-02
6.695741755713276178e-02
6.694401942544808692e-02
6.693062399291821452e-02
6.691723125889126322e-02
6.690384122271589296e-02
6.689045388374127710e-02
6.687706924131726904e-02
6.686368729479422179e-02
6.685030804352301570e-02
6.683693148685521113e-02
6.682355762414284028e-02
6.681018645473850437e-02
6.679681797799538745e-02
6.678345219326721482e-02
6.677008909990826691e-02
6.675672869727340697e-02
6.674337098471802565e-02
6.673001596159801319e-02
6.671666362726991206e-02
6.670331398109073662e-02
6.668996702241805630e-02
6.667662275060999566e-02
6.666328116502523438e-02
6.664994226502295172e-02
6.663660604996290981e-02
6.662327251920535653e-02
6.660994167211112260e-02
6.659661350804153834e-02
6.658328802635847532e-02
6.656996522642433245e-02
6.655664510760204988e-02
6.654332766925509512e-02
6.653001291074742141e-02
6.651670083144352319e-02
6.650339143070846393e-02
6.649008470790775116e-02
6.647678066240744754e-02
6.646347929357414308e-02
6.645018060077491351e-02
6.643688458337736191e-02
6.642359124074961874e-02
6.641030057226028627e-02
6.639701257727850803e-02
6.638372725517392714e-02
6.637044460531668633e-02
6.635716462707737240e-02
6.634388731982725218e-02
6.633061268293784229e-02
6.631734071578138101e-02
6.630407141773046742e-02
6.629080478815826960e-02
6.627754082643838585e-02
6.626427953194496956e-02
6.625102090405260435e-02
6.623776494213644284e-02
6.622451164557201231e-02
6.621126101373546458e-02
6.619801304600332614e-02
6.618476774175262312e-02
6.617152510036090896e-02
6.615828512120622285e-02
6.614504780366700643e-02
6.613181314712224257e-02
6.611858115095137212e-02
6.610535181453430775e-02
6.609212513725143401e-02
6.607890111848363501e-02
6.606567975761221123e-02
6.605246105401896273e-02
6.603924500708620304e-02
6.602603161619662042e-02
6.601282088073341658e-02
6.599961280008026510e-02
6.598640737362124198e-02
6.597320460074100612e-02
6.596000448082453560e-02
6.594680701325736361e-02
6.593361219742541190e-02
6.592042003271512962e-02
6.590723051851332670e-02
6.589404365420736820e-02
6.588085943918496612e-02
6.586767787283438758e-02
6.585449895454424662e-02
6.584132268370368468e-02
6.582814905970221786e-02
6.581497808192984800e-02
6.580180974977704877e-02
6.578864406263465470e-02
6.577548101989401375e-02
6.576232062094687636e-02
6.574916286518542319e-02
6.573600775200229285e-02
6.572285528079055417e-02
6.570970545094369231e-02
6.569655826185563652e-02
6.568341371292074626e-02
6.567027180353381122e-02
6.565713253309006514e-02
6.564399590098511650e-02
6.563086190661505948e-02
6.561773054937639071e-02
6.560460182866600931e-02
6.559147574388124458e-02
6.557835229441986991e-02
6.556523147968003340e-02
6.555211329906039663e-02
6.553899775195988486e-02
6.552588483777797845e-02
6.551277455591447696e-02
6.549966690576969341e-02
6.548656188674424616e-02
6.547345949823921152e-02
6.546035973965608212e-02
6.544726261039676696e-02
6.543416810986353582e-02
6.542107623745910261e-02
6.540798699258659754e-02
6.539490037464949779e-02
6.538181638305173848e-02
6.536873501719764334e-02
6.535565627649189691e-02
6.534258016033964167e-02
6.532950666814638097e-02
6.531643579931803445e-02
6.530336755326084097e-02
6.529030192938159449e-02
6.527723892708729714e-02
6.526417854578547839e-02
6.525112078488400080e-02
6.523806564379112938e-02
6.522501312191547607e-02
6.521196321866611079e-02
6.519891593345246428e-02
6.518587126568431422e-02
6.517282921477185464e-02
6.515978978012569589e-02
6.514675296115671199e-02
6.513371875727633209e-02
6.512068716789620737e-02
6.510765819242843311e-02
6.509463183028552091e-02
6.508160808088025995e-02
6.506858694362589735e-02
6.505556841793605494e-02
6.504255250322464599e-02
6.502953919890605561e-02
6.501652850439494646e-02
6.500352041910643919e-02
6.499051494245595972e-02
6.497751207385932259e-02
6.496451181273271702e-02
6.495151415849270693e-02
6.493851911055616155e-02
6.492552666834036645e-02
6.491253683126298191e-02
6.489954959874200124e-02
6.488656497019575087e-02
6.487358294504297351e-02
6.486060352270275886e-02
6.484762670259451578e-02
6.483465248413804172e-02
6.482168086675346719e-02
6.480871184986129740e-02
6.479574543288241228e-02
6.478278161523798317e-02
6.476982039634957000e-02
6.475686177563907964e-02
6.474390575252877977e-02
6.473095232644124342e-02
6.471800149679944603e-02
6.470505326302666838e-02
6.469210762454655206e-02
6.467916458078312725e-02
6.466622413116064616e-02
6.465328627510384674e-02
6.464035101203768896e-02
6.462741834138757691e-02
6.461448826257916445e-02
6.460156077503853567e-02
6.458863587819198282e-02
6.457571357146628388e-02
6.456279385428842499e-02
6.454987672608582250e-02
6.453696218628618420e-02
6.452405023431753706e-02
6.451114086960825500e-02
6.449823409158708665e-02
6.448532989968300266e-02
6.447242829332543168e-02
6.445952927194405213e-02
6.444663283496887551e-02
6.443373898183024640e-02
6.442084771195887016e-02
6.440795902478572976e-02
6.439507291974215508e-02
6.438218939625980908e-02
6.436930845377060451e-02
6.435643009170689821e-02
6.434355430950128296e-02
6.433068110658668459e-02
6.431781048239637588e-02
6.430494243636389329e-02
6.429207696792314797e-02
6.427921407650832863e-02
6.426635376155395707e-02
6.425349602249487424e-02
6.424064085876622643e-02
6.422778826980346523e-02
6.421493825504236141e-02
6.420209081391899109e-02
6.418924594586977728e-02
6.417640365033137895e-02
6.416356392674084363e-02
6.415072677453546868e-02
6.413789219315289836e-02
6.412506018203104063e-02
6.411223074060813654e-02
6.409940386832276016e-02
6.408657956461372152e-02
6.407375782892020533e-02
6.406093866068161835e-02
6.404812205933772817e-02
6.403530802432859381e-02
6.402249655509459347e-02
6.400968765107632741e-02
6.399688131171478445e-02
6.398407753645121709e-02
6.397127632472712766e-02
6.395847767598437927e-02
6.394568158966512650e-02
6.393288806521177370e-02
6.392009710206704443e-02
6.390730869967395367e-02
6.389452285747582172e-02
6.388173957491626032e-02
6.386895885143911711e-02
6.385618068648858670e-02
6.384340507950915511e-02
6.383063202994557206e-02
6.381786153724289257e-02
6.380509360084643533e-02
6.379232822020176885e-02
6.377956539475486408e-02
6.376680512395188627e-02
6.375404740723929209e-02
6.374129224406384353e-02
6.372853963387258014e-02
6.371578957611281901e-02
6.370304207023214094e-02
6.369029711567844587e-02
6.367755471189989747e-02
6.366481485834489529e-02
6.365207755446218585e-02
6.363934279970075159e-02
6.362661059350986636e-02
6.361388093533906773e-02
6.360115382463817080e-02
6.358842926085726821e-02
6.357570724344674407e-02
6.356298777185721838e-02
6.355027084553964423e-02
6.353755646394512735e-02
6.352484462652521757e-02
6.351213533273157574e-02
6.349942858201623741e-02
6.348672437383143241e-02
6.347402270762970977e-02
6.346132358286388220e-02
6.344862699898702607e-02
6.343593295545242594e-02
6.342324145171374106e-02
6.341055248722479720e-02
6.339786606143973935e-02
6.338518217381294839e-02
6.337250082379912441e-02
6.335982201085312016e-02
6.334714573443014918e-02
6.333447199398566096e-02
6.332180078897535480e-02
6.330913211885517977e-02
6.329646598308136252e-02
6.328380238111039335e-02
6.327114131239899852e-02
6.325848277640416795e-02
6.324582677258315522e-02
6.323317330039347761e-02
6.322052235929288833e-02
6.320787394873941811e-02
6.319522806819131977e-02
6.318258471710712365e-02
6.316994389494562379e-02
6.315730560116583625e-02
6.314466983522704080e-02
6.313203659658878086e-02
6.311940588471083580e-02
6.310677769905323475e-02
6.309415203907625669e-02
6.308152890424043036e-02
6.306890829400656207e-02
6.305629020783565242e-02
6.304367464518899344e-02
6.303106160552808535e-02
6.301845108831469200e-02
6.300584309301085484e-02
6.299323761907880959e-02
6.298063466598104176e-02
6.296803423318032833e-02
6.295543632013959889e-02
6.294284092632214389e-02
6.293024805119137866e-02
6.291765769421107934e-02
6.290506985484513314e-02
6.289248453255776028e-02
6.287990172681338918e-02
6.286732143707668419e-02
6.285474366281254555e-02
6.284216840348612332e-02
6.282959565856280348e-02
6.281702542750819407e-02
6.280445770978818065e-02
6.279189250486881535e-02
6.277932981221642783e-02
6.276676963129762532e-02
6.275421196157912607e-02
6.274165680252799526e-02
6.272910415361150627e-02
6.271655401429711285e-02
6.270400638405257410e-02
6.269146126234582950e-02
6.267891864864505447e-02
6.266637854241868810e-02
6.265384094313533603e-02
6.264130585026389531e-02
6.262877326327348504e-02
6.261624318163341862e-02
6.260371560481324538e-02
6.259119053228275054e-02
6.257866796351194139e-02
6.256614789797108889e-02
6.255363033513058890e-02
6.254111527446119811e-02
6.252860271543379811e-02
6.251609265751950639e-02
6.250358510018970415e-02
6.249108004291595991e-02
6.247857748517009202e-02
6.246607742642413391e-02
