8.555526379999999279e-03
8.635670090000000312e-03
8.698688189999999668e-03
8.673845540000000784e-03
8.672761049999999985e-03
8.630789039999999662e-03
8.619198340000000166e-03
8.678730460000000715e-03
8.758062340000000862e-03
8.840197160000000387e-03
8.705662249999999297e-03
8.799083319999999667e-03
8.770702019999999932e-03
8.599930210000000450e-03
8.709034750000000519e-03
8.775196480000000548e-03
8.735552750000000199e-03
8.770702019999999932e-03
8.830598179999999547e-03
8.879647819999999386e-03
8.782874339999999919e-03
8.732631960000000748e-03
8.946037840000000546e-03
8.798207259999999558e-03
8.899049690000000734e-03
8.929300569999999715e-03
8.965141919999999182e-03
8.876102610000000462e-03
8.832771220000000534e-03
9.035849979999999865e-03
8.944306860000000858e-03
9.038028550000000438e-03
9.024458189999999200e-03
8.964804620000000820e-03
9.017628800000000028e-03
9.079575030000000199e-03
8.987813390000000055e-03
8.948749529999999383e-03
8.951512800000000283e-03
8.949308120000000824e-03
8.980567199999999264e-03
8.981785920000000603e-03
9.065286570000000849e-03
9.093795420000000060e-03
8.948698220000000578e-03
9.138574599999999340e-03
9.166749800000000351e-03
9.068543210000000118e-03
9.129072619999999486e-03
9.226838980000000648e-03
9.157135639999999452e-03
9.090508659999999713e-03
9.149850379999999520e-03
9.101250919999999758e-03
9.163706610000000793e-03
9.223238660000000755e-03
9.183854280000000592e-03
9.158737519999999785e-03
9.194478790000000165e-03
9.239065160000000526e-03
9.222402370000000460e-03
9.223266629999999147e-03
9.298325019999999566e-03
9.358574459999999609e-03
9.181780770000000022e-03
9.318814179999999198e-03
9.111608950000000748e-03
9.297050620000000404e-03
9.369583350000000241e-03
9.316937290000000538e-03
9.373535109999999240e-03
9.440541619999999468e-03
9.396958069999999247e-03
9.254645579999999996e-03
9.336394830000000616e-03
9.344484700000000796e-03
9.331086829999999874e-03
9.335446600000000053e-03
9.436176879999999198e-03
9.483970140000000729e-03
9.376066829999999894e-03
9.296098350000000371e-03
9.324843319999999783e-03
9.417383280000000273e-03
9.400285220000000400e-03
9.456510499999999306e-03
9.498198660000000196e-03
9.331245690000000009e-03
9.515910000000000687e-03
9.367732910000000843e-03
9.459372429999999762e-03
9.490329679999999490e-03
9.626154629999999698e-03
9.404908050000000685e-03
9.448434760000000779e-03
9.604914009999999946e-03
9.620656380000000216e-03
9.607557060000000704e-03
9.665362369999999648e-03
9.622550770000000073e-03
9.441014089999999817e-03
9.731704869999999868e-03
9.578088400000000363e-03
9.601286759999999240e-03
9.643208699999999273e-03
9.730006540000000689e-03
9.607427879999999934e-03
9.679377750000000766e-03
9.690320809999999896e-03
9.680261409999999997e-03
9.639457129999999194e-03
9.778660070000000371e-03
9.742328070000000340e-03
9.716403970000000653e-03
9.647282840000000192e-03
9.641652449999999624e-03
9.778186580000000627e-03
9.714673700000000731e-03
9.608263049999999500e-03
9.714198999999999751e-03
9.851196759999999997e-03
9.633187390000000697e-03
9.778334519999999294e-03
9.782395600000000357e-03
9.696643240000000358e-03
9.689612510000000789e-03
9.868782879999999508e-03
9.716784160000000239e-03
9.773418040000000570e-03
9.751377040000000149e-03
9.825603869999999587e-03
9.848305019999999826e-03
9.892431740000000653e-03
9.919942220000000158e-03
9.876103610000000824e-03
9.720361029999999292e-03
9.957015010000000443e-03
9.907831460000000520e-03
9.904060080000000668e-03
9.896234699999999218e-03
9.946857970000000382e-03
1.002005710000000022e-02
9.846950159999999508e-03
9.875710350000000554e-03
9.938913009999999701e-03
9.866870800000000080e-03
9.885550640000000805e-03
1.009169920000000005e-02
9.995035600000000409e-03
9.837889840000000816e-03
9.934399820000000200e-03
1.001291259999999989e-02
9.995818030000000812e-03
9.986730940000000667e-03
9.964667930000000590e-03
9.938351430000000666e-03
9.948236580000000343e-03
1.006220419999999914e-02
1.018738010000000069e-02
1.019988079999999998e-02
1.012911600000000051e-02
1.014532039999999947e-02
9.967695099999999975e-03
1.003679260000000031e-02
1.003544169999999978e-02
1.015822150000000000e-02
1.017363550000000005e-02
1.017827640000000013e-02
1.012457349999999930e-02
1.011223039999999997e-02
1.015348169999999960e-02
1.037678770000000084e-02
1.020450330000000072e-02
1.022465640000000051e-02
1.017208789999999967e-02
1.023464779999999977e-02
1.014091110000000032e-02
1.019247480000000025e-02
1.013418980000000032e-02
1.040893579999999964e-02
1.028920369999999918e-02
1.025098120000000022e-02
1.023174999999999953e-02
1.041825229999999991e-02
1.053486839999999945e-02
1.042874050000000032e-02
1.027941960000000078e-02
1.034871839999999994e-02
1.024371710000000074e-02
1.038249200000000011e-02
1.037010030000000069e-02
1.025032340000000056e-02
1.030210189999999915e-02
1.031013939999999955e-02
1.030895589999999973e-02
1.021547939999999967e-02
1.051655010000000084e-02
1.045930779999999956e-02
1.042703529999999996e-02
1.029533770000000056e-02
1.042992050000000025e-02
1.052239729999999984e-02
1.039172550000000070e-02
1.034693949999999918e-02
1.053708679999999960e-02
1.045119589999999980e-02
1.045797379999999915e-02
1.036594409999999980e-02
1.054883269999999998e-02
1.055070909999999973e-02
1.054652829999999999e-02
1.054733979999999960e-02
1.051936390000000020e-02
1.048829050000000054e-02
1.069547289999999914e-02
1.057928489999999944e-02
1.056841939999999917e-02
1.049104349999999998e-02
1.049576770000000027e-02
1.066664210000000008e-02
1.061149129999999947e-02
1.067813159999999977e-02
1.060462130000000038e-02
1.067270589999999922e-02
1.050889330000000059e-02
1.046359000000000004e-02
1.063807100000000068e-02
1.053814850000000039e-02
1.057163359999999976e-02
1.057729380000000004e-02
1.067212149999999943e-02
1.069842460000000085e-02
1.072362269999999930e-02
1.088454879999999937e-02
1.069578220000000010e-02
1.065526429999999990e-02
1.065666070000000076e-02
1.068559680000000060e-02
1.083560849999999978e-02
1.088651139999999989e-02
1.083161420000000076e-02
1.071894179999999946e-02
1.079517120000000018e-02
1.074523519999999975e-02
1.077205770000000049e-02
1.082382810000000022e-02
1.080305009999999941e-02
1.082407040000000001e-02
1.091675500000000021e-02
1.089976219999999954e-02
1.081519560000000074e-02
1.077528799999999919e-02
1.078639619999999938e-02
1.091943750000000032e-02
1.097620879999999972e-02
1.101761100000000007e-02
1.090321040000000012e-02
1.093853470000000043e-02
1.103660180000000032e-02
1.088990979999999997e-02
1.107260380000000058e-02
1.087321680000000006e-02
1.100436739999999941e-02
1.097391179999999966e-02
1.098542370000000004e-02
1.106765770000000051e-02
1.094336750000000046e-02
1.090820990000000018e-02
1.097314790000000068e-02
1.092159189999999946e-02
1.103247360000000031e-02
1.099650150000000028e-02
1.106144090000000038e-02
1.125672919999999924e-02
1.105095889999999949e-02
1.113320639999999979e-02
1.110261920000000027e-02
1.094776069999999976e-02
1.120469160000000033e-02
1.103924780000000057e-02
1.119298080000000022e-02
1.111718310000000057e-02
1.115080970000000005e-02
1.115679259999999978e-02
1.113539870000000015e-02
1.120879710000000085e-02
1.101150289999999927e-02
1.096720579999999924e-02
1.108165979999999919e-02
1.097323870000000041e-02
1.122380710000000018e-02
1.129990969999999928e-02
1.122693309999999930e-02
1.116373210000000046e-02
1.125909490000000061e-02
1.124844959999999998e-02
1.123391099999999920e-02
1.124190559999999929e-02
1.125591830000000071e-02
1.116534289999999985e-02
1.129184819999999936e-02
1.122454500000000070e-02
1.109178669999999998e-02
1.133759460000000052e-02
1.119557919999999984e-02
1.124733229999999931e-02
1.131056780000000081e-02
1.137662080000000075e-02
1.146735829999999921e-02
1.121783550000000039e-02
1.122446229999999982e-02
1.131279909999999972e-02
1.121774050000000009e-02
1.147681010000000008e-02
1.152848669999999992e-02
1.135100760000000084e-02
1.147608819999999981e-02
1.144087119999999923e-02
1.155603709999999951e-02
1.151219900000000074e-02
1.148592179999999990e-02
1.151598120000000072e-02
1.160053119999999993e-02
1.154463439999999994e-02
1.146441750000000079e-02
1.151672859999999972e-02
1.147974730000000075e-02
1.142849039999999962e-02
1.150161830000000045e-02
1.150509520000000084e-02
1.160919829999999993e-02
1.149946900000000001e-02
1.154580780000000022e-02
1.157481569999999939e-02
1.141495309999999985e-02
1.166947230000000071e-02
1.148370819999999966e-02
1.160437089999999914e-02
1.169603680000000021e-02
1.169567850000000075e-02
1.154142179999999990e-02
1.166630350000000087e-02
1.162361410000000046e-02
1.171581330000000080e-02
1.155720189999999946e-02
1.166119889999999923e-02
1.163347659999999957e-02
1.164117150000000024e-02
1.163300389999999927e-02
1.173783039999999958e-02
1.180268819999999962e-02
1.179219429999999944e-02
1.182559510000000084e-02
1.169593489999999972e-02
1.175238290000000033e-02
1.192676950000000000e-02
1.171901730000000051e-02
1.195807920000000087e-02
1.187365129999999949e-02
1.193029110000000045e-02
1.162060250000000045e-02
1.183301169999999986e-02
1.173196250000000003e-02
1.189318020000000066e-02
1.186355929999999975e-02
1.176149790000000084e-02
1.181004520000000085e-02
1.179429700000000046e-02
1.180243729999999949e-02
1.194920810000000069e-02
1.205067029999999997e-02
1.195264650000000053e-02
1.186271199999999922e-02
1.203174859999999943e-02
1.204419450000000086e-02
1.202554739999999942e-02
1.197053319999999942e-02
1.191071569999999948e-02
1.189717690000000050e-02
1.201170109999999923e-02
1.204165410000000019e-02
1.186725739999999925e-02
1.185588500000000003e-02
1.204351770000000078e-02
1.197141929999999931e-02
1.202528089999999918e-02
1.201015350000000058e-02
1.208286549999999966e-02
1.205552160000000067e-02
1.206405160000000032e-02
1.205371889999999960e-02
1.205412200000000045e-02
1.205651259999999947e-02
1.197288420000000055e-02
1.217913789999999948e-02
1.209840260000000049e-02
1.217055170000000061e-02
1.216970650000000036e-02
1.210678310000000077e-02
1.188152070000000025e-02
1.210138380000000055e-02
1.211618689999999915e-02
1.235546199999999935e-02
1.214149900000000004e-02
1.201398870000000042e-02
1.208510030000000020e-02
1.205614890000000078e-02
1.230950459999999996e-02
1.229181979999999924e-02
1.232979740000000012e-02
1.225513450000000060e-02
1.239399769999999928e-02
1.221735290000000064e-02
1.224650910000000051e-02
1.222446060000000057e-02
1.225097479999999982e-02
1.238318729999999916e-02
1.237908270000000026e-02
1.231148269999999927e-02
1.226378229999999965e-02
1.201798660000000067e-02
1.226436300000000035e-02
1.231542379999999923e-02
1.231003089999999946e-02
1.253749860000000042e-02
1.243904359999999966e-02
1.234074330000000004e-02
1.259214089999999980e-02
1.234280270000000061e-02
1.246451470000000013e-02
1.232925900000000040e-02
1.241585150000000005e-02
1.244949870000000049e-02
1.234180590000000070e-02
1.250825130000000028e-02
1.244457369999999938e-02
1.245325060000000011e-02
1.251223920000000059e-02
1.264681420000000021e-02
1.221266049999999992e-02
1.272797950000000011e-02
1.236719229999999961e-02
1.245081429999999982e-02
1.262466609999999927e-02
1.257595599999999925e-02
1.252812929999999950e-02
1.245587220000000071e-02
1.268866069999999985e-02
1.271231769999999969e-02
1.258345580000000061e-02
1.255704229999999970e-02
1.258864850000000063e-02
1.274794809999999987e-02
1.249469689999999945e-02
1.282925499999999948e-02
1.265984700000000011e-02
1.275742210000000050e-02
1.277134790000000047e-02
1.269199680000000080e-02
1.265256640000000064e-02
1.264328619999999931e-02
1.246744489999999927e-02
1.277896100000000014e-02
1.286313759999999952e-02
1.272655259999999969e-02
1.261760039999999979e-02
1.275609930000000045e-02
1.280027459999999971e-02
1.271266639999999934e-02
1.276573880000000071e-02
1.282965890000000060e-02
1.279577099999999919e-02
1.300353500000000009e-02
1.303106119999999923e-02
1.285959209999999915e-02
1.264966829999999987e-02
1.285812180000000041e-02
1.291754479999999983e-02
1.273645789999999951e-02
1.309557930000000009e-02
1.286045140000000031e-02
1.278045310000000025e-02
1.296265500000000001e-02
1.303535089999999924e-02
1.300756060000000068e-02
1.282110990000000054e-02
1.293702080000000074e-02
1.304682920000000031e-02
1.298158420000000007e-02
1.281949079999999963e-02
1.283188719999999935e-02
1.288868760000000044e-02
1.303880930000000070e-02
1.309972910000000053e-02
1.311084109999999942e-02
1.301412719999999953e-02
1.314634800000000041e-02
1.297283850000000016e-02
1.299833279999999987e-02
1.323421590000000043e-02
1.304603399999999976e-02
1.322492190000000047e-02
1.296484919999999971e-02
1.293822669999999952e-02
1.324481180000000070e-02
1.332978819999999960e-02
1.326918789999999987e-02
1.305077800000000073e-02
1.317107919999999967e-02
1.324898359999999997e-02
1.318562369999999942e-02
1.320788560000000014e-02
1.297014020000000073e-02
1.329839950000000041e-02
1.332560860000000028e-02
1.328707290000000034e-02
1.308639619999999934e-02
1.320071299999999934e-02
1.325331270000000040e-02
1.327180050000000000e-02
1.329793699999999926e-02
1.325170890000000080e-02
1.319397949999999951e-02
1.350889920000000050e-02
1.339381920000000045e-02
1.307406699999999998e-02
1.366658400000000072e-02
1.345936380000000050e-02
1.352119620000000015e-02
1.342688000000000041e-02
1.325239660000000069e-02
1.342243949999999929e-02
1.335746550000000039e-02
1.340392789999999938e-02
1.351361360000000005e-02
1.347543260000000007e-02
1.350840160000000081e-02
1.341592129999999959e-02
1.340503990000000041e-02
1.355492829999999961e-02
1.372134120000000068e-02
1.339963480000000082e-02
1.371911710000000076e-02
1.372825270000000049e-02
1.356056339999999957e-02
1.364442459999999982e-02
1.345671099999999967e-02
1.366633490000000034e-02
1.372536140000000029e-02
1.367229529999999978e-02
1.362437269999999985e-02
1.368942830000000055e-02
1.365939040000000056e-02
1.354247180000000064e-02
1.367125490000000061e-02
1.387673170000000046e-02
1.362102330000000000e-02
1.366688590000000002e-02
1.347994960000000082e-02
1.371411999999999978e-02
1.381320680000000002e-02
1.391514909999999952e-02
1.380026900000000042e-02
1.369313880000000080e-02
1.369839639999999997e-02
1.359769759999999994e-02
1.369744630000000081e-02
1.367873889999999919e-02
1.369481770000000043e-02
1.394055970000000061e-02
1.376596989999999930e-02
1.357604739999999921e-02
1.381033039999999927e-02
1.390891359999999952e-02
1.408158959999999960e-02
1.372682509999999939e-02
1.392804970000000031e-02
1.379206430000000025e-02
1.372473559999999940e-02
1.417692689999999929e-02
1.391913359999999954e-02
1.375323630000000082e-02
1.383161670000000038e-02
1.394023160000000018e-02
1.410079030000000073e-02
1.390382429999999919e-02
1.381482040000000036e-02
1.399806209999999995e-02
1.395164580000000064e-02
1.389985009999999965e-02
1.387819109999999939e-02
1.401999060000000061e-02
1.421593510000000032e-02
1.391227190000000023e-02
1.394009539999999971e-02
1.410657920000000023e-02
1.421466759999999961e-02
1.427294299999999974e-02
1.437855430000000052e-02
1.404495059999999983e-02
1.415928879999999931e-02
1.409757799999999950e-02
1.412393850000000055e-02
1.424716990000000037e-02
1.409800940000000002e-02
1.413703520000000012e-02
1.439221910000000083e-02
1.444027869999999977e-02
1.383167119999999944e-02
1.439074369999999992e-02
1.385106480000000001e-02
1.416610530000000055e-02
1.415440479999999918e-02
1.426501330000000053e-02
1.433658059999999915e-02
1.438465769999999928e-02
1.426460809999999940e-02
1.436433529999999945e-02
1.436622140000000034e-02
1.432933320000000059e-02
1.416930079999999953e-02
1.428627569999999999e-02
1.458852950000000086e-02
1.458089759999999999e-02
1.435383959999999952e-02
1.442577570000000073e-02
1.449530800000000015e-02
1.437651920000000000e-02
1.429652049999999980e-02
1.436528360000000060e-02
1.452610829999999992e-02
1.435600669999999995e-02
1.437894709999999916e-02
1.441121300000000084e-02
1.430503399999999946e-02
1.437666989999999978e-02
1.443447880000000086e-02
1.436957640000000036e-02
1.441219720000000079e-02
1.435182169999999965e-02
1.457799750000000026e-02
1.452628289999999961e-02
1.454441310000000043e-02
1.448363769999999953e-02
1.464054870000000043e-02
1.451383359999999963e-02
1.473756310000000000e-02
1.481115809999999922e-02
1.466680989999999928e-02
1.463877660000000025e-02
1.449100920000000008e-02
1.444641999999999975e-02
1.462498450000000033e-02
1.481243139999999930e-02
1.460369880000000030e-02
1.471155950000000052e-02
1.462197060000000083e-02
1.466491080000000002e-02
1.470134900000000071e-02
1.480724800000000028e-02
1.489339060000000048e-02
1.467875159999999964e-02
1.469198199999999926e-02
1.471660550000000039e-02
1.445693709999999917e-02
1.509896039999999995e-02
1.481241879999999934e-02
1.493705889999999946e-02
1.493060390000000050e-02
1.487858300000000078e-02
1.476673379999999917e-02
1.490062550000000041e-02
1.495875969999999923e-02
1.497693370000000024e-02
1.497822130000000043e-02
1.487675370000000018e-02
1.485931170000000072e-02
1.496287049999999938e-02
1.489753750000000036e-02
1.494191039999999936e-02
1.497101049999999961e-02
1.491267150000000034e-02
1.505483799999999921e-02
1.500874590000000029e-02
1.487752730000000030e-02
1.489906510000000087e-02
1.469601190000000002e-02
1.495564849999999994e-02
1.482763619999999914e-02
1.539319939999999991e-02
1.489266780000000033e-02
1.491258099999999941e-02
1.511551809999999926e-02
1.517691799999999931e-02
1.495050550000000082e-02
1.506964759999999959e-02
1.537900629999999942e-02
1.518484550000000037e-02
1.501306890000000081e-02
1.502215250000000016e-02
1.511147789999999977e-02
1.518424120000000030e-02
1.513083680000000021e-02
1.537180179999999945e-02
1.533315160000000080e-02
1.526629810000000066e-02
1.512079879999999980e-02
1.543636139999999927e-02
1.526631200000000063e-02
1.525092760000000026e-02
1.523295879999999984e-02
1.513862889999999933e-02
1.491972209999999945e-02
1.544439570000000032e-02
1.539724800000000053e-02
1.538331400000000036e-02
1.535076269999999937e-02
1.564052510000000021e-02
1.525205770000000009e-02
1.531155279999999938e-02
1.555836619999999976e-02
1.552987680000000002e-02
1.545439449999999951e-02
1.544462240000000000e-02
1.570489679999999971e-02
1.540667379999999947e-02
1.550836499999999965e-02
1.551954449999999944e-02
1.571888479999999921e-02
1.545058510000000065e-02
1.570835970000000054e-02
1.562473579999999924e-02
1.579723519999999895e-02
1.529912760000000024e-02
1.570131970000000071e-02
1.528182370000000061e-02
1.590893079999999848e-02
1.542418549999999972e-02
1.577781249999999844e-02
1.559095589999999996e-02
1.577960369999999862e-02
1.574398260000000119e-02
1.567882019999999876e-02
1.584867660000000011e-02
1.568466359999999907e-02
1.545041160000000004e-02
1.593631259999999869e-02
1.576886099999999860e-02
1.578925470000000150e-02
1.564875400000000083e-02
1.581191579999999958e-02
1.534419929999999987e-02
1.560133680000000064e-02
1.572243369999999987e-02
1.567506540000000032e-02
1.592797290000000018e-02
1.565060890000000149e-02
1.582790259999999893e-02
1.558078310000000043e-02
1.583097790000000116e-02
1.590826080000000073e-02
1.587658570000000102e-02
1.565241280000000124e-02
1.579280359999999869e-02
1.589210019999999848e-02
1.605730539999999928e-02
1.578058389999999894e-02
1.598231030000000011e-02
1.586906910000000087e-02
1.596500489999999953e-02
1.591773339999999828e-02
1.599719009999999927e-02
1.578768109999999919e-02
1.585291780000000136e-02
1.613346059999999985e-02
1.588075350000000066e-02
1.593666129999999834e-02
1.599509010000000134e-02
1.620514030000000036e-02
1.605266480000000148e-02
1.618854689999999971e-02
1.627987209999999865e-02
1.615309310000000165e-02
1.613325519999999832e-02
1.606532579999999863e-02
1.650097290000000078e-02
1.607499280000000003e-02
1.586479270000000150e-02
1.627490590000000084e-02
1.648940789999999920e-02
1.614170120000000055e-02
1.625592480000000173e-02
1.616124730000000065e-02
1.612511859999999839e-02
1.630377870000000035e-02
1.616910859999999908e-02
1.608426279999999875e-02
1.654205149999999833e-02
1.624527339999999945e-02
1.639168220000000037e-02
1.631913990000000148e-02
1.618909389999999976e-02
1.634017949999999955e-02
1.618966369999999891e-02
1.649618790000000057e-02
1.632122990000000121e-02
1.624690540000000086e-02
1.644384590000000021e-02
1.627535290000000148e-02
1.644076579999999982e-02
1.666259750000000095e-02
1.641394709999999951e-02
1.629847430000000083e-02
1.655324249999999900e-02
1.629537060000000107e-02
1.677762780000000009e-02
1.644052000000000013e-02
1.666185599999999919e-02
1.674775189999999983e-02
1.649663430000000014e-02
1.648064080000000153e-02
1.640729720000000044e-02
1.636584500000000039e-02
1.662268700000000057e-02
1.625501600000000060e-02
1.640649019999999847e-02
1.667541339999999844e-02
1.655222140000000078e-02
1.677685289999999996e-02
1.653143860000000007e-02
1.677312229999999849e-02
1.654016399999999956e-02
1.695918550000000136e-02
1.653952009999999986e-02
1.666484019999999941e-02
1.677613530000000158e-02
1.665841090000000010e-02
1.651530439999999988e-02
1.681971239999999895e-02
1.685154079999999846e-02
1.687400530000000148e-02
1.668060680000000087e-02
1.733906199999999884e-02
1.680871990000000135e-02
1.681608830000000041e-02
1.711619270000000123e-02
1.694413889999999909e-02
1.696705110000000169e-02
1.711482400000000070e-02
1.701544270000000109e-02
1.705387989999999909e-02
1.714613209999999929e-02
1.669944240000000024e-02
1.701141039999999952e-02
1.658792950000000099e-02
1.677578620000000006e-02
1.690112400000000001e-02
1.712622910000000109e-02
1.676505569999999987e-02
1.715815869999999868e-02
1.697240549999999917e-02
1.739952349999999981e-02
1.733742580000000033e-02
1.746943659999999898e-02
1.737301949999999970e-02
1.691741110000000159e-02
1.724950730000000126e-02
1.718324280000000162e-02
1.705451209999999870e-02
1.701569220000000160e-02
1.712091220000000122e-02
1.660687760000000013e-02
1.730704920000000063e-02
1.676827519999999835e-02
1.709242320000000162e-02
1.717809899999999876e-02
1.726156620000000169e-02
1.755199459999999892e-02
1.710700730000000100e-02
1.710795310000000000e-02
1.736387520000000004e-02
1.738181310000000077e-02
1.729185839999999863e-02
1.772392780000000070e-02
1.713708959999999878e-02
1.728460310000000041e-02
1.730167250000000032e-02
1.730634610000000156e-02
1.701951449999999921e-02
1.690400660000000027e-02
1.746295499999999876e-02
1.740363909999999986e-02
1.763010809999999984e-02
1.762584520000000030e-02
1.739592469999999905e-02
1.766615640000000070e-02
1.755163469999999892e-02
1.727598149999999902e-02
1.759997099999999898e-02
1.742146210000000001e-02
1.766737020000000088e-02
1.763361390000000098e-02
1.742571060000000158e-02
1.740031829999999849e-02
1.756607149999999881e-02
1.757671159999999941e-02
1.770200109999999979e-02
1.791498199999999943e-02
1.770995889999999948e-02
1.777420199999999936e-02
1.708351929999999894e-02
1.784131099999999859e-02
1.747022139999999946e-02
1.792654999999999943e-02
1.771268640000000019e-02
1.799385829999999853e-02
1.741001990000000041e-02
1.763356599999999982e-02
1.779950799999999861e-02
1.767138199999999937e-02
1.790980799999999928e-02
1.749030450000000139e-02
1.805868009999999843e-02
1.794770429999999889e-02
1.783020960000000071e-02
1.814229259999999844e-02
1.796250019999999850e-02
1.776533519999999935e-02
1.777967810000000148e-02
1.799570870000000156e-02
1.763181050000000097e-02
1.786725960000000099e-02
1.807979939999999897e-02
1.761699599999999935e-02
1.787388170000000012e-02
1.816740630000000106e-02
1.777590520000000077e-02
1.775974530000000093e-02
1.802692430000000026e-02
1.799237860000000092e-02
1.792433989999999908e-02
1.821124630000000091e-02
1.822339070000000144e-02
1.785293120000000164e-02
1.841878690000000110e-02
1.792754699999999854e-02
1.799636320000000053e-02
1.788759750000000134e-02
1.790992370000000014e-02
1.830167020000000172e-02
1.784226859999999901e-02
1.807103209999999863e-02
1.827133460000000126e-02
1.825016479999999955e-02
1.830909650000000014e-02
1.819265429999999961e-02
1.804642529999999842e-02
1.808778239999999857e-02
1.824384760000000161e-02
1.849319209999999991e-02
1.823660790000000004e-02
1.880622549999999907e-02
1.827942739999999927e-02
1.829020740000000117e-02
1.828677310000000056e-02
1.846276800000000093e-02
1.827774299999999907e-02
1.827692540000000129e-02
1.882916050000000077e-02
1.879511979999999929e-02
1.826967330000000070e-02
1.842387079999999872e-02
1.856098910000000130e-02
1.855780060000000037e-02
1.813444780000000173e-02
1.832080040000000007e-02
1.873432690000000067e-02
1.861889090000000066e-02
1.857479600000000106e-02
1.894726019999999969e-02
1.822111530000000007e-02
1.871384519999999899e-02
1.858094329999999961e-02
1.840866830000000010e-02
1.882061809999999863e-02
1.864987049999999869e-02
1.871875809999999987e-02
1.855796009999999968e-02
1.879477649999999889e-02
1.887886780000000084e-02
1.834897489999999867e-02
1.885643789999999834e-02
1.920494429999999864e-02
1.838891650000000141e-02
1.900588489999999880e-02
1.876798979999999908e-02
1.848768320000000048e-02
1.883970639999999960e-02
1.847733500000000098e-02
1.920943209999999984e-02
1.870113420000000040e-02
1.895412260000000140e-02
1.905007959999999861e-02
1.932972239999999897e-02
1.928241730000000015e-02
1.910881899999999911e-02
1.891449099999999856e-02
1.885313519999999923e-02
1.913407170000000143e-02
1.909627950000000046e-02
1.929385319999999890e-02
1.915217140000000096e-02
1.870659469999999894e-02
1.895405130000000007e-02
1.907525180000000167e-02
1.900858360000000011e-02
1.885337249999999992e-02
1.907567640000000161e-02
1.898709230000000109e-02
1.916316959999999833e-02
1.967074359999999855e-02
1.921518389999999840e-02
1.892828610000000036e-02
1.954374009999999828e-02
1.947102770000000080e-02
1.891969970000000056e-02
1.937425809999999970e-02
1.936311010000000069e-02
1.910009999999999833e-02
1.918842059999999877e-02
1.961565770000000056e-02
1.930230020000000060e-02
1.886461050000000014e-02
1.894439180000000167e-02
1.946009890000000020e-02
1.980744469999999938e-02
1.924764329999999884e-02
1.921022290000000063e-02
1.922139949999999986e-02
1.885213980000000067e-02
1.941910869999999983e-02
1.935609940000000001e-02
2.010850109999999871e-02
1.931506330000000091e-02
1.977705830000000067e-02
1.974759959999999870e-02
1.948718569999999956e-02
1.963324820000000165e-02
1.976478720000000161e-02
1.950788800000000101e-02
2.000706589999999910e-02
1.975841949999999902e-02
1.960694799999999904e-02
1.930785280000000062e-02
1.967074359999999855e-02
1.975363739999999937e-02
1.915766259999999999e-02
1.926443489999999856e-02
1.967164449999999828e-02
1.960946690000000062e-02
1.949108819999999936e-02
1.984936649999999997e-02
1.958509019999999864e-02
1.943668260000000134e-02
1.973504380000000100e-02
1.952154520000000046e-02
1.975959450000000159e-02
1.948351660000000041e-02
2.019881689999999952e-02
1.977886870000000047e-02
1.985349230000000090e-02
1.968867280000000108e-02
2.007122500000000156e-02
2.026869480000000057e-02
1.966903580000000165e-02
1.995938510000000096e-02
2.026862429999999951e-02
1.995115429999999926e-02
1.987986729999999952e-02
2.004758560000000078e-02
2.007493659999999916e-02
1.989688040000000060e-02
1.966514769999999981e-02
1.977380089999999924e-02
2.011604779999999829e-02
1.977602360000000128e-02
2.018507250000000156e-02
2.012721060000000062e-02
2.011621619999999847e-02
1.972423920000000025e-02
2.044681699999999908e-02
2.079498160000000165e-02
2.028485630000000095e-02
2.000061549999999910e-02
2.045700510000000166e-02
2.041801279999999955e-02
1.994726600000000169e-02
2.029444940000000100e-02
2.068878349999999852e-02
2.097823739999999867e-02
1.960471739999999907e-02
2.019063550000000165e-02
2.069535260000000126e-02
2.036820120000000164e-02
2.001832120000000131e-02
2.050465229999999875e-02
2.049191059999999967e-02
2.025676579999999977e-02
2.069041289999999991e-02
2.044400130000000038e-02
2.065878549999999869e-02
2.012771249999999873e-02
2.086229569999999839e-02
2.038642619999999836e-02
2.060142519999999880e-02
2.026861829999999920e-02
2.048876479999999986e-02
2.010017769999999926e-02
2.065498589999999884e-02
2.069444789999999937e-02
2.033154280000000133e-02
2.038852149999999946e-02
2.064034799999999933e-02
2.075307469999999876e-02
2.060453979999999838e-02
2.154742579999999880e-02
2.054117990000000130e-02
1.993297620000000075e-02
2.092172009999999915e-02
2.095550570000000168e-02
2.074904639999999856e-02
2.063318849999999996e-02
2.081662969999999863e-02
2.093702609999999881e-02
2.063362109999999916e-02
2.087154780000000098e-02
2.097002569999999871e-02
2.105326199999999967e-02
2.070097539999999833e-02
2.062055200000000033e-02
2.122731519999999927e-02
2.082411439999999961e-02
2.115183420000000050e-02
2.122996450000000021e-02
2.162936660000000164e-02
2.169121150000000164e-02
2.094200400000000017e-02
2.074431079999999872e-02
2.105891099999999960e-02
2.089685670000000078e-02
2.061445209999999972e-02
2.083755470000000012e-02
2.079134090000000004e-02
2.094981170000000115e-02
2.110459890000000033e-02
2.105207450000000022e-02
2.136899570000000068e-02
2.112007629999999858e-02
2.117248310000000022e-02
2.105158719999999928e-02
2.119876849999999952e-02
2.130012129999999879e-02
2.156382299999999932e-02
2.114213969999999970e-02
2.102792510000000073e-02
2.116555649999999830e-02
2.084967669999999995e-02
2.149479820000000166e-02
2.127304340000000030e-02
2.177457409999999927e-02
2.117316799999999916e-02
2.172474040000000120e-02
2.142020160000000090e-02
2.140126259999999836e-02
2.147467759999999865e-02
2.118423909999999841e-02
2.158702830000000170e-02
2.149835920000000081e-02
2.155471609999999941e-02
2.185547200000000079e-02
2.133927589999999944e-02
2.151093590000000000e-02
2.183908570000000007e-02
2.129691380000000092e-02
2.162096419999999866e-02
2.136030449999999983e-02
2.153863010000000092e-02
2.206003910000000137e-02
2.101043879999999961e-02
2.190246820000000053e-02
2.220574089999999973e-02
2.211675949999999946e-02
2.194512610000000016e-02
2.202591279999999846e-02
2.178187570000000156e-02
2.230785360000000009e-02
2.177697359999999915e-02
2.170520990000000122e-02
2.243618840000000114e-02
2.237925530000000121e-02
2.165316639999999987e-02
2.201165240000000148e-02
2.187620930000000116e-02
2.161881040000000059e-02
2.214306950000000107e-02
2.204612400000000028e-02
2.244202890000000089e-02
2.197311479999999873e-02
2.147878079999999967e-02
2.161313999999999944e-02
2.137447379999999827e-02
2.148067830000000011e-02
2.207120599999999946e-02
2.121832709999999997e-02
2.216096919999999831e-02
2.255837949999999967e-02
2.228277730000000068e-02
2.230348609999999870e-02
2.227346800000000113e-02
2.210252190000000158e-02
2.196500599999999873e-02
2.191519639999999977e-02
2.155917430000000093e-02
2.213435789999999848e-02
2.181516979999999911e-02
2.168246580000000173e-02
2.215295290000000167e-02
2.193426760000000142e-02
2.221735790000000169e-02
2.229665000000000119e-02
2.208930989999999955e-02
2.184375490000000156e-02
2.213496259999999868e-02
2.267228090000000112e-02
2.276930060000000033e-02
2.209941179999999963e-02
2.248752609999999860e-02
2.270525149999999895e-02
2.195633019999999880e-02
2.220938319999999841e-02
2.263447180000000003e-02
2.250062790000000035e-02
2.244886299999999946e-02
2.281664549999999972e-02
2.229126140000000159e-02
2.274417460000000002e-02
2.283456990000000061e-02
2.281180340000000042e-02
2.285427820000000138e-02
2.278105420000000117e-02
2.303576790000000027e-02
2.315933709999999993e-02
2.235664450000000164e-02
2.322598429999999867e-02
2.258692080000000019e-02
2.238013070000000049e-02
2.300229969999999929e-02
2.312928079999999886e-02
2.217844310000000041e-02
2.304691349999999847e-02
2.241317370000000045e-02
2.261243259999999936e-02
2.278404440000000170e-02
2.297861340000000030e-02
2.258816359999999898e-02
2.301506500000000122e-02
2.293659160000000030e-02
2.294519429999999915e-02
2.286996209999999849e-02
2.312594889999999848e-02
2.301388810000000104e-02
2.289888420000000049e-02
2.334322330000000029e-02
2.307801900000000170e-02
2.295547909999999872e-02
2.305593090000000039e-02
2.306901509999999961e-02
2.320412900000000042e-02
2.337387789999999937e-02
2.324499840000000123e-02
2.360115830000000109e-02
2.302552719999999969e-02
2.350589689999999995e-02
2.340760080000000090e-02
2.259267770000000092e-02
2.281393760000000048e-02
2.335653270000000170e-02
2.271337060000000116e-02
2.264737559999999844e-02
2.342953470000000080e-02
2.300565779999999907e-02
2.353816170000000083e-02
2.384161019999999839e-02
2.255981259999999960e-02
2.350058610000000173e-02
2.347441940000000171e-02
2.349362790000000117e-02
2.302759589999999953e-02
2.325664770000000076e-02
2.326585269999999900e-02
2.317967190000000052e-02
2.392722280000000173e-02
2.325378399999999957e-02
2.412506580000000136e-02
2.382951310000000142e-02
2.339508859999999899e-02
2.358766210000000016e-02
2.379303829999999953e-02
2.328327919999999968e-02
2.353810859999999963e-02
2.379421790000000106e-02
2.380542890000000161e-02
2.401119560000000014e-02
2.355540589999999962e-02
2.342947100000000032e-02
2.352744099999999963e-02
2.314261819999999942e-02
2.390368790000000146e-02
2.378397629999999888e-02
2.364957200000000065e-02
2.341979010000000069e-02
2.338533459999999828e-02
2.387708410000000114e-02
2.331153190000000153e-02
2.413262089999999860e-02
2.357134339999999995e-02
2.381869699999999979e-02
2.443006910000000004e-02
2.397373649999999870e-02
2.377315220000000145e-02
2.358138549999999958e-02
2.317769709999999844e-02
2.400327639999999887e-02
2.422679059999999912e-02
2.399110759999999870e-02
2.405007370000000061e-02
2.394503679999999968e-02
2.420158459999999928e-02
2.319670310000000041e-02
2.394701399999999911e-02
2.355894769999999916e-02
2.455680990000000050e-02
2.373799949999999895e-02
2.408854709999999968e-02
2.469551819999999884e-02
2.450274399999999991e-02
2.421231919999999871e-02
2.473071270000000085e-02
2.424872070000000032e-02
2.437029320000000041e-02
2.426364610000000116e-02
2.444682850000000005e-02
2.453714820000000088e-02
2.441435050000000107e-02
2.451516899999999985e-02
2.546105369999999979e-02
2.395738520000000038e-02
2.524543309999999902e-02
2.524267319999999939e-02
2.410265909999999984e-02
2.402602360000000159e-02
2.467073659999999974e-02
2.474202920000000139e-02
2.507397199999999993e-02
2.430150520000000022e-02
2.435817469999999874e-02
2.477265140000000157e-02
2.423800890000000000e-02
2.479087699999999936e-02
2.463386710000000160e-02
2.513080079999999855e-02
2.482478089999999929e-02
2.535144329999999835e-02
2.495090120000000022e-02
2.428574140000000145e-02
2.467489089999999954e-02
2.391683359999999953e-02
2.470834189999999986e-02
2.460410619999999979e-02
2.523461529999999897e-02
2.519345339999999947e-02
2.563644509999999863e-02
2.477267860000000044e-02
2.493697419999999984e-02
2.465698200000000090e-02
2.552311360000000112e-02
2.547049709999999953e-02
2.583231310000000044e-02
2.481498479999999854e-02
2.471282060000000100e-02
2.440996869999999958e-02
2.595455470000000014e-02
2.531802639999999882e-02
2.542630010000000024e-02
2.498124280000000100e-02
2.527513829999999961e-02
2.454953259999999998e-02
2.463236309999999873e-02
2.541776689999999950e-02
2.524750870000000078e-02
2.511300810000000050e-02
2.519415269999999984e-02
2.465689760000000161e-02
2.484968380000000115e-02
2.531633429999999990e-02
2.474247480000000068e-02
2.488834430000000028e-02
2.569162239999999917e-02
2.562170169999999914e-02
2.570402069999999997e-02
2.594057030000000014e-02
2.559490019999999949e-02
2.550807360000000024e-02
2.525157700000000074e-02
2.537170429999999893e-02
2.522156249999999919e-02
2.559624809999999986e-02
2.504552980000000068e-02
2.645762670000000039e-02
2.549669879999999847e-02
2.539107209999999851e-02
2.537922369999999830e-02
2.492659889999999934e-02
2.523480579999999932e-02
2.535775430000000025e-02
2.610983730000000086e-02
2.576509449999999854e-02
2.675347939999999855e-02
2.535306000000000018e-02
2.633268160000000122e-02
2.586762559999999933e-02
2.503544450000000018e-02
2.615857170000000093e-02
2.514165319999999912e-02
2.581722460000000080e-02
2.617045910000000142e-02
2.656113100000000171e-02
2.607445510000000119e-02
2.576247409999999835e-02
2.659202930000000020e-02
2.677429599999999951e-02
2.667771149999999952e-02
2.498874840000000000e-02
2.611874939999999853e-02
2.595566059999999953e-02
2.633128930000000131e-02
2.644590059999999895e-02
2.625408469999999939e-02
2.681686629999999877e-02
2.621061140000000012e-02
2.557137329999999847e-02
2.637705149999999832e-02
2.659676089999999868e-02
2.752444000000000071e-02
2.516678970000000085e-02
2.618200780000000047e-02
2.539224550000000052e-02
2.599616540000000003e-02
2.555806960000000030e-02
2.616095129999999880e-02
2.636213410000000021e-02
2.648827239999999861e-02
2.663475079999999898e-02
2.592211880000000121e-02
2.718422309999999828e-02
2.637702109999999836e-02
2.648832060000000030e-02
2.593394010000000041e-02
2.674350129999999992e-02
2.736422950000000007e-02
2.630989950000000091e-02
2.574043230000000113e-02
2.607950889999999938e-02
2.785740960000000072e-02
2.596619539999999934e-02
2.615597680000000119e-02
2.698615119999999909e-02
2.717075299999999888e-02
2.690222050000000073e-02
2.699331849999999852e-02
2.643414219999999995e-02
2.616152539999999985e-02
2.635567009999999905e-02
2.753454379999999840e-02
2.628296449999999868e-02
2.677065090000000161e-02
2.713432080000000024e-02
2.742272399999999902e-02
2.751700539999999903e-02
2.796083929999999829e-02
2.729800419999999991e-02
2.716987090000000035e-02
2.644140559999999876e-02
2.700381959999999942e-02
2.816071930000000126e-02
2.709703529999999902e-02
2.624874769999999830e-02
2.735622190000000162e-02
2.685097649999999836e-02
2.716169729999999907e-02
2.680742969999999961e-02
2.701480560000000045e-02
2.640439309999999956e-02
2.747458830000000171e-02
2.638565630000000092e-02
2.702838769999999988e-02
2.789337780000000072e-02
2.760618960000000080e-02
2.873869230000000025e-02
2.695601410000000170e-02
2.805976959999999937e-02
2.711149059999999958e-02
2.718892640000000055e-02
2.797895029999999950e-02
2.869436859999999895e-02
2.700271339999999951e-02
2.760327270000000055e-02
2.716797459999999859e-02
2.792224059999999855e-02
2.715314809999999981e-02
2.780089289999999880e-02
2.856870749999999848e-02
2.741139830000000055e-02
2.790980590000000094e-02
2.835513380000000139e-02
2.708070890000000008e-02
2.748142339999999975e-02
2.797781170000000067e-02
2.745157419999999862e-02
2.756522609999999956e-02
2.796402480000000079e-02
2.808962010000000051e-02
2.760036069999999980e-02
2.729466549999999894e-02
2.774825430000000051e-02
2.824795030000000137e-02
2.739419350000000045e-02
2.722819450000000044e-02
2.720323880000000139e-02
2.776424270000000041e-02
2.807820340000000137e-02
2.746380619999999953e-02
2.807167370000000078e-02
2.897841320000000068e-02
2.822874059999999977e-02
2.763802809999999985e-02
2.801247160000000166e-02
2.809172659999999849e-02
2.783566419999999875e-02
2.763506279999999871e-02
2.746348930000000119e-02
2.812316930000000048e-02
2.910388889999999951e-02
2.792983790000000063e-02
2.871554839999999886e-02
2.882677200000000051e-02
2.711393930000000063e-02
2.758727269999999843e-02
2.799385760000000153e-02
2.840032630000000058e-02
2.797204530000000147e-02
2.897849690000000103e-02
2.871534359999999841e-02
2.845170389999999994e-02
2.823371400000000003e-02
2.875235309999999919e-02
2.754098979999999863e-02
2.748496610000000090e-02
2.848405669999999959e-02
2.906697689999999945e-02
2.794406080000000001e-02
2.912265819999999839e-02
2.869392559999999967e-02
2.922690819999999856e-02
2.908244499999999844e-02
2.738270719999999839e-02
2.939704439999999905e-02
2.942912599999999990e-02
2.850029230000000052e-02
2.875410310000000094e-02
2.836824890000000030e-02
3.023907279999999906e-02
2.889638890000000016e-02
2.908320290000000058e-02
2.905912440000000055e-02
2.909003989999999970e-02
2.860182149999999923e-02
2.981192809999999929e-02
2.881068300000000013e-02
2.893243109999999937e-02
2.897329699999999855e-02
2.946084449999999966e-02
2.933371540000000166e-02
2.952246869999999856e-02
2.948824300000000079e-02
2.872848249999999937e-02
2.921619929999999879e-02
2.925587379999999849e-02
2.876894600000000010e-02
2.829397980000000062e-02
2.806196069999999931e-02
2.889681440000000170e-02
2.892885259999999903e-02
2.936381360000000010e-02
2.875418700000000050e-02
2.926970929999999846e-02
2.968161080000000090e-02
2.909103119999999904e-02
2.911742349999999965e-02
2.887641549999999876e-02
2.966368720000000028e-02
2.899922710000000028e-02
2.926726730000000012e-02
2.929032839999999929e-02
2.952422520000000036e-02
3.034775840000000086e-02
2.924707379999999871e-02
3.028795039999999938e-02
2.864985369999999837e-02
2.966368720000000028e-02
2.952725330000000037e-02
2.886682150000000058e-02
2.959224709999999994e-02
2.924873260000000058e-02
3.048516529999999863e-02
2.941118490000000155e-02
3.019807970000000161e-02
2.989486599999999911e-02
3.022453940000000006e-02
3.074346279999999945e-02
2.967971349999999967e-02
3.020056009999999916e-02
3.073866869999999918e-02
3.009894810000000170e-02
3.008654139999999977e-02
2.974623449999999961e-02
3.043121249999999889e-02
3.036476069999999999e-02
3.099413289999999876e-02
3.023497090000000151e-02
3.031639179999999836e-02
2.986664810000000045e-02
3.056928360000000025e-02
2.980630360000000034e-02
3.001261699999999838e-02
3.019815019999999919e-02
2.909337790000000173e-02
2.991976149999999932e-02
2.946025630000000117e-02
3.042157850000000094e-02
3.026477669999999912e-02
3.077717920000000093e-02
3.124079830000000071e-02
3.086082799999999987e-02
3.140177289999999954e-02
3.045915559999999925e-02
3.061466759999999926e-02
2.979671160000000110e-02
2.970195750000000079e-02
3.117183629999999844e-02
3.079143430000000001e-02
2.924401269999999872e-02
3.026674450000000141e-02
3.219924989999999737e-02
3.057063380000000011e-02
3.090581889999999970e-02
3.106374149999999862e-02
3.102047310000000113e-02
3.064172680000000135e-02
3.075894259999999852e-02
3.130255180000000165e-02
3.081664110000000012e-02
3.082349129999999854e-02
3.203872490000000267e-02
3.114896879999999937e-02
3.151817450000000270e-02
2.978795710000000166e-02
3.093681059999999969e-02
3.101335049999999829e-02
2.996295709999999973e-02
3.238143660000000063e-02
3.026477669999999912e-02
3.140747440000000307e-02
3.145294860000000248e-02
3.017767320000000128e-02
3.131247370000000280e-02
3.184778729999999947e-02
3.152996889999999663e-02
3.077306360000000088e-02
3.202895979999999948e-02
3.128528180000000186e-02
3.072505550000000085e-02
3.151028580000000273e-02
3.097308299999999848e-02
3.082334080000000143e-02
3.129286020000000140e-02
3.104444740000000119e-02
3.107325069999999911e-02
3.175131820000000327e-02
3.147281589999999935e-02
3.192622950000000015e-02
3.137722329999999976e-02
3.267897589999999713e-02
3.177974100000000024e-02
3.190158860000000263e-02
3.114959670000000055e-02
3.170074710000000268e-02
3.206160489999999863e-02
3.204176269999999688e-02
3.141930219999999885e-02
3.218503860000000022e-02
3.278748530000000216e-02
3.219059629999999894e-02
3.107597050000000111e-02
3.094763279999999950e-02
3.217051769999999811e-02
3.236141060000000125e-02
3.273452069999999853e-02
3.096613230000000092e-02
3.221630720000000225e-02
3.172464190000000295e-02
3.177734329999999663e-02
3.361802140000000327e-02
3.278882560000000168e-02
3.188607730000000279e-02
3.202516799999999969e-02
3.318632219999999994e-02
3.308443049999999774e-02
3.154551810000000289e-02
3.185117900000000030e-02
3.295009079999999813e-02
3.172941280000000225e-02
3.182474440000000043e-02
3.186765080000000111e-02
3.300597859999999939e-02
3.187344939999999655e-02
3.175267329999999916e-02
3.300898520000000030e-02
3.292278309999999847e-02
3.325639729999999711e-02
3.224598179999999675e-02
3.263314209999999826e-02
3.322693840000000287e-02
3.162955490000000230e-02
3.218734630000000263e-02
3.111348879999999845e-02
3.213721449999999702e-02
3.147168219999999655e-02
3.238419389999999676e-02
3.236140089999999664e-02
3.192981160000000346e-02
3.236359409999999687e-02
3.226152799999999765e-02
3.173554709999999723e-02
3.216009899999999755e-02
3.273562719999999898e-02
3.300872109999999915e-02
3.310034099999999840e-02
3.171343270000000214e-02
3.296887829999999714e-02
3.258157390000000070e-02
3.315060200000000123e-02
3.236240979999999851e-02
3.444805690000000281e-02
3.355653549999999818e-02
3.349975869999999994e-02
3.270943219999999929e-02
3.317811130000000025e-02
3.379403009999999707e-02
3.200103940000000036e-02
3.372167499999999957e-02
3.319289109999999654e-02
3.402140249999999894e-02
3.369897730000000202e-02
3.325391779999999770e-02
3.379478910000000003e-02
3.345720099999999891e-02
3.326667419999999875e-02
3.421598029999999707e-02
3.316090440000000333e-02
3.413512219999999958e-02
3.304141480000000186e-02
3.427560729999999667e-02
3.272509989999999869e-02
3.263771969999999800e-02
3.291563759999999866e-02
3.313603360000000331e-02
3.153375220000000090e-02
3.289028959999999724e-02
3.305397489999999799e-02
3.273024790000000211e-02
3.415610169999999668e-02
3.242033030000000121e-02
3.285431219999999930e-02
3.488757209999999997e-02
3.312172349999999849e-02
3.412266810000000317e-02
3.398615969999999736e-02
3.306341069999999688e-02
3.334006619999999727e-02
3.360280570000000189e-02
3.388518990000000120e-02
3.509966920000000268e-02
3.429939700000000230e-02
3.378283110000000061e-02
3.446041760000000120e-02
3.344338620000000123e-02
3.379072310000000301e-02
3.384203119999999732e-02
3.365478599999999904e-02
3.470440479999999800e-02
3.456907609999999853e-02
3.365205310000000255e-02
3.350546470000000110e-02
3.346450969999999886e-02
3.454683389999999715e-02
3.583395529999999773e-02
3.340724090000000285e-02
3.439940460000000255e-02
3.476458319999999741e-02
3.483314099999999802e-02
3.362775900000000012e-02
3.499607770000000284e-02
3.531863150000000284e-02
3.513183339999999960e-02
3.528081360000000222e-02
3.453545250000000094e-02
3.439502209999999865e-02
3.375251060000000053e-02
3.392674810000000096e-02
3.481674030000000281e-02
3.451841490000000234e-02
3.473386440000000158e-02
3.538703029999999694e-02
3.579463110000000170e-02
3.502403820000000306e-02
3.385766590000000020e-02
3.596779650000000300e-02
3.415356910000000301e-02
3.587817809999999802e-02
3.571382110000000110e-02
3.509664190000000294e-02
3.349975869999999994e-02
3.511285649999999758e-02
3.451949680000000048e-02
3.699354170000000025e-02
3.418786880000000000e-02
3.626696229999999688e-02
3.629396780000000017e-02
3.512618110000000071e-02
3.554860719999999863e-02
3.616778489999999957e-02
3.596236139999999665e-02
3.462950060000000163e-02
3.456335249999999831e-02
3.702161860000000027e-02
3.568953109999999790e-02
3.375756659999999687e-02
3.557991580000000043e-02
3.577931630000000252e-02
3.566115429999999753e-02
3.588421409999999895e-02
3.335209819999999936e-02
3.622399660000000243e-02
3.491136260000000241e-02
3.453563280000000041e-02
3.598353659999999760e-02
3.524287350000000069e-02
3.714770900000000098e-02
3.550664349999999719e-02
3.577432989999999868e-02
3.510479200000000272e-02
3.456556510000000082e-02
3.509294610000000120e-02
3.581611690000000014e-02
3.471024419999999694e-02
3.643924469999999805e-02
3.432312829999999843e-02
3.870743289999999809e-02
3.751287279999999946e-02
3.621223030000000204e-02
3.422337529999999739e-02
3.559048149999999994e-02
3.700033219999999956e-02
3.633220959999999833e-02
3.544374849999999688e-02
3.887898850000000295e-02
3.550800839999999903e-02
3.546801640000000339e-02
3.602445700000000278e-02
3.629081700000000299e-02
3.613238430000000057e-02
3.695447679999999679e-02
3.581367530000000021e-02
3.466551450000000117e-02
3.472655229999999787e-02
3.644555559999999861e-02
3.654062190000000043e-02
3.442453830000000159e-02
3.753486410000000245e-02
3.747541480000000230e-02
3.686687749999999902e-02
3.761912580000000006e-02
3.729839759999999810e-02
3.597491879999999836e-02
3.483428880000000172e-02
3.708487199999999789e-02
3.745497939999999776e-02
3.784673739999999675e-02
3.733946380000000009e-02
3.658067920000000056e-02
3.624840759999999745e-02
3.624009639999999782e-02
3.667015330000000101e-02
3.769836420000000077e-02
3.725557689999999672e-02
3.643818680000000115e-02
3.690172469999999927e-02
3.750726270000000195e-02
3.666027499999999911e-02
3.771986260000000091e-02
3.733946380000000009e-02
3.603479760000000143e-02
3.615606400000000165e-02
3.695058629999999761e-02
3.660591080000000219e-02
3.648740820000000162e-02
3.637812530000000127e-02
3.635968099999999786e-02
3.785053020000000296e-02
3.730732070000000039e-02
3.722769830000000058e-02
3.709311850000000105e-02
3.810995550000000065e-02
3.810107690000000269e-02
3.888581270000000117e-02
3.694147159999999763e-02
3.783478490000000138e-02
3.751735149999999713e-02
3.761472739999999898e-02
3.771986260000000091e-02
3.557844369999999673e-02
3.712477780000000144e-02
3.897775889999999938e-02
3.657709740000000126e-02
3.769840249999999865e-02
3.663165930000000098e-02
3.730098529999999885e-02
3.918664609999999993e-02
3.702582599999999780e-02
3.688000350000000122e-02
3.769836420000000077e-02
3.942543710000000201e-02
3.678378179999999831e-02
3.801901569999999869e-02
3.783829570000000336e-02
3.725501509999999683e-02
3.700033219999999956e-02
3.866692840000000159e-02
3.748273459999999779e-02
3.880779919999999966e-02
3.907960629999999991e-02
4.013860870000000164e-02
3.839206010000000002e-02
3.873002560000000233e-02
3.853437869999999654e-02
3.922528370000000209e-02
3.787498370000000336e-02
3.880514300000000028e-02
3.750258530000000201e-02
3.932927309999999926e-02
3.829982039999999671e-02
3.773970549999999813e-02
4.059107149999999914e-02
4.009321080000000093e-02
3.801583060000000153e-02
3.987851099999999843e-02
3.997063409999999928e-02
3.943360070000000162e-02
3.769920229999999817e-02
3.948850710000000042e-02
3.694475519999999846e-02
4.047559139999999667e-02
4.003423910000000058e-02
3.971334270000000111e-02
3.892945789999999878e-02
3.890653709999999932e-02
4.039055400000000212e-02
4.023504470000000000e-02
3.874288110000000118e-02
3.938395880000000043e-02
3.889220820000000023e-02
3.783329070000000099e-02
3.815459429999999708e-02
4.082028780000000051e-02
3.964173380000000219e-02
4.110034309999999885e-02
3.916403219999999713e-02
3.991886929999999972e-02
3.933298679999999714e-02
3.849693629999999950e-02
4.193616780000000016e-02
4.016157530000000198e-02
3.920824469999999867e-02
3.942533909999999808e-02
3.877025249999999784e-02
3.969336650000000050e-02
3.942203489999999977e-02
3.947840319999999792e-02
4.044191069999999999e-02
4.056534130000000182e-02
4.045563860000000317e-02
3.974706709999999837e-02
4.050848750000000248e-02
3.963053879999999668e-02
3.769088040000000139e-02
4.099995039999999868e-02
4.061100060000000234e-02
4.003303860000000103e-02
4.111700659999999868e-02
3.713821209999999817e-02
3.937985380000000313e-02
4.088735670000000211e-02
4.006968140000000123e-02
3.943212959999999739e-02
3.946838469999999766e-02
3.934722909999999879e-02
4.009757430000000095e-02
3.871059419999999668e-02
4.000074399999999780e-02
4.141987149999999673e-02
3.969618240000000187e-02
4.055668419999999830e-02
3.927515289999999881e-02
4.054273159999999959e-02
4.120838980000000179e-02
3.966192629999999719e-02
3.998703049999999953e-02
3.959026549999999922e-02
4.000643839999999674e-02
4.059486799999999923e-02
4.006184329999999683e-02
4.224607269999999803e-02
4.047932480000000083e-02
4.011489859999999713e-02
4.078824629999999729e-02
4.022889839999999745e-02
3.948838789999999793e-02
4.034807320000000086e-02
4.142418040000000329e-02
4.186652259999999737e-02
3.933399430000000113e-02
4.054526559999999807e-02
4.174844180000000099e-02
4.479565810000000342e-02
3.928221140000000278e-02
4.107630290000000017e-02
4.106683149999999782e-02
4.120588389999999684e-02
4.040695589999999948e-02
4.260870900000000155e-02
4.190415849999999665e-02
4.232657349999999902e-02
4.102092589999999789e-02
4.125997680000000056e-02
4.208609659999999753e-02
4.056457780000000124e-02
4.069412060000000136e-02
4.255366640000000228e-02
4.217548170000000318e-02
4.282211009999999790e-02
4.076438899999999810e-02
4.184355909999999679e-02
4.243241739999999845e-02
3.983971199999999935e-02
4.295075699999999913e-02
4.075590960000000096e-02
4.103126640000000214e-02
3.994479360000000034e-02
4.195838760000000084e-02
4.210293119999999889e-02
4.223456879999999691e-02
4.205094560000000037e-02
3.908015129999999754e-02
4.220638160000000222e-02
4.103457340000000314e-02
4.267034909999999764e-02
3.981905949999999667e-02
4.070503600000000000e-02
4.186321900000000013e-02
4.084101529999999841e-02
4.431258710000000184e-02
4.182753079999999846e-02
4.255595880000000164e-02
4.050382599999999972e-02
4.375546229999999898e-02
4.214834840000000055e-02
4.018679700000000327e-02
4.197476940000000045e-02
4.315613940000000148e-02
4.188489289999999809e-02
4.067597319999999989e-02
4.288280109999999951e-02
4.144307769999999724e-02
4.145327399999999829e-02
4.179528579999999827e-02
4.217618239999999796e-02
4.349383379999999938e-02
4.217672869999999907e-02
4.275072290000000302e-02
4.217548170000000318e-02
4.337252130000000122e-02
4.363501809999999898e-02
4.308889280000000044e-02
4.462018809999999946e-02
4.192215610000000342e-02
4.167152999999999829e-02
4.266322759999999908e-02
4.670682820000000152e-02
4.360280099999999659e-02
4.562013420000000236e-02
4.567542089999999944e-02
4.279550260000000023e-02
4.299852910000000195e-02
4.242481420000000086e-02
4.295238330000000077e-02
4.329180700000000159e-02
4.274754210000000082e-02
4.591492710000000255e-02
4.397891550000000011e-02
4.353936630000000002e-02
4.335992789999999764e-02
4.367254100000000222e-02
4.329274350000000132e-02
4.175362240000000252e-02
4.478078509999999790e-02
4.173827470000000123e-02
4.416713840000000002e-02
4.201731720000000114e-02
4.697307010000000005e-02
4.205866540000000042e-02
4.506862329999999917e-02
4.412730880000000078e-02
4.155124200000000212e-02
4.636221189999999853e-02
4.386232319999999740e-02
4.216134469999999884e-02
4.063252690000000028e-02
4.388641929999999997e-02
4.399190380000000261e-02
4.544731240000000200e-02
4.479768499999999681e-02
4.234281250000000024e-02
4.405592020000000109e-02
4.510584909999999781e-02
4.248768580000000100e-02
4.573066459999999833e-02
4.350629770000000174e-02
4.300290849999999915e-02
4.320699179999999695e-02
4.645747029999999778e-02
4.491243200000000213e-02
4.392075959999999779e-02
4.377372219999999675e-02
4.480112280000000252e-02
4.395811859999999849e-02
4.558383049999999853e-02
4.120543210000000151e-02
4.597804259999999782e-02
4.356467630000000063e-02
4.310782259999999810e-02
4.442147600000000141e-02
4.686059540000000329e-02
4.418196469999999959e-02
4.540738069999999960e-02
4.464759599999999773e-02
4.449350120000000047e-02
4.661997660000000154e-02
4.341361409999999754e-02
4.420510999999999885e-02
4.752942360000000227e-02
4.463186110000000317e-02
4.695653550000000037e-02
4.628626339999999950e-02
4.602783569999999852e-02
4.535949479999999701e-02
4.641284390000000037e-02
4.530864839999999838e-02
4.467195410000000116e-02
4.579709779999999869e-02
4.566727920000000079e-02
4.506219620000000148e-02
4.406249990000000311e-02
4.440065590000000229e-02
4.569650759999999839e-02
4.673339070000000206e-02
4.573432200000000086e-02
4.854029380000000199e-02
4.543673580000000267e-02
4.746447859999999852e-02
4.572436529999999999e-02
4.588592030000000072e-02
4.305129139999999688e-02
4.639322569999999868e-02
4.355168100000000181e-02
4.490450609999999815e-02
4.759229160000000292e-02
4.690489419999999826e-02
4.526218369999999991e-02
4.676841889999999724e-02
4.441827570000000253e-02
4.356638709999999942e-02
4.731619330000000345e-02
4.621421109999999943e-02
4.622857250000000223e-02
4.609252099999999741e-02
4.705800660000000052e-02
4.844029019999999963e-02
4.701628039999999897e-02
4.761754060000000094e-02
4.486308230000000258e-02
4.833551009999999953e-02
4.549545499999999715e-02
4.828719880000000020e-02
4.581374319999999972e-02
4.793628340000000154e-02
4.835833820000000338e-02
4.425426710000000124e-02
4.791506470000000267e-02
4.487774280000000199e-02
4.739580759999999920e-02
4.699869040000000109e-02
4.770871740000000305e-02
4.923980490000000321e-02
4.827712289999999684e-02
4.535846410000000245e-02
4.761977249999999745e-02
4.638074560000000207e-02
4.665419199999999711e-02
4.613697149999999858e-02
4.642326730000000123e-02
4.845179150000000073e-02
4.812403120000000034e-02
4.716282769999999985e-02
4.676854619999999685e-02
4.573802970000000190e-02
4.782764829999999745e-02
4.648484359999999899e-02
4.688155990000000134e-02
4.786439750000000271e-02
4.752530010000000082e-02
4.678577169999999924e-02
4.869839150000000033e-02
4.938637070000000129e-02
4.565669029999999684e-02
4.766996080000000108e-02
4.893279229999999980e-02
4.701195049999999653e-02
4.664611899999999978e-02
4.572414250000000208e-02
4.966423959999999999e-02
4.630755510000000158e-02
4.728207279999999818e-02
4.885684839999999973e-02
4.758953960000000122e-02
4.870466510000000249e-02
4.610727319999999990e-02
4.810071350000000301e-02
4.791665440000000137e-02
5.051781500000000064e-02
5.148736029999999991e-02
4.938214030000000199e-02
4.742099830000000293e-02
5.022127140000000323e-02
4.782746300000000061e-02
4.809216129999999839e-02
4.918557719999999689e-02
4.752694500000000100e-02
4.626886620000000144e-02
4.682002519999999696e-02
4.944393369999999788e-02
4.891598319999999889e-02
4.813812640000000170e-02
5.016756079999999673e-02
4.786311029999999744e-02
5.123806510000000064e-02
4.972137950000000278e-02
4.956692530000000180e-02
4.645180790000000282e-02
5.109083400000000164e-02
5.116729989999999756e-02
4.760083930000000296e-02
4.970836630000000089e-02
5.023058090000000198e-02
5.031055069999999796e-02
5.310325309999999743e-02
4.951742089999999763e-02
4.752540450000000000e-02
4.696137009999999667e-02
4.814112090000000066e-02
4.649900059999999974e-02
5.012432940000000059e-02
4.929677009999999804e-02
4.689694450000000264e-02
4.797386000000000011e-02
5.107430400000000092e-02
5.097976220000000058e-02
5.205499310000000213e-02
4.770818830000000260e-02
4.878902739999999710e-02
5.404825359999999856e-02
4.930538009999999721e-02
5.018049790000000260e-02
4.869839150000000033e-02
4.876173599999999997e-02
5.078600309999999757e-02
4.857180529999999968e-02
5.060913260000000219e-02
4.707740020000000108e-02
4.991092290000000153e-02
4.950419369999999736e-02
5.174418790000000212e-02
4.943655200000000166e-02
4.884713639999999774e-02
5.364546629999999983e-02
5.306398910000000024e-02
5.043092849999999960e-02
5.148877629999999705e-02
5.221626149999999966e-02
5.182149920000000271e-02
4.744897929999999930e-02
5.155781539999999830e-02
5.193731239999999777e-02
5.114733009999999913e-02
4.835833820000000338e-02
5.387688000000000199e-02
4.933746919999999758e-02
5.150492549999999975e-02
5.331250309999999853e-02
5.022683239999999744e-02
5.134833099999999706e-02
4.845325930000000253e-02
5.024155160000000342e-02
4.786311029999999744e-02
4.766761130000000263e-02
5.162519699999999767e-02
5.326031839999999934e-02
5.002921440000000081e-02
5.070789109999999933e-02
5.275796929999999885e-02
4.721552560000000232e-02
5.348120080000000331e-02
5.093103539999999790e-02
5.250683519999999743e-02
5.180030430000000241e-02
5.048355610000000021e-02
5.059018509999999719e-02
5.039831439999999801e-02
5.173314279999999959e-02
5.305596840000000036e-02
5.034429299999999829e-02
5.178539430000000249e-02
5.090675199999999956e-02
5.214764279999999780e-02
5.365102399999999855e-02
5.064640790000000253e-02
4.966757000000000116e-02
4.963467249999999747e-02
5.221433350000000140e-02
5.212753719999999730e-02
5.242790270000000086e-02
5.701609929999999771e-02
5.087079750000000206e-02
5.304470359999999968e-02
5.003009139999999716e-02
5.268032150000000191e-02
5.121657029999999999e-02
5.316718200000000033e-02
5.651490819999999832e-02
5.330015340000000129e-02
5.400508030000000098e-02
5.572981899999999988e-02
5.335578860000000229e-02
4.871370170000000055e-02
4.834636619999999746e-02
5.278230929999999654e-02
5.478671179999999863e-02
5.271480630000000001e-02
5.494085869999999761e-02
5.310110850000000077e-02
5.635437570000000063e-02
5.191617180000000081e-02
5.323531370000000179e-02
5.055080320000000099e-02
5.301549960000000172e-02
5.481921780000000022e-02
5.324922809999999701e-02
4.967168379999999800e-02
4.941870040000000130e-02
5.377214229999999900e-02
5.199116349999999970e-02
5.646165189999999973e-02
5.471756249999999711e-02
5.347414579999999751e-02
5.532798719999999781e-02
5.482694679999999821e-02
5.101324859999999822e-02
5.548023819999999690e-02
5.461527470000000078e-02
5.576880940000000092e-02
5.484366990000000275e-02
5.478845570000000220e-02
5.619796369999999902e-02
5.644248059999999734e-02
5.253061950000000035e-02
5.657487540000000203e-02
5.336196099999999942e-02
5.744155339999999776e-02
5.567997250000000092e-02
5.233625959999999716e-02
5.583175569999999921e-02
5.458297279999999724e-02
5.407868219999999865e-02
5.398146079999999875e-02
5.208974200000000138e-02
5.228367970000000198e-02
5.400460029999999689e-02
5.424821540000000081e-02
5.420694610000000024e-02
5.243135510000000027e-02
5.370336469999999890e-02
5.880108540000000134e-02
5.650410589999999705e-02
5.412088260000000317e-02
5.817115640000000004e-02
5.406862669999999704e-02
5.275617269999999942e-02
5.533198839999999702e-02
5.163397120000000340e-02
5.563761410000000324e-02
5.473221000000000336e-02
5.627614799999999806e-02
5.534729850000000284e-02
5.253180699999999981e-02
5.706409679999999846e-02
5.927676929999999705e-02
5.671538439999999903e-02
5.156088989999999678e-02
5.271159000000000261e-02
5.671957479999999857e-02
5.382657879999999673e-02
5.647610580000000241e-02
5.402221000000000106e-02
5.578602139999999654e-02
6.064774359999999809e-02
5.600571750000000321e-02
5.740612810000000205e-02
5.864416690000000265e-02
5.643386999999999709e-02
5.962166700000000319e-02
6.041407420000000084e-02
5.316877560000000252e-02
5.874480070000000220e-02
5.749650819999999746e-02
5.458982930000000344e-02
5.379104700000000155e-02
5.692398469999999933e-02
5.603449879999999883e-02
5.458863569999999887e-02
5.944704309999999936e-02
5.971331059999999968e-02
5.764797309999999952e-02
5.548761470000000001e-02
5.624222000000000249e-02
5.621614600000000156e-02
5.607197190000000331e-02
5.718714479999999906e-02
5.966936889999999855e-02
5.693881349999999758e-02
5.852891949999999843e-02
5.765569859999999935e-02
6.019189760000000222e-02
5.802016959999999751e-02
5.667857169999999944e-02
6.091081059999999686e-02
5.905841960000000196e-02
5.717317040000000072e-02
5.715363910000000047e-02
5.728735459999999974e-02
5.753712419999999772e-02
5.756303069999999661e-02
5.577944669999999883e-02
6.088536910000000302e-02
5.673407629999999841e-02
6.080577530000000341e-02
5.977632019999999657e-02
5.503175400000000217e-02
5.751304919999999932e-02
5.776478050000000142e-02
5.754698760000000191e-02
5.482363030000000220e-02
5.414514909999999792e-02
5.847842729999999656e-02
6.119703680000000007e-02
5.556463880000000327e-02
6.095208309999999852e-02
5.728201969999999893e-02
5.842262880000000103e-02
5.910347280000000092e-02
5.816623110000000013e-02
5.830369529999999967e-02
5.830223779999999661e-02
5.877098420000000101e-02
5.199352170000000328e-02
5.724778030000000212e-02
5.909149390000000002e-02
6.463523790000000324e-02
6.033050899999999744e-02
6.144638379999999706e-02
5.505247030000000319e-02
5.731137570000000014e-02
6.032300279999999737e-02
5.772562440000000156e-02
5.664269870000000068e-02
6.038472029999999990e-02
6.100474179999999802e-02
5.679817930000000126e-02
5.701977920000000227e-02
5.824737619999999921e-02
5.443999480000000224e-02
6.063518030000000086e-02
5.998545809999999978e-02
6.358612060000000399e-02
6.051623109999999806e-02
6.331756199999999390e-02
6.222651340000000253e-02
5.832948550000000010e-02
6.054869780000000229e-02
6.129634500000000208e-02
6.009654109999999771e-02
6.143767270000000114e-02
6.081687599999999888e-02
5.977632019999999657e-02
5.809682509999999911e-02
6.071583159999999896e-02
5.982724159999999736e-02
6.301854739999999955e-02
5.898990689999999981e-02
6.130053500000000322e-02
6.175135179999999974e-02
5.697659389999999713e-02
6.129634500000000208e-02
6.116488870000000300e-02
6.485878949999999976e-02
6.186831389999999931e-02
5.624139749999999827e-02
6.308520850000000346e-02
5.957828639999999953e-02
6.035376869999999755e-02
5.472208430000000123e-02
6.026725410000000061e-02
5.667344839999999967e-02
6.422232440000000264e-02
5.863724370000000102e-02
6.193762740000000044e-02
6.574705150000000053e-02
6.445208610000000005e-02
6.551492230000000028e-02
5.909386509999999676e-02
6.580718069999999531e-02
5.966776120000000239e-02
6.057219180000000119e-02
6.337675669999999484e-02
6.496422699999999939e-02
6.182189650000000092e-02
6.411048069999999988e-02
5.880219879999999677e-02
6.124192900000000050e-02
6.019121079999999874e-02
5.884750910000000057e-02
6.282833039999999314e-02
6.240719389999999783e-02
6.034346909999999814e-02
6.003551249999999895e-02
6.408533809999999997e-02
6.428398509999999622e-02
6.070987919999999705e-02
6.692696350000000571e-02
6.232085939999999769e-02
6.467750410000000505e-02
6.415674350000000192e-02
5.730480610000000113e-02
6.064773880000000339e-02
6.265988599999999797e-02
5.709183599999999997e-02
6.132620009999999872e-02
6.279803309999999750e-02
6.425072360000000371e-02
6.046704879999999921e-02
5.843560989999999761e-02
6.567346359999999550e-02
6.643788009999999911e-02
5.977855180000000296e-02
6.435279100000000641e-02
7.039575359999999948e-02
6.104430439999999902e-02
6.296434750000000358e-02
6.443148310000000600e-02
6.277696330000000213e-02
6.288571549999999455e-02
6.460826510000000633e-02
6.222799229999999987e-02
6.610019030000000018e-02
6.248478670000000290e-02
6.297931399999999458e-02
6.081687599999999888e-02
6.537161639999999885e-02
6.749587919999999741e-02
6.301484709999999323e-02
6.680495449999999946e-02
6.754890319999999615e-02
6.931359880000000084e-02
6.255270879999999534e-02
6.372490399999999888e-02
6.595419630000000366e-02
6.712197550000000013e-02
6.618741109999999594e-02
6.251772510000000449e-02
6.516772440000000166e-02
6.473764149999999828e-02
6.405298789999999687e-02
6.725197280000000388e-02
6.375659710000000646e-02
6.083633320000000205e-02
6.230857339999999744e-02
6.498659639999999904e-02
6.932213360000000213e-02
6.398843939999999952e-02
6.143790080000000042e-02
6.368042720000000045e-02
6.111980060000000298e-02
6.056314399999999931e-02
6.031524170000000101e-02
6.650387789999999411e-02
6.448438950000000280e-02
6.200427609999999840e-02
6.682810340000000515e-02
6.617874619999999930e-02
6.172313339999999787e-02
6.275890369999999330e-02
6.679833620000000249e-02
6.952420049999999407e-02
5.984732210000000274e-02
6.403980569999999373e-02
6.758235079999999617e-02
6.852525119999999803e-02
6.406243490000000651e-02
6.602103739999999610e-02
6.623814980000000685e-02
6.336005109999999496e-02
6.923877189999999571e-02
6.441573139999999531e-02
7.005379550000000177e-02
6.201377439999999908e-02
7.449511600000000011e-02
6.406946030000000569e-02
6.623814980000000685e-02
6.858094870000000509e-02
7.779544189999999804e-02
6.334032859999999543e-02
6.575955880000000642e-02
6.794796409999999398e-02
7.540311589999999786e-02
6.788221730000000564e-02
6.631475059999999977e-02
6.478569680000000053e-02
6.832496339999999391e-02
7.210543760000000246e-02
7.023322630000000677e-02
6.683818230000000693e-02
6.646686659999999358e-02
6.834320789999999424e-02
6.788146559999999607e-02
6.840291249999999601e-02
7.416435429999999884e-02
6.834179869999999768e-02
7.286178040000000633e-02
6.507704620000000217e-02
7.133434909999999962e-02
6.748694489999999824e-02
6.748612029999999373e-02
6.699002680000000487e-02
7.146290439999999911e-02
6.722925409999999657e-02
7.080211259999999451e-02
7.309397180000000438e-02
7.129232500000000361e-02
6.955920990000000192e-02
7.021942670000000386e-02
6.914934429999999854e-02
7.229500249999999684e-02
6.920347809999999322e-02
6.749463649999999648e-02
6.680923419999999779e-02
6.794827870000000325e-02
7.244270869999999696e-02
6.970288269999999620e-02
7.043818849999999854e-02
6.502478539999999307e-02
7.088768850000000399e-02
7.108762709999999485e-02
6.646686659999999358e-02
6.733948689999999515e-02
6.901088480000000525e-02
6.800401320000000471e-02
6.513513730000000668e-02
6.772054750000000567e-02
6.854276759999999857e-02
7.690789500000000389e-02
6.815532350000000350e-02
6.637436330000000273e-02
6.739526590000000095e-02
7.815032639999999753e-02
7.323330070000000358e-02
6.740858889999999659e-02
7.286178040000000633e-02
7.385250229999999749e-02
6.703888919999999307e-02
6.705905550000000603e-02
6.776911049999999326e-02
7.581480869999999983e-02
6.766842859999999682e-02
7.249946270000000303e-02
7.375623269999999343e-02
6.517701700000000375e-02
6.976316300000000303e-02
6.840497589999999795e-02
7.440693850000000553e-02
6.797528079999999584e-02
7.736719579999999652e-02
7.008758880000000302e-02
6.588981689999999503e-02
7.382394640000000674e-02
7.616511739999999586e-02
6.822317719999999863e-02
7.083619019999999600e-02
7.610784029999999312e-02
7.315186449999999674e-02
7.094708369999999653e-02
7.069388170000000249e-02
7.230631999999999338e-02
6.657663549999999486e-02
7.343180850000000093e-02
7.372457679999999680e-02
6.832765799999999945e-02
6.930180599999999358e-02
7.161246579999999695e-02
6.918842949999999548e-02
7.333973000000000575e-02
6.683621570000000678e-02
7.242742439999999560e-02
6.840291249999999601e-02
7.587117090000000674e-02
7.135229129999999531e-02
7.367133480000000179e-02
7.448091020000000007e-02
6.961230999999999669e-02
7.611214560000000018e-02
7.851998390000000660e-02
7.215186440000000145e-02
7.114559920000000648e-02
7.646488610000000408e-02
7.217019430000000402e-02
7.798115290000000310e-02
7.452922230000000314e-02
6.667829200000000012e-02
7.300063219999999853e-02
7.711459349999999491e-02
7.746460989999999491e-02
7.656717570000000361e-02
7.624831740000000135e-02
7.368012240000000601e-02
7.316682089999999861e-02
6.961913540000000400e-02
7.832056290000000143e-02
7.529416790000000026e-02
7.454739000000000504e-02
7.657873490000000061e-02
7.681092800000000054e-02
7.481270619999999538e-02
7.374130449999999337e-02
7.738943119999999731e-02
8.127126419999999851e-02
7.054902820000000241e-02
6.998155809999999366e-02
6.874825530000000517e-02
7.801230859999999656e-02
7.410328350000000563e-02
8.529058920000000266e-02
7.834520309999999654e-02
7.324509390000000231e-02
8.296956440000000099e-02
7.765172559999999891e-02
7.451657970000000186e-02
7.723235909999999482e-02
7.608124589999999687e-02
8.039768070000000155e-02
7.050292610000000182e-02
6.965621360000000262e-02
7.794090700000000371e-02
7.676348319999999614e-02
8.473405409999999749e-02
8.161984229999999507e-02
7.516346040000000672e-02
7.757702199999999548e-02
7.601512790000000686e-02
7.932549610000000362e-02
8.008944480000000643e-02
7.842526140000000145e-02
8.138745279999999582e-02
7.168174589999999624e-02
8.750649039999999768e-02
8.447490509999999730e-02
7.853424890000000602e-02
8.163983669999999582e-02
7.207706229999999437e-02
8.350584219999999946e-02
7.256147840000000404e-02
7.472283259999999705e-02
7.300596769999999347e-02
7.621398810000000468e-02
7.406772899999999882e-02
7.881788680000000047e-02
7.233558619999999606e-02
8.221393120000000665e-02
7.639270360000000037e-02
7.608266650000000686e-02
7.927359289999999503e-02
8.534816650000000282e-02
8.420298530000000503e-02
7.889178709999999928e-02
7.201999450000000358e-02
8.603401939999999470e-02
7.562318910000000172e-02
7.476972950000000673e-02
7.043467270000000613e-02
7.515833650000000588e-02
7.335501889999999914e-02
7.367680779999999374e-02
7.514630260000000617e-02
7.376227690000000670e-02
8.013242430000000471e-02
7.538999309999999676e-02
7.113967140000000688e-02
8.021207019999999910e-02
8.407555290000000292e-02
7.600523929999999928e-02
7.735176759999999596e-02
8.009593539999999845e-02
6.761841790000000518e-02
6.949811799999999762e-02
8.370122269999999420e-02
7.276687699999999370e-02
7.522122050000000504e-02
8.454037629999999748e-02
7.890318500000000068e-02
7.801043720000000459e-02
7.333973000000000575e-02
8.676833420000000519e-02
7.665466719999999845e-02
7.344835169999999747e-02
8.252144000000000146e-02
7.491305680000000244e-02
7.762578380000000056e-02
7.764604360000000594e-02
7.973539990000000355e-02
7.812304220000000632e-02
7.880284630000000679e-02
8.386327840000000478e-02
9.366910430000000010e-02
8.366896679999999420e-02
8.605189879999999847e-02
8.899231779999999814e-02
8.004758519999999322e-02
7.695210239999999979e-02
7.081073790000000368e-02
7.987024830000000186e-02
8.109395199999999693e-02
8.800605000000000233e-02
7.603737509999999866e-02
7.368666209999999439e-02
8.354954320000000656e-02
8.329582870000000472e-02
7.724627759999999621e-02
7.487802450000000110e-02
7.877178719999999856e-02
8.647609990000000579e-02
9.038229990000000436e-02
9.111474930000000583e-02
7.948546049999999363e-02
8.159626870000000198e-02
8.546063750000000570e-02
7.740367169999999575e-02
8.080344609999999539e-02
8.033651510000000551e-02
8.033806799999999859e-02
8.201720499999999581e-02
8.555328809999999951e-02
9.244576190000000637e-02
8.211189950000000182e-02
8.313719290000000373e-02
8.095466029999999480e-02
8.327160749999999723e-02
7.934439170000000263e-02
8.860256569999999665e-02
8.440656900000000074e-02
8.937726070000000245e-02
8.342176480000000616e-02
8.667363829999999436e-02
8.220551889999999640e-02
8.810028470000000334e-02
9.128115380000000056e-02
8.223722209999999311e-02
8.553279449999999506e-02
7.860608430000000368e-02
8.678260040000000675e-02
8.248344209999999843e-02
8.259389400000000103e-02
8.872623879999999574e-02
8.543639510000000659e-02
8.530954749999999920e-02
7.616651210000000005e-02
8.622362719999999980e-02
8.488849850000000641e-02
8.424516440000000272e-02
7.760492839999999504e-02
8.957279840000000048e-02
8.040314719999999693e-02
9.525831220000000044e-02
8.155804210000000554e-02
8.388594489999999515e-02
9.058785519999999758e-02
8.094321899999999681e-02
8.734931260000000641e-02
8.213330539999999513e-02
7.985027290000000499e-02
8.129572620000000138e-02
9.032477160000000616e-02
8.336742799999999343e-02
7.796696170000000370e-02
8.988068120000000660e-02
9.057644959999999745e-02
8.968169650000000492e-02
8.118053009999999514e-02
8.941039850000000178e-02
8.424458599999999631e-02
9.333817789999999948e-02
7.971760120000000172e-02
7.997931169999999979e-02
8.731407809999999770e-02
8.796804469999999765e-02
8.548870949999999580e-02
8.664950920000000223e-02
8.526611019999999486e-02
9.059428479999999395e-02
9.222771450000000204e-02
9.089150299999999849e-02
8.871188870000000504e-02
7.983807510000000274e-02
9.045669609999999750e-02
8.840617230000000215e-02
8.196200909999999673e-02
8.838433380000000616e-02
9.436506090000000568e-02
8.243445130000000287e-02
8.655190459999999308e-02
8.220736010000000149e-02
8.840953259999999314e-02
9.193279710000000493e-02
7.970521099999999803e-02
8.722523640000000300e-02
8.454390089999999636e-02
8.312997540000000019e-02
8.000197729999999896e-02
8.074774919999999634e-02
9.630674320000000288e-02
8.868438500000000446e-02
9.774530350000000534e-02
8.041568479999999797e-02
9.666205129999999590e-02
9.230960409999999783e-02
8.457649320000000526e-02
8.218034690000000642e-02
9.026637149999999776e-02
9.201880079999999462e-02
8.441682620000000303e-02
9.287044980000000449e-02
9.425473210000000213e-02
8.799347779999999730e-02
8.334181929999999461e-02
9.396345909999999357e-02
9.327232559999999728e-02
9.280115919999999685e-02
9.775408820000000554e-02
9.871994430000000098e-02
8.424837599999999982e-02
8.473405409999999749e-02
9.461768680000000320e-02
8.927716069999999671e-02
8.412926769999999610e-02
9.111351489999999775e-02
8.719973520000000311e-02
9.589104399999999473e-02
1.030708429999999953e-01
9.893086040000000081e-02
8.531435019999999980e-02
9.339684130000000528e-02
9.495446659999999539e-02
9.658776750000000466e-02
8.627670969999999551e-02
8.768102660000000326e-02
8.866835309999999970e-02
9.590719250000000196e-02
8.769179959999999496e-02
1.049662840000000069e-01
9.418820599999999654e-02
9.064097879999999385e-02
9.439021039999999363e-02
8.424035729999999889e-02
1.010624400000000034e-01
8.753075750000000044e-02
8.637439510000000098e-02
7.779551199999999722e-02
9.323112620000000017e-02
8.866918290000000424e-02
9.863391370000000602e-02
1.045403069999999990e-01
9.988102190000000546e-02
1.025174600000000047e-01
9.268352230000000136e-02
9.445055139999999905e-02
8.763774439999999499e-02
9.721030599999999633e-02
8.532793510000000192e-02
9.214402230000000305e-02
1.026591409999999954e-01
8.742285889999999726e-02
9.249252360000000117e-02
9.028090530000000558e-02
9.084007049999999472e-02
8.843879590000000568e-02
1.023162319999999931e-01
1.010313570000000022e-01
9.229014839999999387e-02
1.042421560000000025e-01
1.024485859999999943e-01
9.462262770000000323e-02
9.257654580000000688e-02
9.526415809999999595e-02
9.455250169999999954e-02
9.201393569999999356e-02
9.799993690000000091e-02
9.823346500000000592e-02
8.210395119999999713e-02
1.127534550000000024e-01
9.800891239999999505e-02
9.944343170000000121e-02
8.768801969999999446e-02
9.143615550000000480e-02
1.032725409999999955e-01
9.234892449999999864e-02
8.625588189999999766e-02
9.323182659999999788e-02
8.759436099999999559e-02
8.842594439999999778e-02
9.927442829999999496e-02
1.030985680000000015e-01
1.059621889999999983e-01
9.442015319999999545e-02
9.932950879999999372e-02
9.311377249999999717e-02
9.141319479999999997e-02
1.011510679999999968e-01
9.861921540000000153e-02
9.959531259999999941e-02
1.023849980000000048e-01
9.447424570000000077e-02
9.974852580000000135e-02
9.986364170000000540e-02
9.622701820000000017e-02
1.054362030000000061e-01
9.056604120000000258e-02
1.074441470000000037e-01
1.034553029999999985e-01
9.322742189999999596e-02
1.059780270000000024e-01
1.064810119999999999e-01
8.595867440000000415e-02
1.012852499999999933e-01
1.037724470000000038e-01
1.056223379999999962e-01
1.051649080000000014e-01
9.338293949999999788e-02
1.161015769999999975e-01
1.049898670000000006e-01
9.329356049999999734e-02
9.573806719999999881e-02
1.115124110000000057e-01
8.236544490000000107e-02
1.053036279999999963e-01
1.013090680000000021e-01
9.575324020000000602e-02
9.879830339999999544e-02
1.030177639999999978e-01
8.636264250000000309e-02
1.104898200000000025e-01
1.014294929999999956e-01
9.530593699999999335e-02
1.122711410000000049e-01
1.178091260000000001e-01
9.493438120000000091e-02
9.407895889999999539e-02
9.353808819999999413e-02
1.010993629999999976e-01
9.894514229999999688e-02
9.848579020000000628e-02
9.776588499999999682e-02
9.198176449999999338e-02
1.006892459999999961e-01
1.023784189999999983e-01
1.094925630000000011e-01
1.163899030000000029e-01
9.501187630000000606e-02
1.090055310000000027e-01
9.829422479999999629e-02
1.050294969999999994e-01
9.772371430000000025e-02
9.551214550000000636e-02
1.028083959999999963e-01
1.001830610000000038e-01
1.042205469999999967e-01
1.378594900000000012e-01
9.911375969999999813e-02
1.005349059999999933e-01
9.849875349999999419e-02
