2.268201345576852379e-01
2.252793414555896434e-01
2.234452419565822745e-01
2.213311563316747166e-01
2.189542647410863963e-01
2.163352681255243937e-01
2.134979845350337968e-01
2.104688910016113412e-01
2.072766221644434526e-01
2.039514377574729032e-01
2.005246715980674999e-01
1.970281748801938904e-01
1.934937663791203577e-01
1.899527016326162943e-01
1.864351723022851515e-01
1.829698457742529316e-01
1.795834536753418975e-01
1.763004364098482990e-01
1.731426491181843608e-01
1.701291326791893876e-01
1.672759515801889307e-01
1.645960987182102098e-01
1.620994655236298598e-01
1.597928742599185881e-01
1.576801679891943198e-01
1.557623525342723692e-01
1.540377838365535046e-01
1.525023934193227848e-01
1.511499442229726486e-01
1.499723088790210490e-01
1.489597625225619892e-01
1.481012825906466435e-01
1.473848477713777527e-01
1.467977310869656160e-01
1.463267790398429802e-01
1.459586734658354923e-01
1.456801712482421740e-01
1.454783187936102007e-01
1.453406389834340229e-01
1.452552892228692605e-01
1.452111900636377795e-01
1.451981246629480138e-01
1.452068100371263215e-01
1.452289416659151011e-01
1.452572134936466752e-01
1.452853157536086737e-01
1.453079133126423950e-01
1.453206073985880142e-01
1.453198836407684491e-01
1.453030493327952810e-01
1.452681627288366084e-01
1.452139570215216224e-01
1.451397614348436393e-01
1.450454216118110262e-01
1.449312211968136754e-01
1.447978062185667769e-01
1.446461135817991295e-01
1.444773046839844255e-01
1.442927048952962199e-01
1.440937493819823834e-01
1.438819355203225792e-01
1.436587819435685975e-01
1.434257940896885020e-01
1.431844359739860295e-01
1.429361077973060890e-01
1.426821289161908923e-01
1.424237256439369326e-01
1.421620233183767401e-01
1.418980420603807024e-01
1.416326956533366932e-01
1.413667929949702640e-01
1.411010416056180106e-01
1.408360527184438771e-01
1.405723475243081666e-01
1.403103641945820101e-01
1.400504653569954183e-01
1.397929457508145512e-01
1.395380398368121777e-01
1.392859291835082391e-01
1.390367494932140124e-01
1.387905971689906148e-01
1.385475353564633583e-01
1.383075994224490235e-01
1.380708018556659478e-01
1.378371365936463533e-01
1.376065827946978404e-01
1.373791080847712176e-01
1.371546713168347309e-01
1.369332248852858369e-01
1.367147166405097702e-01
1.364990914493581786e-01
1.362862924464701975e-01
1.360762620193667061e-01
1.358689425674363127e-01
1.356642770715750512e-01
1.354622095075815325e-01
1.352626851326254320e-01
1.350656506703600823e-01
1.348710544166436265e-01
1.346788462844566436e-01
1.344889778035057715e-01
1.343014020872193015e-01
1.341160737773801348e-01
1.339329489745045842e-01
1.337519851602512744e-01
1.335731411166086458e-01
1.333963768453415022e-01
1.332216534901455585e-01
1.330489332631371036e-01
1.328781793766614372e-01
1.327093559809148227e-01
1.325424281075104627e-01
1.323773616188594349e-01
1.322141231630627467e-01
1.320526801338964829e-01
1.318930006354147033e-01
1.317350534506689652e-01
1.315788080140476157e-01
1.314242343867606799e-01
1.312713032350296960e-01
1.311199858105833727e-01
1.309702539331034643e-01
1.308220799743106399e-01
1.306754368434214775e-01
1.305302979737484881e-01
1.303866373102509635e-01
1.302444292978760521e-01
1.301036488705586969e-01
1.299642714407718280e-01
1.298262728895393514e-01
1.296896295568426560e-01
1.295543182323631859e-01
1.294203161465176388e-01
1.292876009617501265e-01
1.291561507640542339e-01
1.290259440547031622e-01
1.288969597421712188e-01
1.287691771342331926e-01
1.286425759302318728e-01
1.285171362135046902e-01
1.283928384439635417e-01
1.282696634508216083e-01
1.281475924254636967e-01
1.280266069144551655e-01
1.279066888126868251e-01
1.277878203566522319e-01
1.276699841178552952e-01
1.275531629963443936e-01
1.274373402143722245e-01
1.273224993101771951e-01
1.272086241318851341e-01
1.270956988315292413e-01
1.269837078591848356e-01
1.268726359572183160e-01
1.267624681546467014e-01
1.266531897616068048e-01
1.265447863639312942e-01
1.264372438178297808e-01
1.263305482446731021e-01
1.262246860258783576e-01
1.261196437978932827e-01
1.260154084472779878e-01
1.259119671058815393e-01
1.258093071461124923e-01
1.257074161763007958e-01
1.256062820361497356e-01
1.255058927922762246e-01
1.254062367338370787e-01
1.253073023682404197e-01
1.252090784169403170e-01
1.251115538113125314e-01
1.250147176886104994e-01
1.249185593879997697e-01
1.248230684466690582e-01
1.247282345960168959e-01
1.246340477579120781e-01
1.245404980410265150e-01
1.244475757372395519e-01
1.243552713181113600e-01
1.242635754314252855e-01
1.241724788977967286e-01
1.240819727073482204e-01
1.239920480164483224e-01
1.239026961445144071e-01
1.238139085708768322e-01
1.237256769317042482e-01
1.236379930169883012e-01
1.235508487675867767e-01
1.234642362723241266e-01
1.233781477651481606e-01
1.232925756223417352e-01
1.232075123597884264e-01
1.231229506302915777e-01
1.230388832209446948e-01
1.229553030505531747e-01
1.228722031671059117e-01
1.227895767452959197e-01
1.227074170840887490e-01
1.226257176043383385e-01
1.225444718464488297e-01
1.224636734680817907e-01
1.223833162419076387e-01
1.223033940534009462e-01
1.222239008986781700e-01
1.221448308823773615e-01
1.220661782155788994e-01
1.219879372137667034e-01
1.219101022948284319e-01
1.218326679770950355e-01
1.217556288774177542e-01
1.216789797092825282e-01
1.216027152809612127e-01
1.215268304936978905e-01
1.214513203399310848e-01
1.213761799015498632e-01
1.213014043481838583e-01
1.212269889355264141e-01
1.211529290036902351e-01
1.210792199755946347e-01
1.210058573553844108e-01
1.209328367268787535e-01
1.208601537520508362e-01
1.207878041695362448e-01
1.207157837931705918e-01
1.206440885105553584e-01
1.205727142816515468e-01
1.205016571374003254e-01
1.204309131783705550e-01
1.203604785734325722e-01
1.202903495584573823e-01
1.202205224350410828e-01
1.201509935692540859e-01
1.200817593904145025e-01
1.200128163898850631e-01
1.199441611198935470e-01
1.198757901923759167e-01
1.198077002778417804e-01
1.197398881042618934e-01
1.196723504559771001e-01
1.196050841726283842e-01
1.195380861481076390e-01
1.194713533295286012e-01
1.194048827162179360e-01
1.193386713587254455e-01
1.192727163578538446e-01
1.192070148637068699e-01
1.191415640747561094e-01
1.190763612369256513e-01
1.190114036426944688e-01
1.189466886302163462e-01
1.188822135824565140e-01
1.188179759263450347e-01
1.187539731319467717e-01
1.186902027116470554e-01
1.186266622193532794e-01
1.185633492497119718e-01
1.185002614373407842e-01
1.184373964560754000e-01
1.183747520182310692e-01
1.183123258738783407e-01
1.182501158101326166e-01
1.181881196504577930e-01
1.181263352539828615e-01
1.180647605148321816e-01
1.180033933614683117e-01
1.179422317560476080e-01
1.178812736937885214e-01
1.178205172023516212e-01
1.177599603412319840e-01
1.176996012011629900e-01
1.176394379035319293e-01
1.175794685998065719e-01
1.175196914709730756e-01
1.174601047269843851e-01
1.174007066062197069e-01
1.173414953749539885e-01
1.172824693268378349e-01
1.172236267823875550e-01
1.171649660884846456e-01
1.171064856178853364e-01
1.170481837687393223e-01
1.169900589641179739e-01
1.169321096515513886e-01
1.168743343025744896e-01
1.168167314122819656e-01
1.167592994988915223e-01
1.167020371033157949e-01
1.166449427887424062e-01
1.165880151402218928e-01
1.165312527642640567e-01
1.164746542884415870e-01
1.164182183610015520e-01
1.163619436504843146e-01
1.163058288453497346e-01
1.162498726536108085e-01
1.161940738024737629e-01
1.161384310379858231e-01
1.160829431246891974e-01
1.160276088452817933e-01
1.159724270002848168e-01
1.159173964077162278e-01
1.158625159027708296e-01
1.158077843375064364e-01
1.157532005805359809e-01
1.156987635167255196e-01
1.156444720468982196e-01
1.155903250875437854e-01
1.155363215705336039e-01
1.154824604428413976e-01
1.154287406662690280e-01
1.153751612171777657e-01
1.153217210862246545e-01
1.152684192781038425e-01
1.152152548112929387e-01
1.151622267178043224e-01
1.151093340429409778e-01
1.150565758450572684e-01
1.150039511953240834e-01
1.149514591774985911e-01
1.148990988709640837e-01
1.148468694174873822e-01
1.147947699204701910e-01
1.147427995117989430e-01
1.146909573348594280e-01
1.146392425443316654e-01
1.145876543059887731e-01
1.145361917964996812e-01
1.144848542032354394e-01
1.144336407240795772e-01
1.143825505672417253e-01
1.143315829510749698e-01
1.142807371038966763e-01
1.142300122638127413e-01
1.141794076785451056e-01
1.141289226052627226e-01
1.140785563104155242e-01
1.140283080695717599e-01
1.139781771672583460e-01
1.139281628968042415e-01
1.138782645601867927e-01
1.138284814678810347e-01
1.137788129387119068e-01
1.137292582997092016e-01
1.136798168859652763e-01
1.136304880404954282e-01
1.135812711141011844e-01
1.135321654652357432e-01
1.134831704598723429e-01
1.134342854713750598e-01
1.133855098803718264e-01
1.133368430746301420e-01
1.132882844489350033e-01
1.132398334049691674e-01
1.131914893511956899e-01
1.131432517027426560e-01
1.130951198812901737e-01
1.130470933149593932e-01
1.129991714382037327e-01
1.129513536917020333e-01
1.129036395222539346e-01
1.128560283826769983e-01
1.128085197317059141e-01
1.127611130338935508e-01
1.127138077595139787e-01
1.126666033844671427e-01
1.126194993901853958e-01
1.125724952635420023e-01
1.125255904967609744e-01
1.124787845873289477e-01
1.124320770379085843e-01
1.123854673562534878e-01
1.123389550551249505e-01
1.122925396522101299e-01
1.122462206700416826e-01
1.121999976359191326e-01
1.121538700818315026e-01
1.121078375443814584e-01
1.120618995647109650e-01
1.120160556884281511e-01
1.119703054655357966e-01
1.119246484503608752e-01
1.118790842014856096e-01
1.118336122816797479e-01
1.117882322578341026e-01
1.117429437008953530e-01
1.116977461858020271e-01
1.116526392914216903e-01
1.116076226004893701e-01
1.115626956995469515e-01
1.115178581788839191e-01
1.114731096324790283e-01
1.114284496579431710e-01
1.113838778564632120e-01
1.113393938327469357e-01
1.112949971949689781e-01
1.112506875547177726e-01
1.112064645269434660e-01
1.111623277299067653e-01
1.111182767851289499e-01
1.110743113173423002e-01
1.110304309544421081e-01
1.109866353274389650e-01
1.109429240704123409e-01
1.108992968204648294e-01
1.108557532176772664e-01
1.108122929050646410e-01
1.107689155285329768e-01
1.107256207368367273e-01
1.106824081815371980e-01
1.106392775169616344e-01
1.105962284001629770e-01
1.105532604908805866e-01
1.105103734515013592e-01
1.104675669470218946e-01
1.104248406450110687e-01
1.103821942155733676e-01
1.103396273313130976e-01
1.102971396672988852e-01
1.102547309010291215e-01
1.102124007123979066e-01
1.101701487836614785e-01
1.101279747994056563e-01
1.100858784465133799e-01
1.100438594141331383e-01
1.100019173936479244e-01
1.099600520786446906e-01
1.099182631648843167e-01
1.098765503502723284e-01
1.098349133348298090e-01
1.097933518206651859e-01
1.097518655119461978e-01
1.097104541148726242e-01
1.096691173376493911e-01
1.096278548904600358e-01
1.095866664854409367e-01
1.095455518366557218e-01
1.095045106600702617e-01
1.094635426735281053e-01
1.094226475967263051e-01
1.093818251511916861e-01
1.093410750602576420e-01
1.093003970490410565e-01
1.092597908444200294e-01
1.092192561750115892e-01
1.091787927711501127e-01
1.091384003648659534e-01
1.090980786898644583e-01
1.090578274815054566e-01
1.090176464767830117e-01
1.089775354143054376e-01
1.089374940342759529e-01
1.088975220784733494e-01
1.088576192902331458e-01
1.088177854144291440e-01
1.087780201974551247e-01
1.087383233872070282e-01
1.086986947330652459e-01
1.086591339858774818e-01
1.086196408979416411e-01
1.085802152229891904e-01
1.085408567161687265e-01
1.085015651340298093e-01
1.084623402345071957e-01
1.084231817769051587e-01
1.083840895218821238e-01
1.083450632314357509e-01
1.083061026688880019e-01
1.082672075988705684e-01
1.082283777873106340e-01
1.081896130014167456e-01
1.081509130096649646e-01
1.081122775817852794e-01
1.080737064887481863e-01
1.080351995027515749e-01
1.079967563972077105e-01
1.079583769467306331e-01
1.079200609271234734e-01
1.078818081153662539e-01
1.078436182896037460e-01
1.078054912291335626e-01
1.077674267143944181e-01
1.077294245269546369e-01
1.076914844495007462e-01
1.076536062658264709e-01
1.076157897608216035e-01
1.075780347204612353e-01
1.075403409317952225e-01
1.075027081829376258e-01
1.074651362630565238e-01
1.074276249623638407e-01
1.073901740721053544e-01
1.073527833845509677e-01
1.073154526929850083e-01
1.072781817916968056e-01
1.072409704759712534e-01
1.072038185420796791e-01
1.071667257872707946e-01
1.071296920097617456e-01
1.070927170087293268e-01
1.070558005843014887e-01
1.070189425375486086e-01
1.069821426704752887e-01
1.069454007860120986e-01
1.069087166880073603e-01
1.068720901812192925e-01
1.068355210713080039e-01
1.067990091648279016e-01
1.067625542692198087e-01
1.067261561928038172e-01
1.066898147447714884e-01
1.066535297351788453e-01
1.066173009749390721e-01
1.065811282758154094e-01
1.065450114504142565e-01
1.065089503121782744e-01
1.064729446753795578e-01
1.064369943551130709e-01
1.064010991672900142e-01
1.063652589286313149e-01
1.063294734566613414e-01
1.062937425697014771e-01
1.062580660868640975e-01
1.062224438280462840e-01
1.061868756139239117e-01
1.061513612659456957e-01
1.061159006063272237e-01
1.060804934580454051e-01
1.060451396448325451e-01
1.060098389911709460e-01
1.059745913222871483e-01
1.059393964641466984e-01
1.059042542434486672e-01
1.058691644876202376e-01
1.058341270248117222e-01
1.057991416838911375e-01
1.057642082944392908e-01
1.057293266867446457e-01
1.056944966917984924e-01
1.056597181412898823e-01
1.056249908676010069e-01
1.055903147038022849e-01
1.055556894836476578e-01
1.055211150415700794e-01
1.054865912126768945e-01
1.054521178327452180e-01
1.054176947382175628e-01
1.053833217661975380e-01
1.053489987544453110e-01
1.053147255413734301e-01
1.052805019660425917e-01
1.052463278681574493e-01
1.052122030880624504e-01
1.051781274667378113e-01
1.051441008457954934e-01
1.051101230674751780e-01
1.050761939746403806e-01
1.050423134107745793e-01
1.050084812199773288e-01
1.049746972469605827e-01
1.049409613370448358e-01
1.049072733361555293e-01
1.048736330908193043e-01
1.048400404481605042e-01
1.048064952558975249e-01
1.047729973623393318e-01
1.047395466163820177e-01
1.047061428675052502e-01
1.046727859657689969e-01
1.046394757618100968e-01
1.046062121068389028e-01
1.045729948526361586e-01
1.045398238515495154e-01
1.045066989564905069e-01
1.044736200209313293e-01
1.044405868989016356e-01
1.044075994449855382e-01
1.043746575143183752e-01
1.043417609625839071e-01
1.043089096460110554e-01
1.042761034213711552e-01
1.042433421459748738e-01
1.042106256776693107e-01
1.041779538748352080e-01
1.041453265963840358e-01
1.041127437017551477e-01
1.040802050509130605e-01
1.040477105043446510e-01
1.040152599230564356e-01
1.039828531685718649e-01
1.039504901029286582e-01
1.039181705886761120e-01
1.038858944888725599e-01
1.038536616670826668e-01
1.038214719873749581e-01
1.037893253143192251e-01
1.037572215129839853e-01
1.037251604489340395e-01
1.036931419882279326e-01
1.036611659974156080e-01
1.036292323435358265e-01
1.035973408941139318e-01
1.035654915171593526e-01
1.035336840811632714e-01
1.035019184550963617e-01
1.034701945084063324e-01
1.034385121110157763e-01
1.034068711333197832e-01
1.033752714461838168e-01
1.033437129209413413e-01
1.033121954293916844e-01
1.032807188437978724e-01
1.032492830368843817e-01
1.032178878818350298e-01
1.031865332522908657e-01
1.031552190223479909e-01
1.031239450665555057e-01
1.030927112599134138e-01
1.030615174778705401e-01
1.030303635963225328e-01
1.029992494916098095e-01
1.029681750405154889e-01
1.029371401202635455e-01
1.029061446085166170e-01
1.028751883833742414e-01
1.028442713233708450e-01
1.028133933074736744e-01
1.027825542150811455e-01
1.027517539260206642e-01
1.027209923205470027e-01
1.026902692793401906e-01
1.026595846835038073e-01
1.026289384145630812e-01
1.025983303544631270e-01
1.025677603855670028e-01
1.025372283906540588e-01
1.025067342529180359e-01
1.024762778559653725e-01
1.024458590838133870e-01
1.024154778208885147e-01
1.023851339520246984e-01
1.023548273624615007e-01
1.023245579378424808e-01
1.022943255642134869e-01
1.022641301280210191e-01
1.022339715161104390e-01
1.022038496157243875e-01
1.021737643145011754e-01
1.021437155004730063e-01
1.021137030620645203e-01
1.020837268880910031e-01
1.020537868677569571e-01
1.020238828906543382e-01
1.019940148467611274e-01
1.019641826264396089e-01
1.019343861204349694e-01
1.019046252198735347e-01
1.018748998162614938e-01
1.018452098014830803e-01
1.018155550677993376e-01
1.017859355078463146e-01
1.017563510146338307e-01
1.017268014815437688e-01
1.016972868023287846e-01
1.016678068711105998e-01
1.016383615823788084e-01
1.016089508309892114e-01
1.015795745121624155e-01
1.015502325214824308e-01
1.015209247548952975e-01
1.014916511087075035e-01
1.014624114795847354e-01
1.014332057645503243e-01
1.014040338609840108e-01
1.013748956666204459e-01
1.013457910795478450e-01
1.013167199982065586e-01
1.012876823213878646e-01
1.012586779482324423e-01
1.012297067782291227e-01
1.012007687112134874e-01
1.011718636473666472e-01
1.011429914872137292e-01
1.011141521316227809e-01
1.010853454818032848e-01
1.010565714393049513e-01
1.010278299060163448e-01
1.009991207841637317e-01
1.009704439763096234e-01
1.009417993853516521e-01
1.009131869145211829e-01
1.008846064673822041e-01
1.008560579478298969e-01
1.008275412600894705e-01
1.007990563087150238e-01
1.007706029985881019e-01
1.007421812349166002e-01
1.007137909232335843e-01
1.006854319693959443e-01
1.006571042795833121e-01
1.006288077602967151e-01
1.006005423183575914e-01
1.005723078609063875e-01
1.005441042954014486e-01
1.005159315296178940e-01
1.004877894716464520e-01
1.004596780298921410e-01
1.004315971130732982e-01
1.004035466302203167e-01
1.003755264906745076e-01
1.003475366040869760e-01
1.003195768804174964e-01
1.002916472299333617e-01
1.002637475632082303e-01
1.002358777911210724e-01
1.002080378248549619e-01
1.001802275758960498e-01
1.001524469560324399e-01
1.001246958773530649e-01
1.000969742522465761e-01
1.000692819934003164e-01
1.000416190137991407e-01
1.000139852267245000e-01
9.998638054575317846e-02
9.995880488475629433e-02
9.993125815789832833e-02
9.990374027963590253e-02
9.987625116471685049e-02
9.984879072817913481e-02
9.982135888534973689e-02
9.979395555184372713e-02
9.976658064356311306e-02
9.973923407669593733e-02
9.971191576771512577e-02
9.968462563337755766e-02
9.965736359072294159e-02
9.963012955707296892e-02
9.960292345003013414e-02
9.957574518747683290e-02
9.954859468757430718e-02
9.952147186876170171e-02
9.949437664975509243e-02
9.946730894954634861e-02
9.944026868740231395e-02
9.941325578286379361e-02
9.938627015574451329e-02
9.935931172613021722e-02
9.933238041437766896e-02
9.930547614111367993e-02
9.927859882723422125e-02
9.925174839390338288e-02
9.922492476255244387e-02
9.919812785487899798e-02
9.917135759284589902e-02
9.914461389868044205e-02
9.911789669487329479e-02
9.909120590417769270e-02
9.906454144960846753e-02
9.903790325444110365e-02
9.901129124221083599e-02
9.898470533671172022e-02
9.895814546199575845e-02
9.893161154237196941e-02
9.890510350240547255e-02
9.887862126691661369e-02
9.885216476098007687e-02
9.882573390992388518e-02
9.879932863932873455e-02
9.877294887502682808e-02
9.874659454310125151e-02
9.872026556988490464e-02
9.869396188195977970e-02
9.866768340615593436e-02
9.864143006955074233e-02
9.861520179946797748e-02
9.858899852347699500e-02
9.856282016939178769e-02
9.853666666527026441e-02
9.851053793941323689e-02
9.848443392036373978e-02
9.845835453690601757e-02
9.843229971806485845e-02
9.840626939310465060e-02
9.838026349152848016e-02
9.835428194307746508e-02
9.832832467772988083e-02
9.830239162570020284e-02
9.827648271743846808e-02
9.825059788362934532e-02
9.822473705519133014e-02
9.819890016327599558e-02
9.817308713926709007e-02
9.814729791477981580e-02
9.812153242165995437e-02
9.809579059198314521e-02
9.807007235805402512e-02
9.804437765240546498e-02
9.801870640779776489e-02
9.799305855721783531e-02
9.796743403387855875e-02
9.794183277121776277e-02
9.791625470289765099e-02
9.789069976280398433e-02
9.786516788504517894e-02
9.783965900395172333e-02
9.781417305407527629e-02
9.778870997018797306e-02
9.776326968728163425e-02
9.773785214056696091e-02
9.771245726547295174e-02
9.768708499764588993e-02
9.766173527294881584e-02
9.763640802746068048e-02
9.761110319747560993e-02
9.758582071950214210e-02
9.756056053026260222e-02
9.753532256669217304e-02
9.751010676593833970e-02
9.748491306536004319e-02
9.745974140252704199e-02
9.743459171521909323e-02
9.740946394142528664e-02
9.738435801934337832e-02
9.735927388737888877e-02
9.733421148414460322e-02
9.730917074845976678e-02
9.728415161934932109e-02
9.725915403604325216e-02
9.723417793797593800e-02
9.720922326478530218e-02
9.718428995631230027e-02
9.715937795260003174e-02
9.713448719389324026e-02
9.710961762063742564e-02
9.708476917347828861e-02
9.705994179326102311e-02
9.703513542102958078e-02
9.701034999802604641e-02
9.698558546568988858e-02
9.696084176565741841e-02
9.693611883976091526e-02
9.691141663002812712e-02
9.688673507868154899e-02
9.686207412813767348e-02
9.683743372100643565e-02
9.681281380009058857e-02
9.678821430838481510e-02
9.676363518907532546e-02
9.673907638553902455e-02
9.671453784134302623e-02
9.669001950024382064e-02
9.666552130618673300e-02
9.664104320330529907e-02
9.661658513592048803e-02
9.659214704854024447e-02
9.656772888585868353e-02
9.654333059275559126e-02
9.651895211429563359e-02
9.649459339572791228e-02
9.647025438248518769e-02
9.644593502018329600e-02
9.642163525462051077e-02
9.639735503177698783e-02
9.637309429781404368e-02
9.634885299907361422e-02
9.632463108207756086e-02
9.630042849352715706e-02
9.627624518030239442e-02
9.625208108946137209e-02
9.622793616823978324e-02
9.620381036405016573e-02
9.617970362448141630e-02
9.615561589729813841e-02
9.613154713043997601e-02
9.610749727202122505e-02
9.608346627032998688e-02
9.605945407382772416e-02
9.603546063114866416e-02
9.601148589109910481e-02
9.598752980265698453e-02
9.596359231497113285e-02
9.593967337736084011e-02
9.591577293931514980e-02
9.589189095049237277e-02
9.586802736071942110e-02
9.584418211999132242e-02
9.582035517847060924e-02
9.579654648648670834e-02
9.577275599453542732e-02
9.574898365327838556e-02
9.572522941354240367e-02
9.570149322631897604e-02
9.567777504276372968e-02
9.565407481419577196e-02
9.563039249209727422e-02
9.560672802811276405e-02
9.558308137404872284e-02
9.555945248187291963e-02
9.553584130371386984e-02
9.551224779186039127e-02
9.548867189876092398e-02
9.546511357702305856e-02
9.544157277941305029e-02
9.541804945885508371e-02
9.539454356843099503e-02
9.537105506137949495e-02
9.534758389109582177e-02
9.532413001113111684e-02
9.530069337519181394e-02
9.527727393713936177e-02
9.525387165098937736e-02
9.523048647091141017e-02
9.520711835122819267e-02
9.518376724641527953e-02
9.516043311110039538e-02
9.513711590006308783e-02
9.511381556823399197e-02
9.509053207069451119e-02
9.506726536267617877e-02
9.504401539956021383e-02
9.502078213687699393e-02
9.499756553030554163e-02
9.497436553567299711e-02
9.495118210895416022e-02
9.492801520627097700e-02
9.490486478389199843e-02
9.488173079823193634e-02
9.485861320585112222e-02
9.483551196345504919e-02
9.481242702789384469e-02
9.478935835616177086e-02
9.476630590539684984e-02
9.474326963288014214e-02
9.472024949603555233e-02
9.469724545242905189e-02
9.467425745976841556e-02
9.465128547590265229e-02
9.462832945882150570e-02
9.460538936665502385e-02
9.458246515767304574e-02
9.455955679028475724e-02
9.453666422303814987e-02
9.451378741461970157e-02
9.449092632385366897e-02
9.446808090970186533e-02
9.444525113126302218e-02
9.442243694777242846e-02
9.439963831860134769e-02
9.437685520325667099e-02
9.435408756138045916e-02
9.433133535274934589e-02
9.430859853727427411e-02
9.428587707499981596e-02
9.426317092610393689e-02
9.424048005089744051e-02
9.421780440982344129e-02
9.419514396345710083e-02
9.417249867250503115e-02
9.414986849780483669e-02
9.412725340032480903e-02
9.410465334116333014e-02
9.408206828154858092e-02
9.405949818283790287e-02
9.403694300651757598e-02
9.401440271420220818e-02
9.399187726763442996e-02
9.396936662868433932e-02
9.394687075934915477e-02
9.392438962175279904e-02
9.390192317814528844e-02
9.387947139090264959e-02
9.385703422252610062e-02
9.383461163564191243e-02
9.381220359300082579e-02
9.378981005747771826e-02
9.376743099207113241e-02
9.374506635990290104e-02
9.372271612421760600e-02
9.370038024838242552e-02
9.367805869588634315e-02
9.365575143034009231e-02
9.363345841547549009e-02
9.361117961514520136e-02
9.358891499332221142e-02
9.356666451409943741e-02
9.354442814168938136e-02
9.352220584042364449e-02
9.349999757475259410e-02
9.347780330924490566e-02
9.345562300858718807e-02
9.343345663758358122e-02
9.341130416115536739e-02
9.338916554434052719e-02
9.336704075229340649e-02
9.334492975028427231e-02
9.332283250369891037e-02
9.330074897803834755e-02
9.327867913891826901e-02
9.325662295206882391e-02
9.323458038333408415e-02
9.321255139867171136e-02
9.319053596415266538e-02
9.316853404596063537e-02
9.314654561039180380e-02
9.312457062385437467e-02
9.310260905286830979e-02
9.308066086406484307e-02
9.305872602418607809e-02
9.303680450008472436e-02
9.301489625872368106e-02
9.299300126717555126e-02
9.297111949262251707e-02
9.294925090235565956e-02
9.292739546377484783e-02
9.290555314438823931e-02
9.288372391181191901e-02
9.286190773376956642e-02
9.284010457809210859e-02
9.281831441271730376e-02
9.279653720568936670e-02
9.277477292515869112e-02
9.275302153938143335e-02
9.273128301671912377e-02
9.270955732563837537e-02
9.268784443471049517e-02
9.266614431261112339e-02
9.264445692811988653e-02
9.262278225012005040e-02
9.260112024759815930e-02
9.257947088964367521e-02
9.255783414544867249e-02
9.253620998430742151e-02
9.251459837561613886e-02
9.249299928887251554e-02
9.247141269367543936e-02
9.244983855972471742e-02
9.242827685682064587e-02
9.240672755486362133e-02
9.238519062385394665e-02
9.236366603389138674e-02
9.234215375517489111e-02
9.232065375800217744e-02
9.229916601276944021e-02
9.227769048997110091e-02
9.225622716019933611e-02
9.223477599414375838e-02
9.221333696259129131e-02
9.219191003642547566e-02
9.217049518662646934e-02
9.214909238427060334e-02
9.212770160053000701e-02
9.210632280667235827e-02
9.208495597406045341e-02
9.206360107415202665e-02
9.204225807849937546e-02
9.202092695874895811e-02
9.199960768664117161e-02
9.197830023400999089e-02
9.195700457278267737e-02
9.193572067497943201e-02
9.191444851271307614e-02
9.189318805818880165e-02
9.187193928370376850e-02
9.185070216164685497e-02
9.182947666449831070e-02
9.180826276482946524e-02
9.178706043530246439e-02
9.176586964866983998e-02
9.174469037777430169e-02
9.172352259554845955e-02
9.170236627501436588e-02
9.168122138928340437e-02
9.166008791155585977e-02
9.163896581512064043e-02
9.161785507335500067e-02
9.159675565972423550e-02
9.157566754778134754e-02
9.155459071116681113e-02
9.153352512360823923e-02
9.151247075892006422e-02
9.149142759100330202e-02
9.147039559384517737e-02
9.144937474151895729e-02
9.142836500818350698e-02
9.140736636808312332e-02
9.138637879554716015e-02
9.136540226498982009e-02
9.134443675090976600e-02
9.132348222788995440e-02
9.130253867059724693e-02
9.128160605378214665e-02
9.126068435227860376e-02
9.123977354100361314e-02
9.121887359495697845e-02
9.119798448922102063e-02
9.117710619896034208e-02
9.115623869942156288e-02
9.113538196593286289e-02
9.111453597390396786e-02
9.109370069882570531e-02
9.107287611626972701e-02
9.105206220188832855e-02
9.103125893141410241e-02
9.101046628065968813e-02
9.098968422551748092e-02
9.096891274195945121e-02
9.094815180603671445e-02
9.092740139387937848e-02
9.090666148169626593e-02
9.088593204577466445e-02
9.086521306247991037e-02
9.084450450825537482e-02
9.082380635962199189e-02
9.080311859317809209e-02
9.078244118559906928e-02
9.076177411363722802e-02
9.074111735412145052e-02
9.072047088395691905e-02
9.069983468012485228e-02
9.067920871968240815e-02
9.065859297976214259e-02
9.063798743757203735e-02
9.061739207039502808e-02
9.059680685558889335e-02
9.057623177058594932e-02
9.055566679289271670e-02
9.053511190008983744e-02
9.051456706983172784e-02
9.049403227984624543e-02
9.047350750793461960e-02
9.045299273197107692e-02
9.043248792990263296e-02
9.041199307974881472e-02
9.039150815960148022e-02
9.037103314762449935e-02
9.035056802205357340e-02
9.033011276119594368e-02
9.030966734343018332e-02
9.028923174720590583e-02
9.026880595104359861e-02
9.024838993353430372e-02
9.022798367333943748e-02
9.020758714919055454e-02
9.018720033988904261e-02
9.016682322430594199e-02
9.014645578138169579e-02
9.012609799012595568e-02
9.010574982961726265e-02
9.008541127900285272e-02
9.006508231749847659e-02
9.004476292438806651e-02
9.002445307902361138e-02
9.000415276082483762e-02
8.998386194927902870e-02
8.996358062394077537e-02
8.994330876443175360e-02
8.992304635044054417e-02
8.990279336172228575e-02
8.988254977809856383e-02
8.986231557945716097e-02
8.984209074575177922e-02
8.982187525700188746e-02
8.980166909329245772e-02
8.978147223477374317e-02
8.976128466166105602e-02
8.974110635423458715e-02
8.972093729283912855e-02
8.970077745788389290e-02
8.968062682984226375e-02
8.966048538925161515e-02
8.964035311671308959e-02
8.962022999289136205e-02
8.960011599851436248e-02
8.958001111437324804e-02
8.955991532132201449e-02
8.953982860027728807e-02
8.951975093221825608e-02
8.949968229818633381e-02
8.947962267928497027e-02
8.945957205667942613e-02
8.943953041159664885e-02
8.941949772532493956e-02
8.939947397921389760e-02
8.937945915467401803e-02
8.935945323317669164e-02
8.933945619625384416e-02
8.931946802549775577e-02
8.929948870256097793e-02
8.927951820915597247e-02
8.925955652705497290e-02
8.923960363808981777e-02
8.921965952415170098e-02
8.919972416719093578e-02
8.917979754921689928e-02
8.915987965229765777e-02
8.913997045855986956e-02
8.912006995018856292e-02
8.910017810942691407e-02
8.908029491857615001e-02
8.906042035999515993e-02
8.904055441610050914e-02
8.902069706936611981e-02
8.900084830232307676e-02
8.898100809755954410e-02
8.896117643772040451e-02
8.894135330550714813e-02
8.892153868367778935e-02
8.890173255504649208e-02
8.888193490248345874e-02
8.886214570891477760e-02
8.884236495732215910e-02
8.882259263074283873e-02
8.880282871226927166e-02
8.878307318504904955e-02
8.876332603228466456e-02
8.874358723723331510e-02
8.872385678320680868e-02
8.870413465357121496e-02
8.868442083174678248e-02
8.866471530120784150e-02
8.864501804548241548e-02
8.862532904815219326e-02
8.860564829285230704e-02
8.858597576327113809e-02
8.856631144315017801e-02
8.854665531628373720e-02
8.852700736651891722e-02
8.850736757775533314e-02
8.848773593394496095e-02
8.846811241909195711e-02
8.844849701725251978e-02
8.842888971253463903e-02
8.840929048909795807e-02
8.838969933115362054e-02
8.837011622296409019e-02
8.835054114884291487e-02
8.833097409315468496e-02
8.831141504031467249e-02
8.829186397478883119e-02
8.827232088109353281e-02
8.825278574379546992e-02
8.823325854751136454e-02
8.821373927690794037e-02
8.819422791670158968e-02
8.817472445165842887e-02
8.815522886659390989e-02
8.813574114637275081e-02
8.811626127590876933e-02
8.809678924016474399e-02
8.807732502415217823e-02
8.805786861293117551e-02
8.803841999161027276e-02
8.801897914534627387e-02
8.799954605934408314e-02
8.798012071885656649e-02
8.796070310918434332e-02
8.794129321567561997e-02
8.792189102372616194e-02
8.790249651877886372e-02
8.788310968632394304e-02
8.786373051189845518e-02
8.784435898108630680e-02
8.782499507951806172e-02
8.780563879287081597e-02
8.778629010686796186e-02
8.776694900727907700e-02
8.774761547991979937e-02
8.772828951065164693e-02
8.770897108538175391e-02
8.768966019006298185e-02
8.767035681069342001e-02
8.765106093331656578e-02
8.763177254402092220e-02
8.761249162893994247e-02
8.759321817425193279e-02
8.757395216617981648e-02
8.755469359099096738e-02
8.753544243499715438e-02
8.751619868455433326e-02
8.749696232606248014e-02
8.747773334596543882e-02
8.745851173075087914e-02
8.743929746694997784e-02
8.742009054113743238e-02
8.740089093993118341e-02
8.738169864999238701e-02
8.736251365802512325e-02
8.734333595077643786e-02
8.732416551503599522e-02
8.730500233763606455e-02
8.728584640545143658e-02
8.726669770539904891e-02
8.724755622443805536e-02
8.722842194956957618e-02
8.720929486783661477e-02
8.719017496632390507e-02
8.717106223215773109e-02
8.715195665250577428e-02
8.713285821457708580e-02
8.711376690562179503e-02
8.709468271293113739e-02
8.707560562383712122e-02
8.705653562571254167e-02
8.703747270597080032e-02
8.701841685206575250e-02
8.699936805149158237e-02
8.698032629178262254e-02
8.696129156051331244e-02
8.694226384529797624e-02
8.692324313379073963e-02
8.690422941368536325e-02
8.688522267271510391e-02
8.686622289865264523e-02
8.684723007930983396e-02
8.682824420253772157e-02
8.680926525622625900e-02
8.679029322830433824e-02
8.677132810673947316e-02
8.675236987953778567e-02
8.673341853474392238e-02
8.671447406044079098e-02
8.669553644474946308e-02
8.667660567582914644e-02
8.665768174187697681e-02
8.663876463112783755e-02
8.661985433185437344e-02
8.660095083236671321e-02
8.658205412101246945e-02
8.656316418617650277e-02
8.654428101628088010e-02
8.652540459978469434e-02
8.650653492518400878e-02
8.648767198101159348e-02
8.646881575583698076e-02
8.644996623826617377e-02
8.643112341694168810e-02
8.641228728054228814e-02
8.639345781778287603e-02
8.637463501741449168e-02
8.635581886822404907e-02
8.633700935903435014e-02
8.631820647870375174e-02
8.629941021612633212e-02
8.628062056023151627e-02
8.626183749998413142e-02
8.624306102438412946e-02
8.622429112246665639e-02
8.620552778330173305e-02
8.618677099599429681e-02
8.616802074968397951e-02
8.614927703354510746e-02
8.613053983678642389e-02
8.611180914865108893e-02
8.609308495841655473e-02
8.607436725539434341e-02
8.605565602893014421e-02
8.603695126840348040e-02
8.601825296322765380e-02
8.599956110284975863e-02
8.598087567675039011e-02
8.596219667444364443e-02
8.594352408547695221e-02
8.592485789943099528e-02
8.590619810591956784e-02
8.588754469458947938e-02
8.586889765512047135e-02
8.585025697722502291e-02
8.583162265064836483e-02
8.581299466516824348e-02
8.579437301059486543e-02
8.577575767677080021e-02
8.575714865357091099e-02
8.573854593090210474e-02
8.571994949870330449e-02
8.570135934694547708e-02
8.568277546563124458e-02
8.566419784479503696e-02
8.564562647450282840e-02
8.562706134485205400e-02
8.560850244597159597e-02
8.558994976802150600e-02
8.557140330119313021e-02
8.555286303570878992e-02
8.553432896182178169e-02
8.551580106981625240e-02
8.549727935000710211e-02
8.547876379273987302e-02
8.546025438839062460e-02
8.544175112736593358e-02
8.542325400010257475e-02
8.540476299706764585e-02
8.538627810875838720e-02
8.536779932570200125e-02
8.534932663845568035e-02
8.533086003760637084e-02
8.531239951377080077e-02
8.529394505759528566e-02
8.527549665975568682e-02
8.525705431095730036e-02
8.523861800193464899e-02
8.522018772345162085e-02
8.520176346630110864e-02
8.518334522130514841e-02
8.516493297931460038e-02
8.514652673120917670e-02
8.512812646789738591e-02
8.510973218031629706e-02
8.509134385943153966e-02
8.507296149623722048e-02
8.505458508175575694e-02
8.503621460703782164e-02
8.501785006316223137e-02
8.499949144123590539e-02
8.498113873239368510e-02
8.496279192779829237e-02
8.494445101864026015e-02
8.492611599613775208e-02
8.490778685153654859e-02
8.488946357610990812e-02
8.487114616115851162e-02
8.485283459801035155e-02
8.483452887802060693e-02
8.481622899257162951e-02
8.479793493307274943e-02
8.477964669096030303e-02
8.476136425769741078e-02
8.474308762477401891e-02
8.472481678370669123e-02
8.470655172603858141e-02
8.468829244333937745e-02
8.467003892720509350e-02
8.465179116925815317e-02
8.463354916114709803e-02
8.461531289454667093e-02
8.459708236115762170e-02
8.457885755270670713e-02
8.456063846094652448e-02
8.454242507765541426e-02
8.452421739463747419e-02
8.450601540372237874e-02
8.448781909676535140e-02
8.446962846564702587e-02
8.445144350227337671e-02
8.443326419857567766e-02
8.441509054651034905e-02
8.439692253805891609e-02
8.437876016522792566e-02
8.436060342004883528e-02
8.434245229457791593e-02
8.432430678089626597e-02
8.430616687110960294e-02
8.428803255734823585e-02
8.426990383176695409e-02
8.425178068654508301e-02
8.423366311388613692e-02
8.421555110601799954e-02
8.419744465519270193e-02
8.417934375368632538e-02
8.416124839379901523e-02
8.414315856785484216e-02
8.412507426820174661e-02
8.410699548721137231e-02
8.408892221727910787e-02
8.407085445082394803e-02
8.405279218028838262e-02
8.403473539813843818e-02
8.401668409686341432e-02
8.399863826897595309e-02
8.398059790701188632e-02
8.396256300353023561e-02
8.394453355111304582e-02
8.392650954236530181e-02
8.390849096991495615e-02
8.389047782641274875e-02
8.387247010453219298e-02
8.385446779696943687e-02
8.383647089644327699e-02
8.381847939569499195e-02
8.380049328748827298e-02
8.378251256460925167e-02
8.376453721986629186e-02
8.374656724608998959e-02
8.372860263613310372e-02
8.371064338287041717e-02
8.369268947919873691e-02
8.367474091803678293e-02
8.365679769232511886e-02
8.363885979502605483e-02
8.362092721912363358e-02
8.360299995762346392e-02
8.358507800355277628e-02
8.356716134996022838e-02
8.354924998991590523e-02
8.353134391651122204e-02
8.351344312285882698e-02
8.349554760209257354e-02
8.347765734736745102e-02
8.345977235185947363e-02
8.344189260876566649e-02
8.342401811130385758e-02
8.340614885271284418e-02
8.338828482625207372e-02
8.337042602520175483e-02
8.335257244286271849e-02
8.333472407255626546e-02
8.331688090762430499e-02
8.329904294142904952e-02
8.328121016735312576e-02
8.326338257879942195e-02
8.324556016919104628e-02
8.322774293197117423e-02
8.320993086060317345e-02
8.319212394857031234e-02
8.317432218937588495e-02
8.315652557654293342e-02
8.313873410361444227e-02
8.312094776415304698e-02
8.310316655174106171e-02
8.308539045998043771e-02
8.306761948249262451e-02
8.304985361291855606e-02
8.303209284491859521e-02
8.301433717217242270e-02
8.299658658837895386e-02
8.297884108725640806e-02
8.296110066254207271e-02
8.294336530799233109e-02
8.292563501738260678e-02
8.290790978450723880e-02
8.289018960317949547e-02
8.287247446723143562e-02
8.285476437051389476e-02
8.283705930689638786e-02
8.281935927026709554e-02
8.280166425453276691e-02
8.278397425361858075e-02
8.276628926146828436e-02
8.274860927204394367e-02
8.273093427932594335e-02
8.271326427731290343e-02
8.269559926002173489e-02
8.267793922148738983e-02
8.266028415576297250e-02
8.264263405691950337e-02
8.262498891904607179e-02
8.260734873624958619e-02
8.258971350265481570e-02
8.257208321240432081e-02
8.255445785965828676e-02
8.253683743859467625e-02
8.251922194340896577e-02
8.250161136831418718e-02
8.248400570754083061e-02
8.246640495533685833e-02
8.244880910596751045e-02
8.243121815371541594e-02
8.241363209288034286e-02
8.239605091777936485e-02
8.237847462274654198e-02
8.236090320213314275e-02
8.234333665030732496e-02
8.232577496165426056e-02
8.230821813057599690e-02
8.229066615149145669e-02
8.227311901883628542e-02
8.225557672706292067e-02
8.223803927064038399e-02
8.222050664405441966e-02
8.220297884180721715e-02
8.218545585841750822e-02
8.216793768842049761e-02
8.215042432636779357e-02
8.213291576682724138e-02
8.211541200438308985e-02
8.209791303363568604e-02
8.208041884920164177e-02
8.206292944571368098e-02
8.204544481782054255e-02
8.202796496018698036e-02
8.201048986749370773e-02
8.199301953443736968e-02
8.197555395573040415e-02
8.195809312610109754e-02
8.194063704029340423e-02
8.192318569306702991e-02
8.190573907919727892e-02
8.188829719347505420e-02
8.187086003070676021e-02
8.185342758571431676e-02
8.183599985333503413e-02
8.181857682842157142e-02
8.180115850584201986e-02
8.178374488047959745e-02
8.176633594723281551e-02
8.174893170101532602e-02
8.173153213675593554e-02
8.171413724939845247e-02
8.169674703390177040e-02
8.167936148523968765e-02
8.166198059840089341e-02
8.164460436838902324e-02
8.162723279022245093e-02
8.160986585893437173e-02
8.159250356957262196e-02
8.157514591719977615e-02
8.155779289689296663e-02
8.154044450374386965e-02
8.152310073285878866e-02
8.150576157935834898e-02
8.148842703837769208e-02
8.147109710506630909e-02
8.145377177458798523e-02
8.143645104212079988e-02
8.141913490285704325e-02
8.140182335200318864e-02
8.138451638477985084e-02
8.136721399642168895e-02
8.134991618217744802e-02
8.133262293730980641e-02
8.131533425709540353e-02
8.129805013682478432e-02
8.128077057180232989e-02
8.126349555734618813e-02
8.124622508878835692e-02
8.122895916147439277e-02
8.121169777076364671e-02
8.119444091202900060e-02
8.117718858065693655e-02
8.115994077204748136e-02
8.114269748161408169e-02
8.112545870478365950e-02
8.110822443699652884e-02
8.109099467370629866e-02
8.107376941037991447e-02
8.105654864249754732e-02
8.103933236555263542e-02
8.102212057505168985e-02
8.100491326651441948e-02
8.098771043547355053e-02
8.097051207747486823e-02
8.095331818807713353e-02
8.093612876285208313e-02
8.091894379738429066e-02
8.090176328727126387e-02
8.088458722812322255e-02
8.086741561556325120e-02
8.085024844522713250e-02
8.083308571276330567e-02
8.081592741383288037e-02
8.079877354410952561e-02
8.078162409927955312e-02
8.076447907504168133e-02
8.074733846710717422e-02
8.073020227119968861e-02
8.071307048305530196e-02
8.069594309842240132e-02
8.067882011306171108e-02
8.066170152274619587e-02
8.064458732326107437e-02
8.062747751040368061e-02
8.061037207998361653e-02
8.059327102782239127e-02
8.057617434975376802e-02
8.055908204162341713e-02
8.054199409928899933e-02
8.052491051862015192e-02
8.050783129549837769e-02
8.049075642581703105e-02
8.047368590548131806e-02
8.045661973040818538e-02
8.043955789652636190e-02
8.042250039977620613e-02
8.040544723610983102e-02
8.038839840149089588e-02
8.037135389189463408e-02
8.035431370330789469e-02
8.033727783172897596e-02
8.032024627316766696e-02
8.030321902364513653e-02
8.028619607919400269e-02
8.026917743585822163e-02
8.025216308969299051e-02
8.023515303676488630e-02
8.021814727315165761e-02
8.020114579494226625e-02
8.018414859823683183e-02
8.016715567914660390e-02
8.015016703379392038e-02
8.013318265831212428e-02
8.011620254884567471e-02
8.009922670154985547e-02
8.008225511259103868e-02
8.006528777814642117e-02
8.004832469440401055e-02
8.003136585756277788e-02
8.001441126383239399e-02
7.999746090943325727e-02
7.998051479059657687e-02
7.996357290356419234e-02
7.994663524458860138e-02
7.992970180993287654e-02
7.991277259587073467e-02
7.989584759868641195e-02
7.987892681467458067e-02
7.986201024014046024e-02
7.984509787139970616e-02
7.982818970477831289e-02
7.981128573661271097e-02
7.979438596324960054e-02
7.977749038104600676e-02
7.976059898636923828e-02
7.974371177559676227e-02
7.972682874511631546e-02
7.970994989132572373e-02
7.969307521063298538e-02
7.967620469945617401e-02
7.965933835422342457e-02
7.964247617137286406e-02
7.962561814735263921e-02
7.960876427862084714e-02
7.959191456164550760e-02
7.957506899290452129e-02
7.955822756888565606e-02
7.954139028608644968e-02
7.952455714101433482e-02
7.950772813018638918e-02
7.949090325012948821e-02
7.947408249738016628e-02
7.945726586848463058e-02
7.944045335999869173e-02
7.942364496848776378e-02
7.940684069052685035e-02
7.939004052270044742e-02
7.937324446160259894e-02
7.935645250383671634e-02
7.933966464601574509e-02
7.932288088476202592e-02
7.930610121670718382e-02
7.928932563849226678e-02
7.927255414676760703e-02
7.925578673819282105e-02
7.923902340943674016e-02
7.922226415717743830e-02
7.920550897810219038e-02
7.918875786890736124e-02
7.917201082629851672e-02
7.915526784699027096e-02
7.913852892770628644e-02
7.912179406517930169e-02
7.910506325615099255e-02
7.908833649737209703e-02
7.907161378560220721e-02
7.905489511760986632e-02
7.903818049017249936e-02
7.902146990007637151e-02
7.900476334411657420e-02
7.898806081909698351e-02
7.897136232183026017e-02
7.895466784913776626e-02
7.893797739784959300e-02
7.892129096480447747e-02
7.890460854684988590e-02
7.888793014084176380e-02
7.887125574364477198e-02
7.885458535213203668e-02
7.883791896318530223e-02
7.882125657369472294e-02
7.880459818055900179e-02
7.878794378068525173e-02
7.877129337098900952e-02
7.875464694839420798e-02
7.873800450983310661e-02
7.872136605224636097e-02
7.870473157258287000e-02
7.868810106779980384e-02
7.867147453486268704e-02
7.865485197074516266e-02
7.863823337242904776e-02
7.862161873690444447e-02
7.860500806116946237e-02
7.858840134223042673e-02
7.857179857710171189e-02
7.855519976280571359e-02
7.853860489637291831e-02
7.852201397484175061e-02
7.850542699525869805e-02
7.848884395467813080e-02
7.847226485016235709e-02
7.845568967878160938e-02
7.843911843761393332e-02
7.842255112374529880e-02
7.840598773426943335e-02
7.838942826628789162e-02
7.837287271690995816e-02
7.835632108325271683e-02
7.833977336244088430e-02
7.832322955160694877e-02
7.830668964789098963e-02
7.829015364844080227e-02
7.827362155041173164e-02
7.825709335096671382e-02
7.824056904727626216e-02
7.822404863651843954e-02
7.820753211587881670e-02
7.819101948255038903e-02
7.817451073373372916e-02
7.815800586663672334e-02
7.814150487847475179e-02
7.812500776647050837e-02
7.810851452785416704e-02
7.809202515986310433e-02
7.807553965974209365e-02
7.805905802474316646e-02
7.804258025212562622e-02
7.802610633915600669e-02
7.800963628310804421e-02
7.799317008126273321e-02
7.797670773090815965e-02
7.796024922933955659e-02
7.794379457385931798e-02
7.792734376177692934e-02
7.791089679040894000e-02
7.789445365707889368e-02
7.787801435911745340e-02
7.786157889386222108e-02
7.784514725865776530e-02
7.782871945085569065e-02
7.781229546781442963e-02
7.779587530689936747e-02
7.777945896548281446e-02
7.776304644094390872e-02
7.774663773066857464e-02
7.773023283204963385e-02
7.771383174248670811e-02
7.769743445938609439e-02
7.768104098016091752e-02
7.766465130223104696e-02
7.764826542302295798e-02
7.763188333996991208e-02
7.761550505051174886e-02
7.759913055209502475e-02
7.758275984217283261e-02
7.756639291820489890e-02
7.755002977765750038e-02
7.753367041800349191e-02
7.751731483672223699e-02
7.750096303129958009e-02
7.748461499922792983e-02
7.746827073800603702e-02
7.745193024513920277e-02
7.743559351813909808e-02
7.741926055452375000e-02
7.740293135181763873e-02
7.738660590755158664e-02
7.737028421926268884e-02
7.735396628449439649e-02
7.733765210079648900e-02
7.732134166572493528e-02
7.730503497684200476e-02
7.728873203171619799e-02
7.727243282792217727e-02
7.725613736304089152e-02
7.723984563465934039e-02
7.722355764037071302e-02
7.720727337777436028e-02
7.719099284447569764e-02
7.717471603808623293e-02
7.715844295622355242e-02
7.714217359651126538e-02
7.712590795657903175e-02
7.710964603406249285e-02
7.709338782660331291e-02
7.707713333184902649e-02
7.706088254745324662e-02
7.704463547107540111e-02
7.702839210038088524e-02
7.701215243304093683e-02
7.699591646673270562e-02
7.697968419913915616e-02
7.696345562794905393e-02
7.694723075085706243e-02
7.693100956556354897e-02
7.691479206977466787e-02
7.689857826120234663e-02
7.688236813756418875e-02
7.686616169658359865e-02
7.684995893598962902e-02
7.683375985351696691e-02
7.681756444690598928e-02
7.680137271390274911e-02
7.678518465225883660e-02
7.676900025973149022e-02
7.675281953408351343e-02
7.673664247308328856e-02
7.672046907450472131e-02
7.670429933612725459e-02
7.668813325573582695e-02
7.667197083112085865e-02
7.665581206007827941e-02
7.663965694040938970e-02
7.662350546992102718e-02
7.660735764642540024e-02
7.659121346774004635e-02
7.657507293168797080e-02
7.655893603609754960e-02
7.654280277880240457e-02
7.652667315764159761e-02
7.651054717045942255e-02
7.649442481510547454e-02
7.647830608943466391e-02
7.646219099130710517e-02
7.644607951858817252e-02
7.642997166914845819e-02
7.641386744086378635e-02
7.639776683161510207e-02
7.638166983928859621e-02
7.636557646177555281e-02
7.634948669697240453e-02
7.633340054278074660e-02
7.631731799710722575e-02
7.630123905786354022e-02
7.628516372296653691e-02
7.626909199033805875e-02
7.625302385790504178e-02
7.623695932359933480e-02
7.622089838535787976e-02
7.620484104112257295e-02
7.618878728884025120e-02
7.617273712646274730e-02
7.615669055194676518e-02
7.614064756325401861e-02
7.612460815835106476e-02
7.610857233520931797e-02
7.609254009180511924e-02
7.607651142611959738e-02
7.606048633613880783e-02
7.604446481985357997e-02
7.602844687525951717e-02
7.601243250035703836e-02
7.599642169315133644e-02
7.598041445165240604e-02
7.596441077387490470e-02
7.594841065783825007e-02
7.593241410156655047e-02
7.591642110308864655e-02
7.590043166043806966e-02
7.588444577165293081e-02
7.586846343477610111e-02
7.585248464785496192e-02
7.583650940894159920e-02
7.582053771609270632e-02
7.580456956736951468e-02
7.578860496083780762e-02
7.577264389456800364e-02
7.575668636663503153e-02
7.574073237511833034e-02
7.572478191810183556e-02
7.570883499367402070e-02
7.569289159992781402e-02
7.567695173496059857e-02
7.566101539687426769e-02
7.564508258377510008e-02
7.562915329377378759e-02
7.561322752498546296e-02
7.559730527552968593e-02
7.558138654353027674e-02
7.556547132711552428e-02
7.554955962441804729e-02
7.553365143357479439e-02
7.551774675272698856e-02
7.550184558002025204e-02
7.548594791360442591e-02
7.547005375163365337e-02
7.545416309226633811e-02
7.543827593366515816e-02
7.542239227399698265e-02
7.540651211143294119e-02
7.539063544414836837e-02
7.537476227032276210e-02
7.535889258813983915e-02
7.534302639578743799e-02
7.532716369145762980e-02
7.531130447334653810e-02
7.529544873965444973e-02
7.527959648858574548e-02
7.526374771834895561e-02
7.524790242715666266e-02
7.523206061322548766e-02
7.521622227477614553e-02
7.520038741003341742e-02
7.518455601722603965e-02
7.516872809458688409e-02
7.515290364035273618e-02
7.513708265276435039e-02
7.512126513006653350e-02
7.510545107050806135e-02
7.508964047234159556e-02
7.507383333382376678e-02
7.505802965321516085e-02
7.504222942878026326e-02
7.502643265878740364e-02
7.501063934150888068e-02
7.499484947522082334e-02
7.497906305820321859e-02
7.496328008873993920e-02
7.494750056511867431e-02
7.493172448563090171e-02
7.491595184857195722e-02
7.490018265224097915e-02
7.488441689494085285e-02
7.486865457497823839e-02
7.485289569066364002e-02
7.483714024031118406e-02
7.482138822223884100e-02
7.480563963476823119e-02
7.478989447622472198e-02
7.477415274493742769e-02
7.475841443923902929e-02
7.474267955746601022e-02
7.472694809795842052e-02
7.471122005906002950e-02
7.469549543911818690e-02
7.467977423648393398e-02
7.466405644951186471e-02
7.464834207656023679e-02
7.463263111599086064e-02
7.461692356616915489e-02
7.460121942546404927e-02
7.458551869224809561e-02
7.456982136489735680e-02
7.455412744179143458e-02
7.453843692131345566e-02
7.452274980185007169e-02
7.450706608179138990e-02
7.449138575953102859e-02
7.447570883346611714e-02
7.446003530199719889e-02
7.444436516352825883e-02
7.442869841646679308e-02
7.441303505922368389e-02
7.439737509021319972e-02
7.438171850785307848e-02
7.436606531056444425e-02
7.435041549677173789e-02
7.433476906490288361e-02
7.431912601338909463e-02
7.430348634066494262e-02
7.428785004516837154e-02
7.427221712534060050e-02
7.425658757962623480e-02
7.424096140647314102e-02
7.422533860433253028e-02
7.420971917165883336e-02
7.419410310690979782e-02
7.417849040854644638e-02
7.416288107503303528e-02
7.414727510483708206e-02
7.413167249642928225e-02
7.411607324828367593e-02
7.410047735887735632e-02
7.408488482669076114e-02
7.406929565020743678e-02
7.405370982791412149e-02
7.403812735830074543e-02
7.402254823986038901e-02
7.400697247108926902e-02
7.399140005048675250e-02
7.397583097655535678e-02
7.396026524780066613e-02
7.394470286273144288e-02
7.392914381985948857e-02
7.391358811769968562e-02
7.389803575477005282e-02
7.388248672959167596e-02
7.386694104068861066e-02
7.385139868658806284e-02
7.383585966582022209e-02
7.382032397691830339e-02
7.380479161841854707e-02
7.378926258886024658e-02
7.377373688678565133e-02
7.375821451073998059e-02
7.374269545927145120e-02
7.372717973093127763e-02
7.371166732427361645e-02
7.369615823785555242e-02
7.368065247023711239e-02
7.366515001998129308e-02
7.364965088565400553e-02
7.363415506582401959e-02
7.361866255906306111e-02
7.360317336394571475e-02
7.358768747904946561e-02
7.357220490295469928e-02
7.355672563424460464e-02
7.354124967150527103e-02
7.352577701332563276e-02
7.351030765829744129e-02
7.349484160501526531e-02
7.347937885207651842e-02
7.346391939808143146e-02
7.344846324163299689e-02
7.343301038133703829e-02
7.341756081580212701e-02
7.340211454363962384e-02
7.338667156346365128e-02
7.337123187389107959e-02
7.335579547354154073e-02
7.334036236103738671e-02
7.332493253500367569e-02
7.330950599406828305e-02
7.329408273686166542e-02
7.327866276201704110e-02
7.326324606817033458e-02
7.324783265396013487e-02
7.323242251802768166e-02
7.321701565901694853e-02
7.320161207557453198e-02
7.318621176634960979e-02
7.317081472999413527e-02
7.315542096516253201e-02
7.314003047051199913e-02
7.312464324470224764e-02
7.310925928639569471e-02
7.309387859425722778e-02
7.307850116695441267e-02
7.306312700315734099e-02
7.304775610153875498e-02
7.303238846077389490e-02
7.301702407954056839e-02
7.300166295651913662e-02
7.298630509039250036e-02
7.297095047984610006e-02
7.295559912356788801e-02
7.294025102024831453e-02
7.292490616858038344e-02
7.290956456725954105e-02
7.289422621498377330e-02
7.287889111045350865e-02
7.286355925237167352e-02
7.284823063944366461e-02
7.283290527037730722e-02
7.281758314388289688e-02
7.280226425867319939e-02
7.278694861346333977e-02
7.277163620697094104e-02
7.275632703791602707e-02
7.274102110502100871e-02
7.272571840701069767e-02
7.271041894261234817e-02
7.269512271055554586e-02
7.267982970957230504e-02
7.266453993839697145e-02
7.264925339576627783e-02
7.263397008041931613e-02
7.261868999109752365e-02
7.260341312654464141e-02
7.258813948550679740e-02
7.257286906673245108e-02
7.255760186897229624e-02
7.254233789097944141e-02
7.252707713150925717e-02
7.251181958931936233e-02
7.249656526316976268e-02
7.248131415182265669e-02
7.246606625404257429e-02
7.245082156859627975e-02
7.243558009425281330e-02
7.242034182978344947e-02
7.240510677396176653e-02
7.238987492556347991e-02
7.237464628336660877e-02
7.235942084615137881e-02
7.234419861270023622e-02
7.232897958179780595e-02
7.231376375223097508e-02
7.229855112278876783e-02
7.228334169226242889e-02
7.226813545944535400e-02
7.225293242313314546e-02
7.223773258212355663e-02
7.222253593521651971e-02
7.220734248121406240e-02
7.219215221892040513e-02
7.217696514714191935e-02
7.216178126468707210e-02
7.214660057036650920e-02
7.213142306299291651e-02
7.211624874138114483e-02
7.210107760434814050e-02
7.208590965071294543e-02
7.207074487929669704e-02
7.205558328892261444e-02
7.204042487841594289e-02
7.202526964660410647e-02
7.201011759231654152e-02
7.199496871438469670e-02
7.197982301164213004e-02
7.196468048292441189e-02
7.194954112706919425e-02
7.193440494291611365e-02
7.191927192930686052e-02
7.190414208508510985e-02
7.188901540909657661e-02
7.187389190018898810e-02
7.185877155721202836e-02
7.184365437901744922e-02
7.182854036445891766e-02
7.181342951239212680e-02
7.179832182167469878e-02
7.178321729116624028e-02
7.176811591972835636e-02
7.175301770622458108e-02
7.173792264952036368e-02
7.172283074848313789e-02
7.170774200198225257e-02
7.169265640888902724e-02
7.167757396807664105e-02
7.166249467842021603e-02
7.164741853879681710e-02
7.163234554808536880e-02
7.161727570516673858e-02
7.160220900892363960e-02
7.158714545824070019e-02
7.157208505200442217e-02
7.155702778910320860e-02
7.154197366842728056e-02
7.152692268886878812e-02
7.151187484932164384e-02
7.149683014868171704e-02
7.148178858584663953e-02
7.146675015971595823e-02
7.145171486919094095e-02
7.143668271317485385e-02
7.142165369057260071e-02
7.140662780029101431e-02
7.139160504123873152e-02
7.137658541232613785e-02
7.136156891246546452e-02
7.134655554057071913e-02
7.133154529555769952e-02
7.131653817634399373e-02
7.130153418184896619e-02
7.128653331099370216e-02
7.127153556270114654e-02
7.125654093589589566e-02
7.124154942950439162e-02
7.122656104245476960e-02
7.121157577367691338e-02
7.119659362210245535e-02
7.118161458666479036e-02
7.116663866629896473e-02
7.115166585994180115e-02
7.113669616653181538e-02
7.112172958500927178e-02
7.110676611431605842e-02
7.109180575339582586e-02
7.107684850119393161e-02
7.106189435665731524e-02
7.104694331873473434e-02
7.103199538637654242e-02
7.101705055853479998e-02
7.100210883416321894e-02
7.098717021221716272e-02
7.097223469165363230e-02
7.095730227143134949e-02
7.094237295051063208e-02
7.092744672785343540e-02
7.091252360242333852e-02
7.089760357318562745e-02
7.088268663910711476e-02
7.086777279915627836e-02
7.085286205230321988e-02
7.083795439751960910e-02
7.082304983377880891e-02
7.080814836005562551e-02
7.079324997532665531e-02
7.077835467856992413e-02
7.076346246876509538e-02
7.074857334489342842e-02
7.073368730593775078e-02
7.071880435088245820e-02
7.070392447871351460e-02
7.068904768841838271e-02
7.067417397898616283e-02
7.065930334940748181e-02
7.064443579867450695e-02
7.062957132578091823e-02
7.061470992972192218e-02
7.059985160949434901e-02
7.058499636409644451e-02
7.057014419252803650e-02
7.055529509379045161e-02
7.054044906688652916e-02
7.052560611082057951e-02
7.051076622459849508e-02
7.049592940722758383e-02
7.048109565771669416e-02
7.046626497507613163e-02
7.045143735831771448e-02
7.043661280645470424e-02
7.042179131850186125e-02
7.040697289347543075e-02
7.039215753039307355e-02
7.037734522827392147e-02
7.036253598613857740e-02
7.034772980300908751e-02
7.033292667790901065e-02
7.031812660986318242e-02
7.030332959789804825e-02
7.028853564104135809e-02
7.027374473832237456e-02
7.025895688877177581e-02
7.024417209142158613e-02
7.022939034530531477e-02
7.021461164945784483e-02
7.019983600291550274e-02
7.018506340471598881e-02
7.017029385389836338e-02
7.015552734950317171e-02
7.014076389057226357e-02
7.012600347614889040e-02
7.011124610527773304e-02
7.009649177700476297e-02
7.008174049037739495e-02
7.006699224444434826e-02
7.005224703825581323e-02
7.003750487086317367e-02
7.002276574131931219e-02
7.000802964867838818e-02
6.999329659199590714e-02
6.997856657032874850e-02
6.996383958273511006e-02
6.994911562827450802e-02
6.993439470600781860e-02
6.991967681499722254e-02
6.990496195430619120e-02
6.989025012299959760e-02
6.987554132014352215e-02
6.986083554480540525e-02
6.984613279605403346e-02
6.983143307295940072e-02
6.981673637459288873e-02
6.980204270002707267e-02
6.978735204833592942e-02
6.977266441859458768e-02
6.975797980987957780e-02
6.974329822126863754e-02
6.972861965184080912e-02
6.971394410067636993e-02
6.969927156685686020e-02
6.968460204946513858e-02
6.966993554758527107e-02
6.965527206030253105e-02
6.964061158670353802e-02
6.962595412587610499e-02
6.961129967690930787e-02
6.959664823889337437e-02
6.958199981091992004e-02
6.956735439208162897e-02
6.955271198147253142e-02
6.953807257818778176e-02
6.952343618132385272e-02
6.950880278997832729e-02
6.949417240325007905e-02
6.947954502023917511e-02
6.946492064004682054e-02
6.945029926177549717e-02
6.943568088452883869e-02
6.942106550741170001e-02
6.940645312953010182e-02
6.939184374999123051e-02
6.937723736790350759e-02
6.936263398237645095e-02
6.934803359252086907e-02
6.933343619744862518e-02
6.931884179627278986e-02
6.930425038810764105e-02
6.928966197206855304e-02
6.927507654727203812e-02
6.926049411283588531e-02
6.924591466787886895e-02
6.923133821152101242e-02
6.921676474288347702e-02
6.920219426108847882e-02
6.918762676525948285e-02
6.917306225452100887e-02
6.915850072799870074e-02
6.914394218481938192e-02
6.912938662411094448e-02
6.911483404500243233e-02
6.910028444662394409e-02
6.908573782810679964e-02
6.907119418858329030e-02
6.905665352718688699e-02
6.904211584305218474e-02
6.902758113531479167e-02
6.901304940311150937e-02
6.899852064558013864e-02
6.898399486185960439e-02
6.896947205108992784e-02
6.895495221241218498e-02
6.894043534496853420e-02
6.892592144790224418e-02
6.891141052035758274e-02
6.889690256147995573e-02
6.888239757041579592e-02
6.886789554631257693e-02
6.885339648831885484e-02
6.883890039558425433e-02
6.882440726725942703e-02
6.880991710249606541e-02
6.879542990044694439e-02
6.878094566026583812e-02
6.876646438110753379e-02
6.875198606212797048e-02
6.873751070248398931e-02
6.872303830133354163e-02
6.870856885783552248e-02
6.869410237114993711e-02
6.867963884043777611e-02
6.866517826486102927e-02
6.865072064358271331e-02
6.863626597576685806e-02
6.862181426057850642e-02
6.860736549718367272e-02
6.859291968474938439e-02
6.857847682244370968e-02
6.856403690943564666e-02
6.854959994489520647e-02
6.853516592799344109e-02
6.852073485790230456e-02
6.850630673379477786e-02
6.849188155484481344e-02
6.847745932022733517e-02
6.846304002911826614e-02
6.844862368069445924e-02
6.843421027413379432e-02
6.841979980861503940e-02
6.840539228331797561e-02
6.839098769742334161e-02
6.837658605011279200e-02
6.836218734056900836e-02
6.834779156797554656e-02
6.833339873151692001e-02
6.831900883037865524e-02
6.830462186374716693e-02
6.829023783080977184e-02
6.827585673075478589e-02
6.826147856277146875e-02
6.824710332604992657e-02
6.823273101978129251e-02
6.821836164315754625e-02
6.820399519537163890e-02
6.818963167561743755e-02
6.817527108308966965e-02
6.816091341698404804e-02
6.814655867649717369e-02
6.813220686082649413e-02
6.811785796917048386e-02
6.810351200072840838e-02
6.808916895470051855e-02
6.807482883028788401e-02
6.806049162669253194e-02
6.804615734311733610e-02
6.803182597876611393e-02
6.801749753284351552e-02
6.800317200455507916e-02
6.798884939310727293e-02
6.797452969770741149e-02
6.796021291756364213e-02
6.794589905188508361e-02
6.793158809988164570e-02
6.791728006076414026e-02
6.790297493374422566e-02
6.788867271803449011e-02
6.787437341284822956e-02
6.786007701739978082e-02
6.784578353090421621e-02
6.783149295257749622e-02
6.781720528163646955e-02
6.780292051729873426e-02
6.778863865878283212e-02
6.777435970530813758e-02
6.776008365609474671e-02
6.774581051036379642e-02
6.773154026733708977e-02
6.771727292623730410e-02
6.770300848628803270e-02
6.768874694671353498e-02
6.767448830673908344e-02
6.766023256559061672e-02
6.764597972249497548e-02
6.763172977667980534e-02
6.761748272737355681e-02
6.760323857380549917e-02
6.758899731520573440e-02
6.757475895080511386e-02
6.756052347983537709e-02
6.754629090152897142e-02
6.753206121511924620e-02
6.751783441984028633e-02
6.750361051492699549e-02
6.748938949961502676e-02
6.747517137314092139e-02
6.746095613474190067e-02
6.744674378365604628e-02
6.743253431912224483e-02
6.741832774038003517e-02
6.740412404666989987e-02
6.738992323723300149e-02
6.737572531131133524e-02
6.736153026814757638e-02
6.734733810698530221e-02
6.733314882706871451e-02
6.731896242764293103e-02
6.730477890795369400e-02
6.729059826724763382e-02
6.727642050477206093e-02
6.726224561977504901e-02
6.724807361150544893e-02
6.723390447921288871e-02
6.721973822214767635e-02
6.720557483956093869e-02
6.719141433070452418e-02
6.717725669483101680e-02
6.716310193119374994e-02
6.714895003904677862e-02
6.713480101764494890e-02
6.712065486624377297e-02
6.710651158409956796e-02
6.709237117046933097e-02
6.707823362461080852e-02
6.706409894578246877e-02
6.704996713324351543e-02
6.703583818625387380e-02
6.702171210407416313e-02
6.700758888596575202e-02
6.699346853119074463e-02
6.697935103901189735e-02
6.696523640869272986e-02
6.695112463949746962e-02
6.693701573069102406e-02
6.692290968153906394e-02
6.690880649130785673e-02
6.689470615926451647e-02
6.688060868467671227e-02
6.686651406681294596e-02
6.685242230494231608e-02
6.683833339833467058e-02
6.682424734626052354e-02
6.681016414799109682e-02
6.679608380279829227e-02
6.678200630995467790e-02
6.676793166873351559e-02
6.675385987840883051e-02
6.673979093825520292e-02
6.672572484754796251e-02
6.671166160556307734e-02
6.669760121157727872e-02
6.668354366486782536e-02
6.666948896471278085e-02
6.665543711039081942e-02
6.664138810118128142e-02
6.662734193636417335e-02
6.661329861522018170e-02
6.659925813703063135e-02
6.658522050107752721e-02
6.657118570664351254e-02
6.655715375301193837e-02
6.654312463946672473e-02
6.652909836529249943e-02
6.651507492977452862e-02
6.650105433219874462e-02
6.648703657185167648e-02
6.647302164802056101e-02
6.645900955999321791e-02
6.644500030705817462e-02
6.643099388850451370e-02
6.641699030362205325e-02
6.640298955170113870e-02
6.638899163203286491e-02
6.637499654390882631e-02
6.636100428662140838e-02
6.634701485946348232e-02
6.633302826172861322e-02
6.631904449271093516e-02
6.630506355170534549e-02
6.629108543800718567e-02
6.627711015091251878e-02
6.626313768971800466e-02
6.624916805372094153e-02
6.623520124221915495e-02
6.622123725451120602e-02
6.620727608989621094e-02
6.619331774767384102e-02
6.617936222714447536e-02
6.616540952760902039e-02
6.615145964836900705e-02
6.613751258872660466e-02
6.612356834798452376e-02
6.610962692544614105e-02
6.609568832041537445e-02
6.608175253219675249e-02
6.606781956009541434e-02
6.605388940341708204e-02
6.603996206146801884e-02
6.602603753355519578e-02
6.601211581898602798e-02
6.599819691706865221e-02
6.598428082711166320e-02
6.597036754842436346e-02
6.595645708031651344e-02
6.594254942209853976e-02
6.592864457308141024e-02
6.591474253257668947e-02
6.590084329989644163e-02
6.588694687435345254e-02
6.587305325526093824e-02
6.585916244193278091e-02
6.584527443368330679e-02
6.583138922982757768e-02
6.581750682968107169e-02
6.580362723255989144e-02
6.578975043778073628e-02
6.577587644466079131e-02
6.576200525251783835e-02
6.574813686067025598e-02
6.573427126843689461e-02
6.572040847513721529e-02
6.570654848009120641e-02
6.569269128261942536e-02
6.567883688204298465e-02
6.566498527768352411e-02
6.565113646886323873e-02
6.563729045490483693e-02
6.562344723513162392e-02
6.560960680886741836e-02
6.559576917543659402e-02
6.558193433416406593e-02
6.556810228437522092e-02
6.555427302539607037e-02
6.554044655655312523e-02
6.552662287717342382e-02
6.551280198658453180e-02
6.549898388411456995e-02
6.548516856909213091e-02
6.547135604084641791e-02
6.545754629870710606e-02
6.544373934200439780e-02
6.542993517006902293e-02
6.541613378223222475e-02
6.540233517782580164e-02
6.538853935618203772e-02
6.537474631663371671e-02
6.536095605851420520e-02
6.534716858115731386e-02
6.533338388389740847e-02
6.531960196606934055e-02
6.530582282700848895e-02
6.529204646605071827e-02
6.527827288253244820e-02
6.526450207579054252e-02
6.525073404516244790e-02
6.523696878998601345e-02
6.522320630959968502e-02
6.520944660334235254e-02
6.519568967055341946e-02
6.518193551057278878e-02
6.516818412274086314e-02
6.515443550639854475e-02
6.514068966088717993e-02
6.512694658554872562e-02
6.511320627972548569e-02
6.509946874276033302e-02
6.508573397399664007e-02
6.507200197277822340e-02
6.505827273844944081e-02
6.504454627035505254e-02
6.503082256784038784e-02
6.501710163025119227e-02
6.500338345693375264e-02
6.498966804723474433e-02
6.497595540050143947e-02
6.496224551608152653e-02
6.494853839332309642e-02
6.493483403157485068e-02
6.492113243018589330e-02
6.490743358850578626e-02
6.489373750588459111e-02
6.488004418167285514e-02
6.486635361522155585e-02
6.485266580588212870e-02
6.483898075300650876e-02
6.482529845594708906e-02
6.481161891405672060e-02
6.479794212668869846e-02
6.478426809319681734e-02
6.477059681293531601e-02
6.475692828525886346e-02
6.474326250952261441e-02
6.472959948508218153e-02
6.471593921129360771e-02
6.470228168751340769e-02
6.468862691309855417e-02
6.467497488740645006e-02
6.466132560979497013e-02
6.464767907962241933e-02
6.463403529624754673e-02
6.462039425902961487e-02
6.460675596732820547e-02
6.459312042050344149e-02
6.457948761791587611e-02
6.456585755892649270e-02
6.455223024289667710e-02
6.453860566918830088e-02
6.452498383716367969e-02
6.451136474618555938e-02
6.449774839561706052e-02
6.448413478482183103e-02
6.447052391316389353e-02
6.445691578000772859e-02
6.444331038471824702e-02
6.442970772666077595e-02
6.441610780520105883e-02
6.440251061970529711e-02
6.438891616954012243e-02
6.437532445407256887e-02
6.436173547267010076e-02
6.434814922470061260e-02
6.433456570953242915e-02
6.432098492653427757e-02
6.430740687507530140e-02
6.429383155452507437e-02
6.428025896425364205e-02
6.426668910363134146e-02
6.425312197202903697e-02
6.423955756881796764e-02
6.422599589336978887e-02
6.421243694505655852e-02
6.419888072325077855e-02
6.418532722732529783e-02
6.417177645665349262e-02
6.415822841060897508e-02
6.414468308856594025e-02
6.413114048989886073e-02
6.411760061398268096e-02
6.410406346019273394e-02
6.409052902790478290e-02
6.407699731649491026e-02
6.406346832533969804e-02
6.404994205381607519e-02
6.403641850130138702e-02
6.402289766717333963e-02
6.400937955081012487e-02
6.399586415159022601e-02
6.398235146889259817e-02
6.396884150209654341e-02
6.395533425058178012e-02
6.394182971372841529e-02
6.392832789091694445e-02
6.391482878152825176e-02
6.390133238494365153e-02
6.388783870054474956e-02
6.387434772771363733e-02
6.386085946583273942e-02
6.384737391428488285e-02
6.383389107245329708e-02
6.382041093972155854e-02
6.380693351547361836e-02
6.379345879909387174e-02
6.377998678996703308e-02
6.376651748747823312e-02
6.375305089101296341e-02
6.373958699995711796e-02
6.372612581369688223e-02
6.371266733161894125e-02
6.369921155311028538e-02
6.368575847755827968e-02
6.367230810435066390e-02
6.365886043287559415e-02
6.364541546252150406e-02
6.363197319267732688e-02
6.361853362273221790e-02
6.360509675207587366e-02
6.359166258009817108e-02
6.357823110618947282e-02
6.356480232974047462e-02
6.355137625014227465e-02
6.353795286678626253e-02
6.352453217906424421e-02
6.351111418636835870e-02
6.349769888809114748e-02
6.348428628362547121e-02
6.347087637236456525e-02
6.345746915370201191e-02
6.344406462703179594e-02
6.343066279174817967e-02
6.341726364724585563e-02
6.340386719291984940e-02
6.339047342816553354e-02
6.337708235237859977e-02
6.336369396495517003e-02
6.335030826529162995e-02
6.333692525278483698e-02
6.332354492683182901e-02
6.331016728683014350e-02
6.329679233217760936e-02
6.328342006227240246e-02
6.327005047651299008e-02
6.325668357429832522e-02
6.324331935502758295e-02
6.322995781810029914e-02
6.321659896291641212e-02
6.320324278887615166e-02
6.318988929538006671e-02
6.317653848182916421e-02
6.316319034762461759e-02
6.314984489216809993e-02
6.313650211486153407e-02
6.312316201510718983e-02
6.310982459230767005e-02
6.309648984586599396e-02
6.308315777518536116e-02
6.306982837966945699e-02
6.305650165872221657e-02
6.304317761174792201e-02
6.302985623815120231e-02
6.301653753733701957e-02
6.300322150871062732e-02
6.298990815167768154e-02
6.297659746564406025e-02
6.296328945001607169e-02
6.294998410420032942e-02
6.293668142760371065e-02
6.292338141963348119e-02
6.291008407969723992e-02
6.289678940720283551e-02
6.288349740155851908e-02
6.287020806217283320e-02
6.285692138845461185e-02
6.284363737981306375e-02
6.283035603565771676e-02
6.281707735539832083e-02
6.280380133844513935e-02
6.279052798420849124e-02
6.277725729209927830e-02
6.276398926152852720e-02
6.275072389190766708e-02
6.273746118264843241e-02
6.272420113316286294e-02
6.271094374286328987e-02
6.269768901116241910e-02
6.268443693747319245e-02
6.267118752120891256e-02
6.265794076178321514e-02
6.264469665860997183e-02
6.263145521110341507e-02
6.261821641867808264e-02
6.260498028074880372e-02
6.259174679673071284e-02
6.257851596603927757e-02
6.256528778809024305e-02
6.255206226229968747e-02
6.253883938808396659e-02
6.252561916485974147e-02
6.251240159204400626e-02
6.249918666905400488e-02
6.248597439530736292e-02
6.247276477022190716e-02
6.245955779321583912e-02
6.244635346370761703e-02
6.243315178111605301e-02
6.241995274486018819e-02
6.240675635435942448e-02
6.239356260903337198e-02
6.238037150830206407e-02
6.236718305158572145e-02
6.235399723830491875e-02
6.234081406788046648e-02
6.232763353973354986e-02
6.231445565328559699e-02
6.230128040795829963e-02
6.228810780317371038e-02
6.227493783835413160e-02
6.226177051292214326e-02
6.224860582630066530e-02
6.223544377791285359e-02
6.222228436718216932e-02
6.220912759353238591e-02
6.219597345638752661e-02
6.218282195517192690e-02
6.216967308931019981e-02
6.215652685822721513e-02
6.214338326134818263e-02
6.213024229809855498e-02
6.211710396790409011e-02
6.210396827019081661e-02
6.209083520438504061e-02
6.207770476991335967e-02
6.206457696620264197e-02
6.205145179268003325e-02
6.203832924877297761e-02
6.202520933390917590e-02
6.201209204751665510e-02
6.199897738902363648e-02
6.198586535785868823e-02
6.197275595345060062e-02
6.195964917522852472e-02
6.194654502262178508e-02
6.193344349506002544e-02
6.192034459197321566e-02
6.190724831279149909e-02
6.189415465694535212e-02
6.188106362386552872e-02
6.186797521298301183e-02
6.185488942372909665e-02
6.184180625553533511e-02
6.182872570783352201e-02
6.181564778005577826e-02
6.180257247163444684e-02
6.178949978200214826e-02
6.177642971059180144e-02
6.176336225683651260e-02
6.175029742016977657e-02
6.173723520002521309e-02
6.172417559583681657e-02
6.171111860703882429e-02
6.169806423306569559e-02
6.168501247335216736e-02
6.167196332733326097e-02
6.165891679444425455e-02
6.164587287412068989e-02
6.163283156579835165e-02
6.161979286891330898e-02
6.160675678290183921e-02
6.159372330720058047e-02
6.158069244124630970e-02
6.156766418447614381e-02
6.155463853632744953e-02
6.154161549623778787e-02
6.152859506364507375e-02
6.151557723798739552e-02
6.150256201870315381e-02
6.148954940523097129e-02
6.147653939700972042e-02
6.146353199347855817e-02
6.145052719407686354e-02
6.143752499824430002e-02
6.142452540542076012e-02
6.141152841504638610e-02
6.139853402656157699e-02
6.138554223940699550e-02
6.137255305302355413e-02
6.135956646685240823e-02
6.134658248033492134e-02
6.133360109291278311e-02
6.132062230402787750e-02
6.130764611312235213e-02
6.129467251963863217e-02
6.128170152301929546e-02
6.126873312270728761e-02
6.125576731814570686e-02
6.124280410877794983e-02
6.122984349404762133e-02
6.121688547339861758e-02
6.120393004627502215e-02
6.119097721212118923e-02
6.117802697038172977e-02
6.116507932050147672e-02
6.115213426192549206e-02
6.113919179409914306e-02
6.112625191646794964e-02
6.111331462847773011e-02
6.110037992957451786e-02
6.108744781920459610e-02
6.107451829681449090e-02
6.106159136185098507e-02
6.104866701376102101e-02
6.103574525199188805e-02
6.102282607599100045e-02
6.100990948520607776e-02
6.099699547908512404e-02
6.098408405707624741e-02
6.097117521862786826e-02
6.095826896318867066e-02
6.094536529020747745e-02
6.093246419913346534e-02
6.091956568941597067e-02
6.090666976050453790e-02
6.089377641184898909e-02
6.088088564289940996e-02
6.086799745310601112e-02
6.085511184191936401e-02
6.084222880879015111e-02
6.082934835316935324e-02
6.081647047450818022e-02
6.080359517225805005e-02
6.079072244587061663e-02
6.077785229479776286e-02
6.076498471849157285e-02
6.075211971640442216e-02
6.073925728798883900e-02
6.072639743269760831e-02
6.071354014998379262e-02
6.070068543930058624e-02
6.068783330010145416e-02
6.067498373184010418e-02
6.066213673397043149e-02
6.064929230594660881e-02
6.063645044722294070e-02
6.062361115725404398e-02
6.061077443549472976e-02
6.059794028139999650e-02
6.058510869442510632e-02
6.057227967402552954e-02
6.055945321965696543e-02
6.054662933077530063e-02
6.053380800683667851e-02
6.052098924729743673e-02
6.050817305161414195e-02
6.049535941924361060e-02
6.048254834964281873e-02
6.046973984226899912e-02
6.045693389657957190e-02
6.044413051203221393e-02
6.043132968808476169e-02
6.041853142419536388e-02
6.040573571982225942e-02
6.039294257442402725e-02
6.038015198745936424e-02
6.036736395838720320e-02
6.035457848666674757e-02
6.034179557175734648e-02
6.032901521311858500e-02
6.031623741021026330e-02
6.030346216249242441e-02
6.029068946942527790e-02
6.027791933046924150e-02
6.026515174508500355e-02
6.025238671273336344e-02
6.023962423287542584e-02
6.022686430497247584e-02
6.021410692848599283e-02
6.020135210287767824e-02
6.018859982760942778e-02
6.017585010214335922e-02
6.016310292594181930e-02
6.015035829846729354e-02
6.013761621918257971e-02
6.012487668755055192e-02
6.011213970303443122e-02
6.009940526509752190e-02
6.008667337320343360e-02
6.007394402681588003e-02
6.006121722539889407e-02
6.004849296841658496e-02
6.003577125533340192e-02
6.002305208561388439e-02
6.001033545872287017e-02
5.999762137412528035e-02
5.998490983128638293e-02
5.997220082967155003e-02
5.995949436874637578e-02
5.994679044797665557e-02
5.993408906682840681e-02
5.992139022476781346e-02
5.990869392126130927e-02
5.989600015577548064e-02
5.988330892777714298e-02
5.987062023673327821e-02
5.985793408211110417e-02
5.984525046337803994e-02
5.983256938000167113e-02
5.981989083144977765e-02
5.980721481719036836e-02
5.979454133669165339e-02
5.978187038942200937e-02
5.976920197485003500e-02
5.975653609244450243e-02
5.974387274167439199e-02
5.973121192200887830e-02
5.971855363291733026e-02
5.970589787386933189e-02
5.969324464433462679e-02
5.968059394378316673e-02
5.966794577168509778e-02
5.965530012751078803e-02
5.964265701073074438e-02
5.963001642081571657e-02
5.961737835723660700e-02
5.960474281946454012e-02
5.959210980697081383e-02
5.957947931922694118e-02
5.956685135570458783e-02
5.955422591587565539e-02
5.954160299921218424e-02
5.952898260518645068e-02
5.951636473327091142e-02
5.950374938293818278e-02
5.949113655366113085e-02
5.947852624491273971e-02
5.946591845616622241e-02
5.945331318689498629e-02
5.944071043657259135e-02
5.942811020467283351e-02
5.941551249066964746e-02
5.940291729403720383e-02
5.939032461424980508e-02
5.937773445078200346e-02
5.936514680310844838e-02
5.935256167070408762e-02
5.933997905304396608e-02
5.932739894960335769e-02
5.931482135985768206e-02
5.930224628328260167e-02
5.928967371935389002e-02
5.927710366754759819e-02
5.926453612733986048e-02
5.925197109820706798e-02
5.923940857962576439e-02
5.922684857107268774e-02
5.921429107202470787e-02
5.920173608195897913e-02
5.918918360035272525e-02
5.917663362668342669e-02
5.916408616042874435e-02
5.915154120106649177e-02
5.913899874807463514e-02
5.912645880093140432e-02
5.911392135911509860e-02
5.910138642210430865e-02
5.908885398937775701e-02
5.907632406041431888e-02
5.906379663469307761e-02
5.905127171169331085e-02
5.903874929089440726e-02
5.902622937177603307e-02
5.901371195381793777e-02
5.900119703650013453e-02
5.898868461930271978e-02
5.897617470170602588e-02
5.896366728319060030e-02
5.895116236323705988e-02
5.893865994132627129e-02
5.892616001693929545e-02
