8.663846450000000157e-03
8.621436959999999317e-03
8.578257400000000726e-03
8.742718340000000393e-03
8.695700149999999184e-03
8.634186519999999948e-03
8.648388179999999190e-03
8.790707170000000223e-03
8.570721300000000431e-03
8.728595469999999440e-03
8.842973610000000664e-03
8.724180039999999622e-03
8.762153320000000412e-03
8.783656049999999729e-03
8.834226210000000606e-03
8.783712009999999903e-03
8.831009810000000140e-03
8.714768890000000254e-03
8.815967790000000387e-03
8.935880999999999685e-03
8.784341750000000670e-03
8.930683490000000668e-03
8.888805209999999651e-03
8.907701469999999497e-03
8.980696499999999555e-03
8.935253469999999629e-03
8.978964060000000497e-03
8.946252159999999384e-03
8.912259190000000608e-03
8.920880210000000851e-03
8.849268829999999697e-03
8.856543740000000220e-03
8.891477139999999502e-03
9.011446279999999961e-03
8.949964479999999306e-03
9.081472059999999916e-03
9.076841360000000719e-03
9.128891889999999135e-03
9.106831240000000036e-03
9.052360359999999176e-03
8.968613440000000256e-03
9.035943819999999599e-03
9.020788440000000047e-03
9.077545549999999769e-03
9.120295719999999343e-03
9.010961959999999257e-03
9.090121720000000211e-03
9.053973990000000263e-03
9.191804680000000352e-03
9.137463840000000295e-03
9.159466269999999577e-03
9.165946910000000170e-03
9.126765289999999933e-03
9.220904909999999219e-03
9.251087019999999772e-03
9.171731140000000115e-03
9.185523640000000170e-03
9.273708179999999579e-03
9.161710070000000580e-03
9.224375539999999513e-03
9.156084999999999571e-03
9.201087409999999384e-03
9.267948689999999656e-03
9.344072829999999427e-03
9.255256820000000093e-03
9.283726140000000265e-03
9.309097509999999381e-03
9.322941470000000244e-03
9.297726640000000126e-03
9.350022729999999185e-03
9.266629110000000613e-03
9.317375410000000233e-03
9.395279479999999253e-03
9.398399979999999543e-03
9.406547859999999511e-03
9.359270129999999743e-03
9.370090370000000446e-03
9.404378110000000124e-03
9.561914189999999591e-03
9.404229570000000385e-03
9.528136569999999875e-03
9.502123770000000733e-03
9.519602530000000756e-03
9.511235050000000496e-03
9.526310180000000655e-03
9.524529049999999261e-03
9.403076629999999880e-03
9.559045760000000821e-03
9.487772570000000544e-03
9.435184859999999271e-03
9.453821810000000506e-03
9.540233639999999571e-03
9.569576959999999410e-03
9.626589839999999745e-03
9.635073560000000439e-03
9.563442179999999404e-03
9.545277970000000042e-03
9.522215820000000733e-03
9.602712870000000220e-03
9.597664659999999640e-03
9.559505410000000356e-03
9.708218940000000810e-03
9.621689330000000526e-03
9.616903189999999671e-03
9.713157959999999674e-03
9.645988129999999786e-03
9.630627879999999197e-03
9.661944290000000143e-03
9.726314249999999662e-03
9.608926400000000409e-03
9.623443960000000255e-03
9.846485079999999987e-03
9.699533189999999874e-03
9.680844339999999590e-03
9.829905979999999446e-03
9.895940569999999228e-03
9.681883599999999840e-03
9.662798239999999261e-03
9.731922179999999770e-03
9.742043170000000765e-03
9.908386369999999319e-03
9.802039559999999735e-03
9.779481910000000291e-03
9.750556349999999969e-03
9.947136369999999908e-03
9.933390749999999880e-03
9.861572359999999302e-03
9.722736250000000788e-03
9.767309139999999501e-03
9.818060860000000015e-03
9.892549889999999527e-03
9.942792480000000460e-03
9.893977619999999237e-03
9.881467090000000189e-03
9.919613960000000369e-03
9.883963429999999967e-03
9.705716490000000293e-03
9.824069729999999195e-03
9.981082869999999621e-03
1.000666520000000059e-02
9.883138779999999998e-03
9.964560339999999419e-03
9.887083850000000576e-03
1.007734159999999941e-02
9.990716250000000048e-03
9.936447920000000822e-03
1.005557689999999997e-02
1.000787860000000064e-02
1.004635450000000013e-02
1.013258560000000058e-02
1.003896039999999969e-02
1.002467970000000055e-02
1.013321330000000083e-02
9.986538660000000497e-03
1.005768569999999917e-02
9.976472610000000282e-03
1.009768060000000058e-02
1.009987969999999978e-02
1.006247679999999929e-02
1.004374780000000071e-02
1.007671129999999915e-02
1.022329760000000032e-02
1.014569859999999921e-02
1.014545679999999915e-02
1.007666819999999963e-02
1.016061560000000065e-02
1.013095020000000061e-02
1.034865299999999932e-02
1.024797870000000027e-02
1.014343680000000074e-02
1.020005459999999940e-02
1.018020220000000024e-02
1.030370929999999997e-02
1.023489319999999932e-02
1.014370329999999924e-02
1.029512550000000019e-02
1.038340670000000021e-02
1.036744839999999973e-02
1.030394970000000042e-02
1.026856129999999950e-02
1.017614269999999980e-02
1.038569739999999943e-02
1.022012750000000046e-02
1.025650600000000030e-02
1.041520280000000041e-02
1.028016080000000027e-02
1.031212429999999944e-02
1.036997639999999964e-02
1.032596149999999956e-02
1.031308809999999937e-02
1.027029710000000075e-02
1.042824179999999983e-02
1.044794180000000079e-02
1.032874219999999933e-02
1.039591859999999986e-02
1.039722449999999979e-02
1.048105199999999938e-02
1.040979839999999976e-02
1.053016619999999973e-02
1.054288970000000041e-02
1.049419229999999995e-02
1.042395519999999957e-02
1.037978699999999969e-02
1.046940629999999935e-02
1.045748139999999951e-02
1.049481310000000001e-02
1.057186499999999973e-02
1.044847120000000004e-02
1.039788229999999945e-02
1.066235280000000021e-02
1.046466889999999976e-02
1.059642920000000016e-02
1.057718610000000017e-02
1.049588320000000019e-02
1.064479720000000018e-02
1.072704480000000009e-02
1.069726770000000056e-02
1.059762459999999927e-02
1.062462190000000063e-02
1.060539020000000020e-02
1.061180800000000035e-02
1.051910749999999950e-02
1.074637240000000070e-02
1.072274020000000064e-02
1.081270510000000018e-02
1.065064660000000080e-02
1.072535420000000038e-02
1.068478670000000061e-02
1.068967629999999919e-02
1.079860409999999944e-02
1.071653250000000057e-02
1.072539049999999931e-02
1.070665389999999988e-02
1.058760880000000036e-02
1.081029950000000038e-02
1.078094710000000039e-02
1.091606609999999991e-02
1.086839319999999970e-02
1.070201280000000060e-02
1.078474630000000010e-02
1.079993719999999997e-02
1.072368039999999946e-02
1.069971800000000042e-02
1.091708459999999985e-02
1.078512080000000074e-02
1.079371200000000044e-02
1.073619230000000084e-02
1.091501089999999917e-02
1.079494569999999917e-02
1.094860209999999959e-02
1.080258639999999958e-02
1.098294430000000023e-02
1.092868420000000021e-02
1.080479129999999989e-02
1.107391509999999975e-02
1.080712709999999931e-02
1.082730940000000038e-02
1.102873260000000050e-02
1.089759889999999953e-02
1.097447030000000059e-02
1.098340939999999967e-02
1.076668530000000033e-02
1.099277260000000069e-02
1.107910710000000083e-02
1.105013720000000074e-02
1.101052869999999927e-02
1.103124739999999937e-02
1.106516939999999984e-02
1.092017030000000041e-02
1.108805170000000048e-02
1.108075310000000008e-02
1.105954779999999971e-02
1.103800970000000034e-02
1.099431969999999960e-02
1.120013000000000085e-02
1.117187300000000057e-02
1.107305589999999992e-02
1.110927480000000085e-02
1.111253960000000048e-02
1.115033240000000078e-02
1.102551520000000056e-02
1.107484830000000052e-02
1.122501709999999993e-02
1.117448920000000019e-02
1.120691740000000040e-02
1.116388320000000038e-02
1.111560680000000037e-02
1.132256090000000048e-02
1.124342069999999943e-02
1.120656360000000032e-02
1.123015680000000009e-02
1.142663770000000058e-02
1.125185520000000078e-02
1.127037619999999955e-02
1.120805000000000065e-02
1.122244290000000075e-02
1.133123859999999976e-02
1.124992200000000074e-02
1.144337630000000043e-02
1.125547669999999931e-02
1.144359999999999995e-02
1.119943319999999916e-02
1.120823770000000004e-02
1.119807169999999935e-02
1.144582360000000014e-02
1.148307909999999980e-02
1.135363760000000083e-02
1.134398059999999937e-02
1.136863050000000083e-02
1.133953549999999928e-02
1.146533540000000025e-02
1.143360359999999985e-02
1.127166389999999935e-02
1.144553469999999920e-02
1.125109439999999981e-02
1.139475979999999937e-02
1.142757879999999927e-02
1.144970420000000072e-02
1.124750379999999925e-02
1.142286430000000012e-02
1.156423879999999953e-02
1.137323850000000053e-02
1.157920519999999960e-02
1.162149900000000041e-02
1.142071530000000022e-02
1.142123830000000076e-02
1.161960899999999949e-02
1.142363209999999914e-02
1.151996670000000021e-02
1.146654010000000036e-02
1.154380349999999979e-02
1.151922080000000043e-02
1.167381510000000018e-02
1.172710920000000039e-02
1.169302499999999925e-02
1.158461350000000029e-02
1.162134960000000064e-02
1.158223769999999937e-02
1.165468199999999954e-02
1.168951179999999992e-02
1.159656149999999976e-02
1.169039059999999949e-02
1.157875830000000029e-02
1.162439130000000008e-02
1.160903939999999995e-02
1.173379029999999969e-02
1.172144659999999929e-02
1.169860799999999923e-02
1.174224249999999969e-02
1.165015150000000069e-02
1.173328780000000050e-02
1.170895199999999990e-02
1.179592259999999969e-02
1.168544319999999942e-02
1.175297720000000046e-02
1.189001989999999981e-02
1.179980819999999937e-02
1.177665439999999938e-02
1.188535299999999954e-02
1.178734809999999918e-02
1.191145329999999947e-02
1.168121400000000053e-02
1.162671929999999944e-02
1.176076749999999983e-02
1.183254729999999935e-02
1.202311720000000077e-02
1.184400419999999919e-02
1.202646329999999993e-02
1.196969449999999921e-02
1.192696390000000037e-02
1.202159530000000004e-02
1.195349650000000069e-02
1.193286390000000002e-02
1.196813279999999965e-02
1.190301570000000010e-02
1.189512860000000068e-02
1.210134109999999943e-02
1.206672559999999970e-02
1.184283820000000056e-02
1.189247489999999997e-02
1.208537280000000075e-02
1.210709559999999935e-02
1.217661020000000011e-02
1.192102740000000084e-02
1.217155389999999976e-02
1.203440079999999919e-02
1.193501429999999953e-02
1.213981849999999987e-02
1.202854180000000051e-02
1.212116490000000012e-02
1.202108009999999956e-02
1.216283989999999982e-02
1.197304840000000016e-02
1.220872859999999963e-02
1.212721880000000065e-02
1.215851100000000032e-02
1.206572510000000070e-02
1.194451669999999945e-02
1.212109590000000001e-02
1.229338689999999977e-02
1.204324770000000065e-02
1.225167589999999994e-02
1.222113369999999928e-02
1.215564360000000003e-02
1.243650670000000062e-02
1.232526249999999976e-02
1.237574659999999931e-02
1.227020810000000080e-02
1.233024180000000074e-02
1.220300099999999978e-02
1.229900870000000083e-02
1.229306919999999942e-02
1.240336419999999926e-02
1.220611580000000029e-02
1.245403689999999980e-02
1.239119049999999958e-02
1.247211479999999970e-02
1.239873009999999977e-02
1.243354749999999939e-02
1.229270749999999968e-02
1.228904419999999990e-02
1.243993520000000012e-02
1.236912880000000034e-02
1.260826699999999939e-02
1.239114910000000021e-02
1.243975439999999918e-02
1.248670670000000087e-02
1.245479069999999924e-02
1.261797979999999993e-02
1.221403199999999967e-02
1.243052749999999998e-02
1.249333170000000055e-02
1.266209939999999971e-02
1.256692690000000071e-02
1.254040560000000033e-02
1.254095690000000055e-02
1.248242050000000075e-02
1.241792019999999989e-02
1.256011989999999967e-02
1.251673309999999997e-02
1.257466370000000049e-02
1.241227269999999917e-02
1.263012969999999929e-02
1.256586210000000016e-02
1.254205729999999935e-02
1.272373450000000017e-02
1.254761400000000034e-02
1.266851970000000029e-02
1.268291180000000011e-02
1.252689719999999958e-02
1.261878429999999975e-02
1.263829950000000014e-02
1.275257750000000079e-02
1.283050359999999938e-02
1.267173779999999916e-02
1.260390559999999965e-02
1.284653200000000078e-02
1.271405949999999951e-02
1.270533830000000058e-02
1.287374529999999948e-02
1.275286089999999942e-02
1.272799819999999998e-02
1.271295109999999971e-02
1.288402840000000063e-02
1.282061739999999957e-02
1.270102149999999958e-02
1.305758370000000002e-02
1.282720170000000055e-02
1.289201239999999971e-02
1.263743240000000066e-02
1.257382049999999918e-02
1.279979870000000006e-02
1.292623589999999933e-02
1.299859679999999969e-02
1.279753980000000041e-02
1.274878500000000033e-02
1.305523389999999929e-02
1.280124699999999997e-02
1.306839769999999963e-02
1.300755840000000080e-02
1.304642179999999929e-02
1.308404290000000046e-02
1.292040109999999936e-02
1.316110390000000026e-02
1.318820230000000010e-02
1.311417819999999984e-02
1.318143039999999933e-02
1.299450039999999924e-02
1.302413799999999934e-02
1.331894680000000018e-02
1.299726239999999915e-02
1.330436559999999963e-02
1.295489950000000036e-02
1.312594859999999947e-02
1.306988419999999956e-02
1.331541299999999990e-02
1.305328380000000087e-02
1.288764490000000006e-02
1.297115130000000074e-02
1.326743430000000036e-02
1.314023129999999928e-02
1.326672240000000003e-02
1.317674530000000066e-02
1.326481699999999993e-02
1.316368759999999964e-02
1.332047270000000054e-02
1.311356299999999996e-02
1.337448410000000032e-02
1.320876699999999973e-02
1.331059650000000066e-02
1.322643769999999955e-02
1.323779060000000035e-02
1.341358590000000031e-02
1.334242310000000042e-02
1.311322080000000036e-02
1.325504830000000071e-02
1.321748539999999944e-02
1.321452979999999944e-02
1.344381310000000024e-02
1.326389419999999923e-02
1.325670269999999935e-02
1.327208319999999969e-02
1.346695239999999918e-02
1.338635879999999952e-02
1.322164590000000049e-02
1.343231769999999985e-02
1.316590859999999981e-02
1.345486809999999964e-02
1.356795400000000013e-02
1.361088950000000075e-02
1.367773000000000079e-02
1.335805470000000009e-02
1.362093340000000014e-02
1.359710750000000037e-02
1.357038569999999972e-02
1.366078450000000021e-02
1.337395880000000030e-02
1.330029559999999951e-02
1.352072579999999934e-02
1.331501860000000072e-02
1.360087760000000014e-02
1.349578599999999920e-02
1.354091550000000033e-02
1.367949960000000055e-02
1.366094020000000082e-02
1.344899599999999952e-02
1.336466090000000030e-02
1.385370369999999914e-02
1.348711749999999959e-02
1.382642270000000034e-02
1.368529349999999915e-02
1.355108210000000035e-02
1.360731469999999950e-02
1.361613729999999918e-02
1.377337990000000040e-02
1.375938929999999914e-02
1.376855429999999936e-02
1.357834800000000050e-02
1.358872499999999942e-02
1.402250470000000054e-02
1.375980039999999925e-02
1.361234920000000022e-02
1.369991679999999976e-02
1.371764079999999997e-02
1.390689269999999950e-02
1.373384950000000083e-02
1.367711029999999980e-02
1.396494120000000075e-02
1.362078880000000027e-02
1.379580409999999965e-02
1.391702149999999964e-02
1.363247660000000035e-02
1.387703709999999965e-02
1.368530760000000006e-02
1.387439080000000061e-02
1.398996859999999953e-02
1.380149840000000072e-02
1.394870609999999955e-02
1.373848719999999982e-02
1.382438570000000047e-02
1.412617019999999959e-02
1.389739880000000032e-02
1.402121339999999952e-02
1.394530169999999916e-02
1.399402649999999942e-02
1.401032909999999979e-02
1.406495869999999961e-02
1.369504449999999970e-02
1.401706999999999953e-02
1.415625019999999963e-02
1.392287139999999999e-02
1.390143079999999962e-02
1.419585750000000070e-02
1.426619290000000033e-02
1.428601919999999970e-02
1.409787659999999984e-02
1.396334869999999936e-02
1.422562200000000027e-02
1.402619419999999971e-02
1.433045609999999970e-02
1.429232989999999932e-02
1.423313730000000041e-02
1.427081470000000039e-02
1.416685399999999956e-02
1.406305059999999989e-02
1.432179010000000051e-02
1.429364349999999971e-02
1.406769360000000024e-02
1.409776779999999917e-02
1.433278259999999985e-02
1.414023950000000036e-02
1.435736230000000078e-02
1.388201730000000050e-02
1.411998530000000036e-02
1.422004169999999991e-02
1.449966060000000036e-02
1.465623660000000064e-02
1.421179070000000086e-02
1.430856540000000066e-02
1.431687520000000068e-02
1.450143630000000003e-02
1.446868890000000026e-02
1.443006590000000047e-02
1.454822650000000064e-02
1.438515830000000086e-02
1.416306009999999949e-02
1.440012620000000014e-02
1.425744470000000000e-02
1.440502790000000068e-02
1.446701549999999947e-02
1.438871409999999997e-02
1.439525829999999985e-02
1.450898299999999960e-02
1.455806400000000077e-02
1.483793679999999976e-02
1.448230300000000019e-02
1.454131980000000074e-02
1.463400410000000040e-02
1.444263290000000026e-02
1.463311529999999916e-02
1.437757379999999967e-02
1.477401350000000051e-02
1.440420970000000009e-02
1.464155689999999989e-02
1.441205429999999933e-02
1.457136350000000011e-02
1.447401870000000063e-02
1.469056189999999942e-02
1.449498830000000085e-02
1.440671640000000010e-02
1.465063670000000054e-02
1.458518879999999920e-02
1.470393669999999972e-02
1.487396459999999927e-02
1.449878330000000000e-02
1.461885500000000004e-02
1.499922360000000010e-02
1.478250379999999919e-02
1.473269429999999984e-02
1.506323759999999949e-02
1.474915729999999939e-02
1.465666579999999955e-02
1.478600889999999966e-02
1.472225530000000060e-02
1.511752010000000021e-02
1.467967430000000073e-02
1.484320930000000011e-02
1.495648179999999917e-02
1.473023539999999965e-02
1.485991690000000066e-02
1.466379720000000018e-02
1.484815890000000006e-02
1.522756959999999916e-02
1.510238990000000066e-02
1.511774779999999936e-02
1.494226430000000078e-02
1.477675420000000052e-02
1.484522599999999956e-02
1.510431169999999941e-02
1.505760339999999940e-02
1.493222540000000050e-02
1.507656599999999958e-02
1.494723750000000011e-02
1.518017659999999942e-02
1.516527869999999972e-02
1.484464150000000017e-02
1.517999670000000009e-02
1.511026149999999957e-02
1.514690659999999925e-02
1.508007589999999995e-02
1.493352010000000007e-02
1.525740970000000023e-02
1.484476090000000012e-02
1.482172290000000059e-02
1.514798250000000054e-02
1.489436899999999932e-02
1.526147490000000044e-02
1.524604530000000027e-02
1.522821010000000030e-02
1.526564430000000062e-02
1.528438030000000072e-02
1.524441340000000020e-02
1.530392390000000040e-02
1.532271080000000008e-02
1.526900179999999933e-02
1.527904430000000084e-02
1.531321899999999944e-02
1.520486419999999943e-02
1.530052120000000015e-02
1.541844040000000041e-02
1.545255700000000045e-02
1.547694540000000077e-02
1.525641850000000049e-02
1.516959290000000071e-02
1.512448480000000081e-02
1.538191359999999987e-02
1.534802090000000029e-02
1.553096609999999982e-02
1.523215950000000006e-02
1.548056440000000061e-02
1.545401960000000047e-02
1.541845439999999998e-02
1.556242260000000044e-02
1.560770849999999939e-02
1.559522909999999998e-02
1.564065720000000145e-02
1.550017279999999983e-02
1.571333709999999870e-02
1.552612830000000069e-02
1.529660939999999934e-02
1.579603629999999995e-02
1.564407220000000112e-02
1.557559740000000019e-02
1.575466559999999863e-02
1.530355299999999925e-02
1.557237170000000046e-02
1.548096199999999915e-02
1.562158179999999924e-02
1.566144070000000110e-02
1.562486289999999965e-02
1.562040819999999976e-02
1.556399730000000009e-02
1.591806939999999837e-02
1.585629209999999886e-02
1.568027940000000023e-02
1.537261080000000037e-02
1.567203240000000081e-02
1.572933300000000159e-02
1.597292109999999890e-02
1.584040069999999994e-02
1.600763079999999866e-02
1.596543549999999978e-02
1.564055849999999859e-02
1.593971630000000014e-02
1.584044620000000028e-02
1.601345020000000119e-02
1.593136809999999917e-02
1.592916679999999835e-02
1.562302649999999966e-02
1.572658299999999884e-02
1.593567359999999850e-02
1.582695159999999990e-02
1.555891679999999930e-02
1.599433169999999946e-02
1.579368540000000015e-02
1.596525609999999845e-02
1.595223739999999946e-02
1.586352070000000142e-02
1.598676710000000029e-02
1.586400779999999969e-02
1.620861789999999969e-02
1.620113299999999951e-02
1.622285880000000000e-02
1.607015490000000130e-02
1.612805700000000120e-02
1.590723109999999871e-02
1.623677470000000136e-02
1.596009710000000081e-02
1.613010510000000008e-02
1.593503309999999909e-02
1.607962619999999884e-02
1.612774869999999972e-02
1.620934200000000158e-02
1.600642960000000017e-02
1.595979609999999965e-02
1.638124969999999944e-02
1.629740210000000036e-02
1.613346839999999990e-02
1.647672199999999920e-02
1.607390250000000076e-02
1.623330560000000103e-02
1.629878569999999860e-02
1.646211239999999937e-02
1.642393069999999872e-02
1.608213630000000088e-02
1.607025609999999938e-02
1.628470330000000160e-02
1.646675800000000148e-02
1.617788100000000159e-02
1.632363120000000084e-02
1.650672690000000095e-02
1.641396150000000095e-02
1.610127269999999874e-02
1.655695529999999874e-02
1.621840310000000063e-02
1.680642770000000119e-02
1.636989750000000104e-02
1.641701850000000171e-02
1.651899890000000162e-02
1.621881979999999918e-02
1.649111430000000170e-02
1.631362379999999959e-02
1.665950570000000047e-02
1.654115369999999835e-02
1.643981109999999995e-02
1.622601649999999909e-02
1.621571880000000077e-02
1.656696350000000026e-02
1.638336660000000097e-02
1.646585450000000173e-02
1.636459720000000076e-02
1.655601359999999897e-02
1.646530930000000142e-02
1.669687239999999989e-02
1.680327649999999867e-02
1.676630969999999901e-02
1.665162469999999922e-02
1.647603749999999867e-02
1.667936669999999996e-02
1.649074440000000003e-02
1.681040929999999892e-02
1.673183899999999835e-02
1.687459609999999999e-02
1.651883770000000043e-02
1.662380600000000139e-02
1.654359270000000173e-02
1.645061780000000098e-02
1.689673770000000089e-02
1.662509939999999922e-02
1.707641179999999995e-02
1.688419639999999902e-02
1.660290340000000059e-02
1.673644259999999828e-02
1.720622720000000022e-02
1.674378480000000141e-02
1.688897899999999841e-02
1.701722649999999962e-02
1.688001020000000005e-02
1.687492670000000083e-02
1.661345170000000024e-02
1.690736630000000060e-02
1.699094030000000005e-02
1.677818199999999912e-02
1.678364980000000145e-02
1.715513919999999901e-02
1.684763359999999835e-02
1.675946119999999900e-02
1.693568399999999946e-02
1.685854629999999910e-02
1.678658209999999915e-02
1.723641000000000062e-02
1.694124810000000037e-02
1.692703079999999943e-02
1.740690820000000139e-02
1.661598540000000165e-02
1.706023939999999975e-02
1.669996149999999902e-02
1.685403280000000170e-02
1.687691339999999873e-02
1.730494919999999923e-02
1.700332950000000079e-02
1.724959930000000141e-02
1.714618299999999887e-02
1.740271369999999915e-02
1.717776489999999975e-02
1.710400109999999849e-02
1.721258579999999927e-02
1.719571989999999981e-02
1.731902550000000152e-02
1.718042900000000053e-02
1.749237140000000149e-02
1.749889610000000123e-02
1.738034750000000059e-02
1.736468789999999832e-02
1.740682610000000158e-02
1.731828050000000160e-02
1.782390609999999834e-02
1.708565960000000064e-02
1.731468020000000163e-02
1.726714030000000080e-02
1.743119250000000134e-02
1.766234209999999888e-02
1.735190069999999890e-02
1.714883370000000115e-02
1.725928709999999949e-02
1.745704130000000007e-02
1.781389510000000106e-02
1.790205829999999901e-02
1.776486990000000071e-02
1.715434479999999873e-02
1.736696000000000073e-02
1.764668280000000061e-02
1.751524100000000084e-02
1.749878859999999883e-02
1.769348819999999947e-02
1.766369419999999982e-02
1.793224620000000158e-02
1.765277319999999928e-02
1.774637199999999984e-02
1.790528549999999969e-02
1.785048670000000115e-02
1.748789460000000143e-02
1.788508910000000118e-02
1.800154630000000075e-02
1.748814740000000090e-02
1.754020619999999836e-02
1.745124979999999881e-02
1.789666230000000122e-02
1.780948489999999856e-02
1.729936509999999844e-02
1.796906820000000043e-02
1.751383399999999896e-02
1.781275809999999932e-02
1.771990680000000082e-02
1.751431330000000064e-02
1.764588070000000161e-02
1.760143419999999834e-02
1.803520059999999883e-02
1.773282220000000145e-02
1.817628409999999875e-02
1.788887449999999879e-02
1.797191940000000127e-02
1.791840919999999893e-02
1.801647829999999950e-02
1.810558259999999961e-02
1.816901079999999960e-02
1.819435089999999963e-02
1.769069930000000124e-02
1.825147850000000127e-02
1.802490760000000081e-02
1.817231470000000085e-02
1.815532779999999916e-02
1.809700189999999959e-02
1.776979039999999899e-02
1.818460250000000084e-02
1.812150280000000141e-02
1.823720729999999887e-02
1.812601670000000068e-02
1.802070260000000063e-02
1.820474390000000053e-02
1.810524490000000111e-02
1.786732159999999958e-02
1.780877239999999889e-02
1.858827379999999918e-02
1.811930499999999875e-02
1.839790209999999857e-02
1.812600350000000138e-02
1.825814409999999832e-02
1.830851420000000063e-02
1.829986550000000170e-02
1.825358330000000084e-02
1.849898670000000092e-02
1.848742139999999881e-02
1.818163949999999918e-02
1.856622360000000083e-02
1.846723540000000038e-02
1.841182519999999892e-02
1.834137309999999896e-02
1.864424619999999894e-02
1.865205439999999965e-02
1.838649070000000080e-02
1.839292359999999960e-02
1.866435530000000106e-02
1.833551879999999884e-02
1.871359939999999930e-02
1.847911610000000163e-02
1.820234449999999851e-02
1.841173169999999956e-02
1.854366710000000112e-02
1.881870050000000044e-02
1.839146510000000054e-02
1.861749160000000097e-02
1.873296719999999888e-02
1.876704090000000033e-02
1.874010090000000073e-02
1.866678100000000035e-02
1.851634920000000059e-02
1.876570270000000110e-02
1.846772550000000054e-02
1.868316639999999945e-02
1.867126109999999936e-02
1.883313019999999921e-02
1.861877550000000034e-02
1.898149340000000046e-02
1.894240599999999844e-02
1.871405770000000163e-02
1.868346829999999875e-02
1.885561209999999863e-02
1.911108190000000012e-02
1.870732560000000141e-02
1.879624619999999829e-02
1.891269610000000101e-02
1.892015010000000150e-02
1.849497160000000001e-02
1.906906980000000126e-02
1.896567879999999998e-02
1.878720799999999969e-02
1.852443310000000121e-02
1.904995079999999980e-02
1.958623890000000048e-02
1.926482410000000117e-02
1.927635460000000009e-02
1.904551120000000028e-02
1.912065940000000006e-02
1.933422380000000135e-02
1.926122519999999907e-02
1.959257420000000069e-02
1.910787699999999881e-02
1.913052910000000162e-02
1.933028389999999833e-02
1.901023879999999902e-02
1.908628589999999958e-02
1.921528600000000156e-02
1.898469059999999958e-02
1.942258380000000048e-02
1.963103279999999992e-02
1.986189780000000016e-02
1.920090619999999942e-02
1.926506710000000164e-02
1.941006660000000120e-02
1.968104270000000169e-02
1.930896790000000141e-02
1.909252880000000124e-02
1.927092009999999828e-02
1.917589379999999968e-02
1.967444429999999980e-02
1.873885380000000003e-02
1.930804649999999859e-02
1.920097200000000018e-02
1.932596129999999968e-02
1.930056910000000139e-02
2.004558089999999848e-02
1.940980139999999923e-02
1.935606930000000059e-02
1.971629650000000095e-02
1.998777740000000011e-02
1.952859460000000089e-02
1.983372369999999996e-02
1.947780169999999839e-02
1.984290149999999933e-02
1.928348670000000140e-02
1.964391500000000138e-02
1.926329449999999999e-02
1.990236199999999983e-02
1.961200730000000128e-02
1.978569390000000164e-02
1.959075680000000111e-02
1.989535640000000133e-02
1.962162250000000149e-02
1.986281150000000079e-02
1.942556419999999853e-02
1.959029119999999846e-02
2.007887729999999898e-02
1.977136590000000069e-02
1.935280039999999827e-02
1.951155049999999877e-02
1.967620449999999896e-02
2.007482429999999859e-02
1.988491029999999923e-02
1.966258690000000087e-02
1.997004470000000170e-02
1.994044539999999949e-02
1.989243850000000161e-02
2.027858169999999932e-02
1.979349979999999939e-02
2.030101609999999945e-02
2.012799549999999896e-02
2.007586969999999860e-02
2.049238050000000075e-02
1.990138560000000167e-02
2.028079530000000130e-02
2.026004350000000162e-02
1.988873299999999872e-02
2.015860629999999959e-02
1.995633839999999895e-02
2.057919490000000018e-02
2.004829949999999833e-02
2.045460929999999913e-02
2.015449999999999880e-02
2.063217640000000047e-02
2.032294889999999854e-02
1.976294950000000161e-02
2.016217489999999959e-02
2.007896500000000070e-02
1.995699280000000006e-02
2.038520149999999836e-02
2.068697939999999957e-02
1.999131830000000151e-02
2.019870069999999893e-02
2.070712109999999981e-02
2.012803319999999924e-02
2.050910179999999861e-02
2.092312949999999838e-02
2.018315639999999911e-02
2.051985469999999950e-02
1.988181719999999875e-02
2.059276469999999845e-02
2.047994789999999996e-02
2.075420669999999967e-02
2.073666399999999840e-02
2.022571990000000125e-02
2.025876659999999857e-02
2.084214659999999997e-02
2.030679469999999848e-02
2.040179690000000143e-02
2.041230330000000023e-02
2.038225509999999976e-02
2.045940759999999997e-02
2.066472670000000025e-02
2.052474649999999970e-02
2.037889130000000021e-02
2.077140179999999864e-02
2.100186059999999827e-02
2.071370830000000135e-02
2.015620129999999913e-02
2.048578439999999834e-02
2.089620290000000075e-02
2.056131040000000118e-02
2.085047619999999893e-02
2.085307440000000109e-02
2.068252649999999943e-02
2.065722730000000076e-02
2.057175920000000116e-02
2.089904819999999913e-02
2.117352990000000157e-02
2.085326720000000092e-02
2.132487339999999953e-02
2.027185139999999886e-02
2.074026489999999945e-02
2.116259339999999878e-02
2.094282440000000065e-02
2.064067699999999964e-02
2.089915339999999858e-02
2.100560170000000115e-02
2.134445269999999881e-02
2.093231140000000046e-02
2.079973450000000001e-02
2.099820919999999952e-02
2.093366240000000059e-02
2.170952170000000139e-02
2.128668560000000071e-02
2.141744220000000101e-02
2.078386429999999965e-02
2.147554200000000024e-02
2.102017590000000019e-02
2.137738230000000086e-02
2.098466959999999853e-02
2.110470340000000083e-02
2.122896230000000106e-02
2.085674300000000050e-02
2.125011209999999942e-02
2.118065140000000013e-02
2.166291620000000001e-02
2.095566269999999884e-02
2.154414470000000012e-02
2.154180259999999986e-02
2.077498640000000063e-02
2.164225980000000077e-02
2.145551210000000084e-02
2.110257000000000105e-02
2.141824969999999925e-02
2.160276870000000030e-02
2.112993579999999927e-02
2.184392010000000064e-02
2.164260889999999882e-02
2.165825160000000096e-02
2.141617059999999934e-02
2.150206790000000132e-02
2.111620659999999955e-02
2.155065680000000164e-02
2.143528199999999995e-02
2.211342960000000149e-02
2.191125699999999996e-02
2.188970540000000076e-02
2.121301130000000090e-02
2.183674660000000170e-02
2.131134159999999861e-02
2.090866010000000039e-02
2.196230130000000058e-02
2.107603229999999855e-02
2.144349889999999995e-02
2.173932580000000059e-02
2.166322260000000041e-02
2.117102880000000173e-02
2.171778519999999907e-02
2.213423470000000157e-02
2.183163720000000016e-02
2.197760400000000128e-02
2.144951059999999909e-02
2.214995260000000160e-02
2.184582189999999952e-02
2.123881390000000036e-02
2.166467310000000021e-02
2.150800569999999912e-02
2.169646069999999968e-02
2.216343100000000080e-02
2.199660419999999866e-02
2.192473140000000126e-02
2.231507549999999993e-02
2.186218820000000035e-02
2.209372500000000156e-02
2.173706320000000011e-02
2.121829299999999918e-02
2.192505700000000127e-02
2.290080450000000004e-02
2.186232150000000027e-02
2.186832949999999859e-02
2.229885969999999967e-02
2.252679960000000120e-02
2.176686870000000065e-02
2.234350839999999991e-02
2.183680290000000052e-02
2.186800120000000069e-02
2.200335600000000169e-02
2.248564310000000094e-02
2.213833850000000020e-02
2.235275460000000006e-02
2.202204690000000159e-02
2.253537150000000169e-02
2.278643899999999861e-02
2.233636640000000173e-02
2.217984640000000146e-02
2.220360459999999939e-02
2.235541159999999972e-02
2.199485849999999881e-02
2.220582520000000115e-02
2.282749900000000109e-02
2.273394330000000005e-02
2.252696460000000109e-02
2.220757510000000157e-02
2.224009199999999950e-02
2.245697249999999839e-02
2.179598710000000064e-02
2.247794349999999997e-02
2.258409620000000062e-02
2.279988260000000155e-02
2.269041609999999931e-02
2.285196659999999894e-02
2.236085130000000157e-02
2.207700979999999841e-02
2.240538690000000097e-02
2.284102600000000038e-02
2.287434279999999917e-02
2.298196879999999873e-02
2.301524480000000095e-02
2.251955909999999936e-02
2.249484070000000099e-02
2.328709459999999884e-02
2.286288620000000160e-02
2.286457390000000076e-02
2.339014550000000081e-02
2.306615429999999897e-02
2.317436230000000097e-02
2.303556979999999907e-02
2.325392780000000090e-02
2.329937580000000091e-02
2.309420059999999983e-02
2.354068590000000030e-02
2.285924279999999864e-02
2.227626970000000026e-02
2.307609169999999890e-02
2.365325130000000067e-02
2.270257239999999913e-02
2.312381950000000005e-02
2.361222649999999978e-02
2.317074540000000141e-02
2.289838019999999863e-02
2.287369519999999865e-02
2.289726099999999862e-02
2.280757460000000167e-02
2.333527869999999990e-02
2.232944879999999854e-02
2.326393889999999950e-02
2.334923529999999997e-02
2.361520900000000159e-02
2.282046849999999974e-02
2.299293490000000120e-02
2.322938930000000013e-02
2.321226540000000116e-02
2.345531669999999930e-02
2.302496360000000006e-02
2.370966479999999862e-02
2.329440860000000016e-02
2.371285329999999955e-02
2.337275470000000147e-02
2.354703600000000036e-02
2.335961660000000079e-02
2.372482130000000064e-02
2.321499299999999974e-02
2.397713879999999881e-02
2.324614289999999903e-02
2.414817190000000113e-02
2.369936500000000001e-02
2.297869359999999903e-02
2.373412899999999964e-02
2.362387499999999904e-02
2.399876490000000043e-02
2.387895049999999922e-02
2.431326680000000032e-02
2.354696270000000008e-02
2.316407300000000030e-02
2.387109249999999974e-02
2.347976170000000071e-02
2.377339009999999975e-02
2.365641469999999955e-02
2.450493260000000117e-02
2.324291720000000103e-02
2.392373240000000151e-02
2.346479029999999980e-02
2.397471719999999876e-02
2.374482240000000063e-02
2.363647040000000157e-02
2.342752329999999925e-02
2.283875150000000062e-02
2.378091519999999889e-02
2.446497599999999939e-02
2.344592980000000104e-02
2.417366610000000124e-02
2.421187840000000105e-02
2.419409640000000014e-02
2.422124250000000020e-02
2.363032970000000094e-02
2.446656809999999890e-02
2.365786859999999964e-02
2.389427889999999957e-02
2.463063420000000114e-02
2.393452139999999867e-02
2.412210149999999970e-02
2.386327549999999950e-02
2.468689580000000064e-02
2.336706610000000017e-02
2.434483440000000110e-02
2.420003509999999955e-02
2.420502609999999888e-02
2.440450699999999890e-02
2.403339029999999876e-02
2.405700269999999988e-02
2.426103879999999893e-02
2.408819549999999948e-02
2.422575470000000106e-02
2.471202169999999962e-02
2.427118500000000068e-02
2.488036680000000125e-02
2.420089710000000033e-02
2.455888579999999932e-02
2.391842190000000035e-02
2.550119580000000108e-02
2.375118520000000025e-02
2.421585700000000035e-02
2.521446869999999923e-02
2.509277860000000068e-02
2.464198589999999980e-02
2.443144709999999983e-02
2.446820229999999846e-02
2.433859199999999917e-02
2.402784490000000120e-02
2.473990670000000142e-02
2.460193650000000107e-02
2.474533240000000023e-02
2.464321989999999907e-02
2.433474990000000088e-02
2.474960619999999958e-02
2.526140249999999851e-02
2.467897009999999933e-02
2.420850199999999980e-02
2.487233189999999913e-02
2.398570510000000086e-02
2.490200630000000137e-02
2.455131630000000065e-02
2.476705969999999993e-02
2.520368320000000023e-02
2.494907260000000029e-02
2.501247779999999851e-02
2.496403200000000058e-02
2.510900480000000101e-02
2.497155399999999997e-02
2.488471020000000006e-02
2.535455240000000082e-02
2.468067900000000051e-02
2.442786380000000132e-02
2.496305210000000080e-02
2.523137810000000009e-02
2.532490830000000068e-02
2.547920550000000103e-02
2.573184469999999918e-02
2.583523500000000153e-02
2.477049049999999891e-02
2.495572470000000098e-02
2.534817300000000162e-02
2.570362290000000050e-02
2.539553909999999956e-02
2.571877430000000034e-02
2.549375480000000069e-02
2.548496449999999858e-02
2.538192920000000019e-02
2.515223750000000064e-02
2.540776139999999933e-02
2.627366340000000106e-02
2.490621120000000022e-02
2.504354380000000171e-02
2.543095349999999893e-02
2.528912609999999991e-02
2.588658129999999932e-02
2.592163730000000138e-02
2.555115690000000009e-02
2.494648849999999904e-02
2.628328389999999917e-02
2.592097310000000127e-02
2.523001639999999934e-02
2.567616860000000029e-02
2.555628310000000042e-02
2.607044920000000168e-02
2.625274220000000172e-02
2.609702529999999993e-02
2.553065350000000011e-02
2.568975429999999921e-02
2.517643459999999861e-02
2.489073340000000009e-02
2.613824190000000117e-02
2.625269449999999977e-02
2.583531279999999944e-02
2.606678899999999993e-02
2.645322179999999926e-02
2.615729849999999870e-02
2.524178570000000163e-02
2.609456820000000121e-02
2.588398919999999881e-02
2.603913589999999958e-02
2.553268430000000047e-02
2.613099019999999897e-02
2.619559600000000155e-02
2.602585389999999971e-02
2.613119699999999837e-02
2.593731209999999843e-02
2.639663719999999977e-02
2.595210350000000041e-02
2.606977300000000095e-02
2.635070029999999827e-02
2.554440269999999971e-02
2.601113340000000065e-02
2.596654580000000087e-02
2.599238660000000034e-02
2.645564989999999936e-02
2.643709389999999992e-02
2.729874989999999876e-02
2.668837309999999921e-02
2.546872390000000028e-02
2.634105889999999867e-02
2.692908440000000084e-02
2.611354999999999926e-02
2.648430029999999935e-02
2.593992200000000067e-02
2.625122350000000035e-02
2.667788039999999944e-02
2.595586509999999944e-02
2.665279409999999835e-02
2.637215949999999892e-02
2.635257040000000064e-02
2.629008169999999880e-02
2.786022679999999863e-02
2.658163300000000034e-02
2.651450689999999832e-02
2.656283790000000047e-02
2.770919520000000164e-02
2.678455470000000102e-02
2.656147099999999969e-02
2.612862219999999985e-02
2.662953950000000042e-02
2.651322700000000032e-02
2.680285160000000014e-02
2.629803810000000061e-02
2.733661819999999923e-02
2.714979860000000036e-02
2.727774820000000017e-02
2.739026619999999912e-02
2.691073739999999895e-02
2.748961390000000116e-02
2.597619899999999843e-02
2.814622539999999881e-02
2.799207609999999902e-02
2.728880659999999986e-02
2.721857889999999836e-02
2.712554669999999932e-02
2.793410010000000124e-02
2.711006219999999994e-02
2.739048020000000097e-02
2.767179330000000062e-02
2.719166120000000159e-02
2.708318239999999918e-02
2.747224770000000066e-02
2.665589410000000076e-02
2.745402909999999919e-02
2.684512329999999905e-02
2.769779299999999833e-02
2.750940249999999851e-02
2.797682259999999949e-02
2.706650409999999951e-02
2.744721870000000133e-02
2.768165209999999890e-02
2.740578200000000006e-02
2.812951769999999865e-02
2.717944939999999976e-02
2.844563030000000006e-02
2.773004949999999941e-02
2.831349030000000072e-02
2.669863999999999918e-02
2.735567309999999835e-02
2.809333519999999973e-02
2.772732040000000162e-02
2.713304320000000172e-02
2.740405040000000111e-02
2.815796729999999956e-02
2.778374410000000044e-02
2.745977189999999901e-02
2.678134019999999990e-02
2.762961980000000137e-02
2.708206139999999942e-02
2.743029069999999847e-02
2.806126810000000166e-02
2.812265300000000093e-02
2.843789789999999831e-02
2.740698499999999829e-02
2.781567890000000154e-02
2.798055240000000068e-02
2.788548990000000102e-02
2.736099300000000012e-02
2.738372689999999873e-02
2.785247819999999916e-02
2.879210559999999947e-02
2.794370670000000112e-02
2.758424129999999946e-02
2.814543799999999832e-02
2.685198410000000022e-02
2.772326359999999906e-02
2.831692879999999843e-02
2.766613639999999930e-02
2.783048289999999828e-02
2.759900809999999913e-02
2.836835529999999841e-02
2.864856429999999843e-02
2.819970000000000115e-02
2.812012599999999876e-02
2.831381089999999989e-02
2.731925569999999956e-02
2.859132439999999969e-02
2.827953089999999878e-02
2.811087179999999935e-02
2.937143650000000050e-02
2.903410140000000153e-02
2.779762969999999972e-02
2.817788590000000135e-02
2.676883249999999909e-02
2.754392220000000113e-02
2.939246239999999954e-02
2.781602730000000065e-02
2.896846770000000015e-02
2.845935340000000160e-02
2.897807999999999981e-02
2.752522989999999989e-02
2.707709780000000163e-02
2.796169670000000010e-02
2.823516109999999954e-02
2.998286899999999880e-02
2.779393310000000117e-02
2.856153900000000037e-02
2.836968559999999973e-02
2.837873559999999976e-02
2.870909500000000045e-02
2.897352369999999996e-02
2.792273899999999850e-02
2.816734549999999962e-02
2.865824490000000099e-02
2.883775670000000152e-02
2.901406180000000098e-02
2.924786249999999921e-02
2.804134930000000067e-02
2.875751450000000112e-02
2.917942130000000106e-02
2.880914329999999940e-02
2.952922009999999972e-02
2.868968690000000057e-02
2.923901920000000071e-02
2.910319659999999892e-02
2.878753499999999951e-02
2.897505280000000141e-02
2.860716339999999983e-02
2.878718870000000069e-02
2.885093609999999850e-02
2.909598999999999866e-02
2.865485070000000148e-02
3.040646840000000087e-02
2.908166109999999957e-02
2.832628930000000156e-02
2.943581409999999898e-02
2.992995609999999848e-02
2.900351539999999895e-02
2.932858970000000107e-02
3.037386409999999828e-02
3.089945850000000091e-02
3.021809799999999879e-02
2.832648940000000171e-02
2.915329200000000079e-02
3.073097890000000068e-02
2.911654030000000032e-02
2.945660469999999975e-02
3.028673080000000156e-02
3.035265430000000028e-02
2.989596850000000167e-02
2.956543010000000152e-02
2.940420880000000139e-02
2.914036240000000139e-02
2.985902580000000112e-02
3.015571220000000038e-02
3.031567259999999944e-02
3.069468820000000042e-02
3.085678370000000115e-02
2.915908149999999963e-02
2.947420499999999985e-02
3.014534350000000126e-02
3.084146249999999978e-02
3.033419860000000079e-02
2.884888990000000070e-02
3.045039600000000110e-02
3.023814039999999856e-02
2.896544150000000123e-02
3.057057479999999994e-02
2.911210640000000058e-02
2.950826529999999934e-02
3.016554239999999845e-02
3.083793539999999875e-02
3.030649139999999978e-02
3.066976069999999971e-02
2.984635279999999988e-02
3.025695980000000021e-02
3.084428059999999930e-02
3.061720760000000152e-02
3.019398159999999928e-02
3.007963879999999909e-02
2.985918759999999991e-02
3.051953870000000124e-02
2.927380209999999941e-02
2.995095379999999918e-02
3.090093970000000120e-02
2.984547619999999846e-02
3.102821099999999999e-02
2.973158169999999892e-02
2.953909000000000049e-02
2.997969790000000120e-02
3.044087909999999841e-02
3.091647599999999829e-02
3.056642440000000016e-02
3.012563780000000052e-02
3.058807629999999930e-02
3.105610639999999839e-02
3.029162050000000148e-02
3.048264059999999942e-02
3.052769749999999921e-02
2.985551789999999969e-02
3.109017609999999848e-02
3.165621910000000067e-02
3.087375560000000033e-02
3.014326189999999919e-02
3.089387450000000146e-02
3.034561959999999836e-02
3.189126789999999906e-02
2.949299429999999861e-02
3.071223379999999878e-02
3.165694499999999884e-02
3.183013879999999768e-02
3.094135959999999921e-02
3.147536520000000088e-02
3.077999710000000125e-02
3.064548469999999955e-02
3.018601289999999979e-02
3.093258490000000069e-02
3.160710869999999728e-02
3.239427050000000252e-02
3.047469250000000088e-02
3.039353880000000147e-02
3.053995860000000007e-02
3.158515349999999750e-02
3.039462440000000043e-02
3.196824000000000193e-02
3.070580079999999865e-02
3.149554069999999789e-02
3.146676389999999990e-02
3.143143439999999955e-02
3.067570409999999942e-02
3.277724530000000053e-02
3.086058759999999943e-02
3.213325350000000025e-02
3.161126339999999896e-02
3.247744830000000305e-02
3.261393910000000285e-02
3.184358290000000036e-02
3.086660719999999997e-02
3.182061320000000026e-02
3.188027250000000090e-02
3.147507239999999817e-02
3.238507759999999930e-02
3.234133620000000098e-02
3.251193849999999691e-02
3.030188459999999875e-02
3.190416670000000010e-02
3.145336259999999967e-02
3.246106680000000050e-02
3.315005840000000148e-02
3.303970860000000204e-02
3.150984150000000344e-02
3.278193609999999897e-02
3.134497349999999793e-02
3.229947820000000219e-02
3.307696319999999662e-02
3.235292160000000083e-02
3.221464129999999926e-02
3.209564720000000065e-02
3.152959529999999760e-02
3.237153389999999908e-02
3.321777229999999664e-02
3.218518530000000211e-02
3.224263770000000001e-02
3.250028989999999979e-02
3.212897170000000163e-02
3.298485470000000336e-02
3.364383969999999724e-02
3.250021079999999840e-02
3.260971630000000093e-02
3.235552619999999824e-02
3.224138249999999872e-02
3.357580090000000100e-02
3.253293899999999683e-02
3.264079100000000233e-02
3.226657480000000300e-02
3.254408710000000066e-02
3.144716119999999698e-02
3.290718200000000010e-02
3.265838339999999757e-02
3.180005140000000119e-02
3.250965520000000109e-02
3.201874190000000148e-02
3.330182930000000208e-02
3.298264299999999899e-02
3.182682430000000062e-02
3.292919369999999790e-02
3.337612460000000114e-02
3.317153870000000282e-02
3.269644349999999838e-02
3.310414930000000339e-02
3.340246539999999764e-02
3.151402450000000133e-02
3.287888979999999822e-02
3.193210459999999695e-02
3.288300809999999963e-02
3.212286210000000336e-02
3.355265469999999667e-02
3.193645800000000090e-02
3.246970169999999906e-02
3.335785630000000224e-02
3.375507269999999949e-02
3.395125720000000125e-02
3.429524839999999880e-02
3.326345449999999759e-02
3.305214499999999805e-02
3.229641760000000195e-02
3.346134060000000021e-02
3.445682729999999944e-02
3.471778080000000044e-02
3.477232190000000001e-02
3.338369609999999876e-02
3.303351639999999728e-02
3.196100100000000277e-02
3.306431340000000330e-02
3.267068430000000245e-02
3.567078590000000160e-02
3.201744690000000310e-02
3.285988229999999705e-02
3.459480930000000121e-02
3.458371779999999673e-02
3.298031530000000017e-02
3.462606569999999995e-02
3.462850609999999774e-02
3.333212800000000253e-02
3.542038299999999973e-02
3.309487839999999959e-02
3.349937969999999821e-02
3.377967960000000103e-02
3.466782610000000014e-02
3.358961340000000267e-02
3.497326540000000178e-02
3.500946380000000135e-02
3.304063639999999663e-02
3.394124230000000048e-02
3.484979500000000285e-02
3.412368889999999738e-02
3.437657520000000216e-02
3.336747670000000249e-02
3.312895779999999735e-02
3.469333770000000011e-02
3.358785000000000243e-02
3.630080439999999742e-02
3.406990919999999812e-02
3.371532079999999681e-02
3.466782610000000014e-02
3.459188819999999692e-02
3.447958720000000171e-02
3.409738820000000198e-02
3.524162609999999946e-02
3.411715629999999971e-02
3.327352730000000119e-02
3.453563729999999804e-02
3.533572849999999654e-02
3.414880309999999974e-02
3.387164170000000335e-02
3.388331910000000335e-02
3.410201069999999751e-02
3.479441199999999679e-02
3.529878560000000026e-02
3.468625770000000053e-02
3.472924220000000312e-02
3.456139829999999719e-02
3.477096949999999853e-02
3.547050930000000130e-02
3.426712569999999791e-02
3.582791169999999942e-02
3.598323190000000255e-02
3.445608969999999771e-02
3.476657799999999937e-02
3.316799759999999875e-02
3.553874370000000005e-02
3.385305350000000074e-02
3.480512219999999657e-02
3.423460970000000159e-02
3.595606450000000259e-02
3.639477049999999964e-02
3.665492210000000084e-02
3.616977999999999860e-02
3.545549049999999897e-02
3.514812660000000283e-02
3.517922550000000120e-02
3.545347670000000007e-02
3.498377720000000329e-02
3.561569900000000066e-02
3.605264290000000094e-02
3.621588559999999735e-02
3.435847859999999893e-02
3.573798749999999858e-02
3.632655020000000179e-02
3.445199560000000022e-02
3.660628729999999831e-02
3.663580489999999912e-02
3.576826730000000343e-02
3.496533210000000308e-02
3.692073679999999941e-02
3.644067260000000141e-02
3.584774159999999654e-02
3.584774159999999654e-02
3.348419779999999707e-02
3.455645680000000303e-02
3.534433640000000237e-02
3.414880430000000189e-02
3.611571969999999993e-02
3.588026710000000175e-02
3.689587949999999922e-02
3.681484990000000179e-02
3.588715160000000015e-02
3.791413259999999730e-02
3.557545770000000024e-02
3.580869660000000204e-02
3.622868409999999845e-02
3.686059810000000270e-02
3.710949379999999714e-02
3.649249599999999927e-02
3.750371780000000266e-02
3.685211039999999882e-02
3.675865939999999749e-02
3.647203200000000145e-02
3.706557120000000122e-02
3.493924319999999750e-02
3.561650310000000208e-02
3.678013260000000118e-02
3.746258909999999887e-02
3.662442390000000131e-02
3.711661769999999999e-02
3.623223510000000286e-02
3.559991380000000066e-02
3.722367850000000283e-02
3.642784520000000303e-02
3.489786820000000123e-02
3.664170309999999903e-02
3.757904220000000267e-02
3.718193200000000087e-02
3.684170040000000340e-02
3.764220480000000230e-02
3.855517490000000269e-02
3.508884789999999754e-02
3.559634700000000040e-02
3.553917990000000221e-02
3.748092759999999829e-02
3.741958389999999746e-02
3.765863020000000116e-02
3.659323130000000091e-02
3.688127439999999702e-02
3.595954359999999767e-02
3.742833009999999710e-02
3.588329850000000071e-02
3.829201969999999899e-02
3.749789569999999878e-02
3.774375430000000142e-02
3.608164009999999949e-02
3.614189260000000292e-02
3.589929580000000148e-02
3.847527929999999818e-02
3.875833959999999689e-02
3.818021640000000133e-02
3.634673060000000178e-02
3.565052249999999673e-02
3.746148020000000106e-02
3.795214150000000147e-02
3.580860109999999680e-02
3.672715960000000335e-02
3.658473880000000233e-02
3.607557399999999914e-02
3.672988549999999658e-02
3.846382809999999985e-02
3.825518869999999794e-02
3.657793919999999949e-02
3.872097089999999853e-02
3.715164249999999835e-02
3.611559169999999791e-02
3.793481099999999884e-02
3.702187269999999975e-02
3.660999150000000119e-02
4.054310330000000101e-02
3.812064080000000105e-02
3.705238710000000046e-02
3.635863629999999680e-02
3.737432809999999966e-02
3.933124439999999972e-02
3.698632159999999669e-02
3.952778640000000066e-02
4.031086340000000073e-02
3.759288499999999950e-02
3.874993260000000189e-02
3.711323419999999762e-02
3.993854489999999757e-02
3.810042560000000134e-02
3.882918960000000114e-02
3.841286049999999980e-02
3.741957010000000056e-02
3.795600610000000180e-02
3.914071990000000251e-02
3.747639900000000052e-02
4.008599310000000165e-02
3.883065439999999757e-02
3.921936980000000073e-02
3.936705430000000255e-02
3.833349529999999922e-02
3.932615109999999803e-02
3.895189610000000108e-02
3.903638190000000008e-02
3.961938050000000239e-02
3.905300899999999964e-02
4.007068200000000330e-02
3.957207859999999772e-02
3.890488620000000231e-02
3.891181920000000294e-02
3.904666660000000178e-02
3.656750720000000177e-02
3.871643240000000041e-02
3.949545630000000224e-02
3.713054770000000226e-02
3.791084799999999699e-02
3.933223859999999961e-02
3.924157620000000291e-02
3.814125639999999678e-02
4.025260160000000004e-02
3.944156709999999816e-02
3.943700459999999880e-02
3.797526460000000270e-02
3.775320120000000279e-02
3.972294180000000147e-02
4.009835729999999820e-02
3.754503909999999667e-02
3.709908399999999745e-02
4.027307990000000143e-02
3.888410769999999655e-02
3.933950349999999763e-02
3.934696619999999978e-02
3.943126090000000084e-02
4.026687939999999688e-02
3.876014159999999903e-02
3.727438109999999666e-02
3.944204989999999800e-02
4.021281339999999843e-02
4.100210559999999810e-02
3.857384340000000189e-02
3.963221630000000190e-02
4.089857599999999899e-02
4.106560430000000261e-02
3.929495129999999864e-02
3.926232749999999938e-02
3.936680459999999937e-02
4.069167519999999927e-02
4.043601570000000117e-02
4.055439940000000326e-02
4.078412359999999959e-02
4.197307399999999911e-02
4.071157809999999960e-02
4.034907649999999735e-02
4.271543989999999902e-02
4.239084290000000310e-02
4.104055040000000043e-02
4.003414980000000178e-02
3.833477579999999829e-02
4.038351200000000335e-02
4.001858760000000237e-02
3.842571899999999707e-02
3.963228059999999997e-02
3.998064669999999710e-02
4.115199530000000078e-02
4.034640989999999788e-02
4.096935880000000113e-02
3.939757650000000333e-02
3.913402459999999750e-02
4.006417570000000289e-02
4.021522410000000214e-02
4.016847910000000133e-02
4.016183239999999988e-02
4.078088939999999912e-02
3.916854119999999689e-02
4.078591560000000005e-02
3.807737869999999747e-02
4.213218269999999960e-02
4.191824849999999797e-02
4.123833949999999859e-02
4.112629109999999671e-02
4.009361740000000340e-02
4.467231189999999741e-02
4.127503539999999999e-02
4.112095090000000147e-02
4.158277490000000104e-02
4.121829629999999856e-02
4.223838760000000331e-02
3.983747049999999956e-02
4.168849069999999712e-02
4.306468599999999786e-02
4.176423280000000210e-02
4.120876689999999898e-02
4.178734640000000139e-02
4.126510889999999987e-02
4.122883940000000164e-02
4.285826680000000277e-02
4.025014390000000025e-02
4.299980479999999938e-02
4.233001380000000341e-02
3.947991349999999816e-02
4.324810250000000328e-02
4.083363450000000033e-02
4.248969679999999721e-02
4.289891800000000116e-02
4.228525410000000262e-02
4.215465220000000346e-02
4.285391709999999965e-02
4.147418309999999914e-02
4.179534439999999657e-02
4.172128809999999660e-02
4.325211279999999908e-02
4.050496440000000281e-02
4.246436840000000074e-02
4.270683299999999960e-02
4.147880980000000217e-02
4.385050189999999820e-02
4.184591769999999877e-02
4.177832320000000182e-02
4.203299419999999981e-02
4.390331420000000151e-02
4.292540160000000299e-02
4.337260760000000159e-02
4.099105769999999982e-02
4.369560919999999904e-02
4.424696809999999897e-02
4.211574459999999770e-02
4.204578750000000087e-02
4.259812159999999681e-02
4.207285360000000141e-02
4.048570099999999894e-02
4.147880980000000217e-02
4.203930790000000306e-02
4.159423899999999813e-02
4.346030570000000010e-02
4.168752480000000038e-02
4.413851829999999865e-02
4.241128090000000073e-02
4.333949069999999681e-02
4.492909020000000059e-02
4.020969120000000147e-02
4.381178639999999680e-02
4.276559209999999944e-02
4.298689099999999930e-02
4.324189340000000187e-02
4.393156410000000067e-02
4.490534399999999982e-02
4.445103339999999931e-02
4.241769630000000180e-02
4.652584020000000153e-02
4.247939039999999722e-02
4.454827649999999750e-02
4.128159640000000213e-02
4.286389320000000280e-02
4.298034440000000206e-02
4.280418910000000077e-02
4.353138720000000045e-02
4.336258180000000101e-02
4.329516359999999869e-02
4.530933780000000188e-02
4.120133189999999890e-02
4.343822740000000127e-02
4.266149570000000307e-02
4.404640740000000110e-02
4.382256269999999787e-02
4.297484270000000162e-02
4.425927009999999773e-02
4.309354540000000233e-02
4.313951769999999769e-02
4.298981570000000307e-02
4.630813069999999837e-02
4.212441869999999922e-02
4.340424200000000260e-02
4.412117460000000019e-02
4.297484270000000162e-02
4.626460670000000219e-02
4.707309829999999778e-02
4.362076759999999886e-02
4.401212200000000074e-02
4.346301789999999776e-02
4.485659250000000042e-02
4.369431020000000276e-02
4.227257730000000269e-02
4.272934860000000140e-02
4.348175800000000230e-02
4.440334580000000059e-02
4.350487489999999707e-02
4.714541839999999984e-02
4.246866369999999918e-02
4.312800590000000212e-02
4.234815849999999660e-02
4.311670330000000328e-02
4.197887349999999962e-02
4.284495080000000344e-02
4.393326730000000208e-02
4.411741549999999984e-02
4.828472460000000216e-02
4.586283990000000060e-02
4.885359370000000312e-02
4.481858989999999709e-02
4.331407240000000047e-02
4.568059769999999881e-02
4.332991349999999742e-02
4.355136999999999897e-02
4.333682269999999948e-02
4.291448340000000167e-02
4.710556550000000176e-02
4.472815439999999754e-02
4.271661610000000026e-02
4.817852239999999980e-02
4.576122299999999671e-02
4.654953369999999951e-02
4.436286720000000294e-02
4.384123060000000294e-02
4.544588640000000318e-02
4.625568530000000178e-02
4.390119559999999810e-02
4.539971760000000023e-02
4.573591850000000014e-02
4.519803249999999883e-02
4.732979030000000059e-02
4.462615949999999831e-02
4.579377259999999755e-02
4.743413009999999930e-02
4.441010459999999993e-02
4.475781169999999698e-02
4.369104850000000290e-02
4.514569310000000196e-02
4.730770079999999794e-02
4.532068060000000315e-02
4.459934740000000286e-02
4.406029189999999957e-02
4.800808339999999841e-02
4.588816710000000187e-02
4.570495449999999876e-02
4.559056129999999873e-02
4.600331039999999705e-02
4.633018049999999832e-02
4.604645649999999923e-02
4.479685690000000109e-02
4.408352089999999918e-02
4.580498959999999842e-02
4.577338839999999659e-02
4.500432759999999782e-02
4.454827000000000092e-02
4.582613640000000182e-02
4.562650879999999992e-02
4.470779770000000292e-02
4.462420949999999775e-02
4.783219130000000013e-02
4.652860839999999748e-02
4.752842680000000236e-02
4.781759659999999801e-02
4.607918589999999981e-02
4.732979030000000059e-02
4.699073029999999845e-02
4.722662789999999833e-02
4.891762659999999985e-02
4.523991869999999943e-02
4.731991259999999977e-02
4.655435380000000345e-02
4.851566090000000026e-02
4.878639230000000188e-02
4.594471309999999947e-02
4.980380990000000258e-02
4.736702770000000146e-02
4.599375919999999784e-02
4.610308350000000277e-02
4.788286380000000148e-02
4.593860639999999829e-02
4.528582490000000044e-02
4.897482930000000151e-02
4.741084949999999770e-02
4.785983900000000124e-02
4.960389850000000017e-02
4.420473359999999713e-02
4.869114299999999923e-02
4.616856700000000063e-02
4.765403709999999765e-02
4.816655100000000189e-02
4.653668949999999888e-02
4.603307140000000020e-02
5.099309180000000108e-02
4.860079040000000322e-02
4.890392600000000034e-02
4.687148740000000174e-02
4.924749359999999743e-02
4.828472460000000216e-02
4.674458530000000223e-02
4.886019660000000264e-02
4.667643209999999820e-02
4.770864360000000304e-02
4.732278809999999891e-02
5.221756069999999861e-02
4.431960010000000200e-02
4.977299119999999827e-02
4.948525160000000200e-02
4.823235470000000052e-02
4.814376819999999918e-02
4.526616929999999900e-02
4.953819500000000015e-02
4.774009790000000031e-02
4.840680890000000069e-02
4.997180569999999655e-02
4.722802460000000147e-02
4.683618309999999785e-02
4.574773969999999801e-02
4.822289450000000199e-02
4.720879640000000266e-02
4.930705779999999816e-02
5.051844739999999945e-02
5.086889509999999864e-02
4.845314970000000332e-02
4.816511720000000302e-02
4.597720389999999935e-02
4.585496969999999783e-02
4.804512729999999704e-02
4.485496900000000148e-02
4.971300270000000160e-02
4.926488100000000342e-02
4.833239820000000131e-02
4.701968349999999935e-02
4.931450949999999916e-02
4.882108059999999694e-02
4.938195640000000303e-02
4.775117890000000337e-02
4.963174289999999766e-02
5.059835249999999895e-02
4.875093009999999921e-02
4.845046220000000237e-02
4.509397600000000089e-02
5.015610680000000265e-02
4.876948229999999995e-02
4.846668960000000137e-02
5.001865149999999705e-02
5.031072369999999710e-02
4.898616459999999978e-02
4.931292720000000213e-02
5.003464850000000075e-02
5.154201690000000113e-02
4.915272980000000291e-02
5.108867000000000269e-02
5.059176759999999690e-02
4.900480499999999850e-02
5.318251009999999668e-02
4.749558739999999724e-02
5.458825760000000221e-02
5.198243930000000235e-02
4.906515489999999785e-02
5.013938410000000345e-02
5.024358470000000326e-02
5.101094879999999721e-02
5.021358909999999731e-02
5.387433569999999783e-02
4.961663940000000245e-02
5.242581539999999901e-02
4.756538870000000252e-02
5.008926080000000031e-02
4.901219340000000091e-02
5.093150689999999953e-02
5.400393309999999836e-02
4.967296689999999709e-02
5.156025050000000165e-02
4.852030770000000104e-02
5.330048219999999892e-02
4.979878680000000141e-02
4.820178540000000234e-02
5.266764930000000094e-02
5.114152050000000255e-02
4.993174820000000069e-02
4.921286770000000282e-02
5.165128549999999791e-02
4.780173029999999768e-02
4.954638570000000075e-02
5.177197010000000182e-02
5.157281500000000102e-02
5.381418760000000051e-02
4.982521289999999881e-02
5.059367249999999899e-02
5.219185269999999932e-02
5.231332570000000320e-02
4.964647380000000026e-02
5.052338299999999810e-02
4.889656800000000136e-02
5.316521889999999834e-02
5.401828859999999871e-02
4.871637320000000299e-02
5.086090900000000276e-02
5.110296140000000070e-02
5.048800240000000245e-02
5.294800279999999776e-02
5.211113409999999779e-02
5.012886159999999786e-02
5.112297150000000290e-02
4.920768610000000182e-02
5.057081480000000240e-02
5.179126559999999713e-02
5.469024759999999846e-02
5.430859949999999881e-02
5.138519750000000025e-02
5.004767739999999715e-02
5.303285750000000243e-02
5.132893320000000287e-02
5.367783319999999692e-02
5.265563489999999791e-02
5.605779169999999811e-02
5.098114759999999857e-02
5.189706720000000079e-02
5.358369169999999820e-02
5.396844289999999655e-02
5.204427209999999693e-02
5.165976829999999881e-02
5.309069930000000215e-02
5.255464700000000294e-02
5.294800279999999776e-02
5.598082360000000007e-02
5.315506589999999948e-02
5.226108110000000223e-02
5.737772470000000041e-02
5.415175690000000042e-02
5.241444750000000263e-02
5.497371790000000341e-02
5.075578389999999690e-02
5.219603960000000070e-02
5.403565750000000056e-02
5.249053509999999922e-02
5.159182689999999849e-02
5.260380969999999684e-02
5.623803759999999874e-02
5.382071580000000188e-02
5.027306449999999899e-02
5.448204799999999820e-02
5.022079449999999889e-02
5.511566689999999880e-02
5.124132010000000126e-02
5.429125159999999978e-02
5.620659299999999914e-02
5.428199789999999664e-02
4.939939589999999686e-02
5.168217320000000059e-02
5.340105059999999959e-02
5.419852380000000219e-02
4.889459959999999800e-02
5.183884920000000202e-02
5.317994069999999740e-02
5.534529419999999894e-02
5.672898729999999862e-02
5.195194110000000282e-02
5.218936629999999799e-02
5.557397580000000142e-02
5.628235270000000318e-02
5.364435669999999962e-02
5.741543469999999677e-02
5.503402990000000328e-02
5.642546610000000185e-02
5.252460230000000063e-02
5.847423659999999995e-02
5.145156950000000229e-02
5.399705949999999977e-02
5.394757759999999763e-02
5.559495250000000277e-02
5.592688059999999933e-02
5.383885339999999742e-02
5.647583920000000257e-02
5.589029410000000142e-02
5.401180790000000009e-02
5.644237220000000027e-02
5.369188490000000036e-02
5.696744520000000117e-02
5.243867339999999655e-02
5.125237529999999986e-02
5.451179300000000283e-02
5.346766800000000291e-02
5.429626829999999876e-02
6.002929080000000278e-02
5.252284559999999963e-02
5.659275040000000256e-02
5.598916550000000020e-02
5.197345319999999852e-02
5.326929720000000285e-02
5.488654309999999731e-02
5.612704939999999670e-02
5.473206709999999670e-02
5.420359329999999837e-02
5.157726259999999979e-02
5.407631970000000010e-02
5.718214769999999808e-02
5.598605229999999849e-02
5.738852480000000006e-02
6.047610650000000143e-02
5.317046200000000167e-02
5.606574560000000124e-02
5.780890579999999751e-02
5.587978670000000314e-02
5.479230589999999762e-02
5.427253759999999677e-02
5.326731920000000314e-02
5.672142170000000344e-02
5.633396160000000291e-02
5.554457129999999798e-02
5.854584899999999703e-02
5.766651670000000340e-02
5.600092880000000217e-02
5.675271429999999978e-02
5.800518679999999705e-02
5.690357990000000088e-02
5.606105120000000330e-02
5.979672889999999852e-02
5.979931840000000248e-02
5.594298269999999768e-02
5.771947599999999873e-02
5.676206939999999673e-02
5.746046750000000092e-02
5.769462379999999724e-02
5.594864969999999854e-02
5.932664850000000240e-02
6.288979649999999755e-02
5.700744409999999873e-02
5.809657709999999781e-02
5.774027550000000036e-02
5.527552460000000056e-02
6.009908679999999975e-02
5.608160830000000208e-02
5.696617350000000163e-02
5.780608439999999904e-02
6.050994519999999821e-02
5.704920770000000002e-02
5.941521300000000144e-02
6.539815300000000053e-02
6.163307829999999793e-02
5.850058030000000048e-02
5.557612359999999918e-02
5.691419019999999912e-02
6.147985820000000101e-02
5.657773480000000133e-02
6.037278019999999662e-02
6.145331650000000062e-02
6.074159710000000267e-02
5.956420049999999744e-02
5.645909880000000297e-02
6.191365160000000117e-02
6.181936679999999740e-02
5.610853259999999676e-02
5.820632829999999869e-02
5.977607000000000059e-02
5.747194070000000155e-02
5.419100689999999804e-02
5.744643580000000083e-02
5.580551520000000265e-02
6.141065490000000016e-02
5.683803049999999746e-02
5.932048809999999894e-02
5.768370030000000148e-02
5.844026880000000035e-02
5.679255960000000047e-02
6.103824630000000140e-02
6.047301449999999828e-02
5.889934239999999877e-02
6.054469819999999669e-02
5.903076549999999867e-02
5.546930829999999896e-02
5.691331740000000333e-02
5.771543950000000006e-02
6.029981809999999942e-02
5.868455589999999750e-02
6.433613230000000127e-02
5.869484120000000027e-02
5.773266340000000191e-02
5.872838589999999914e-02
5.990347179999999661e-02
5.957351079999999993e-02
6.060046580000000294e-02
5.948613600000000196e-02
5.880173190000000105e-02
5.727909379999999995e-02
5.988853780000000238e-02
6.047506519999999719e-02
6.000347789999999765e-02
6.199472849999999868e-02
5.786842100000000322e-02
6.022499850000000154e-02
6.297203590000000073e-02
6.114726949999999689e-02
6.215529940000000253e-02
5.782550709999999955e-02
6.197816130000000090e-02
5.735588660000000283e-02
5.856769900000000084e-02
6.237849079999999852e-02
6.072565869999999727e-02
5.805118010000000217e-02
5.923080349999999827e-02
5.867170659999999816e-02
5.657258300000000267e-02
5.701757539999999930e-02
6.075158130000000295e-02
6.237995930000000272e-02
6.164510659999999920e-02
6.076504840000000046e-02
5.768370030000000148e-02
6.700057260000000237e-02
6.161024899999999888e-02
5.919047350000000013e-02
5.885313860000000036e-02
5.836792560000000213e-02
5.616825000000000290e-02
6.490028840000000576e-02
5.715792310000000070e-02
6.418771730000000231e-02
6.577194140000000577e-02
5.780917590000000245e-02
6.380678889999999437e-02
6.663735149999999718e-02
5.881599340000000231e-02
6.154262840000000040e-02
6.145829280000000144e-02
6.217874050000000291e-02
6.165523779999999843e-02
6.788641389999999776e-02
6.354041130000000204e-02
6.150459999999999955e-02
6.110645869999999785e-02
6.255080890000000449e-02
5.923893859999999900e-02
6.224100099999999719e-02
6.207875580000000310e-02
6.389774189999999909e-02
6.395359120000000674e-02
6.726463080000000261e-02
6.645345299999999567e-02
6.416993910000000356e-02
6.443694630000000589e-02
6.909957059999999318e-02
6.183369930000000292e-02
6.318359129999999435e-02
6.298583680000000018e-02
6.456499599999999950e-02
6.691816959999999370e-02
6.428670240000000646e-02
6.771410279999999504e-02
6.727238989999999308e-02
6.333178779999999730e-02
6.508088430000000257e-02
6.295810599999999979e-02
5.810950379999999665e-02
6.919344380000000405e-02
6.049233639999999912e-02
6.444111389999999939e-02
6.387113660000000304e-02
6.410323950000000603e-02
6.403175329999999388e-02
6.578585039999999828e-02
6.503899979999999692e-02
6.702158190000000182e-02
6.751474429999999860e-02
6.326771239999999519e-02
6.450898139999999836e-02
6.827831970000000639e-02
6.769632070000000668e-02
6.619529039999999531e-02
6.555859969999999759e-02
5.945402720000000224e-02
6.410415410000000480e-02
6.162109949999999836e-02
6.564805140000000427e-02
6.491216889999999740e-02
6.272459880000000321e-02
6.603017410000000531e-02
6.112902709999999684e-02
6.289312299999999523e-02
6.101054539999999776e-02
6.642893860000000095e-02
6.578904620000000647e-02
5.927767650000000110e-02
6.583124760000000353e-02
6.170944450000000192e-02
6.672256170000000208e-02
7.001302419999999582e-02
6.449576960000000247e-02
7.098230819999999663e-02
6.844284949999999978e-02
7.001668269999999916e-02
6.623419919999999628e-02
6.672688070000000471e-02
6.898724169999999323e-02
6.248495800000000017e-02
6.347311510000000490e-02
7.397932220000000281e-02
6.993242850000000455e-02
6.378791000000000322e-02
6.759468550000000131e-02
6.632957759999999481e-02
6.743555249999999557e-02
6.224737810000000038e-02
6.368842869999999379e-02
6.774244590000000343e-02
6.665338799999999397e-02
6.700011849999999713e-02
6.389398679999999664e-02
6.173609359999999990e-02
6.828737149999999922e-02
7.521551939999999992e-02
6.645206239999999764e-02
6.719575449999999617e-02
6.818776279999999579e-02
6.674911499999999775e-02
6.913008219999999815e-02
7.273965420000000348e-02
6.576207500000000317e-02
7.156701529999999478e-02
7.015387309999999987e-02
6.970559269999999918e-02
6.732914289999999968e-02
6.564290170000000590e-02
6.531207910000000338e-02
6.807159179999999754e-02
7.158035050000000066e-02
6.578226580000000323e-02
6.579835990000000578e-02
6.877715759999999956e-02
6.428537149999999367e-02
6.805259830000000287e-02
6.135211079999999817e-02
7.148706330000000053e-02
6.550973899999999739e-02
6.451562589999999819e-02
7.047159370000000145e-02
6.655174049999999786e-02
6.532588899999999810e-02
6.854882589999999887e-02
6.485769769999999435e-02
6.423361499999999391e-02
6.617906310000000458e-02
6.812849199999999883e-02
6.110352100000000092e-02
6.889141259999999323e-02
7.328971319999999512e-02
6.868639869999999814e-02
7.067723700000000386e-02
7.297537610000000285e-02
7.021350369999999896e-02
6.838934280000000254e-02
6.389421909999999649e-02
7.388792610000000094e-02
6.642336719999999972e-02
6.681108060000000293e-02
6.351691959999999915e-02
7.121558410000000672e-02
7.264612489999999756e-02
7.452905349999999762e-02
6.899054699999999929e-02
7.367752049999999608e-02
6.595977660000000575e-02
6.459241079999999968e-02
6.695332119999999887e-02
6.802016800000000585e-02
6.583416699999999899e-02
6.831722960000000122e-02
6.744760810000000051e-02
6.566060260000000648e-02
6.655166699999999491e-02
6.619817340000000438e-02
7.053941830000000357e-02
6.878982320000000261e-02
6.602029069999999777e-02
6.473501160000000310e-02
7.417896240000000641e-02
8.230866620000000522e-02
6.637707130000000677e-02
7.001641549999999825e-02
7.340854719999999334e-02
7.195189400000000235e-02
7.264494069999999359e-02
7.558594030000000130e-02
6.548853629999999704e-02
6.761048799999999637e-02
7.215562250000000233e-02
7.592370240000000103e-02
6.706469839999999738e-02
7.085861609999999366e-02
6.649259009999999859e-02
7.141315880000000116e-02
7.203801690000000146e-02
7.020207950000000030e-02
7.533366989999999708e-02
7.230378549999999516e-02
6.782118189999999935e-02
7.285204330000000228e-02
7.233239689999999833e-02
7.839601020000000475e-02
6.807084459999999948e-02
8.238609819999999362e-02
7.070400629999999687e-02
7.215782560000000290e-02
6.963560259999999891e-02
7.565375459999999774e-02
7.360521590000000669e-02
6.823911589999999416e-02
7.569069200000000386e-02
6.888718870000000438e-02
6.773763330000000249e-02
7.312869980000000214e-02
7.434098449999999858e-02
6.897987849999999421e-02
6.533281900000000031e-02
7.672432290000000266e-02
6.868703219999999776e-02
7.494900890000000260e-02
6.850542900000000657e-02
6.969784569999999679e-02
7.246182460000000214e-02
7.207865889999999498e-02
7.203397899999999798e-02
7.205713399999999491e-02
6.863809029999999589e-02
7.278296530000000208e-02
6.959780810000000539e-02
6.735252529999999349e-02
7.350043109999999935e-02
7.256376370000000575e-02
7.871314910000000442e-02
7.077071510000000620e-02
7.771368589999999577e-02
7.312946430000000220e-02
6.931503849999999523e-02
7.453665019999999863e-02
7.223687430000000353e-02
7.191181670000000581e-02
7.378773780000000282e-02
7.322119000000000544e-02
7.303766679999999789e-02
7.342435320000000043e-02
7.319387300000000651e-02
6.779531680000000504e-02
6.821986300000000558e-02
8.084401500000000518e-02
6.896357699999999813e-02
7.983280460000000134e-02
7.858884489999999612e-02
8.137147949999999630e-02
7.578350289999999378e-02
8.050746159999999652e-02
7.419583109999999815e-02
7.731829049999999759e-02
7.862433269999999363e-02
7.841933530000000374e-02
7.088717849999999487e-02
8.444179899999999794e-02
7.356011490000000097e-02
7.415833439999999777e-02
7.304739650000000029e-02
7.665527469999999788e-02
7.457536780000000032e-02
7.583365940000000305e-02
7.219355099999999470e-02
7.490355980000000524e-02
8.160134700000000463e-02
7.255992029999999704e-02
7.313391019999999909e-02
8.152953089999999403e-02
7.937448299999999568e-02
8.082060369999999327e-02
8.497695600000000626e-02
7.332734940000000534e-02
7.040634760000000214e-02
7.475400179999999728e-02
7.987359870000000639e-02
7.985124520000000392e-02
8.093883200000000222e-02
8.024685659999999943e-02
7.527559100000000281e-02
7.475400179999999728e-02
7.857746449999999938e-02
7.875231439999999528e-02
7.172484680000000556e-02
8.417248500000000522e-02
8.124509280000000166e-02
7.413934880000000449e-02
8.371916150000000001e-02
7.469596159999999929e-02
7.650034699999999632e-02
7.457042810000000244e-02
8.329280520000000021e-02
8.215957510000000685e-02
7.651988939999999906e-02
7.160308860000000331e-02
8.840136749999999433e-02
7.679394130000000152e-02
8.903662669999999613e-02
8.219712999999999326e-02
8.204089970000000287e-02
8.306832499999999841e-02
8.661274659999999848e-02
7.264631670000000485e-02
8.033689060000000215e-02
7.249935729999999745e-02
7.819072259999999830e-02
7.342110620000000254e-02
7.732828310000000593e-02
8.166719000000000062e-02
7.729526940000000512e-02
8.247382559999999474e-02
7.614922309999999639e-02
7.514449519999999438e-02
8.606616849999999819e-02
7.932448229999999878e-02
7.718030189999999791e-02
8.370391380000000159e-02
8.422940639999999812e-02
8.177808979999999506e-02
8.531883240000000257e-02
7.727997070000000579e-02
8.912412059999999525e-02
7.610321429999999943e-02
7.759216230000000325e-02
7.709007830000000339e-02
8.293669959999999675e-02
7.653963249999999607e-02
7.480783579999999988e-02
7.861855600000000610e-02
8.644128330000000471e-02
7.886533850000000678e-02
7.620767019999999392e-02
8.582680830000000149e-02
8.499835360000000672e-02
8.551676010000000550e-02
8.329514640000000580e-02
7.324116379999999482e-02
8.510348689999999716e-02
8.422893820000000586e-02
7.490628520000000568e-02
7.602385559999999542e-02
7.673051420000000233e-02
8.665633600000000047e-02
7.731140309999999516e-02
8.274439649999999757e-02
8.015503129999999865e-02
7.448997679999999622e-02
8.755471759999999826e-02
8.062313810000000525e-02
8.743828609999999835e-02
8.428242419999999735e-02
8.137305920000000026e-02
8.034020860000000430e-02
9.309177609999999548e-02
8.403103080000000336e-02
7.844771520000000387e-02
8.116008380000000466e-02
8.680382289999999390e-02
8.522038440000000159e-02
7.721556359999999508e-02
8.024748510000000168e-02
8.406168040000000508e-02
7.975928509999999361e-02
8.284530349999999488e-02
8.036389350000000542e-02
8.861471140000000413e-02
8.150214849999999622e-02
8.467915019999999737e-02
7.467086280000000131e-02
8.331319430000000414e-02
8.208007059999999910e-02
7.854134459999999318e-02
8.089765229999999752e-02
8.463569109999999340e-02
8.671139680000000682e-02
7.906210889999999714e-02
8.437958689999999762e-02
9.135204289999999949e-02
8.813890150000000534e-02
8.426822470000000509e-02
8.060290289999999525e-02
9.292339830000000134e-02
9.717592660000000382e-02
8.704224359999999938e-02
9.297218050000000122e-02
8.096839390000000469e-02
8.570790239999999394e-02
8.524435880000000298e-02
7.610388649999999533e-02
9.491715959999999508e-02
8.318950629999999347e-02
8.872605540000000346e-02
8.546511800000000658e-02
8.525445780000000251e-02
8.683187900000000070e-02
9.161139370000000171e-02
7.990527799999999625e-02
8.614084850000000571e-02
8.397542959999999834e-02
8.351853970000000515e-02
9.872049519999999412e-02
8.990537980000000429e-02
8.223889959999999832e-02
9.025662169999999762e-02
8.414058609999999772e-02
8.995038850000000585e-02
9.077625370000000360e-02
8.182004939999999726e-02
8.864390219999999931e-02
9.695988699999999461e-02
9.048712009999999861e-02
9.768783679999999692e-02
8.472794470000000189e-02
8.081087069999999539e-02
8.826380790000000476e-02
9.072918630000000040e-02
8.337541569999999680e-02
9.658805110000000249e-02
8.905843089999999906e-02
8.344961289999999754e-02
9.370741250000000355e-02
9.805616579999999749e-02
8.080667900000000625e-02
8.866322729999999430e-02
9.015433929999999707e-02
8.461835650000000542e-02
9.783438340000000233e-02
9.346555569999999424e-02
9.480645240000000473e-02
9.015166289999999860e-02
9.018518759999999412e-02
9.334060739999999745e-02
8.957059879999999807e-02
8.556643460000000478e-02
8.478447579999999484e-02
9.218419610000000430e-02
8.540847299999999864e-02
8.883137119999999498e-02
9.545950129999999922e-02
9.048435850000000058e-02
9.603918820000000023e-02
9.197212239999999484e-02
1.008179800000000015e-01
9.933404860000000225e-02
9.584985910000000386e-02
8.857929039999999643e-02
9.238840439999999876e-02
1.009010790000000046e-01
8.487388429999999373e-02
9.158788519999999655e-02
9.468920649999999772e-02
9.005838450000000495e-02
8.940118789999999815e-02
9.584548079999999359e-02
8.120168810000000237e-02
8.237813669999999311e-02
9.639107660000000022e-02
8.776329750000000374e-02
9.223921370000000286e-02
8.689910859999999682e-02
9.575220419999999621e-02
8.767367530000000353e-02
8.804873409999999789e-02
9.379594680000000184e-02
1.021128550000000024e-01
9.501356739999999856e-02
1.058798920000000032e-01
9.750330420000000164e-02
8.946330410000000177e-02
8.791436430000000579e-02
9.527063630000000283e-02
8.634762579999999410e-02
9.584701110000000412e-02
9.086420800000000186e-02
1.054071480000000061e-01
8.701175569999999859e-02
9.183219950000000298e-02
9.674910529999999897e-02
1.084209129999999938e-01
1.019261320000000026e-01
9.170426030000000672e-02
8.539854730000000227e-02
9.074125269999999688e-02
9.427900429999999665e-02
9.283634640000000549e-02
8.614892400000000172e-02
9.092845149999999321e-02
9.324508269999999543e-02
9.503735489999999564e-02
1.090990829999999995e-01
9.008491159999999776e-02
9.840198029999999707e-02
9.390588960000000041e-02
8.545047309999999341e-02
9.108560390000000617e-02
9.770567149999999368e-02
8.819232850000000012e-02
9.094751560000000068e-02
9.167096610000000090e-02
8.728202090000000690e-02
9.324487080000000427e-02
9.507766319999999549e-02
1.003602380000000044e-01
1.052668080000000034e-01
8.793778889999999404e-02
8.954554689999999484e-02
8.346405430000000680e-02
9.185753369999999363e-02
8.902770799999999707e-02
9.884952610000000139e-02
8.669984940000000084e-02
1.069341669999999966e-01
9.592992270000000321e-02
1.011283280000000034e-01
1.005649049999999961e-01
1.014367030000000031e-01
1.056920680000000001e-01
1.042132100000000006e-01
9.635557349999999965e-02
8.434665339999999900e-02
1.023123580000000060e-01
9.243018199999999962e-02
9.794758289999999645e-02
1.007009390000000032e-01
1.077970300000000020e-01
9.760280120000000559e-02
9.062091349999999712e-02
1.049196869999999976e-01
9.805422199999999644e-02
1.034465890000000055e-01
1.067515819999999976e-01
9.707961939999999734e-02
9.328899520000000223e-02
9.990366650000000182e-02
1.035393109999999950e-01
9.252292650000000507e-02
9.805956120000000609e-02
8.735659020000000052e-02
1.197324439999999934e-01
9.899711299999999770e-02
1.058440620000000026e-01
9.868282489999999352e-02
1.042705959999999932e-01
9.782410229999999318e-02
1.069886520000000035e-01
1.054852490000000032e-01
1.045228799999999986e-01
9.610105200000000625e-02
9.901741969999999782e-02
9.961078249999999468e-02
1.116217740000000069e-01
1.062481660000000050e-01
9.719601099999999883e-02
1.089277959999999934e-01
1.025548520000000019e-01
9.862815880000000424e-02
1.189364579999999949e-01
9.408943070000000408e-02
1.042373749999999932e-01
1.095708249999999967e-01
1.064368869999999939e-01
1.011168939999999988e-01
1.004303589999999968e-01
1.093129050000000019e-01
1.090403820000000051e-01
1.132848840000000024e-01
9.462712739999999678e-02
9.603623719999999919e-02
9.354529890000000403e-02
1.129571790000000048e-01
1.024817930000000016e-01
1.000796989999999942e-01
9.235454949999999386e-02
1.111084479999999985e-01
8.473236779999999968e-02
9.962887609999999949e-02
9.369399859999999469e-02
1.022204939999999951e-01
1.083197530000000047e-01
1.058436160000000015e-01
1.117507590000000051e-01
9.685531629999999392e-02
9.534735749999999344e-02
1.004839889999999958e-01
1.040190829999999983e-01
1.007625550000000036e-01
1.007445279999999999e-01
1.029381929999999973e-01
1.100734049999999992e-01
