2.286897317140297037e-01
2.282542875310097641e-01
2.278108868354047356e-01
2.273595340587042102e-01
2.269002470520793402e-01
2.264330570054742253e-01
2.259580083248156623e-01
2.254751584929494679e-01
2.249845779103496479e-01
2.244863497159064469e-01
2.239805695881384173e-01
2.234673455272166986e-01
2.229467976182252231e-01
2.224190577761213927e-01
2.218842694728966891e-01
2.213425874474733712e-01
2.207941773989068601e-01
2.202392156634969400e-01
2.196778888764422677e-01
2.191103936187021040e-01
2.185369360497579905e-01
2.179577315269943250e-01
2.173730042124425721e-01
2.167829866676549699e-01
2.161879194374977664e-01
2.155880506236707850e-01
2.149836354487789092e-01
2.143749358117970072e-01
2.137622198357821135e-01
2.131457614086992858e-01
2.125258397182371306e-01
2.119027388614436458e-01
2.112767470507344314e-01
2.106481566145924911e-01
2.100172631985543770e-01
2.093843653628599255e-01
2.087497640998726978e-01
2.081137623517167468e-01
2.074766645290091749e-01
2.068387760315584800e-01
2.062004027718901678e-01
2.055618507024463137e-01
2.049234253472943801e-01
2.042854313391623544e-01
2.036481719626011266e-01
2.030119487040555892e-01
2.023770608096047419e-01
2.017438048511087378e-01
2.011124743014771898e-01
2.004833591197482390e-01
1.998567453466400246e-01
1.992329147112099630e-01
1.986121442492270461e-01
1.979947059338334203e-01
1.973808663190389778e-01
1.967708861965627720e-01
1.961650202665005116e-01
1.955635168222642772e-01
1.949666174502079352e-01
1.943745567443144195e-01
1.937875620362880524e-01
1.932058531413590741e-01
1.926296421200706377e-01
1.920591330562837484e-01
1.914945218515994863e-01
1.909359960363605779e-01
1.903837345973596884e-01
1.898379078223453864e-01
1.892986771613803798e-01
1.887661951050737807e-01
1.882406050796701091e-01
1.877220413589484049e-01
1.872106289928467671e-01
1.867064837526969667e-01
1.862097120929208371e-01
1.857204111290076676e-01
1.852386686315625475e-01
1.847645630361844094e-01
1.842981634689046522e-01
1.838395297868886946e-01
1.833887126340766893e-01
1.829457535114136224e-01
1.825106848612950139e-01
1.820835301658304817e-01
1.816643040585068092e-01
1.812530124488105909e-01
1.808496526593510734e-01
1.804542135750069332e-01
1.800666758036035264e-01
1.796870118476114053e-01
1.793151862863447688e-01
1.789511559681243591e-01
1.785948702118600184e-01
1.782462710174972376e-01
1.779052932847650648e-01
1.775718650396558573e-01
1.772459076680612533e-01
1.769273361559865199e-01
1.766160593357612718e-01
1.763119801376649975e-01
1.760149958463847197e-01
1.757249983617247546e-01
1.754418744629908378e-01
1.751655060764749916e-01
1.748957705454727563e-01
1.746325409022715103e-01
1.743756861415551862e-01
1.741250714946805112e-01
1.738805587042885903e-01
1.736420062987274471e-01
1.734092698657725418e-01
1.731822023251439746e-01
1.729606541993347069e-01
1.727444738822762893e-01
1.725335079053849363e-01
1.723276012005466040e-01
1.721265973596148580e-01
1.719303388900148000e-01
1.717386674660609236e-01
1.715514241756175562e-01
1.713684497617470326e-01
1.711895848590107294e-01
1.710146702241072403e-01
1.708435469605504853e-01
1.706760567371113091e-01
1.705120419997657455e-01
1.703513461769117776e-01
1.701938138776389609e-01
1.700392910828520121e-01
1.698876253290724780e-01
1.697386658847601648e-01
1.695922639190170778e-01
1.694482726625552160e-01
1.693065475608293846e-01
1.691669464192554206e-01
1.690293295404516616e-01
1.688935598534615778e-01
1.687595030349318403e-01
1.686270276222392450e-01
1.684960051185744045e-01
1.683663100900104626e-01
1.682378202545976031e-01
1.681104165635415038e-01
1.679839832745386730e-01
1.678584080173557147e-01
1.677335818517535493e-01
1.676093993178704444e-01
1.674857584791908660e-01
1.673625609582384821e-01
1.672397119651432007e-01
1.671171203192423904e-01
1.669946984638866483e-01
1.668723624746297207e-01
1.667500320609900111e-01
1.666276305619796561e-01
1.665050849356046470e-01
1.663823257425442181e-01
1.662592871242257186e-01
1.661359067755146801e-01
1.660121259122449844e-01
1.658878892338175870e-01
1.657631448810997776e-01
1.656378443898585406e-01
1.655119426399646043e-01
1.653853978006046832e-01
1.652581712717396678e-01
1.651302276220469878e-01
1.650015345235852637e-01
1.648720626834179748e-01
1.647417857724316204e-01
1.646106803515813011e-01
1.644787257957959214e-01
1.643459042157696670e-01
1.642122003778653250e-01
1.640776016223510214e-01
1.639420977801858970e-01
1.638056810885686332e-01
1.636683461054555533e-01
1.635300896232513845e-01
1.633909105818693586e-01
1.632508099813524682e-01
1.631097907942412051e-01
1.629678578778669118e-01
1.628250178867441944e-01
1.626812791852287887e-01
1.625366517605999206e-01
1.623911471367215087e-01
1.622447782884270662e-01
1.620975595567681060e-01
1.619495065652576948e-01
1.618006361372341939e-01
1.616509662144632042e-01
1.615005157770876276e-01
1.613493047650301770e-01
1.611973540009440098e-01
1.610446851148011893e-01
1.608913204702012711e-01
1.607372830924750085e-01
1.605825965986522053e-01
1.604272851293551960e-01
1.602713732826734350e-01
1.601148860500674898e-01
1.599578487543453220e-01
1.598002869897465761e-01
1.596422265641655180e-01
1.594836934435364395e-01
1.593247136984003165e-01
1.591653134526663516e-01
1.590055188345751436e-01
1.588453559298676210e-01
1.586848507371560468e-01
1.585240291254914891e-01
1.583629167941159599e-01
1.582015392343831262e-01
1.580399216938288831e-01
1.578780891423674504e-01
1.577160662405863722e-01
1.575538773101096413e-01
1.573915463059952502e-01
1.572290967911309512e-01
1.570665519125878651e-01
1.569039343798910857e-01
1.567412664451621751e-01
1.565785698850872543e-01
1.564158659846630606e-01
1.562531755226697072e-01
1.560905187588195742e-01
1.559279154225291508e-01
1.557653847032594019e-01
1.556029452423701442e-01
1.554406151264321467e-01
1.552784118819410808e-01
1.551163524713755626e-01
1.549544532905430816e-01
1.547927301671555289e-01
1.546311983605777041e-01
1.544698725626908187e-01
1.543087668998147644e-01
1.541478949356319406e-01
1.539872696750567427e-01
1.538269035689956155e-01
1.536668085199417166e-01
1.535069958883521490e-01
1.533474764997524997e-01
1.531882606525185042e-01
1.530293581262826552e-01
1.528707781909162955e-01
1.527125296160388168e-01
1.525546206810058369e-01
1.523970591853310297e-01
1.522398524594965608e-01
1.520830073761084977e-01
1.519265303613561713e-01
1.517704274067337711e-01
1.516147040809868451e-01
1.514593655422447338e-01
1.513044165503041050e-01
1.511498614790288963e-01
1.509957043288334133e-01
1.508419487392184399e-01
1.506885980013291382e-01
1.505356550705077290e-01
1.503831225788136439e-01
1.502310028474863057e-01
1.500792978993263638e-01
1.499280094709737610e-01
1.497771390250613455e-01
1.496266877622250135e-01
1.494766566329522040e-01
1.493270463492521183e-01
1.491778573961326237e-01
1.490290900428696275e-01
1.488807443540562658e-01
1.487328202004203348e-01
1.485853172693998858e-01
1.484382350754677171e-01
1.482915729701961838e-01
1.481453301520563870e-01
1.479995056759445815e-01
1.478540984624319155e-01
1.477091073067323401e-01
1.475645308873866635e-01
1.474203677746590557e-01
1.472766164386463683e-01
1.471332752570974067e-01
1.469903425229439342e-01
1.468478164515429618e-01
1.467056951876321569e-01
1.465639768120002850e-01
1.464226593478748506e-01
1.462817407670302106e-01
1.461412189956197427e-01
1.460010919197357038e-01
1.458613573907013572e-01
1.457220132301002002e-01
1.455830572345468976e-01
1.454444871802058892e-01
1.453063008270632506e-01
1.451684959229569416e-01
1.450310702073728530e-01
1.448940214150118144e-01
1.447573472791349181e-01
1.446210455346929324e-01
1.444851139212474100e-01
1.443495501856894292e-01
1.442143520847635751e-01
1.440795173874034885e-01
1.439450438768864193e-01
1.438109293528132826e-01
1.436771716329212356e-01
1.435437685547359399e-01
1.434107179770699736e-01
1.432780177813742783e-01
1.431456658729494125e-01
1.430136601820232722e-01
1.428819986647011653e-01
1.427506793037958688e-01
1.426197001095423078e-01
1.424890591202047641e-01
1.423587543609369510e-01
1.422287840108721890e-01
1.420991461532563893e-01
1.419698389425766150e-01
1.418408605629615238e-01
1.417122092282585843e-01
1.415838831820414034e-01
1.414558806975525496e-01
1.413282000775861191e-01
1.412008396543150412e-01
1.410737977890670625e-01
1.409470728720538246e-01
1.408206633220573933e-01
1.406945675860771794e-01
1.405687841389420267e-01
1.404433114828901874e-01
1.403181481471208469e-01
1.401932926873205032e-01
1.400687436851669188e-01
1.399444997478137553e-01
1.398205595073584717e-01
1.396969216202961495e-01
1.395735847669616891e-01
1.394505476509622921e-01
1.393278089986031421e-01
1.392053675583071748e-01
1.390832221000318780e-01
1.389613714146840651e-01
1.388398143135348706e-01
1.387185496276358287e-01
1.385975762072379214e-01
1.384768929212145949e-01
1.383564986564900234e-01
1.382363923174736164e-01
1.381165728255017155e-01
1.379970391182876455e-01
1.378777901493802860e-01
1.377588248876324972e-01
1.376401423166797311e-01
1.375217414344294398e-01
1.374036212525615308e-01
1.372857807960407295e-01
1.371682191026408759e-01
1.370509352224813238e-01
1.369339282175762174e-01
1.368171971613960092e-01
1.367007411384420779e-01
1.365845592438343359e-01
1.364686505829116048e-01
1.363530142708448967e-01
1.362376494322637133e-01
1.361225552008952511e-01
1.360077307192161244e-01
1.358931751381170783e-01
1.357788876165795522e-01
1.356648673213654288e-01
1.355511134267178563e-01
1.354376251140748388e-01
1.353244015717939841e-01
1.352114419948886315e-01
1.350987455847756091e-01
1.349863115490331500e-01
1.348741391011702428e-01
1.347622274604054482e-01
1.346505758514564277e-01
1.345391835043390216e-01
1.344280496541752634e-01
1.343171735410115530e-01
1.342065544096446295e-01
1.340961915094566748e-01
1.339860840942584397e-01
1.338762314221404737e-01
1.337666327553315992e-01
1.336572873600652689e-01
1.335481945064525278e-01
1.334393534683618043e-01
1.333307635233053623e-01
1.332224239523319698e-01
1.331143340399249808e-01
1.330064930739068840e-01
1.328989003453485973e-01
1.327915551484840639e-01
1.326844567806300945e-01
1.325776045421104832e-01
1.324709977361845092e-01
1.323646356689802406e-01
1.322585176494308623e-01
1.321526429892158350e-01
1.320470110027048283e-01
1.319416210069054018e-01
1.318364723214139334e-01
1.317315642683692667e-01
1.316268961724094688e-01
1.315224673606312511e-01
1.314182771625516666e-01
1.313143249100724996e-01
1.312106099374466261e-01
1.311071315812464277e-01
1.310038891803345373e-01
1.309008820758359448e-01
1.307981096111119623e-01
1.306955711317359381e-01
1.305932659854702471e-01
1.304911935222446973e-01
1.303893530941364065e-01
1.302877440553505128e-01
1.301863657622022996e-01
1.300852175731002647e-01
1.299842988485300221e-01
1.298836089510392033e-01
1.297831472452230517e-01
1.296829130977109890e-01
1.295829058771534315e-01
1.294831249542097440e-01
1.293835697015363884e-01
1.292842394937756823e-01
1.291851337075452244e-01
1.290862517214274308e-01
1.289875929159597923e-01
1.288891566736252992e-01
1.287909423788431151e-01
1.286929494179599176e-01
1.285951771792409049e-01
1.284976250528617470e-01
1.284002924309002036e-01
1.283031787073280194e-01
1.282062832780034300e-01
1.281096055406630296e-01
1.280131448949146378e-01
1.279169007422296112e-01
1.278208724859356549e-01
1.277250595312095227e-01
1.276294612850698562e-01
1.275340771563702735e-01
1.274389065557921252e-01
1.273439488958375276e-01
1.272492035908228125e-01
1.271546700568710886e-01
1.270603477119058300e-01
1.269662359756439096e-01
1.268723342695887157e-01
1.267786420170234907e-01
1.266851586430045029e-01
1.265918835743544413e-01
1.264988162396554483e-01
1.264059560692425699e-01
1.263133024951969552e-01
1.262208549513392508e-01
1.261286128732227729e-01
1.260365756981269014e-01
1.259447428650503908e-01
1.258531138147046813e-01
1.257616879895071260e-01
1.256704648335745522e-01
1.255794437927164331e-01
1.254886243144282543e-01
1.253980058478849358e-01
1.253075878439342261e-01
1.252173697550899023e-01
1.251273510355255802e-01
1.250375311410675538e-01
1.249479095291887581e-01
1.248584856590018860e-01
1.247692589912529348e-01
1.246802289883147535e-01
1.245913951141804643e-01
1.245027568344569818e-01
1.244143136163586016e-01
1.243260649287005332e-01
1.242380102418924048e-01
1.241501490279321163e-01
1.240624807603991631e-01
1.239750049144485028e-01
1.238877209668041990e-01
1.238006283957531622e-01
1.237137266811387665e-01
1.236270153043547981e-01
1.235404937483391696e-01
1.234541614975677437e-01
1.233680180380482411e-01
1.232820628573141897e-01
1.231962954444187491e-01
1.231107152899286600e-01
1.230253218859184428e-01
1.229401147259642085e-01
1.228550933051378580e-01
1.227702571200011694e-01
1.226856056685999286e-01
1.226011384504579610e-01
1.225168549665716922e-01
1.224327547194039578e-01
1.223488372128786611e-01
1.222651019523748606e-01
1.221815484447212330e-01
1.220981761981903974e-01
1.220149847224933776e-01
1.219319735287740791e-01
1.218491421296037103e-01
1.217664900389754667e-01
1.216840167722989252e-01
1.216017218463947697e-01
1.215196047794893930e-01
1.214376650912095540e-01
1.213559023025771316e-01
1.212743159360039069e-01
1.211929055152862061e-01
1.211116705655998632e-01
1.210306106134950016e-01
1.209497251868909690e-01
1.208690138150711885e-01
1.207884760286781906e-01
1.207081113597085475e-01
1.206279193415079054e-01
1.205478995087660987e-01
1.204680513975121270e-01
1.203883745451094223e-01
1.203088684902508254e-01
1.202295327729539509e-01
1.201503669345562880e-01
1.200713705177105239e-01
1.199925430663797421e-01
1.199138841258327731e-01
1.198353932426395735e-01
1.197570699646665904e-01
1.196789138410720849e-01
1.196009244223016355e-01
1.195231012600835863e-01
1.194454439074245505e-01
1.193679519186049004e-01
1.192906248491742982e-01
1.192134622559473389e-01
1.191364636969990815e-01
1.190596287316607882e-01
1.189829569205153592e-01
1.189064478253933632e-01
1.188301010093683052e-01
1.187539160367528102e-01
1.186778924730941265e-01
1.186020298851699212e-01
1.185263278409841997e-01
1.184507859097630733e-01
1.183754036619506372e-01
1.183001806692048352e-01
1.182251165043934626e-01
1.181502107415900032e-01
1.180754629560696323e-01
1.180008727243052197e-01
1.179264396239632501e-01
1.178521632338999647e-01
1.177780431341573925e-01
1.177040789059593667e-01
1.176302701317076538e-01
1.175566163949780668e-01
1.174831172805166635e-01
1.174097723742358046e-01
1.173365812632104627e-01
1.172635435356742528e-01
1.171906587810158662e-01
1.171179265897752120e-01
1.170453465536395732e-01
1.169729182654401511e-01
1.169006413191481519e-01
1.168285153098711920e-01
1.167565398338496763e-01
1.166847144884530507e-01
1.166130388721763611e-01
1.165415125846364641e-01
1.164701352265686274e-01
1.163989063998228518e-01
1.163278257073603050e-01
1.162568927532499491e-01
1.161861071426648212e-01
1.161154684818788418e-01
1.160449763782629568e-01
1.159746304402820422e-01
1.159044302774912827e-01
1.158343755005327158e-01
1.157644657211320122e-01
1.156947005520948951e-01
1.156250796073038795e-01
1.155556025017149130e-01
1.154862688513539487e-01
1.154170782733138223e-01
1.153480303857506578e-01
1.152791248078808700e-01
1.152103611599776534e-01
1.151417390633679011e-01
1.150732581404288885e-01
1.150049180145849975e-01
1.149367183103045531e-01
1.148686586530966725e-01
1.148007386695079346e-01
1.147329579871194105e-01
1.146653162345433047e-01
1.145978130414199714e-01
1.145304480384147228e-01
1.144632208572146509e-01
1.143961311305256995e-01
1.143291784920694026e-01
1.142623625765799011e-01
1.141956830198008893e-01
1.141291394584824787e-01
1.140627315303783251e-01
1.139964588742424512e-01
1.139303211298263452e-01
1.138643179378759362e-01
1.137984489401285826e-01
1.137327137793101295e-01
1.136671120991319811e-01
1.136016435442880751e-01
1.135363077604521209e-01
1.134711043942744635e-01
1.134060330933792798e-01
1.133410935063617758e-01
1.132762852827851469e-01
1.132116080731777885e-01
1.131470615290304377e-01
1.130826453027933554e-01
1.130183590478733568e-01
1.129542024186311472e-01
1.128901750703784207e-01
1.128262766593751132e-01
1.127625068428265431e-01
1.126988652788806639e-01
1.126353516266253713e-01
1.125719655460855895e-01
1.125087066982206618e-01
1.124455747449215615e-01
1.123825693490081573e-01
1.123196901742265080e-01
1.122569368852462113e-01
1.121943091476575866e-01
1.121318066279691494e-01
1.120694289936047805e-01
1.120071759129011996e-01
1.119450470551052040e-01
1.118830420903711015e-01
1.118211606897580729e-01
1.117594025252274526e-01
1.116977672696402996e-01
1.116362545967545805e-01
1.115748641812227548e-01
1.115135956985890547e-01
1.114524488252870427e-01
1.113914232386369052e-01
1.113305186168430383e-01
1.112697346389913827e-01
1.112090709850469539e-01
1.111485273358512743e-01
1.110881033731199174e-01
1.110277987794399401e-01
1.109676132382674124e-01
1.109075464339248779e-01
1.108475980515989112e-01
1.107877677773377173e-01
1.107280552980485083e-01
1.106684603014951446e-01
1.106089824762956780e-01
1.105496215119199099e-01
1.104903770986869899e-01
1.104312489277628900e-01
1.103722366911581015e-01
1.103133400817252335e-01
1.102545587931564736e-01
1.101958925199813810e-01
1.101373409575644446e-01
1.100789038021025984e-01
1.100205807506230010e-01
1.099623715009806768e-01
1.099042757518560176e-01
1.098462932027526318e-01
1.097884235539949155e-01
1.097306665067257353e-01
1.096730217629040549e-01
1.096154890253028119e-01
1.095580679975063781e-01
1.095007583839084642e-01
1.094435598897097045e-01
1.093864722209154511e-01
1.093294950843334834e-01
1.092726281875717603e-01
1.092158712390361025e-01
1.091592239479280413e-01
1.091026860242424873e-01
1.090462571787655932e-01
1.089899371230724223e-01
1.089337255695248113e-01
1.088776222312691638e-01
1.088216268222341188e-01
1.087657390571285382e-01
1.087099586514391758e-01
1.086542853214286508e-01
1.085987187841329915e-01
1.085432587573598173e-01
1.084879049596859102e-01
1.084326571104552023e-01
1.083775149297765694e-01
1.083224781385216662e-01
1.082675464583228997e-01
1.082127196115711815e-01
1.081579973214138873e-01
1.081033793117527203e-01
1.080488653072415595e-01
1.079944550332844339e-01
1.079401482160333992e-01
1.078859445823864283e-01
1.078318438599853712e-01
1.077778457772138321e-01
1.077239500631951702e-01
1.076701564477903356e-01
1.076164646615959813e-01
1.075628744359421879e-01
1.075093855028906586e-01
1.074559975952324858e-01
1.074027104464862492e-01
1.073495237908959760e-01
1.072964373634290591e-01
1.072434508997743147e-01
1.071905641363399136e-01
1.071377768102514672e-01
1.070850886593500001e-01
1.070324994221898973e-01
1.069800088380370301e-01
1.069276166468667161e-01
1.068753225893617903e-01
1.068231264069105929e-01
1.067710278416050956e-01
1.067190266362388618e-01
1.066671225343051033e-01
1.066153152799948906e-01
1.065636046181950292e-01
1.065119902944862695e-01
1.064604720551413086e-01
1.064090496471228331e-01
1.063577228180818540e-01
1.063064913163554587e-01
1.062553548909651591e-01
1.062043132916149213e-01
1.061533662686892782e-01
1.061025135732514696e-01
1.060517549570415274e-01
1.060010901724744437e-01
1.059505189726382968e-01
1.059000411112924200e-01
1.058496563428654585e-01
1.057993644224536206e-01
1.057491651058188598e-01
1.056990581493868625e-01
1.056490433102454107e-01
1.055991203461425082e-01
1.055492890154844515e-01
1.054995490773341787e-01
1.054499002914093264e-01
1.054003424180804949e-01
1.053508752183694441e-01
1.053014984539472898e-01
1.052522118871327406e-01
1.052030152808902247e-01
1.051539083988282386e-01
1.051048910051975427e-01
1.050559628648892602e-01
1.050071237434333365e-01
1.049583734069966107e-01
1.049097116223811216e-01
1.048611381570224155e-01
1.048126527789876999e-01
1.047642552569741509e-01
1.047159453603072471e-01
1.046677228589389386e-01
1.046195875234459810e-01
1.045715391250282289e-01
1.045235774355069147e-01
1.044757022273229002e-01
1.044279132735350252e-01
1.043802103478184418e-01
1.043325932244628107e-01
1.042850616783706774e-01
1.042376154850558762e-01
1.041902544206417119e-01
1.041429782618593508e-01
1.040957867860461267e-01
1.040486797711439870e-01
1.040016569956976333e-01
1.039547182388530638e-01
1.039078632803558527e-01
1.038610919005494015e-01
1.038144038803735653e-01
1.037677990013626816e-01
1.037212770456441974e-01
1.036748377959369333e-01
1.036284810355495162e-01
1.035822065483787136e-01
1.035360141189078237e-01
1.034899035322051492e-01
1.034438745739222482e-01
1.033979270302924774e-01
1.033520606881294102e-01
1.033062753348250318e-01
1.032605707583484356e-01
1.032149467472440740e-01
1.031694030906301768e-01
1.031239395781973489e-01
1.030785560002067669e-01
1.030332521474887908e-01
1.029880278114413544e-01
1.029428827840283972e-01
1.028978168577783375e-01
1.028528298257825324e-01
1.028079214816936954e-01
1.027630916197244115e-01
1.027183400346456110e-01
1.026736665217850009e-01
1.026290708770255383e-01
1.025845528968039599e-01
1.025401123781092688e-01
1.024957491184811387e-01
1.024514629160085261e-01
1.024072535693281022e-01
1.023631208776227403e-01
1.023190646406201276e-01
1.022750846585910728e-01
1.022311807323482702e-01
1.021873526632446766e-01
1.021436002531719983e-01
1.020999233045593035e-01
1.020563216203716206e-01
1.020127950041082587e-01
1.019693432598015453e-01
1.019259661920152715e-01
1.018826636058433183e-01
1.018394353069080882e-01
1.017962811013592428e-01
1.017532007958720369e-01
1.017101941976460422e-01
1.016672611144037314e-01
1.016244013543889518e-01
1.015816147263655655e-01
1.015389010396159780e-01
1.014962601039398060e-01
1.014536917296523788e-01
1.014111957275834058e-01
1.013687719090755196e-01
1.013264200859828740e-01
1.012841400706698120e-01
1.012419316760094223e-01
1.011997947153821381e-01
1.011577290026743903e-01
1.011157343522771923e-01
1.010738105790848496e-01
1.010319574984934465e-01
1.009901749263996118e-01
1.009484626791990608e-01
1.009068205737852914e-01
1.008652484275481820e-01
1.008237460583726874e-01
1.007823132846374231e-01
1.007409499252134577e-01
1.006996557994627450e-01
1.006584307272369999e-01
1.006172745288761994e-01
1.005761870252074724e-01
1.005351680375434625e-01
1.004942173876812866e-01
1.004533348979010227e-01
1.004125203909645575e-01
1.003717736901140745e-01
1.003310946190709846e-01
1.002904830020343724e-01
1.002499386636798856e-01
1.002094614291583752e-01
1.001690511240945353e-01
1.001287075745856958e-01
1.000884306072005320e-01
1.000482200489777318e-01
1.000080757274247334e-01
9.996799747051648977e-02
9.992798510669409495e-02
9.988803846486363214e-02
9.984815737439485528e-02
9.980834166511991234e-02
9.976859116733206856e-02
9.972890571178454067e-02
9.968928512968916467e-02
9.964972925271510518e-02
9.961023791298777297e-02
9.957081094308739555e-02
9.953144817604794858e-02
9.949214944535574034e-02
9.945291458494835701e-02
9.941374342921328877e-02
9.937463581298681958e-02
9.933559157155276431e-02
9.929661054064115033e-02
9.925769255642721833e-02
9.921883745552999290e-02
9.918004507501117228e-02
9.914131525237397657e-02
9.910264782556185703e-02
9.906404263295728874e-02
9.902549951338066037e-02
9.898701830608903907e-02
9.894859885077496309e-02
9.891024098756527605e-02
9.887194455701991957e-02
9.883370940013079531e-02
9.879553535832062694e-02
9.875742227344161406e-02
9.871936998777446071e-02
9.868137834402711250e-02
9.864344718533360479e-02
9.860557635525293851e-02
9.856776569776783126e-02
9.853001505728369025e-02
9.849232427862734951e-02
9.845469320704604288e-02
9.841712168820609952e-02
9.837960956819194469e-02
9.834215669350492017e-02
9.830476291106210462e-02
9.826742806819525888e-02
9.823015201264964635e-02
9.819293459258286727e-02
9.815577565656391501e-02
9.811867505357176056e-02
9.808163263299456147e-02
9.804464824462830186e-02
9.800772173867580705e-02
9.797085296574560564e-02
9.793404177685081924e-02
9.789728802340812164e-02
9.786059155723646208e-02
9.782395223055624645e-02
9.778736989598797724e-02
9.775084440655132378e-02
9.771437561566405361e-02
9.767796337714079735e-02
9.764160754519214669e-02
9.760530797442339146e-02
9.756906451983370088e-02
9.753287703681476351e-02
9.749674538114994071e-02
9.746066940901307318e-02
9.742464897696746784e-02
9.738868394196485700e-02
9.735277416134431594e-02
9.731691949283119425e-02
9.728111979453611669e-02
9.724537492495384516e-02
9.720968474296239059e-02
9.717404910782173610e-02
9.713846787917307379e-02
9.710294091703752795e-02
9.706746808181525299e-02
9.703204923428442041e-02
9.699668423560006691e-02
9.696137294729316458e-02
9.692611523126963557e-02
9.689091094980921415e-02
9.685575996556453071e-02
9.682066214156000161e-02
9.678561734119096871e-02
9.675062542822250589e-02
9.671568626678858638e-02
9.668079972139093092e-02
9.664596565689811958e-02
9.661118393854455089e-02
9.657645443192941492e-02
9.654177700301576348e-02
9.650715151812951087e-02
9.647257784395837921e-02
9.643805584755098248e-02
9.640358539631584123e-02
9.636916635802038333e-02
9.633479860078994483e-02
9.630048199310686785e-02
9.626621640380948752e-02
9.623200170209114668e-02
9.619783775749925214e-02
9.616372443993431718e-02
9.612966161964896228e-02
9.609564916724702699e-02
9.606168695368259847e-02
9.602777485025897064e-02
9.599391272862781155e-02
9.596010046078816413e-02
9.592633791908544705e-02
9.589262497621070525e-02
9.585896150519937486e-02
9.582534737943065872e-02
9.579178247262630508e-02
9.575826665884992761e-02
9.572479981250589520e-02
9.569138180833847152e-02
9.565801252143091293e-02
9.562469182720458039e-02
9.559141960141784300e-02
9.555819572016541197e-02
9.552502005987718869e-02
9.549189249731752926e-02
9.545881290958430077e-02
9.542578117410785432e-02
9.539279716865027570e-02
9.535986077130444161e-02
9.532697186049297888e-02
9.529413031496765385e-02
9.526133601380820659e-02
9.522858883642155992e-02
9.519588866254098669e-02
9.516323537222516615e-02
9.513062884585725409e-02
9.509806896414410571e-02
9.506555560811531802e-02
9.503308865912236947e-02
9.500066799883778723e-02
9.496829350925418967e-02
9.493596507268349527e-02
9.490368257175604838e-02
9.487144588941967549e-02
9.483925490893889421e-02
9.480710951389409447e-02
9.477500958818055321e-02
9.474295501600768499e-02
9.471094568189812601e-02
9.467898147068691539e-02
9.464706226752067630e-02
9.461518795785664460e-02
9.458335842746201649e-02
9.455157356241293554e-02
9.451983324909370154e-02
9.448813737419602121e-02
9.445648582471806443e-02
9.442487848796365935e-02
9.439331525154145974e-02
9.436179600336415396e-02
9.433032063164764613e-02
9.429888902491009861e-02
9.426750107197133521e-02
9.423615666195177265e-02
9.420485568427182377e-02
9.417359802865096774e-02
9.414238358510691740e-02
9.411121224395488372e-02
9.408008389580670150e-02
9.404899843157009387e-02
9.401795574244778408e-02
9.398695571993677389e-02
9.395599825582748310e-02
9.392508324220301408e-02
9.389421057143826355e-02
9.386338013619921483e-02
9.383259182944210519e-02
9.380184554441270417e-02
9.377114117464538379e-02
9.374047861396248016e-02
9.370985775647344695e-02
9.367927849657403661e-02
9.364874072894564805e-02
9.361824434855442467e-02
9.358778925065049104e-02
9.355737533076727286e-02
9.352700248472063660e-02
9.349667060860818169e-02
9.346637959880843560e-02
9.343612935198010450e-02
9.340591976506129601e-02
9.337575073526879765e-02
9.334562216009728575e-02
9.331553393731857604e-02
9.328548596498094370e-02
9.325547814140815184e-02
9.322551036519902135e-02
9.319558253522643165e-02
9.316569455063668237e-02
9.313584631084868837e-02
9.310603771555339692e-02
9.307626866471278848e-02
9.304653905855940488e-02
9.301684879759540558e-02
9.298719778259198487e-02
9.295758591458852527e-02
9.292801309489200079e-02
9.289847922507608879e-02
9.286898420698058709e-02
9.283952794271059517e-02
9.281011033463586191e-02
9.278073128539000847e-02
9.275139069786984825e-02
9.272208847523470687e-02
9.269282452090556179e-02
9.266359873856454266e-02
9.263441103215404315e-02
9.260526130587611038e-02
9.257614946419168156e-02
9.254707541181998731e-02
9.251803905373769121e-02
9.248904029517832082e-02
9.246007904163150437e-02
9.243115519884229081e-02
9.240226867281045586e-02
9.237341936978983592e-02
9.234460719628760639e-02
9.231583205906358780e-02
9.228709386512956581e-02
9.225839252174861116e-02
9.222972793643446909e-02
9.220110001695068502e-02
9.217250867131020209e-02
9.214395380777434807e-02
9.211543533485248847e-02
9.208695316130119379e-02
9.205850719612349020e-02
9.203009734856838764e-02
9.200172352813001941e-02
9.197338564454711485e-02
9.194508360780227763e-02
9.191681732812129191e-02
9.188858671597253946e-02
9.186039168206630579e-02
9.183223213735401680e-02
9.180410799302785030e-02
9.177601916051977837e-02
9.174796555150108168e-02
9.171994707788168333e-02
9.169196365180949659e-02
9.166401518566977269e-02
9.163610159208440686e-02
9.160822278391138329e-02
9.158037867424409506e-02
9.155256917641065029e-02
9.152479420397333088e-02
9.149705367072789863e-02
9.146934749070297077e-02
9.144167557815936764e-02
9.141403784758954376e-02
9.138643421371689390e-02
9.135886459149514249e-02
9.133132889610774685e-02
9.130382704296721719e-02
9.127635894771458924e-02
9.124892452621867489e-02
9.122152369457553478e-02
9.119415636910785383e-02
9.116682246636433062e-02
9.113952190311894186e-02
9.111225459637055379e-02
9.108502046334210345e-02
9.105781942148011288e-02
9.103065138845402304e-02
9.100351628215563871e-02
9.097641402069846228e-02
9.094934452241713874e-02
9.092230770586681721e-02
9.089530348982260977e-02
9.086833179327893917e-02
9.084139253544896986e-02
9.081448563576396960e-02
9.078761101387282373e-02
9.076076858964132743e-02
9.073395828315164446e-02
9.070718001470171044e-02
9.068043370480466381e-02
9.065371927418829079e-02
9.062703664379433144e-02
9.060038573477802171e-02
9.057376646850744117e-02
9.054717876656295794e-02
9.052062255073665964e-02
9.049409774303172893e-02
9.046760426566198554e-02
9.044114204105116461e-02
9.041471099183243099e-02
9.038831104084785184e-02
9.036194211114771668e-02
9.033560412599005163e-02
9.030929700884005040e-02
9.028302068336946373e-02
9.025677507345609973e-02
9.023056010318321329e-02
9.020437569683900647e-02
9.017822177891599011e-02
9.015209827411048427e-02
9.012600510732207693e-02
9.009994220365304118e-02
9.007390948840775236e-02
9.004790688709223001e-02
9.002193432541351348e-02
8.999599172927917612e-02
8.997007902479670083e-02
8.994419613827296656e-02
8.991834299621381810e-02
8.989251952532328893e-02
8.986672565250337918e-02
8.984096130485316745e-02
8.981522640966853321e-02
8.978952089444156015e-02
8.976384468685995321e-02
8.973819771480656682e-02
8.971257990635873869e-02
8.968699118978798457e-02
8.966143149355935982e-02
8.963590074633080718e-02
8.961039887695287920e-02
8.958492581446801661e-02
8.955948148811011811e-02
8.953406582730401297e-02
8.950867876166491988e-02
8.948332022099794725e-02
8.945799013529756594e-02
8.943268843474708185e-02
8.940741504971816411e-02
8.938216991077030382e-02
8.935695294865035609e-02
8.933176409429188780e-02
8.930660327881484450e-02
8.928147043352496759e-02
8.925636548991321140e-02
8.923128837965539628e-02
8.920623903461163962e-02
8.918121738682578681e-02
8.915622336852499497e-02
8.913125691211920554e-02
8.910631795020068635e-02
8.908140641554343486e-02
8.905652224110278958e-02
8.903166536001493048e-02
8.900683570559629609e-02
8.898203321134322274e-02
8.895725781093129225e-02
8.893250943821502663e-02
8.890778802722729135e-02
8.888309351217882348e-02
8.885842582745777374e-02
8.883378490762922075e-02
8.880917068743464371e-02
8.878458310179149215e-02
8.876002208579276964e-02
8.873548757470635373e-02
8.871097950397476006e-02
8.868649780921450398e-02
8.866204242621571197e-02
8.863761329094160812e-02
8.861321033952804238e-02
8.858883350828306025e-02
8.856448273368641710e-02
8.854015795238906472e-02
8.851585910121277656e-02
8.849158611714960654e-02
8.846733893736145882e-02
8.844311749917961596e-02
8.841892174010430872e-02
8.839475159780420255e-02
8.837060701011602293e-02
8.834648791504397247e-02
8.832239425075938399e-02
8.829832595560027642e-02
8.827428296807079966e-02
8.825026522684085994e-02
8.822627267074568957e-02
8.820230523878529183e-02
8.817836287012410790e-02
8.815444550409051727e-02
8.813055308017642142e-02
8.810668553803674419e-02
8.808284281748901545e-02
8.805902485851292705e-02
8.803523160125004132e-02
8.801146298600300011e-02
8.798771895323544145e-02
8.796399944357134737e-02
8.794030439779475239e-02
8.791663375684920234e-02
8.789298746183733801e-02
8.786936545402046495e-02
8.784576767481822035e-02
8.782219406580800414e-02
8.779864456872460421e-02
8.777511912545980788e-02
8.775161767806190227e-02
8.772814016873529963e-02
8.770468653984010710e-02
8.768125673389171038e-02
8.765785069356030190e-02
8.763446836167057552e-02
8.761110968120111586e-02
8.758777459528419018e-02
8.756446304720517937e-02
8.754117498040225875e-02
8.751791033846588463e-02
8.749466906513848896e-02
8.747145110431404913e-02
8.744825640003751899e-02
8.742508489650463455e-02
8.740193653806144214e-02
8.737881126920378494e-02
8.735570903457696990e-02
8.733262977897540691e-02
8.730957344734219250e-02
8.728653998476858245e-02
8.726352933649374199e-02
8.724054144790427401e-02
8.721757626453381651e-02
8.719463373206265411e-02
8.717171379631734329e-02
8.714881640327026835e-02
8.712594149903926666e-02
8.710308902988725399e-02
8.708025894222182206e-02
8.705745118259476667e-02
8.703466569770189343e-02
8.701190243438235161e-02
8.698916133961849539e-02
8.696644236053534260e-02
8.694374544440028330e-02
8.692107053862259403e-02
8.689841759075310479e-02
8.687578654848386595e-02
8.685317735964767638e-02
8.683058997221773656e-02
8.680802433430725995e-02
8.678548039416915383e-02
8.676295810019551968e-02
8.674045740091738954e-02
8.671797824500426799e-02
8.669552058126384075e-02
8.667308435864144733e-02
8.665066952621994223e-02
8.662827603321909820e-02
8.660590382899538420e-02
8.658355286304143805e-02
8.656122308498588602e-02
8.653891444459285709e-02
8.651662689176158050e-02
8.649436037652619147e-02
8.647211484905514833e-02
8.644989025965098273e-02
8.642768655874998041e-02
8.640550369692169552e-02
8.638334162486871470e-02
8.636120029342612969e-02
8.633907965356138470e-02
8.631697965637383230e-02
8.629490025309421997e-02
8.627284139508459293e-02
8.625080303383776681e-02
8.622878512097703618e-02
8.620678760825579989e-02
8.618481044755717246e-02
8.616285359089377593e-02
8.614091699040714312e-02
8.611900059836760657e-02
8.609710436717384063e-02
8.607522824935251449e-02
8.605337219755794520e-02
8.603153616457170916e-02
8.600972010330244777e-02
8.598792396678534011e-02
8.596614770818188089e-02
8.594439128077950574e-02
8.592265463799120262e-02
8.590093773335519267e-02
8.587924052053466650e-02
8.585756295331736787e-02
8.583590498561523285e-02
8.581426657146409842e-02
8.579264766502343875e-02
8.577104822057583788e-02
8.574946819252680930e-02
8.572790753540447672e-02
8.570636620385908844e-02
8.568484415266286458e-02
8.566334133670951145e-02
8.564185771101401334e-02
8.562039323071223007e-02
8.559894785106060555e-02
8.557752152743580698e-02
8.555611421533446115e-02
8.553472587037271035e-02
8.551335644828603200e-02
8.549200590492883611e-02
8.547067419627409068e-02
8.544936127841312734e-02
8.542806710755523891e-02
8.540679164002734636e-02
8.538553483227376284e-02
8.536429664085573576e-02
8.534307702245128024e-02
8.532187593385476276e-02
8.530069333197660975e-02
8.527952917384305775e-02
8.525838341659569553e-02
8.523725601749126968e-02
8.521614693390136552e-02
8.519505612331207400e-02
8.517398354332356147e-02
8.515292915165002807e-02
8.513189290611913873e-02
8.511087476467185664e-02
8.508987468536209631e-02
8.506889262635641824e-02
8.504792854593370977e-02
8.502698240248487971e-02
8.500605415451262248e-02
8.498514376063104336e-02
8.496425117956531159e-02
8.494337637015152154e-02
8.492251929133617927e-02
8.490167990217610539e-02
8.488085816183799093e-02
8.486005402959814758e-02
8.483926746484228565e-02
8.481849842706504217e-02
8.479774687586985604e-02
8.477701277096860721e-02
8.475629607218126971e-02
8.473559673943573123e-02
8.471491473276737683e-02
8.469425001231890848e-02
8.467360253833995654e-02
8.465297227118687151e-02
8.463235917132236330e-02
8.461176319931532075e-02
8.459118431584033981e-02
8.457062248167764029e-02
8.455007765771267725e-02
8.452954980493575243e-02
8.450903888444198653e-02
8.448854485743081955e-02
8.446806768520578879e-02
8.444760732917427903e-02
8.442716375084718949e-02
8.440673691183871175e-02
8.438632677386599668e-02
8.436593329874890468e-02
8.434555644840970035e-02
8.432519618487277491e-02
8.430485247026443807e-02
8.428452526681255719e-02
8.426421453684630747e-02
8.424392024279590829e-02
8.422364234719233178e-02
8.420338081266709462e-02
8.418313560195181400e-02
8.416290667787819368e-02
8.414269400337749671e-02
8.412249754148044822e-02
8.410231725531688851e-02
8.408215310811553711e-02
8.406200506320368748e-02
8.404187308400695722e-02
8.402175713404903823e-02
8.400165717695143308e-02
8.398157317643314967e-02
8.396150509631045145e-02
8.394145290049662145e-02
8.392141655300169867e-02
8.390139601793213109e-02
8.388139125949065078e-02
8.386140224197588533e-02
8.384142892978221906e-02
8.382147128739934894e-02
8.380152927941229846e-02
8.378160287050084865e-02
8.376169202543957970e-02
8.374179670909737139e-02
8.372191688643725038e-02
8.370205252251618211e-02
8.368220358248476543e-02
8.366237003158688568e-02
8.364255183515967307e-02
8.362274895863301694e-02
8.360296136752952412e-02
8.358318902746410262e-02
8.356343190414379507e-02
8.354368996336750119e-02
8.352396317102578349e-02
8.350425149310050643e-02
8.348455489566471155e-02
8.346487334488228438e-02
8.344520680700773241e-02
8.342555524838594916e-02
8.340591863545199214e-02
8.338629693473076365e-02
8.336669011283683040e-02
8.334709813647417365e-02
8.332752097243589784e-02
8.330795858760410566e-02
8.328841094894948172e-02
8.326887802353116763e-02
8.324935977849658164e-02
8.322985618108100225e-02
8.321036719860744335e-02
8.319089279848644602e-02
8.317143294821575938e-02
8.315198761538011851e-02
8.313255676765105018e-02
8.311314037278662303e-02
8.309373839863123945e-02
8.307435081311526082e-02
8.305497758425492427e-02
8.303561868015214842e-02
8.301627406899408923e-02
8.299694371905311230e-02
8.297762759868650140e-02
8.295832567633613930e-02
8.293903792052839674e-02
8.291976429987384101e-02
8.290050478306705550e-02
8.288125933888636221e-02
8.286202793619357188e-02
8.284281054393385912e-02
8.282360713113542938e-02
8.280441766690935235e-02
8.278524212044935382e-02
8.276608046103151040e-02
8.274693265801411068e-02
8.272779868083735000e-02
8.270867849902326097e-02
8.268957208217525556e-02
8.267047939997809736e-02
8.265140042219763783e-02
8.263233511868055270e-02
8.261328345935416151e-02
8.259424541422613619e-02
8.257522095338441781e-02
8.255621004699686960e-02
8.253721266531113820e-02
8.251822877865440387e-02
8.249925835743314451e-02
8.248030137213299695e-02
8.246135779331843774e-02
8.244242759163267209e-02
8.242351073779732862e-02
8.240460720261233440e-02
8.238571695695563746e-02
8.236683997178295691e-02
8.234797621812772750e-02
8.232912566710073876e-02
8.231028828989001012e-02
8.229146405776047168e-02
8.227265294205393653e-02
8.225385491418869821e-02
8.223506994565944750e-02
8.221629800803705035e-02
8.219753907296831197e-02
8.217879311217571314e-02
8.216006009745742411e-02
8.214134000068674946e-02
8.212263279381229464e-02
8.210393844885748027e-02
8.208525693792047273e-02
8.206658823317398987e-02
8.204793230686503736e-02
8.202928913131472821e-02
8.201065867891807470e-02
8.199204092214383566e-02
8.197343583353425278e-02
8.195484338570492577e-02
8.193626355134449313e-02
8.191769630321453499e-02
8.189914161414942051e-02
8.188059945705589149e-02
8.186206980491317342e-02
8.184355263077250364e-02
8.182504790775707582e-02
8.180655560906183177e-02
8.178807570795328108e-02
8.176960817776919577e-02
8.175115299191858254e-02
8.173271012388136358e-02
8.171427954720823783e-02
8.169586123552051438e-02
8.167745516250982107e-02
8.165906130193797963e-02
8.164067962763688069e-02
8.162231011350819243e-02
8.160395273352316625e-02
8.158560746172252576e-02
8.156727427221625859e-02
8.154895313918333888e-02
8.153064403687168560e-02
8.151234693959785726e-02
8.149406182174691315e-02
8.147578865777223289e-02
8.145752742219529441e-02
8.143927808960553516e-02
8.142104063466018560e-02
8.140281503208397773e-02
8.138460125666906186e-02
8.136639928327478455e-02
8.134820908682754981e-02
8.133003064232056933e-02
8.131186392481370984e-02
8.129370890943332650e-02
8.127556557137208260e-02
8.125743388588874128e-02
8.123931382830801295e-02
8.122120537402037488e-02
8.120310849848186296e-02
8.118502317721394690e-02
8.116694938580330809e-02
8.114888709990165927e-02
8.113083629522560569e-02
8.111279694755643699e-02
8.109476903273998838e-02
8.107675252668637700e-02
8.105874740536997414e-02
8.104075364482911381e-02
8.102277122116592623e-02
8.100480011054619900e-02
8.098684028919923839e-02
8.096889173341763335e-02
8.095095441955706128e-02
8.093302832403623248e-02
8.091511342333658485e-02
8.089720969400221451e-02
8.087931711263966761e-02
8.086143565591777382e-02
8.084356530056746593e-02
8.082570602338155774e-02
8.080785780121474415e-02
8.079002061098330967e-02
8.077219442966487861e-02
8.075437923429848452e-02
8.073657500198416770e-02
8.071878170988297518e-02
8.070099933521665547e-02
8.068322785526765850e-02
8.066546724737883034e-02
8.064771748895330217e-02
8.062997855745428211e-02
8.061225043040505522e-02
8.059453308538858107e-02
8.057682650004750757e-02
8.055913065208393509e-02
8.054144551925927764e-02
8.052377107939406864e-02
8.050610731036789147e-02
8.048845419011910196e-02
8.047081169664471734e-02
8.045317980800031910e-02
8.043555850229976156e-02
8.041794775771515802e-02
8.040034755247663090e-02
8.038275786487214525e-02
8.036517867324741160e-02
8.034760995600573330e-02
8.033005169160774284e-02
8.031250385857140184e-02
8.029496643547169576e-02
8.027743940094060615e-02
8.025992273366690244e-02
8.024241641239590606e-02
8.022492041592949041e-02
8.020743472312584499e-02
8.018995931289926715e-02
8.017249416422017605e-02
8.015503925611479341e-02
8.013759456766503253e-02
8.012016007800842887e-02
8.010273576633787640e-02
8.008532161190158594e-02
8.006791759400284925e-02
8.005052369199990026e-02
8.003313988530585954e-02
8.001576615338842902e-02
7.999840247576987806e-02
7.998104883202682147e-02
7.996370520179010843e-02
7.994637156474466988e-02
7.992904790062933806e-02
7.991173418923676330e-02
7.989443041041321969e-02
7.987713654405839692e-02
7.985985257012546967e-02
7.984257846862068131e-02
7.982531421960342710e-02
7.980805980318596282e-02
7.979081519953330759e-02
7.977358038886313285e-02
7.975635535144558197e-02
7.973914006760313145e-02
7.972193451771046602e-02
7.970473868219431213e-02
7.968755254153334078e-02
7.967037607625795936e-02
7.965320926695022841e-02
7.963605209424372278e-02
7.961890453882332352e-02
7.960176658142514849e-02
7.958463820283639967e-02
7.956751938389522438e-02
7.955041010549053493e-02
7.953331034856196691e-02
7.951622009409957392e-02
7.949913932314391085e-02
7.948206801678567301e-02
7.946500615616580721e-02
7.944795372247509535e-02
7.943091069695425166e-02
7.941387706089368670e-02
7.939685279563331310e-02
7.937983788256254558e-02
7.936283230312014825e-02
7.934583603879394320e-02
7.932884907112083828e-02
7.931187138168668826e-02
7.929490295212604511e-02
7.927794376412214405e-02
7.926099379940668155e-02
7.924405303975984305e-02
7.922712146700991442e-02
7.921019906303333746e-02
7.919328580975462661e-02
7.917638168914602204e-02
7.915948668322755899e-02
7.914260077406684579e-02
7.912572394377895280e-02
7.910885617452625973e-02
7.909199744851844183e-02
7.907514774801215063e-02
7.905830705531104174e-02
7.904147535276555281e-02
7.902465262277287572e-02
7.900783884777677624e-02
7.899103401026733029e-02
7.897423809278113216e-02
7.895745107790082262e-02
7.894067294825514447e-02
7.892390368651878985e-02
7.890714327541227535e-02
7.889039169770183102e-02
7.887364893619917827e-02
7.885691497376157155e-02
7.884018979329150689e-02
7.882347337773676355e-02
7.880676571009011255e-02
7.879006677338934450e-02
7.877337655071707523e-02
7.875669502520056542e-02
7.874002218001173448e-02
7.872335799836696624e-02
7.870670246352692856e-02
7.869005555879661495e-02
7.867341726752503928e-02
7.865678757310523572e-02
7.864016645897412006e-02
7.862355390861233695e-02
7.860694990554416284e-02
7.859035443333740878e-02
7.857376747560326780e-02
7.855718901599618997e-02
7.854061903821381307e-02
7.852405752599682376e-02
7.850750446312876329e-02
7.849095983343608307e-02
7.847442362078785316e-02
7.845789580909574845e-02
7.844137638231393761e-02
7.842486532443884717e-02
7.840836261950923092e-02
7.839186825160590621e-02
7.837538220485171236e-02
7.835890446341135795e-02
7.834243501149135147e-02
7.832597383333984864e-02
7.830952091324655528e-02
7.829307623554261630e-02
7.827663978460053240e-02
7.826021154483393805e-02
7.824379150069764310e-02
7.822737963668739691e-02
7.821097593733990216e-02
7.819458038723250959e-02
7.817819297098331510e-02
7.816181367325092388e-02
7.814544247873442262e-02
7.812907937217317134e-02
7.811272433834677564e-02
7.809637736207492020e-02
7.808003842821729934e-02
7.806370752167356153e-02
7.804738462738303184e-02
7.803106973032478133e-02
7.801476281551743275e-02
7.799846386801907727e-02
7.798217287292709410e-02
7.796588981537823371e-02
7.794961468054825704e-02
7.793334745365203264e-02
7.791708811994335626e-02
7.790083666471479817e-02
7.788459307329770320e-02
7.786835733106196866e-02
7.785212942341607212e-02
7.783590933580679383e-02
7.781969705371934165e-02
7.780349256267700409e-02
7.778729584824123355e-02
7.777110689601139659e-02
7.775492569162482936e-02
7.773875222075658786e-02
7.772258646911943403e-02
7.770642842246373860e-02
7.769027806657725910e-02
7.767413538728520916e-02
7.765800037045005044e-02
7.764187300197139541e-02
7.762575326778597962e-02
7.760964115386742579e-02
7.759353664622631319e-02
7.757743973090994172e-02
7.756135039400227638e-02
7.754526862162390566e-02
7.752919439993183337e-02
7.751312771511946476e-02
7.749706855341645384e-02
7.748101690108866180e-02
7.746497274443801817e-02
7.744893606980242373e-02
7.743290686355568109e-02
7.741688511210734203e-02
7.740087080190267976e-02
7.738486391942256404e-02
7.736886445118332234e-02
7.735287238373671215e-02
7.733688770366976828e-02
7.732091039760477513e-02
7.730494045219910015e-02
7.728897785414509669e-02
7.727302259017011787e-02
7.725707464703626681e-02
7.724113401154042435e-02
7.722520067051406867e-02
7.720927461082331689e-02
7.719335581936859203e-02
7.717744428308478954e-02
7.716153998894105526e-02
7.714564292394061884e-02
7.712975307512090484e-02
7.711387042955326898e-02
7.709799497434294269e-02
7.708212669662899141e-02
7.706626558358417589e-02
7.705041162241489661e-02
7.703456480036104115e-02
7.701872510469598421e-02
7.700289252272642104e-02
7.698706704179229809e-02
7.697124864926672971e-02
7.695543733255592878e-02
7.693963307909904015e-02
7.692383587636818232e-02
7.690804571186825311e-02
7.689226257313681867e-02
7.687648644774412732e-02
7.686071732329298467e-02
7.684495518741860098e-02
7.682920002778857727e-02
7.681345183210276650e-02
7.679771058809328754e-02
7.678197628352427528e-02
7.676624890619192232e-02
7.675052844392435403e-02
7.673481488458151756e-02
7.671910821605511244e-02
7.670340842626854894e-02
7.668771550317682317e-02
7.667202943476635058e-02
7.665635020905503527e-02
7.664067781409210356e-02
7.662501223795797900e-02
7.660935346876432406e-02
7.659370149465379030e-02
7.657805630380007389e-02
7.656241788440773521e-02
7.654678622471221272e-02
7.653116131297965641e-02
7.651554313750685843e-02
7.649993168662119758e-02
7.648432694868051440e-02
7.646872891207311118e-02
7.645313756521757154e-02
7.643755289656277430e-02
7.642197489458764370e-02
7.640640354780132981e-02
7.639083884474287545e-02
7.637528077398129944e-02
7.635972932411540237e-02
7.634418448377378041e-02
7.632864624161467271e-02
7.631311458632594746e-02
7.629758950662494932e-02
7.628207099125851320e-02
7.626655902900274231e-02
7.625105360866307747e-02
7.623555471907411674e-02
7.622006234909964317e-02
7.620457648763236114e-02
7.618909712359400732e-02
7.617362424593522585e-02
7.615815784363540175e-02
7.614269790570264707e-02
7.612724442117374535e-02
7.611179737911402676e-02
7.609635676861735420e-02
7.608092257880594289e-02
7.606549479883037423e-02
7.605007341786948483e-02
7.603465842513031092e-02
7.601924980984796354e-02
7.600384756128561459e-02
7.598845166873437196e-02
7.597306212151321014e-02
7.595767890896892860e-02
7.594230202047604072e-02
7.592693144543671835e-02
7.591156717328073622e-02
7.589620919346531935e-02
7.588085749547514303e-02
7.586551206882224951e-02
7.585017290304597870e-02
7.583483998771278767e-02
7.581951331241638947e-02
7.580419286677746171e-02
7.578887864044371592e-02
7.577357062308971714e-02
7.575826880441698108e-02
7.574297317415365494e-02
7.572768372205468390e-02
7.571240043790157526e-02
7.569712331150241225e-02
7.568185233269178469e-02
7.566658749133060857e-02
7.565132877730619543e-02
7.563607618053211357e-02
7.562082969094809093e-02
7.560558929852001508e-02
7.559035499323982221e-02
7.557512676512538607e-02
7.555990460422053190e-02
7.554468850059492535e-02
7.552947844434396152e-02
7.551427442558876491e-02
7.549907643447607841e-02
7.548388446117823558e-02
7.546869849589299406e-02
7.545351852884360500e-02
7.543834455027866037e-02
7.542317655047196812e-02
7.540801451972263536e-02
7.539285844835488803e-02
7.537770832671802923e-02
7.536256414518634206e-02
7.534742589415913128e-02
7.533229356406047350e-02
7.531716714533936985e-02
7.530204662846946839e-02
7.528693200394911966e-02
7.527182326230130727e-02
7.525672039407355074e-02
7.524162338983782228e-02
7.522653224019050511e-02
7.521144693575236573e-02
7.519636746716835962e-02
7.518129382510774228e-02
7.516622600026387491e-02
7.515116398335419667e-02
7.513610776512016920e-02
7.512105733632720717e-02
7.510601268776459505e-02
7.509097381024545936e-02
7.507594069460665764e-02
7.506091333170877844e-02
7.504589171243596091e-02
7.503087582769597808e-02
7.501586566842009807e-02
7.500086122556298696e-02
7.498586249010269489e-02
7.497086945304058669e-02
7.495588210540131413e-02
7.494090043823259384e-02
7.492592444260541551e-02
7.491095410961372270e-02
7.489598943037445444e-02
7.488103039602753142e-02
7.486607699773574487e-02
7.485112922668464563e-02
7.483618707408255799e-02
7.482125053116051028e-02
7.480631958917208224e-02
7.479139423939354381e-02
7.477647447312354978e-02
7.476156028168323697e-02
7.474665165641612707e-02
7.473174858868805726e-02
7.471685106988712466e-02
7.470195909142363089e-02
7.468707264473001262e-02
7.467219172126073057e-02
7.465731631249236666e-02
7.464244640992340196e-02
7.462758200507420281e-02
7.461272308948700693e-02
7.459786965472582632e-02
7.458302169237637780e-02
7.456817919404609696e-02
7.455334215136391607e-02
7.453851055598043063e-02
7.452368439956766344e-02
7.450886367381905073e-02
7.449404837044948380e-02
7.447923848119504531e-02
7.446443399781318973e-02
7.444963491208250739e-02
7.443484121580272450e-02
7.442005290079467539e-02
7.440526995890023310e-02
7.439049238198222613e-02
7.437572016192434132e-02
7.436095329063123482e-02
7.434619176002825458e-02
7.433143556206159297e-02
7.431668468869800925e-02
7.430193913192502386e-02
7.428719888375062697e-02
7.427246393620338949e-02
7.425773428133233822e-02
7.424300991120690030e-02
7.422829081791683381e-02
7.421357699357225557e-02
7.419886843030346069e-02
7.418416512026097809e-02
7.416946705561545949e-02
7.415477422855762391e-02
7.414008663129824372e-02
7.412540425606799210e-02
7.411072709511756784e-02
7.409605514071748722e-02
7.408138838515801461e-02
7.406672682074924574e-02
7.405207043982095505e-02
7.403741923472259567e-02
7.402277319782311904e-02
7.400813232151116916e-02
7.399349659819474956e-02
7.397886602030136205e-02
7.396424058027790960e-02
7.394962027059055754e-02
7.393500508372483071e-02
7.392039501218540531e-02
7.390579004849621991e-02
7.389119018520026727e-02
7.387659541485963599e-02
7.386200573005545500e-02
7.384742112338778253e-02
7.383284158747563386e-02
7.381826711495682869e-02
7.380369769848811601e-02
7.378913333074488268e-02
7.377457400442131996e-02
7.376001971223022924e-02
7.374547044690304975e-02
7.373092620118978924e-02
7.371638696785894063e-02
7.370185273969748208e-02
7.368732350951079368e-02
7.367279927012262974e-02
7.365828001437504935e-02
7.364376573512837476e-02
7.362925642526109427e-02
7.361475207766998707e-02
7.360025268526979025e-02
7.358575824099346241e-02
7.357126873779182286e-02
7.355678416863380142e-02
7.354230452650616090e-02
7.352782980441355254e-02
7.351335999537846055e-02
7.349889509244117436e-02
7.348443508865962204e-02
7.346997997710953687e-02
7.345552975088412428e-02
7.344108440309433938e-02
7.342664392686855390e-02
7.341220831535269498e-02
7.339777756171007861e-02
7.338335165912147906e-02
7.336893060078493456e-02
7.335451437991587220e-02
7.334010298974689979e-02
7.332569642352787520e-02
7.331129467452578152e-02
7.329689773602478253e-02
7.328250560132601454e-02
7.326811826374772518e-02
7.325373571662503747e-02
7.323935795331013021e-02
7.322498496717197436e-02
7.321061675159634685e-02
7.319625329998594165e-02
7.318189460576010608e-02
7.316754066235491016e-02
7.315319146322307731e-02
7.313884700183395648e-02
7.312450727167343900e-02
7.311017226624395848e-02
7.309584197906443537e-02
7.308151640367019364e-02
7.306719553361294694e-02
7.305287936246078473e-02
7.303856788379806120e-02
7.302426109122539533e-02
7.300995897835964310e-02
7.299566153883377262e-02
7.298136876629693348e-02
7.296708065441433189e-02
7.295279719686718900e-02
7.293851838735278259e-02
7.292424421958423886e-02
7.290997468729069897e-02
7.289570978421709702e-02
7.288144950412421552e-02
7.286719384078861605e-02
7.285294278800258372e-02
7.283869633957411327e-02
7.282445448932682586e-02
7.281021723109995514e-02
7.279598455874834728e-02
7.278175646614230831e-02
7.276753294716765963e-02
7.275331399572566859e-02
7.273909960573297917e-02
7.272488977112159803e-02
7.271068448583885291e-02
7.269648374384737877e-02
7.268228753912495121e-02
7.266809586566462531e-02
7.265390871747459678e-02
7.263972608857811875e-02
7.262554797301354337e-02
7.261137436483426633e-02
7.259720525810868519e-02
7.258304064692004676e-02
7.256888052536662748e-02
7.255472488756149751e-02
7.254057372763256240e-02
7.252642703972253524e-02
7.251228481798886738e-02
7.249814705660367897e-02
7.248401374975380063e-02
7.246988489164069014e-02
7.245576047648037699e-02
7.244164049850343456e-02
7.242752495195492468e-02
7.241341383109446694e-02
7.239930713019597508e-02
7.238520484354786511e-02
7.237110696545287492e-02
7.235701349022802265e-02
7.234292441220462055e-02
7.232883972572824727e-02
7.231475942515865063e-02
7.230068350486973383e-02
7.228661195924949989e-02
7.227254478270010718e-02
7.225848196963770287e-02
7.224442351449243682e-02
7.223036941170846159e-02
7.221631965574380752e-02
7.220227424107047987e-02
7.218823316217426456e-02
7.217419641355479754e-02
7.216016398972552315e-02
7.214613588521354148e-02
7.213211209455977491e-02
7.211809261231874602e-02
7.210407743305860540e-02
7.209006655136113162e-02
7.207605996182163410e-02
7.206205765904898086e-02
7.204805963766548749e-02
7.203406589230694490e-02
7.202007641762254997e-02
7.200609120827484999e-02
7.199211025893981208e-02
7.197813356430662890e-02
7.196416111907777413e-02
7.195019291796898864e-02
7.193622895570916942e-02
7.192226922704042513e-02
7.190831372671792343e-02
7.189436244951001587e-02
7.188041539019801585e-02
7.186647254357630965e-02
7.185253390445225929e-02
7.183859946764617477e-02
7.182466922799125852e-02
7.181074318033364712e-02
7.179682131953227242e-02
7.178290364045887550e-02
7.176899013799800664e-02
7.175508080704695590e-02
7.174117564251569767e-02
7.172727463932690450e-02
7.171337779241583610e-02
7.169948509673042258e-02
7.168559654723111185e-02
7.167171213889091119e-02
7.165783186669537341e-02
7.164395572564243031e-02
7.163008371074250369e-02
7.161621581701839434e-02
7.160235203950535143e-02
7.158849237325080883e-02
7.157463681331462102e-02
7.156078535476888269e-02
7.154693799269790100e-02
7.153309472219823717e-02
7.151925553837852612e-02
7.150542043635961520e-02
7.149158941127446709e-02
7.147776245826807651e-02
7.146393957249745632e-02
7.145012074913167921e-02
7.143630598335176662e-02
7.142249527035064716e-02
7.140868860533323981e-02
7.139488598351625970e-02
7.138108740012830133e-02
7.136729285040976922e-02
7.135350232961286399e-02
7.133971583300151298e-02
7.132593335585134253e-02
7.131215489344971958e-02
7.129838044109561290e-02
7.128460999409962084e-02
7.127084354778399911e-02
7.125708109748248031e-02
7.124332263854032954e-02
7.122956816631438592e-02
7.121581767617286840e-02
7.120207116349548671e-02
7.118832862367334424e-02
7.117459005210888257e-02
7.116085544421593689e-02
7.114712479541961121e-02
7.113339810115633377e-02
7.111967535687377384e-02
7.110595655803077231e-02
7.109224170009743882e-02
7.107853077855499913e-02
7.106482378889579510e-02
7.105112072662329858e-02
7.103742158725206979e-02
7.102372636630764624e-02
7.101003505932662607e-02
7.099634766185658474e-02
7.098266416945601953e-02
7.096898457769441892e-02
7.095530888215205445e-02
7.094163707842017497e-02
7.092796916210078462e-02
7.091430512880672610e-02
7.090064497416161127e-02
7.088698869379977952e-02
7.087333628336632552e-02
7.085968773851701596e-02
7.084604305491827569e-02
7.083240222824711829e-02
7.081876525419125712e-02
7.080513212844888327e-02
7.079150284672877658e-02
7.077787740475025013e-02
7.076425579824308087e-02
7.075063802294748183e-02
7.073702407461415764e-02
7.072341394900416578e-02
7.070980764188897205e-02
7.069620514905035347e-02
7.068260646628045374e-02
7.066901158938165839e-02
7.065542051416665026e-02
7.064183323645838175e-02
7.062824975208992218e-02
7.061467005690458265e-02
7.060109414675583284e-02
7.058752201750727318e-02
7.057395366503253775e-02
7.056038908521540531e-02
7.054682827394967437e-02
7.053327122713919095e-02
7.051971794069768207e-02
7.050616841054900552e-02
7.049262263262684458e-02
7.047908060287479126e-02
7.046554231724636019e-02
7.045200777170491924e-02
7.043847696222363397e-02
7.042494988478552320e-02
7.041142653538332019e-02
7.039790691001959755e-02
7.038439100470655907e-02
7.037087881546616464e-02
7.035737033833001919e-02
7.034386556933938661e-02
7.033036450454516197e-02
7.031686714000780214e-02
7.030337347179736740e-02
7.028988349599343821e-02
7.027639720868510131e-02
7.026291460597099137e-02
7.024943568395912441e-02
7.023596043876703665e-02
7.022248886652163180e-02
7.020902096335918108e-02
7.019555672542543423e-02
7.018209614887530035e-02
7.016863922987319480e-02
7.015518596459265066e-02
7.014173634921658240e-02
7.012829037993707770e-02
7.011484805295548073e-02
7.010140936448230886e-02
7.008797431073721107e-02
7.007454288794902342e-02
7.006111509235568580e-02
7.004769092020420029e-02
7.003427036775070058e-02
7.002085343126022987e-02
7.000744010700701847e-02
6.999403039127415072e-02
6.998062428035375926e-02
6.996722177054690017e-02
6.995382285816352519e-02
6.994042753952250946e-02
6.992703581095156828e-02
6.991364766878734038e-02
6.990026310937519360e-02
6.988688212906934982e-02
6.987350472423280168e-02
6.986013089123728481e-02
6.984676062646330563e-02
6.983339392629998865e-02
6.982003078714521527e-02
6.980667120540551274e-02
6.979331517749604030e-02
6.977996269984054756e-02
6.976661376887140220e-02
6.975326838102953453e-02
6.973992653276439579e-02
6.972658822053401373e-02
6.971325344080479824e-02
6.969992219005179124e-02
6.968659446475836128e-02
6.967327026141635626e-02
6.965994957652599240e-02
6.964663240659593746e-02
6.963331874814319977e-02
6.962000859769307270e-02
6.960670195177919017e-02
6.959339880694354052e-02
6.958009915973627224e-02
6.956680300671588824e-02
6.955351034444907932e-02
6.954022116951069643e-02
6.952693547848386169e-02
6.951365326795974631e-02
6.950037453453780656e-02
6.948709927482545068e-02
6.947382748543831643e-02
6.946055916300003519e-02
6.944729430414232907e-02
6.943403290550491380e-02
6.942077496373556811e-02
6.940752047548998105e-02
6.939426943743190468e-02
6.938102184623294588e-02
6.936777769857266351e-02
6.935453699113854065e-02
6.934129972062591518e-02
6.932806588373797985e-02
6.931483547718576832e-02
6.930160849768815523e-02
6.928838494197180065e-02
6.927516480677108068e-02
6.926194808882821241e-02
6.924873478489311507e-02
6.923552489172338231e-02
6.922231840608432385e-02
6.920911532474893768e-02
6.919591564449785459e-02
6.918271936211933815e-02
6.916952647440925694e-02
6.915633697817104297e-02
6.914315087021577488e-02
6.912996814736196982e-02
6.911678880643574996e-02
6.910361284427071760e-02
6.909044025770795516e-02
6.907727104359605297e-02
6.906410519879097043e-02
6.905094272015617485e-02
6.903778360456247487e-02
6.902462784888810376e-02
6.901147545001863615e-02
6.899832640484704349e-02
6.898518071027356924e-02
6.897203836320577042e-02
6.895889936055851765e-02
6.894576369925391190e-02
6.893263137622135384e-02
6.891950238839743281e-02
6.890637673272598240e-02
6.889325440615796936e-02
6.888013540565156301e-02
6.886701972817213524e-02
6.885390737069208011e-02
6.884079833019099426e-02
6.882769260365556585e-02
6.881459018807947747e-02
6.880149108046357265e-02
6.878839527781561991e-02
6.877530277715053486e-02
6.876221357549013036e-02
6.874912766986321366e-02
6.873604505730562808e-02
6.872296573486005866e-02
6.870988969957615711e-02
6.869681694851050013e-02
6.868374747872654784e-02
6.867068128729457432e-02
6.865761837129179257e-02
6.864455872780214629e-02
6.863150235391649034e-02
6.861844924673243806e-02
6.860539940335431963e-02
6.859235282089332086e-02
6.857930949646728891e-02
6.856626942720084328e-02
6.855323261022529258e-02
6.854019904267862062e-02
6.852716872170548645e-02
6.851414164445721044e-02
6.850111780809174655e-02
6.848809720977358517e-02
6.847507984667396130e-02
6.846206571597057700e-02
6.844905481484774012e-02
6.843604714049625337e-02
6.842304269011348361e-02
6.841004146090334803e-02
6.839704345007617536e-02
6.838404865484878914e-02
6.837105707244452157e-02
6.835806870009310254e-02
6.834508353503064570e-02
6.833210157449974564e-02
6.831912281574932522e-02
6.830614725603471882e-02
6.829317489261757523e-02
6.828020572276591316e-02
6.826723974375406567e-02
6.825427695286265251e-02
6.824131734737855226e-02
6.822836092459497181e-02
6.821540768181134917e-02
6.820245761633332571e-02
6.818951072547280168e-02
6.817656700654785296e-02
6.816362645688271715e-02
6.815068907380790464e-02
6.813775485465990711e-02
6.812482379678153066e-02
6.811189589752154883e-02
6.809897115423493852e-02
6.808604956428271349e-02
6.807313112503199370e-02
6.806021583385588047e-02
6.804730368813359520e-02
6.803439468525034062e-02
6.802148882259731466e-02
6.800858609757171047e-02
6.799568650757674415e-02
6.798279005002147435e-02
6.796989672232101043e-02
6.795700652189631819e-02
6.794411944617430310e-02
6.793123549258779648e-02
6.791835465857538889e-02
6.790547694158168002e-02
6.789260233905701492e-02
6.787973084845758120e-02
6.786686246724542293e-02
6.785399719288831566e-02
6.784113502285989139e-02
6.782827595463951365e-02
6.781541998571227747e-02
6.780256711356906496e-02
6.778971733570642033e-02
6.777687064962661934e-02
6.776402705283765537e-02
6.775118654285314235e-02
6.773834911719242569e-02
6.772551477338042969e-02
6.771268350894771304e-02
6.769985532143048268e-02
6.768703020837053830e-02
6.767420816731524458e-02
6.766138919581754507e-02
6.764857329143596221e-02
6.763576045173448625e-02
6.762295067428270023e-02
6.761014395665569665e-02
6.759734029643402198e-02
6.758453969120374605e-02
6.757174213855633715e-02
6.755894763608880083e-02
6.754615618140352717e-02
6.753336777210831865e-02
6.752058240581644555e-02
6.750780008014647948e-02
6.749502079272244603e-02
6.748224454117372761e-02
6.746947132313500795e-02
6.745670113624634145e-02
6.744393397815311164e-02
6.743116984650596168e-02
6.741840873896090547e-02
6.740565065317916105e-02
6.739289558682723391e-02
6.738014353757691699e-02
6.736739450310517963e-02
6.735464848109425084e-02
6.734190546923154996e-02
6.732916546520968659e-02
6.731642846672648839e-02
6.730369447148491779e-02
6.729096347719307203e-02
6.727823548156419697e-02
6.726551048231672880e-02
6.725278847717411357e-02
6.724006946386494599e-02
6.722735344012291392e-02
6.721464040368677062e-02
6.720193035230030698e-02
6.718922328371233765e-02
6.717651919567678431e-02
6.716381808595250913e-02
6.715111995230339803e-02
6.713842479249834683e-02
6.712573260431117794e-02
6.711304338552075144e-02
6.710035713391084011e-02
6.708767384727010175e-02
6.707499352339221788e-02
6.706231616007567176e-02
6.704964175512392877e-02
6.703697030634531151e-02
6.702430181155295819e-02
6.701163626856497524e-02
6.699897367520418756e-02
6.698631402929837442e-02
6.697365732868003352e-02
6.696100357118650592e-02
6.694835275465994828e-02
6.693570487694727733e-02
6.692305993590015600e-02
6.691041792937503507e-02
6.689777885523308376e-02
6.688514271134018974e-02
6.687250949556701463e-02
6.685987920578886912e-02
6.684725183988574071e-02
6.683462739574239087e-02
6.682200587124811908e-02
6.680938726429695718e-02
6.679677157278754440e-02
6.678415879462322458e-02
6.677154892771182404e-02
6.675894196996590146e-02
6.674633791930253968e-02
6.673373677364337342e-02
6.672113853091472813e-02
6.670854318904730074e-02
6.669595074597650664e-02
6.668336119964218822e-02
6.667077454798871206e-02
6.665819078896502436e-02
6.664560992052447064e-02
6.663303194062494827e-02
6.662045684722875394e-02
6.660788463830275008e-02
6.659531531181812902e-02
6.658274886575062113e-02
6.657018529808028662e-02
6.655762460679165438e-02
6.654506678987361090e-02
6.653251184531952522e-02
6.651995977112702685e-02
6.650741056529814454e-02
6.649486422583929246e-02
6.648232075076117298e-02
6.646978013807890162e-02
6.645724238581181276e-02
6.644470749198359838e-02
6.643217545462223872e-02
6.641964627176001612e-02
6.640711994143343178e-02
6.639459646168331675e-02
6.638207583055467931e-02
6.636955804609680210e-02
6.635704310636320047e-02
6.634453100941160864e-02
6.633202175330393802e-02
6.631951533610627725e-02
6.630701175588897545e-02
6.629451101072646180e-02
6.628201309869738433e-02
6.626951801788449892e-02
6.625702576637472474e-02
6.624453634225910270e-02
6.623204974363276765e-02
6.621956596859497612e-02
6.620708501524907863e-02
6.619460688170251961e-02
6.618213156606678194e-02
6.616965906645741469e-02
6.615718938099406088e-02
6.614472250780030482e-02
6.613225844500390804e-02
6.611979719073647621e-02
6.610733874313373670e-02
6.609488310033541369e-02
6.608243026048515878e-02
6.606998022173057872e-02
6.605753298222336034e-02
6.604508854011903463e-02
6.603264689357712935e-02
6.602020804076105809e-02
6.600777197983820344e-02
6.599533870897983379e-02
6.598290822636113107e-02
6.597048053016114910e-02
6.595805561856282750e-02
6.594563348975300554e-02
6.593321414192229724e-02
6.592079757326528566e-02
6.590838378198032865e-02
6.589597276626955880e-02
6.588356452433904997e-02
6.587115905439856756e-02
6.585875635466172107e-02
6.584635642334595029e-02
6.583395925867240039e-02
6.582156485886601904e-02
6.580917322215551479e-02
6.579678434677332932e-02
6.578439823095563743e-02
6.577201487294240256e-02
6.575963427097718250e-02
6.574725642330739306e-02
6.573488132818400276e-02
6.572250898386176876e-02
6.571013938859909809e-02
6.569777254065804761e-02
6.568540843830435183e-02
6.567304707980736733e-02
6.566068846344016996e-02
6.564833258747934663e-02
6.563597945020517577e-02
6.562362904990155787e-02
6.561128138485593231e-02
6.559893645335941603e-02
6.558659425370659546e-02
6.557425478419574849e-02
6.556191804312863636e-02
6.554958402881055912e-02
6.553725273955045283e-02
6.552492417366068134e-02
6.551259832945721673e-02
6.550027520525948665e-02
6.548795479939044373e-02
6.547563711017657939e-02
6.546332213594779903e-02
6.545100987503753298e-02
6.543870032578266716e-02
6.542639348652352915e-02
6.541408935560397153e-02
6.540178793137114976e-02
6.538948921217581367e-02
6.537719319637198823e-02
6.536489988231722337e-02
6.535260926837241358e-02
6.534032135290186727e-02
6.532803613427327905e-02
6.531575361085770193e-02
6.530347378102957512e-02
6.529119664316672400e-02
6.527892219565026299e-02
6.526665043686467882e-02
6.525438136519781662e-02
6.524211497904079671e-02
6.522985127678812556e-02
6.521759025683750155e-02
6.520533191759003699e-02
6.519307625745006385e-02
6.518082327482524474e-02
6.516857296812644806e-02
6.515632533576785901e-02
6.514408037616688241e-02
6.513183808774415662e-02
6.511959846892366455e-02
6.510736151813246997e-02
6.509512723380093957e-02
6.508289561436261805e-02
6.507066665825432528e-02
6.505844036391592033e-02
6.504621672979062075e-02
6.503399575432471102e-02
6.502177743596772308e-02
6.500956177317221418e-02
6.499734876439404452e-02
6.498513840809216902e-02
6.497293070272862348e-02
6.496072564676863559e-02
6.494852323868048616e-02
6.493632347693566176e-02
6.492412636000866044e-02
6.491193188637710276e-02
6.489974005452171790e-02
6.488755086292627428e-02
6.487536431007767668e-02
6.486318039446578587e-02
6.485099911458359900e-02
6.483882046892711082e-02
6.482664445599539693e-02
6.481447107429051668e-02
6.480230032231759640e-02
6.479013219858471839e-02
6.477796670160301806e-02
6.476580382988661455e-02
6.475364358195256909e-02
6.474148595632102376e-02
6.472933095151499339e-02
6.471717856606049035e-02
6.470502879848652467e-02
6.469288164732499291e-02
6.468073711111077539e-02
6.466859518838169452e-02
6.465645587767841762e-02
6.464431917754462353e-02
6.463218508652686378e-02
6.462005360317460423e-02
6.460792472604019732e-02
6.459579845367884043e-02
6.458367478464868694e-02
6.457155371751072126e-02
6.455943525082877277e-02
6.454731938316958517e-02
6.453520611310271937e-02
6.452309543920055346e-02
6.451098736003829659e-02
6.449888187419407226e-02
6.448677898024869626e-02
6.447467867678592646e-02
6.446258096239219915e-02
6.445048583565682332e-02
6.443839329517189740e-02
6.442630333953228150e-02
6.441421596733558352e-02
6.440213117718221469e-02
6.439004896767537567e-02
6.437796933742094552e-02
6.436589228502759275e-02
6.435381780910674754e-02
6.434174590827249074e-02
6.432967658114169263e-02
6.431760982633395740e-02
6.430554564247151217e-02
6.429348402817935959e-02
6.428142498208516686e-02
6.426936850281933511e-02
6.425731458901487447e-02
6.424526323930748739e-02
6.423321445233559635e-02
6.422116822674021896e-02
6.420912456116505129e-02
6.419708345425642615e-02
6.418504490466336865e-02
6.417300891103740190e-02
6.416097547203282458e-02
6.414894458630648888e-02
6.413691625251781436e-02
6.412489046932891290e-02
6.411286723540442212e-02
6.410084654941158866e-02
6.408882841002024044e-02
6.407681281590282829e-02
6.406479976573428714e-02
6.405278925819217484e-02
6.404078129195660274e-02
6.402877586571020796e-02
6.401677297813815337e-02
6.400477262792819699e-02
6.399277481377060872e-02
6.398077953435812870e-02
6.396878678838602283e-02
6.395679657455217992e-02
6.394480889155682024e-02
6.393282373810277308e-02
6.392084111289532411e-02
6.390886101464222924e-02
6.389688344205377013e-02
6.388490839384264319e-02
6.387293586872402895e-02
6.386096586541552267e-02
6.384899838263723149e-02
6.383703341911171891e-02
6.382507097356390768e-02
6.381311104472121853e-02
6.380115363131343142e-02
6.378919873207283819e-02
6.377724634573403439e-02
6.376529647103409970e-02
6.375334910671250077e-02
6.374140425151104961e-02
6.372946190417398682e-02
6.371752206344792613e-02
6.370558472808184047e-02
6.369364989682710365e-02
6.368171756843740705e-02
6.366978774166881516e-02
6.365786041527975170e-02
6.364593558803097184e-02
6.363401325868554836e-02
6.362209342600895490e-02
6.361017608876887164e-02
6.359826124573540740e-02
6.358634889568090531e-02
6.357443903738010937e-02
6.356253166960992851e-02
6.355062679114967250e-02
6.353872440078088546e-02
6.352682449728745684e-02
6.351492707945544103e-02
6.350303214607325164e-02
6.349113969593156437e-02
6.347924972782324760e-02
6.346736224054348730e-02
6.345547723288968989e-02
6.344359470366146836e-02
6.343171465166073941e-02
6.341983707569158468e-02
6.340796197456034788e-02
6.339608934707555155e-02
6.338421919204798027e-02
6.337235150829056973e-02
6.336048629461850379e-02
6.334862354984908961e-02
6.333676327280191032e-02
6.332490546229864459e-02
6.331305011716323317e-02
6.330119723622169847e-02
6.328934681830229725e-02
6.327749886223539566e-02
6.326565336685353869e-02
6.325381033099146399e-02
6.324196975348590766e-02
6.323013163317588170e-02
6.321829596890250758e-02
6.320646275950896065e-02
6.319463200384059509e-02
6.318280370074488839e-02
6.317097784907135805e-02
6.315915444767171427e-02
6.314733349539966567e-02
6.313551499111109966e-02
6.312369893366392981e-02
6.311188532191819300e-02
6.310007415473596615e-02
6.308826543098143558e-02
6.307645914952081379e-02
6.306465530922236717e-02
6.305285390895644382e-02
6.304105494759544570e-02
6.302925842401375933e-02
6.301746433708790840e-02
6.300567268569637336e-02
6.299388346871964695e-02
6.298209668504028969e-02
6.297031233354286051e-02
6.295853041311395837e-02
6.294675092264215288e-02
6.293497386101795654e-02
6.292319922713403291e-02
6.291142701988487740e-02
6.289965723816705323e-02
6.288788988087909426e-02
6.287612494692149112e-02
6.286436243519670508e-02
6.285260234460919582e-02
6.284084467406531038e-02
6.282908942247342199e-02
6.281733658874379123e-02
6.280558617178867709e-02
6.279383817052225369e-02
6.278209258386061031e-02
6.277034941072177909e-02
6.275860865002572120e-02
6.274687030069432681e-02
6.273513436165133184e-02
6.272340083182248449e-02
6.271166971013535096e-02
6.269994099551942646e-02
6.268821468690610743e-02
6.267649078322866385e-02
6.266476928342223918e-02
6.265305018642390589e-02
6.264133349117252669e-02
6.262961919660890719e-02
6.261790730167567098e-02
6.260619780531732903e-02
6.259449070648022417e-02
6.258278600411258663e-02
6.257108369716440910e-02
6.255938378458759941e-02
6.254768626533588338e-02
6.253599113836480483e-02
6.252429840263172556e-02
6.251260805709583923e-02
6.250092010071814363e-02
6.248923453246147536e-02
6.247755135129045428e-02
6.246587055617150441e-02
6.245419214607281222e-02
6.244251611996443074e-02
6.243084247681812693e-02
6.241917121560751347e-02
6.240750233530790309e-02
6.239583583489648200e-02
6.238417171335208788e-02
6.237250996965541805e-02
6.236085060278892533e-02
6.234919361173671404e-02
6.233753899548473421e-02
6.232588675302069142e-02
6.231423688333395661e-02
6.230258938541569091e-02
6.229094425825877634e-02
6.227930150085782962e-02
6.226766111220915362e-02
6.225602309131080675e-02
6.224438743716254746e-02
6.223275414876585504e-02
6.222112322512390187e-02
6.220949466524154647e-02
6.219786846812538211e-02
6.218624463278366737e-02
6.217462315822631924e-02
6.216300404346501718e-02
6.215138728751303659e-02
6.213977288938535293e-02
6.212816084809866246e-02
6.211655116267125049e-02
6.210494383212311620e-02
6.209333885547586168e-02
6.208173623175280986e-02
6.207013595997887961e-02
6.205853803918062739e-02
6.204694246838633742e-02
6.203534924662579969e-02
6.202375837293052502e-02
6.201216984633361323e-02
6.200058366586980868e-02
6.198899983057545165e-02
6.197741833948850615e-02
6.196583919164853904e-02
6.195426238609677561e-02
6.194268792187593298e-02
6.193111579803044220e-02
6.191954601360624005e-02
6.190797856765092866e-02
6.189641345921358812e-02
6.188485068734497774e-02
6.187329025109741809e-02
6.186173214952473548e-02
6.185017638168242154e-02
6.183862294662745979e-02
6.182707184341842965e-02
6.181552307111542327e-02
6.180397662878014259e-02
6.179243251547580223e-02
6.178089073026715727e-02
6.176935127222055177e-02
6.175781414040378697e-02
6.174627933388623924e-02
6.173474685173884619e-02
6.172321669303400954e-02
6.171168885684567840e-02
6.170016334224930760e-02
6.168864014832189241e-02
6.167711927414189915e-02
6.166560071878932764e-02
6.165408448134565567e-02
6.164257056089386677e-02
6.163105895651846411e-02
6.161954966730537331e-02
6.160804269234206737e-02
6.159653803071747646e-02
6.158503568152201568e-02
6.157353564384755729e-02
6.156203791678745846e-02
6.155054249943653355e-02
6.153904939089110265e-02
6.152755859024882507e-02
6.151607009660895603e-02
6.150458390907211081e-02
6.149310002674041042e-02
6.148161844871736365e-02
6.147013917410795031e-02
6.145866220201856578e-02
6.144718753155707647e-02
6.143571516183275044e-02
6.142424509195623661e-02
6.141277732103970349e-02
6.140131184819666577e-02
6.138984867254205363e-02
6.137838779319225446e-02
6.136692920926500872e-02
6.135547291987949320e-02
6.134401892415622393e-02
6.133256722121720877e-02
6.132111781018582258e-02
6.130967069018672388e-02
6.129822586034609083e-02
6.128678331979142690e-02
6.127534306765159561e-02
6.126390510305686904e-02
6.125246942513885851e-02
6.124103603303059778e-02
6.122960492586634884e-02
6.121817610278192101e-02
6.120674956291435181e-02
6.119532530540205961e-02
6.118390332938482973e-02
6.117248363400377975e-02
6.116106621840137342e-02
6.114965108172139979e-02
6.113823822310899408e-02
6.112682764171065847e-02
6.111541933667415799e-02
6.110401330714858997e-02
6.109260955228446033e-02
6.108120807123349622e-02
6.106980886314877788e-02
6.105841192718468313e-02
6.104701726249692206e-02
6.103562486824248845e-02
6.102423474357968058e-02
6.101284688766810821e-02
6.100146129966867864e-02
6.099007797874352044e-02
6.097869692405619158e-02
6.096731813477136719e-02
6.095594161005515876e-02
6.094456734907482270e-02
6.093319535099900319e-02
6.092182561499753096e-02
6.091045814024153432e-02
6.089909292590346690e-02
6.088772997115690644e-02
6.087636927517681151e-02
6.086501083713936888e-02
6.085365465622199349e-02
6.084230073160334235e-02
6.083094906246333533e-02
6.081959964798315521e-02
6.080825248734519212e-02
6.079690757973306436e-02
6.078556492433168090e-02
6.077422452032710948e-02
6.076288636690669459e-02
6.075155046325894648e-02
6.074021680857366601e-02
6.072888540204184754e-02
6.071755624285567199e-02
6.070622933020854844e-02
6.069490466329510725e-02
6.068358224131117223e-02
6.067226206345374684e-02
6.066094412892108351e-02
6.064962843691256572e-02
6.063831498662883984e-02
6.062700377727168327e-02
6.061569480804410159e-02
6.060438807815024531e-02
6.059308358679545842e-02
6.058178133318628533e-02
6.057048131653040846e-02
6.055918353603671755e-02
6.054788799091524037e-02
6.053659468037719121e-02
6.052530360363491541e-02
6.051401475990195872e-02
6.050272814839300489e-02
6.049144376832388259e-02
6.048016161891155151e-02
6.046888169937419955e-02
6.045760400893104847e-02
6.044632854680254130e-02
6.043505531221025906e-02
6.042378430437683745e-02
6.041251552252616119e-02
6.040124896588312808e-02
6.038998463367387798e-02
6.037872252512557075e-02
6.036746263946653202e-02
6.035620497592624617e-02
6.034494953373523152e-02
6.033369631212520678e-02
6.032244531032892459e-02
6.031119652758026167e-02
6.029994996311425354e-02
6.028870561616694879e-02
6.027746348597557563e-02
6.026622357177841699e-02
