9.625283530000000587e-03
9.705384750000000532e-03
9.682465339999999851e-03
9.665627549999999957e-03
9.781162419999999552e-03
9.753687570000000792e-03
9.807410719999999638e-03
9.747276319999999619e-03
9.717728059999999890e-03
9.743627600000000569e-03
9.822958149999999958e-03
9.643153769999999320e-03
9.732928510000000630e-03
9.688117759999999995e-03
9.752489700000000275e-03
9.826383810000000399e-03
9.889387989999999864e-03
9.774556639999999394e-03
9.978621059999999779e-03
9.777748620000000293e-03
9.878718309999999503e-03
9.949279979999999662e-03
9.922140819999999625e-03
9.880445930000000473e-03
9.995021030000000514e-03
9.967198919999999823e-03
1.004239550000000057e-02
1.007927360000000078e-02
1.005028579999999935e-02
9.829290209999999237e-03
9.910679889999999409e-03
1.002916899999999924e-02
1.000653299999999975e-02
1.019782080000000007e-02
1.014607900000000056e-02
9.916243430000000816e-03
1.012922389999999957e-02
1.005401009999999998e-02
9.980543059999999467e-03
1.015869179999999948e-02
1.020043420000000048e-02
1.013592630000000050e-02
1.004439019999999946e-02
1.016284649999999942e-02
9.991869060000000205e-03
1.016335609999999973e-02
1.025891850000000029e-02
1.017098800000000060e-02
1.019100749999999993e-02
1.011784490000000071e-02
1.018078359999999988e-02
1.014111019999999926e-02
1.018105270000000014e-02
1.017890890000000027e-02
1.016318889999999996e-02
1.021753140000000032e-02
1.027081479999999991e-02
1.033188720000000060e-02
1.037183759999999941e-02
1.034349459999999929e-02
1.026979710000000025e-02
1.023656610000000036e-02
1.026685110000000005e-02
1.030576769999999934e-02
1.046832160000000025e-02
1.024767289999999921e-02
1.031352869999999956e-02
1.038169599999999929e-02
1.061425639999999913e-02
1.032406379999999992e-02
1.046803970000000084e-02
1.029284949999999949e-02
1.057732159999999998e-02
1.041744120000000044e-02
1.047656729999999967e-02
1.047049880000000023e-02
1.045090069999999975e-02
1.045364749999999968e-02
1.054341240000000041e-02
1.051691909999999917e-02
1.059895490000000058e-02
1.037160380000000034e-02
1.056324200000000046e-02
1.063148870000000037e-02
1.052393719999999977e-02
1.040898650000000002e-02
1.056680620000000070e-02
1.057544759999999931e-02
1.050817580000000008e-02
1.066194489999999946e-02
1.064154139999999929e-02
1.054064080000000070e-02
1.045033050000000047e-02
1.052791529999999934e-02
1.055779960000000073e-02
1.042020150000000020e-02
1.071872989999999963e-02
1.067442329999999939e-02
1.073350300000000014e-02
1.055342379999999955e-02
1.067995499999999966e-02
1.064856630000000047e-02
1.067900429999999942e-02
1.064739100000000084e-02
1.069367769999999933e-02
1.083625560000000057e-02
1.063791780000000048e-02
1.070129340000000075e-02
1.080881220000000018e-02
1.068227270000000027e-02
1.087321530000000085e-02
1.072483800000000043e-02
1.065053659999999972e-02
1.071402519999999949e-02
1.085309599999999958e-02
1.086848510000000025e-02
1.075586130000000078e-02
1.072283239999999999e-02
1.085759579999999967e-02
1.077281629999999983e-02
1.092067319999999973e-02
1.075319639999999972e-02
1.096275470000000057e-02
1.103668269999999972e-02
1.084731119999999931e-02
1.087972819999999917e-02
1.098300450000000081e-02
1.091110269999999959e-02
1.111093860000000010e-02
1.097122390000000031e-02
1.105169450000000053e-02
1.096603059999999921e-02
1.100624210000000075e-02
1.103134100000000006e-02
1.102623110000000052e-02
1.125273440000000048e-02
1.096373469999999996e-02
1.094271829999999938e-02
1.114685779999999987e-02
1.102198509999999937e-02
1.106207000000000024e-02
1.110726610000000066e-02
1.110440809999999924e-02
1.095888499999999981e-02
1.128131530000000063e-02
1.096347270000000082e-02
1.107426230000000018e-02
1.112297339999999968e-02
1.113440830000000069e-02
1.134910849999999985e-02
1.116222260000000049e-02
1.126798470000000066e-02
1.126109999999999958e-02
1.134490709999999916e-02
1.132835639999999963e-02
1.118533329999999923e-02
1.131945479999999990e-02
1.121788379999999995e-02
1.124176699999999973e-02
1.106161909999999957e-02
1.140828089999999968e-02
1.123578079999999930e-02
1.126594149999999954e-02
1.129843820000000013e-02
1.120795720000000023e-02
1.142127079999999927e-02
1.140811350000000071e-02
1.125009570000000056e-02
1.121854310000000056e-02
1.120786390000000007e-02
1.128452519999999931e-02
1.142266339999999970e-02
1.138584500000000034e-02
1.144196459999999999e-02
1.140514230000000059e-02
1.138347590000000041e-02
1.142191400000000003e-02
1.141514390000000073e-02
1.148610880000000035e-02
1.149991579999999972e-02
1.148656009999999943e-02
1.148838739999999935e-02
1.152266989999999915e-02
1.138653010000000021e-02
1.146186280000000002e-02
1.164393260000000027e-02
1.152985880000000074e-02
1.160154910000000053e-02
1.158343979999999947e-02
1.157869559999999930e-02
1.171576149999999962e-02
1.154446819999999964e-02
1.152712870000000001e-02
1.142294160000000003e-02
1.174666719999999977e-02
1.160636139999999920e-02
1.165563839999999955e-02
1.159257529999999960e-02
1.147832879999999972e-02
1.175578140000000001e-02
1.170443160000000059e-02
1.162789619999999961e-02
1.168448090000000043e-02
1.191889649999999974e-02
1.168584060000000049e-02
1.184300039999999950e-02
1.170340190000000030e-02
1.157435170000000076e-02
1.174712309999999954e-02
1.146711490000000035e-02
1.181649939999999954e-02
1.195496300000000074e-02
1.175449999999999932e-02
1.165692540000000041e-02
1.188362110000000006e-02
1.184908970000000082e-02
1.176700860000000001e-02
1.184536719999999994e-02
1.171359559999999959e-02
1.163103509999999924e-02
1.185142320000000075e-02
1.194446189999999984e-02
1.178837959999999921e-02
1.179705810000000049e-02
1.180486159999999916e-02
1.186748250000000011e-02
1.209664289999999934e-02
1.175734619999999932e-02
1.188369069999999951e-02
1.201416949999999963e-02
1.198266069999999982e-02
1.194551320000000055e-02
1.203939379999999920e-02
1.192992009999999971e-02
1.181556880000000052e-02
1.194634269999999936e-02
1.220407530000000053e-02
1.195169530000000056e-02
1.200340909999999921e-02
1.211230339999999975e-02
1.194568560000000036e-02
1.203302579999999955e-02
1.222140939999999919e-02
1.205358699999999929e-02
1.204007940000000054e-02
1.196345199999999942e-02
1.203273340000000045e-02
1.206035339999999949e-02
1.196242590000000036e-02
1.228380500000000007e-02
1.203721030000000011e-02
1.216264669999999985e-02
1.208976770000000020e-02
1.209299240000000046e-02
1.228526580000000035e-02
1.223983799999999941e-02
1.194468100000000040e-02
1.209092760000000065e-02
1.226641449999999953e-02
1.202146750000000069e-02
1.219047300000000028e-02
1.228214600000000073e-02
1.227555380000000008e-02
1.211563579999999987e-02
1.222775429999999920e-02
1.241721869999999964e-02
1.219310340000000041e-02
1.226196340000000086e-02
1.219044199999999925e-02
1.233329680000000081e-02
1.237515980000000043e-02
1.221079499999999998e-02
1.235748459999999951e-02
1.239916089999999922e-02
1.250690150000000056e-02
1.220126780000000029e-02
1.230140669999999978e-02
1.246980469999999994e-02
1.235693730000000067e-02
1.245431649999999973e-02
1.242890580000000078e-02
1.228561979999999963e-02
1.246107179999999919e-02
1.244528919999999921e-02
1.237724940000000003e-02
1.231983499999999947e-02
1.239628779999999916e-02
1.251966759999999929e-02
1.234291860000000067e-02
1.240369030000000074e-02
1.271435809999999986e-02
1.260223409999999995e-02
1.260188649999999938e-02
1.255869840000000022e-02
1.256771500000000014e-02
1.256578059999999969e-02
1.262122260000000072e-02
1.257109139999999965e-02
1.250987159999999987e-02
1.268964919999999996e-02
1.249525760000000027e-02
1.259128189999999918e-02
1.272007309999999974e-02
1.268914869999999973e-02
1.270067310000000046e-02
1.275480210000000045e-02
1.262506319999999981e-02
1.281695530000000020e-02
1.246392319999999922e-02
1.259554880000000009e-02
1.274033280000000032e-02
1.277607050000000022e-02
1.275511539999999930e-02
1.265905169999999996e-02
1.288860659999999971e-02
1.279953850000000067e-02
1.280460280000000027e-02
1.263449839999999935e-02
1.286072729999999942e-02
1.275564340000000067e-02
1.286248419999999962e-02
1.302527719999999924e-02
1.273017119999999940e-02
1.275624189999999963e-02
1.285110310000000047e-02
1.288047449999999913e-02
1.300166900000000042e-02
1.282791500000000050e-02
1.291265330000000017e-02
1.290652140000000080e-02
1.276390820000000009e-02
1.317852230000000034e-02
1.286405659999999979e-02
1.286405759999999926e-02
1.313388560000000073e-02
1.273759569999999980e-02
1.280842079999999945e-02
1.293827780000000004e-02
1.304380680000000008e-02
1.280633490000000069e-02
1.298774159999999990e-02
1.303153750000000076e-02
1.291173359999999923e-02
1.319500610000000004e-02
1.314973000000000010e-02
1.300335009999999993e-02
1.285136679999999976e-02
1.301711550000000071e-02
1.311078620000000021e-02
1.297453680000000033e-02
1.311294630000000086e-02
1.319526199999999927e-02
1.289270739999999991e-02
1.321534469999999933e-02
1.296134349999999991e-02
1.309469400000000047e-02
1.296019600000000022e-02
1.306511389999999960e-02
1.308567669999999988e-02
1.326791429999999924e-02
1.336243510000000023e-02
1.312834090000000037e-02
1.317378829999999931e-02
1.331140729999999960e-02
1.332645749999999962e-02
1.345094420000000034e-02
1.316280260000000056e-02
1.311103360000000044e-02
1.336993289999999918e-02
1.337531569999999941e-02
1.333022470000000057e-02
1.331931299999999929e-02
1.310267059999999963e-02
1.342544380000000072e-02
1.340962620000000008e-02
1.310749800000000041e-02
1.323201199999999959e-02
1.349222530000000059e-02
1.331056670000000004e-02
1.333083889999999924e-02
1.342002179999999927e-02
1.342157119999999940e-02
1.330754890000000051e-02
1.328161010000000058e-02
1.331446260000000020e-02
1.358159649999999934e-02
1.335326249999999916e-02
1.340278859999999989e-02
1.332707150000000083e-02
1.358370899999999937e-02
1.353048119999999965e-02
1.352790440000000045e-02
1.330390939999999932e-02
1.339839339999999990e-02
1.347483250000000056e-02
1.372577110000000079e-02
1.352104340000000009e-02
1.353551539999999984e-02
1.365267040000000057e-02
1.380910230000000072e-02
1.339988819999999962e-02
1.356753540000000050e-02
1.369906419999999958e-02
1.349445829999999964e-02
1.354496409999999922e-02
1.369295069999999954e-02
1.362880720000000066e-02
1.387071670000000062e-02
1.349954190000000019e-02
1.361892240000000046e-02
1.365202239999999990e-02
1.382642549999999956e-02
1.363939519999999954e-02
1.353844509999999925e-02
1.371302060000000045e-02
1.365167320000000052e-02
1.382751349999999935e-02
1.375127670000000045e-02
1.380692130000000031e-02
1.353610509999999927e-02
1.382063700000000020e-02
1.351522779999999972e-02
1.378157170000000008e-02
1.404841299999999918e-02
1.393102809999999941e-02
1.375117200000000074e-02
1.378435379999999946e-02
1.417545800000000016e-02
1.398428279999999919e-02
1.354878139999999946e-02
1.390229940000000004e-02
1.393206100000000079e-02
1.375850739999999982e-02
1.390515349999999969e-02
1.396583380000000069e-02
1.400374140000000024e-02
1.391363850000000048e-02
1.377248040000000028e-02
1.402037580000000012e-02
1.418069190000000035e-02
1.404621749999999947e-02
1.421513339999999972e-02
1.404030250000000077e-02
1.393755319999999930e-02
1.400201799999999976e-02
1.404130529999999925e-02
1.426030690000000024e-02
1.423667250000000030e-02
1.416173889999999998e-02
1.405834350000000066e-02
1.406220679999999924e-02
1.383670660000000004e-02
1.395104060000000069e-02
1.413838530000000038e-02
1.416091019999999971e-02
1.431454709999999998e-02
1.425281930000000044e-02
1.425288390000000079e-02
1.441402479999999951e-02
1.412262300000000081e-02
1.416749630000000044e-02
1.451612430000000058e-02
1.398455669999999935e-02
1.416612060000000013e-02
1.407667370000000029e-02
1.415483009999999979e-02
1.425301009999999959e-02
1.447101240000000025e-02
1.449495739999999942e-02
1.440115020000000065e-02
1.449042539999999962e-02
1.447076410000000014e-02
1.405838860000000086e-02
1.419891780000000041e-02
1.433570099999999931e-02
1.434280649999999935e-02
1.426043089999999916e-02
1.458342030000000025e-02
1.431589569999999929e-02
1.434603620000000045e-02
1.427535930000000015e-02
1.455304269999999935e-02
1.444777440000000017e-02
1.446498490000000005e-02
1.442213850000000075e-02
1.427928499999999920e-02
1.416759329999999970e-02
1.470000299999999968e-02
1.457294779999999956e-02
1.457348829999999956e-02
1.471805120000000029e-02
1.432783309999999949e-02
1.454614429999999924e-02
1.487410299999999963e-02
1.469296139999999931e-02
1.434119160000000073e-02
1.463399160000000004e-02
1.463088090000000049e-02
1.467429320000000065e-02
1.485843199999999954e-02
1.415345590000000042e-02
1.483267870000000085e-02
1.465516610000000032e-02
1.459157300000000004e-02
1.467027410000000011e-02
1.462618019999999998e-02
1.490107809999999949e-02
1.437720879999999923e-02
1.479897900000000030e-02
1.454717290000000045e-02
1.463029809999999951e-02
1.466383589999999994e-02
1.476732390000000048e-02
1.465297720000000026e-02
1.476953389999999949e-02
1.484764539999999973e-02
1.473844350000000011e-02
1.464137670000000002e-02
1.502163559999999953e-02
1.492759710000000038e-02
1.510098919999999963e-02
1.498677359999999945e-02
1.520740110000000020e-02
1.482091060000000071e-02
1.498492340000000082e-02
1.498462419999999941e-02
1.506098699999999964e-02
1.511994269999999974e-02
1.516958210000000050e-02
1.476874849999999968e-02
1.498708049999999958e-02
1.477732309999999979e-02
1.501701060000000011e-02
1.502301259999999986e-02
1.500014319999999970e-02
1.523699010000000020e-02
1.524268600000000008e-02
1.499036460000000015e-02
1.534011880000000008e-02
1.501611610000000083e-02
1.533724570000000002e-02
1.505256729999999987e-02
1.488377540000000027e-02
1.533183769999999987e-02
1.482515709999999987e-02
1.501576399999999915e-02
1.534593520000000072e-02
1.496233549999999995e-02
1.505338210000000017e-02
1.543255129999999975e-02
1.537887419999999991e-02
1.518668509999999972e-02
1.526673790000000058e-02
1.552152239999999954e-02
1.504948159999999931e-02
1.529915930000000021e-02
1.525515839999999970e-02
1.534923420000000073e-02
1.529797939999999988e-02
1.539610549999999994e-02
1.523966589999999934e-02
1.541501900000000029e-02
1.530894569999999982e-02
1.535613029999999962e-02
1.515949550000000000e-02
1.542784359999999945e-02
1.569965280000000171e-02
1.539158879999999972e-02
1.530375670000000063e-02
1.556703800000000006e-02
1.568715190000000148e-02
1.519311240000000007e-02
1.550225069999999934e-02
1.545774259999999935e-02
1.548870840000000047e-02
1.537353630000000068e-02
1.568632390000000015e-02
1.558714249999999975e-02
1.565901709999999863e-02
1.578660999999999953e-02
1.540126730000000027e-02
1.553440619999999980e-02
1.547183430000000082e-02
1.575597650000000113e-02
1.534837250000000049e-02
1.566344310000000045e-02
1.555393669999999978e-02
1.557197960000000075e-02
1.577091409999999833e-02
1.550095110000000026e-02
1.565317750000000049e-02
1.583783100000000013e-02
1.571873409999999943e-02
1.595649669999999951e-02
1.550236349999999964e-02
1.554348409999999937e-02
1.583131689999999966e-02
1.548868349999999935e-02
1.568992500000000040e-02
1.574014669999999894e-02
1.601240469999999985e-02
1.578639030000000137e-02
1.580133189999999993e-02
1.598984729999999854e-02
1.583045300000000127e-02
1.581967650000000100e-02
1.571131929999999843e-02
1.629974910000000013e-02
1.585203430000000149e-02
1.574301980000000073e-02
1.582009900000000066e-02
1.604348309999999861e-02
1.586956540000000054e-02
1.589718450000000144e-02
1.587969449999999949e-02
1.570703249999999898e-02
1.587532830000000159e-02
1.578296389999999869e-02
1.587683540000000074e-02
1.600815959999999857e-02
1.598349450000000060e-02
1.611778980000000069e-02
1.595116619999999846e-02
1.629140030000000156e-02
1.587226809999999974e-02
1.626473399999999944e-02
1.591908510000000082e-02
1.577691410000000086e-02
1.606804040000000058e-02
1.592421700000000093e-02
1.599200250000000142e-02
1.629374700000000079e-02
1.642302229999999946e-02
1.593785160000000048e-02
1.638071619999999923e-02
1.613063810000000056e-02
1.629730449999999831e-02
1.614684289999999967e-02
1.637474750000000173e-02
1.623203919999999939e-02
1.612779510000000166e-02
1.642781280000000024e-02
1.624901670000000048e-02
1.647543040000000111e-02
1.615969119999999953e-02
1.629384089999999854e-02
1.626327500000000065e-02
1.640477770000000127e-02
1.625737270000000151e-02
1.611703399999999883e-02
1.656817199999999907e-02
1.644469150000000060e-02
1.636387029999999965e-02
1.595447490000000135e-02
1.672771760000000066e-02
1.631663480000000027e-02
1.589348130000000150e-02
1.631748790000000018e-02
1.652842100000000147e-02
1.654020080000000170e-02
1.640720329999999921e-02
1.686548350000000029e-02
1.648694469999999884e-02
1.683797249999999940e-02
1.633933840000000026e-02
1.659260729999999934e-02
1.661238560000000142e-02
1.677573060000000019e-02
1.641440060000000020e-02
1.641024940000000015e-02
1.695628680000000124e-02
1.699424310000000049e-02
1.693575480000000105e-02
1.667154829999999838e-02
1.648317549999999895e-02
1.670815609999999965e-02
1.628102489999999972e-02
1.675604320000000091e-02
1.721287189999999925e-02
1.660095069999999867e-02
1.694932639999999907e-02
1.689302570000000142e-02
1.702870429999999921e-02
1.680128590000000074e-02
1.680525180000000049e-02
1.704168019999999922e-02
1.651684579999999902e-02
1.658551429999999965e-02
1.702756899999999934e-02
1.719087910000000052e-02
1.664355429999999844e-02
1.682155169999999950e-02
1.719929519999999906e-02
1.682917730000000126e-02
1.670178229999999889e-02
1.676235740000000043e-02
1.639748239999999982e-02
1.686348439999999990e-02
1.697664549999999828e-02
1.698458090000000073e-02
1.731971569999999835e-02
1.710980629999999877e-02
1.682290919999999967e-02
1.691137540000000120e-02
1.685750910000000102e-02
1.722976680000000080e-02
1.706882759999999929e-02
1.698515410000000017e-02
1.708892830000000029e-02
1.727762979999999948e-02
1.713384540000000011e-02
1.712748349999999864e-02
1.728151509999999863e-02
1.727121189999999973e-02
1.716150270000000103e-02
1.718543689999999999e-02
1.707369560000000092e-02
1.743660970000000116e-02
1.745425219999999916e-02
1.723279739999999949e-02
1.722370859999999837e-02
1.731507759999999924e-02
1.752134160000000038e-02
1.724795809999999860e-02
1.725139300000000028e-02
1.740393180000000123e-02
1.720128649999999940e-02
1.733024530000000160e-02
1.756286459999999855e-02
1.751769590000000140e-02
1.725994700000000118e-02
1.720163400000000037e-02
1.742710570000000070e-02
1.780832629999999986e-02
1.741818289999999894e-02
1.733719889999999972e-02
1.753041439999999951e-02
1.717444679999999974e-02
1.721272570000000057e-02
1.734203449999999896e-02
1.741247989999999968e-02
1.755510050000000030e-02
1.777488680000000043e-02
1.770143680000000122e-02
1.751261059999999897e-02
1.791036060000000124e-02
1.750090309999999955e-02
1.776787679999999869e-02
1.787701690000000065e-02
1.740355730000000059e-02
1.793796179999999907e-02
1.793350130000000153e-02
1.804246619999999926e-02
1.760024170000000152e-02
1.792905889999999933e-02
1.788636999999999866e-02
1.755296779999999945e-02
1.769680620000000162e-02
1.788289050000000172e-02
1.785768310000000053e-02
1.769729479999999910e-02
1.747227169999999996e-02
1.777033990000000119e-02
1.768787139999999924e-02
1.804346249999999943e-02
1.818120880000000106e-02
1.756209259999999897e-02
1.754254569999999860e-02
1.750965399999999950e-02
1.823000760000000053e-02
1.806294510000000172e-02
1.777629030000000068e-02
1.817343559999999927e-02
1.779391890000000045e-02
1.782773849999999896e-02
1.791597340000000010e-02
1.802839679999999889e-02
1.805879219999999979e-02
1.864211080000000020e-02
1.840954889999999941e-02
1.777919689999999872e-02
1.793941660000000077e-02
1.782194819999999985e-02
1.780039149999999848e-02
1.799833699999999967e-02
1.784192730000000102e-02
1.810238939999999838e-02
1.834325059999999952e-02
1.823803059999999990e-02
1.777274499999999952e-02
1.788651379999999999e-02
1.837929220000000113e-02
1.791041219999999975e-02
1.816025530000000068e-02
1.823959550000000054e-02
1.831125249999999982e-02
1.820388270000000003e-02
1.869651229999999900e-02
1.787740540000000086e-02
1.813286810000000124e-02
1.839348769999999897e-02
1.859321410000000160e-02
1.778842200000000165e-02
1.803817350000000083e-02
1.810873090000000157e-02
1.792233400000000157e-02
1.877441100000000127e-02
1.849537559999999900e-02
1.876692140000000078e-02
1.833493320000000038e-02
1.836347539999999903e-02
1.885348579999999996e-02
1.846810139999999906e-02
1.824117139999999887e-02
1.866894750000000144e-02
1.816036769999999911e-02
1.854299759999999964e-02
1.812293049999999864e-02
1.844057610000000152e-02
1.832388709999999837e-02
1.859089079999999908e-02
1.845358490000000018e-02
1.850783810000000001e-02
1.807862320000000120e-02
1.856759259999999842e-02
1.845200740000000131e-02
1.840944560000000105e-02
1.849123750000000038e-02
1.835976710000000039e-02
1.882530950000000161e-02
1.824143209999999973e-02
1.893501029999999918e-02
1.872061170000000052e-02
1.882202750000000133e-02
1.868878839999999972e-02
1.864567170000000149e-02
1.865001269999999947e-02
1.846918219999999985e-02
1.883048459999999910e-02
1.863132160000000037e-02
1.916065830000000109e-02
1.911850600000000039e-02
1.933857090000000098e-02
1.898351699999999836e-02
1.835624790000000076e-02
1.872141750000000035e-02
1.902459810000000154e-02
1.898506410000000075e-02
1.877393939999999831e-02
1.879762329999999995e-02
1.881417100000000106e-02
1.856359609999999952e-02
1.937114950000000044e-02
1.948118110000000153e-02
1.946842910000000024e-02
1.942650209999999961e-02
1.874149480000000118e-02
1.915390230000000096e-02
1.904946160000000124e-02
1.921386669999999852e-02
1.871898079999999992e-02
1.933113319999999954e-02
1.934399109999999922e-02
1.891408790000000117e-02
1.863696119999999970e-02
1.938852829999999916e-02
1.904722589999999910e-02
1.886694049999999845e-02
1.878292570000000133e-02
1.935957250000000171e-02
1.931645939999999950e-02
1.903432849999999940e-02
1.941414149999999908e-02
1.938000889999999879e-02
1.943344990000000008e-02
1.932906980000000108e-02
1.917031199999999838e-02
1.903084730000000058e-02
1.919189879999999918e-02
1.968574309999999994e-02
1.911096040000000162e-02
1.895092040000000144e-02
1.941422370000000022e-02
2.014918989999999951e-02
2.000127999999999975e-02
1.947033399999999886e-02
1.916828229999999883e-02
1.950719110000000145e-02
1.957679680000000075e-02
1.925376869999999990e-02
1.973677780000000076e-02
1.969783270000000086e-02
1.961375900000000144e-02
1.970879279999999956e-02
1.938573630000000117e-02
1.994190180000000173e-02
1.952843439999999917e-02
1.935161759999999911e-02
1.902967770000000072e-02
1.958293679999999898e-02
1.945173379999999910e-02
1.964706849999999991e-02
1.981565420000000119e-02
1.906394369999999880e-02
1.983805240000000025e-02
1.965923749999999928e-02
2.006313770000000066e-02
1.922434489999999899e-02
1.926250280000000106e-02
1.975532220000000144e-02
1.981909290000000157e-02
1.996736199999999892e-02
2.022185840000000068e-02
1.949381470000000061e-02
2.012136269999999921e-02
2.022890080000000132e-02
1.964109810000000053e-02
2.004276890000000061e-02
1.971184239999999865e-02
2.006238780000000124e-02
1.974842179999999892e-02
2.023198199999999905e-02
2.039156810000000014e-02
1.982951239999999893e-02
2.001585109999999904e-02
2.008355709999999975e-02
2.041064799999999999e-02
1.974005800000000130e-02
1.966105989999999970e-02
2.049869559999999841e-02
2.006076379999999909e-02
1.964739490000000019e-02
2.048485629999999974e-02
2.041861459999999920e-02
2.009197780000000072e-02
2.012353789999999851e-02
2.028467169999999958e-02
2.004291340000000088e-02
2.060205810000000082e-02
2.018754539999999958e-02
2.016856649999999862e-02
2.052116069999999903e-02
2.052800189999999872e-02
2.032020260000000009e-02
2.010413800000000056e-02
2.020486479999999974e-02
1.994850349999999911e-02
2.019313869999999830e-02
2.071150169999999915e-02
2.002015689999999890e-02
2.040538529999999864e-02
2.060557920000000154e-02
2.085753519999999916e-02
2.024491440000000114e-02
2.027527089999999962e-02
2.081197870000000075e-02
2.052853870000000136e-02
2.078162509999999935e-02
2.052156289999999828e-02
2.064558019999999938e-02
2.022069209999999978e-02
2.044481360000000025e-02
2.055800779999999994e-02
2.097329300000000049e-02
2.101981030000000042e-02
2.099385949999999987e-02
2.074506259999999921e-02
2.059117480000000056e-02
2.054138999999999965e-02
2.087700450000000083e-02
2.101507420000000084e-02
2.077164919999999887e-02
2.134851200000000004e-02
2.034093299999999854e-02
2.078155279999999855e-02
2.118669130000000109e-02
2.118766019999999972e-02
2.106697160000000138e-02
2.041295799999999841e-02
2.056984749999999848e-02
2.089851649999999866e-02
2.144809160000000006e-02
2.092932219999999940e-02
2.094102139999999904e-02
2.090597220000000103e-02
2.049096320000000013e-02
2.073813249999999914e-02
2.106721900000000161e-02
2.136537629999999896e-02
2.087308839999999985e-02
2.120154860000000169e-02
2.101004290000000121e-02
2.059803110000000062e-02
2.093601590000000040e-02
2.077383949999999854e-02
2.091109799999999949e-02
2.126543380000000052e-02
2.078306200000000145e-02
2.069867469999999918e-02
2.163135719999999956e-02
2.054955400000000112e-02
2.071938679999999963e-02
2.118636009999999917e-02
2.068317819999999918e-02
2.064189769999999827e-02
2.165891270000000132e-02
2.164162190000000138e-02
2.101980540000000092e-02
2.111279690000000125e-02
2.110630269999999933e-02
2.152023730000000162e-02
2.098693479999999903e-02
2.137423579999999865e-02
2.101216490000000145e-02
2.139751770000000025e-02
2.164145300000000147e-02
2.136178819999999881e-02
2.126037139999999853e-02
2.117465439999999949e-02
2.139070519999999864e-02
2.114630170000000170e-02
2.197935490000000117e-02
2.139502479999999887e-02
2.128446299999999999e-02
2.134041139999999850e-02
2.162510379999999996e-02
2.169934130000000100e-02
2.149681059999999921e-02
2.164842780000000161e-02
2.148598460000000071e-02
2.144582960000000066e-02
2.136142389999999905e-02
2.177007040000000088e-02
2.093641309999999880e-02
2.129714270000000048e-02
2.167012139999999892e-02
2.187650349999999827e-02
2.163019210000000081e-02
2.157960650000000091e-02
2.168459749999999964e-02
2.139070519999999864e-02
2.159445080000000142e-02
2.204661520000000124e-02
2.200369719999999835e-02
2.187319290000000124e-02
2.198392669999999979e-02
2.195228009999999896e-02
2.142528850000000040e-02
2.209763290000000061e-02
2.134521069999999882e-02
2.204413380000000075e-02
2.133284120000000089e-02
2.123847519999999892e-02
2.262925949999999853e-02
2.149193069999999831e-02
2.225518510000000158e-02
2.185507199999999969e-02
2.146803049999999879e-02
2.255508789999999958e-02
2.184677780000000152e-02
2.243501830000000155e-02
2.235988460000000108e-02
2.228662039999999844e-02
2.185057580000000083e-02
2.156141859999999993e-02
2.249577289999999882e-02
2.264111339999999931e-02
2.202112529999999957e-02
2.203537029999999911e-02
2.209819089999999833e-02
2.220225320000000085e-02
2.251693509999999968e-02
2.236842309999999973e-02
2.184023289999999923e-02
2.252299040000000155e-02
2.244515089999999866e-02
2.262002100000000057e-02
2.224809449999999925e-02
2.205982899999999955e-02
2.229081150000000039e-02
2.204328079999999870e-02
2.191812929999999854e-02
2.226119840000000127e-02
2.150477849999999844e-02
2.280744389999999830e-02
2.261777289999999940e-02
2.209230070000000115e-02
2.280649170000000059e-02
2.235895749999999849e-02
2.296912580000000023e-02
2.220830559999999870e-02
2.185913100000000039e-02
2.303354139999999953e-02
2.241735300000000097e-02
2.310744140000000127e-02
2.243671870000000027e-02
2.269678920000000114e-02
2.298283019999999843e-02
2.223359609999999917e-02
2.284461429999999973e-02
2.223022419999999902e-02
2.308165510000000087e-02
2.238284769999999979e-02
2.261859969999999859e-02
2.321806090000000031e-02
2.253059699999999943e-02
2.243344889999999980e-02
2.263160599999999856e-02
2.279636770000000034e-02
2.298372950000000109e-02
2.287749180000000007e-02
2.283582550000000030e-02
2.300364239999999963e-02
2.276330019999999940e-02
2.274802030000000128e-02
2.310235390000000069e-02
2.303644310000000153e-02
2.273338319999999857e-02
2.379654180000000119e-02
2.327389560000000038e-02
2.344366880000000111e-02
2.300928610000000166e-02
2.277724100000000015e-02
2.356591170000000082e-02
2.330339589999999919e-02
2.290744889999999853e-02
2.302983550000000171e-02
2.324098679999999847e-02
2.309973740000000053e-02
2.343529089999999912e-02
2.317081309999999977e-02
2.305187980000000109e-02
2.266492989999999846e-02
2.281783919999999868e-02
2.325264339999999832e-02
2.379980510000000160e-02
2.328116419999999923e-02
2.348257239999999857e-02
2.267824220000000043e-02
2.384356470000000006e-02
2.371417790000000109e-02
2.341544970000000031e-02
2.315565890000000071e-02
2.322561849999999969e-02
2.345960609999999877e-02
2.308860890000000166e-02
2.420482880000000142e-02
2.312023129999999857e-02
2.387707089999999838e-02
2.322191239999999920e-02
2.360329400000000036e-02
2.368134530000000001e-02
2.367537930000000040e-02
2.323840469999999964e-02
2.365212950000000064e-02
2.289626930000000088e-02
2.344165440000000114e-02
2.428121139999999886e-02
2.362796439999999970e-02
2.403049390000000160e-02
2.355105970000000160e-02
2.297113110000000014e-02
2.374249880000000104e-02
2.411289570000000118e-02
2.366930650000000080e-02
2.355442790000000092e-02
2.387338229999999908e-02
2.366026190000000001e-02
2.318127130000000036e-02
2.396063119999999880e-02
2.496334639999999924e-02
2.451972830000000159e-02
2.390283710000000103e-02
2.416126260000000039e-02
2.449547599999999867e-02
2.395908310000000041e-02
2.414116670000000103e-02
2.391420689999999849e-02
2.341331870000000134e-02
2.418385890000000066e-02
2.453282030000000086e-02
2.391141420000000156e-02
2.379975000000000146e-02
2.390233790000000080e-02
2.461182890000000040e-02
2.410110780000000036e-02
2.472071220000000152e-02
2.403561140000000027e-02
2.386793159999999955e-02
2.419041120000000114e-02
2.483741260000000076e-02
2.397156469999999970e-02
2.427900180000000172e-02
2.493950740000000152e-02
2.467446800000000148e-02
2.456250839999999866e-02
2.467026300000000130e-02
2.369209829999999878e-02
2.448086990000000046e-02
2.415392560000000077e-02
2.396948310000000110e-02
2.464556869999999858e-02
2.440114029999999878e-02
2.384115259999999847e-02
2.416950080000000028e-02
2.454139160000000028e-02
2.434657109999999874e-02
2.454637479999999955e-02
2.508564120000000147e-02
2.450287220000000113e-02
2.437587750000000039e-02
2.459891950000000008e-02
2.553777360000000080e-02
2.441303049999999850e-02
2.445966620000000064e-02
2.435226669999999982e-02
2.520728399999999994e-02
2.423196990000000065e-02
2.520662640000000121e-02
2.485305020000000073e-02
2.520739430000000156e-02
2.495976830000000077e-02
2.454749490000000117e-02
2.457519520000000027e-02
2.371969300000000003e-02
2.572886749999999875e-02
2.392066350000000147e-02
2.470136590000000104e-02
2.486843149999999961e-02
2.473856530000000109e-02
2.497191929999999921e-02
2.466081369999999912e-02
2.494562980000000069e-02
2.506360020000000105e-02
2.498577410000000013e-02
2.538972269999999892e-02
2.512880030000000028e-02
2.477938270000000151e-02
2.490289630000000129e-02
2.509721529999999964e-02
2.503841000000000053e-02
2.520293740000000005e-02
2.526705259999999925e-02
2.603738090000000047e-02
2.502500129999999864e-02
2.522625599999999899e-02
2.505047709999999941e-02
2.512916960000000088e-02
2.535231259999999945e-02
2.463748530000000117e-02
2.574237990000000087e-02
2.500169860000000036e-02
2.600699570000000044e-02
2.571344659999999852e-02
2.565272559999999882e-02
2.598092609999999927e-02
2.546455359999999848e-02
2.490555009999999986e-02
2.537404929999999975e-02
2.558463069999999950e-02
2.549504329999999902e-02
2.482415010000000102e-02
2.574193370000000050e-02
2.636917819999999926e-02
2.525968049999999937e-02
2.613609240000000153e-02
2.528077629999999840e-02
2.556127429999999895e-02
2.537305869999999935e-02
2.552143650000000125e-02
2.540283570000000102e-02
2.533611360000000146e-02
2.587194160000000007e-02
2.530423559999999891e-02
2.593140719999999927e-02
2.551588299999999962e-02
2.557123249999999903e-02
2.614724909999999874e-02
2.618211100000000097e-02
2.597217630000000013e-02
2.649071009999999851e-02
2.539498470000000133e-02
2.680680770000000088e-02
2.613999200000000078e-02
2.618556650000000013e-02
2.606508020000000009e-02
2.585935079999999997e-02
2.609281369999999836e-02
2.497089989999999940e-02
2.558393839999999891e-02
2.636456530000000006e-02
2.674481719999999979e-02
2.545109040000000100e-02
2.591711030000000068e-02
2.619492780000000007e-02
2.683142999999999986e-02
2.609074290000000171e-02
2.689662729999999988e-02
2.610945430000000123e-02
2.601986870000000049e-02
2.631845080000000045e-02
2.549961770000000114e-02
2.636725560000000024e-02
2.697185599999999892e-02
2.663537590000000094e-02
2.647479989999999839e-02
2.612370879999999923e-02
2.664411549999999920e-02
2.681192400000000087e-02
2.668372780000000111e-02
2.566358109999999915e-02
2.639823029999999876e-02
2.656051840000000011e-02
2.677947749999999918e-02
2.628082140000000122e-02
2.717832170000000075e-02
2.652333850000000021e-02
2.600643409999999975e-02
2.690534140000000116e-02
2.724033080000000037e-02
2.671189859999999888e-02
2.643253309999999898e-02
2.621573270000000094e-02
2.649113070000000056e-02
2.661929890000000118e-02
2.675789370000000028e-02
2.666815960000000138e-02
2.659910979999999953e-02
2.785554250000000023e-02
2.695710750000000072e-02
2.730576280000000106e-02
2.580453339999999943e-02
2.670850249999999829e-02
2.713798840000000018e-02
2.753212769999999893e-02
2.729280779999999906e-02
2.808096159999999911e-02
2.637305939999999918e-02
2.687313909999999861e-02
2.678870159999999917e-02
2.719316880000000047e-02
2.687382859999999998e-02
2.690334410000000051e-02
2.705967249999999963e-02
2.687520120000000054e-02
2.707623619999999925e-02
2.760175280000000050e-02
2.663615570000000057e-02
2.654841349999999961e-02
2.738382370000000052e-02
2.789847280000000082e-02
2.707881939999999890e-02
2.746118519999999827e-02
2.833012979999999931e-02
2.655197290000000168e-02
2.768210059999999875e-02
2.780310960000000053e-02
2.741554250000000081e-02
2.796719979999999842e-02
2.764744560000000073e-02
2.705317839999999904e-02
2.786078130000000166e-02
2.777991280000000063e-02
2.676222810000000035e-02
2.912623779999999954e-02
2.881106810000000004e-02
2.873751089999999897e-02
2.781582930000000078e-02
2.746909869999999976e-02
2.754007680000000041e-02
2.807908110000000013e-02
2.761273939999999913e-02
2.750569220000000092e-02
2.786276680000000089e-02
2.862162949999999886e-02
2.808542539999999907e-02
2.846039350000000023e-02
2.838453709999999922e-02
2.846552730000000142e-02
2.804611259999999912e-02
2.796364470000000171e-02
2.752265190000000028e-02
2.823224610000000037e-02
2.826281970000000046e-02
2.893220989999999854e-02
2.720332580000000069e-02
2.819613899999999854e-02
2.741258209999999917e-02
2.811837710000000129e-02
2.817440289999999931e-02
2.766541579999999903e-02
2.769655260000000035e-02
2.830576149999999847e-02
2.771660290000000151e-02
2.915086520000000070e-02
2.821362709999999940e-02
2.842336120000000035e-02
2.685865449999999890e-02
2.704391969999999853e-02
2.780366789999999880e-02
2.765195460000000049e-02
2.752917449999999974e-02
2.854402740000000147e-02
2.947070499999999982e-02
2.728212890000000085e-02
2.730910939999999995e-02
2.855521719999999999e-02
2.883826080000000125e-02
2.816637989999999994e-02
2.860369880000000059e-02
2.830903790000000031e-02
3.010509540000000026e-02
2.902056890000000167e-02
2.880292460000000165e-02
2.803635980000000055e-02
2.802474829999999917e-02
2.895387420000000017e-02
2.948762629999999996e-02
2.801752869999999881e-02
2.925610370000000099e-02
2.925677770000000011e-02
2.956103679999999914e-02
2.902878169999999897e-02
2.944717620000000119e-02
2.828315749999999948e-02
2.880228409999999878e-02
2.841245579999999993e-02
2.916974649999999961e-02
2.891602370000000144e-02
2.878323990000000027e-02
2.838476399999999983e-02
2.889866840000000076e-02
2.875327639999999962e-02
3.067806780000000011e-02
2.927836279999999902e-02
2.919273509999999877e-02
2.984652130000000139e-02
2.844541420000000140e-02
2.989333200000000162e-02
2.969955679999999876e-02
2.862365099999999996e-02
2.854149419999999979e-02
2.850075250000000046e-02
3.046232789999999899e-02
2.905780770000000041e-02
2.858718960000000003e-02
3.006715119999999949e-02
2.985167190000000137e-02
2.930279259999999872e-02
2.949202630000000158e-02
2.884048170000000008e-02
2.955743220000000074e-02
2.904407139999999957e-02
2.882994830000000161e-02
2.981122979999999839e-02
2.938481069999999973e-02
2.811404849999999886e-02
2.983260890000000165e-02
2.989637640000000068e-02
2.981858830000000057e-02
2.982057379999999980e-02
2.938363529999999876e-02
2.868319410000000000e-02
2.936152070000000100e-02
2.933621440000000122e-02
2.901478500000000127e-02
2.996758899999999934e-02
3.098925950000000137e-02
2.975480399999999928e-02
2.940430080000000154e-02
2.978801799999999944e-02
3.048797970000000079e-02
2.975922329999999838e-02
3.002295370000000047e-02
3.039013139999999918e-02
2.984323620000000135e-02
2.913057529999999937e-02
3.032558169999999970e-02
3.038381639999999939e-02
3.016302920000000012e-02
2.951282989999999898e-02
3.070518549999999916e-02
3.010897579999999990e-02
2.974822959999999863e-02
2.985815129999999998e-02
3.080806520000000173e-02
2.959103180000000055e-02
2.980887499999999857e-02
3.196742579999999750e-02
2.959992399999999968e-02
3.067547990000000016e-02
2.936290559999999925e-02
3.126129879999999667e-02
3.165409579999999695e-02
3.006869449999999971e-02
3.064802380000000021e-02
3.088269219999999898e-02
2.918391479999999857e-02
3.010714659999999890e-02
2.990942250000000122e-02
3.147052980000000083e-02
3.122481120000000082e-02
2.983637440000000071e-02
3.039650639999999862e-02
3.107939579999999952e-02
3.070870919999999990e-02
3.004366959999999961e-02
2.930769340000000112e-02
3.155901540000000116e-02
2.972151379999999829e-02
3.105313410000000093e-02
2.972508089999999908e-02
3.040661849999999958e-02
3.034939229999999988e-02
3.009417290000000050e-02
3.123662810000000026e-02
3.093924270000000115e-02
3.058866749999999968e-02
3.040290279999999928e-02
3.020441420000000154e-02
2.952810479999999974e-02
2.930150600000000147e-02
3.083288299999999843e-02
3.066165289999999918e-02
3.162740630000000081e-02
3.198085149999999738e-02
3.144377899999999809e-02
3.103221800000000030e-02
2.981879219999999941e-02
2.979338410000000048e-02
3.170038099999999970e-02
3.168052140000000155e-02
3.121094170000000140e-02
3.075071680000000113e-02
3.175319000000000058e-02
3.204940020000000139e-02
3.118529239999999828e-02
3.102544000000000135e-02
3.059965040000000094e-02
3.071833499999999939e-02
3.124669089999999871e-02
3.133729469999999712e-02
3.080655560000000043e-02
3.098274139999999954e-02
3.230097590000000074e-02
3.138396059999999654e-02
3.123123230000000167e-02
3.103118020000000116e-02
3.257849239999999896e-02
3.227716030000000319e-02
3.214891050000000250e-02
3.231829199999999847e-02
3.110222949999999834e-02
3.082742529999999911e-02
3.126787069999999863e-02
3.195488479999999964e-02
3.247991630000000157e-02
3.250449130000000048e-02
3.228954939999999912e-02
3.163464330000000102e-02
3.278116670000000288e-02
3.197733729999999858e-02
3.267866130000000174e-02
3.247057939999999782e-02
3.151433010000000146e-02
3.272731849999999804e-02
3.264708849999999746e-02
3.186497829999999920e-02
3.355022650000000217e-02
3.155857249999999975e-02
3.173348690000000333e-02
3.241522000000000153e-02
3.203742159999999756e-02
3.239212529999999785e-02
3.180239910000000336e-02
3.231827510000000181e-02
3.292298679999999811e-02
3.325485739999999718e-02
3.230097590000000074e-02
3.225851899999999939e-02
3.165766490000000016e-02
3.278352259999999657e-02
3.169984509999999867e-02
3.372956299999999713e-02
3.310153629999999791e-02
3.227621170000000150e-02
3.257292810000000233e-02
3.205384079999999691e-02
3.293106149999999732e-02
3.275811709999999766e-02
3.177221449999999975e-02
3.249043170000000258e-02
3.284660169999999851e-02
3.276901349999999935e-02
3.246365920000000155e-02
3.243274680000000215e-02
3.295362260000000293e-02
3.289521499999999848e-02
3.255905790000000050e-02
3.255934369999999994e-02
3.284288949999999985e-02
3.295499999999999818e-02
3.380784740000000038e-02
3.210308480000000075e-02
3.335654939999999763e-02
3.176362669999999860e-02
3.347179570000000104e-02
3.254529490000000053e-02
3.397043150000000206e-02
3.231217530000000254e-02
3.342589029999999684e-02
3.406937759999999898e-02
3.326774090000000211e-02
3.280058310000000255e-02
3.286684709999999898e-02
3.180429760000000328e-02
3.382800820000000236e-02
3.232515999999999862e-02
3.361071899999999724e-02
3.417446610000000190e-02
3.226495220000000219e-02
3.398243089999999911e-02
3.275391870000000233e-02
3.269346769999999930e-02
3.236260340000000207e-02
3.367829879999999915e-02
3.366829560000000193e-02
3.417238079999999900e-02
3.283478830000000070e-02
3.246084409999999698e-02
3.313724340000000212e-02
3.497178079999999772e-02
3.340725449999999708e-02
3.374479019999999940e-02
3.394970559999999776e-02
3.287101109999999993e-02
3.486351590000000278e-02
3.289512659999999783e-02
3.394038619999999867e-02
3.433309009999999800e-02
3.445350999999999969e-02
3.423789829999999978e-02
3.512843090000000029e-02
3.326889820000000081e-02
3.233968859999999945e-02
3.235630860000000136e-02
3.450578900000000199e-02
3.457126950000000143e-02
3.374091569999999873e-02
3.435985149999999655e-02
3.258577890000000088e-02
3.331600039999999679e-02
3.238597890000000090e-02
3.321560099999999738e-02
3.417148810000000120e-02
3.372317629999999761e-02
3.467923970000000300e-02
3.403940049999999717e-02
3.394085899999999684e-02
3.341631629999999853e-02
3.490374759999999993e-02
3.487422729999999776e-02
3.336262560000000099e-02
3.400692560000000142e-02
3.418222550000000332e-02
3.522361710000000007e-02
3.536339430000000339e-02
3.322242499999999987e-02
3.403671090000000288e-02
3.403990469999999824e-02
3.528221210000000163e-02
3.576037349999999782e-02
3.350225540000000002e-02
3.325938690000000003e-02
3.486481109999999689e-02
3.396124100000000312e-02
3.525480200000000175e-02
3.534943129999999767e-02
3.483227400000000334e-02
3.437509770000000270e-02
3.575857849999999893e-02
3.423380320000000282e-02
3.490260960000000218e-02
3.602695980000000103e-02
3.426297200000000265e-02
3.582925819999999845e-02
3.514547590000000055e-02
3.338570569999999710e-02
3.450345839999999914e-02
3.377550299999999839e-02
3.512104480000000084e-02
3.442946320000000310e-02
3.559390020000000043e-02
3.458518099999999956e-02
3.659416039999999898e-02
3.650196359999999945e-02
3.375114380000000108e-02
3.585099340000000301e-02
3.714405509999999661e-02
3.567920559999999963e-02
3.503539189999999720e-02
3.552692050000000323e-02
3.620975939999999949e-02
3.552915119999999760e-02
3.505927329999999897e-02
3.412974819999999715e-02
3.549124780000000035e-02
3.538572539999999822e-02
3.501028390000000129e-02
3.660633159999999997e-02
3.420813760000000064e-02
3.671687900000000088e-02
3.433117360000000062e-02
3.520606020000000003e-02
3.513293719999999870e-02
3.538113379999999891e-02
3.659577249999999837e-02
3.693505180000000027e-02
3.571473909999999669e-02
3.592513089999999770e-02
3.504123840000000073e-02
3.731762319999999689e-02
3.554652180000000133e-02
3.570625310000000163e-02
3.713966710000000254e-02
3.642896240000000063e-02
3.688733339999999972e-02
3.688457889999999934e-02
3.731955020000000262e-02
3.687967670000000253e-02
3.561459940000000213e-02
3.609436170000000083e-02
3.478862070000000167e-02
3.662673820000000163e-02
3.514089819999999947e-02
3.565082010000000107e-02
3.671539929999999979e-02
3.675934780000000152e-02
3.575701960000000207e-02
3.708584890000000273e-02
3.643173190000000006e-02
3.478610000000000035e-02
3.482254509999999775e-02
3.613430730000000146e-02
3.756213500000000344e-02
3.879333459999999983e-02
3.692909080000000149e-02
3.676048299999999658e-02
3.587274060000000125e-02
3.508279529999999702e-02
3.804191739999999988e-02
3.629530000000000256e-02
3.676152309999999868e-02
3.620452789999999837e-02
3.552864490000000319e-02
3.663224780000000347e-02
3.877502769999999904e-02
3.813288659999999886e-02
3.702860119999999700e-02
3.673260550000000124e-02
3.655351460000000330e-02
3.705949840000000162e-02
3.716059919999999822e-02
3.696229560000000025e-02
3.675351470000000342e-02
3.950071639999999662e-02
3.770028489999999871e-02
3.595140969999999908e-02
3.648351789999999817e-02
3.598693809999999743e-02
3.748097639999999758e-02
3.774990109999999677e-02
3.745096440000000165e-02
3.598368820000000246e-02
3.800534879999999810e-02
3.650939789999999713e-02
3.756410639999999829e-02
3.830277569999999965e-02
3.769362980000000307e-02
3.893300300000000075e-02
3.667188329999999941e-02
3.655479720000000265e-02
3.730211559999999787e-02
3.780698889999999784e-02
3.693694449999999907e-02
3.845507539999999669e-02
3.575983170000000128e-02
3.657919820000000294e-02
3.950582040000000239e-02
3.811022399999999810e-02
3.812907459999999998e-02
3.924232390000000070e-02
3.776078409999999996e-02
3.928837720000000200e-02
3.740162889999999740e-02
3.736353910000000250e-02
3.703818140000000175e-02
3.722340739999999842e-02
3.867661659999999807e-02
3.663692410000000260e-02
3.749601520000000326e-02
3.885482230000000120e-02
3.654467980000000032e-02
3.711570100000000094e-02
3.844677669999999742e-02
3.778145670000000039e-02
3.882577090000000064e-02
3.679906399999999939e-02
3.620484040000000042e-02
3.902868579999999726e-02
3.713143210000000027e-02
3.870209439999999779e-02
3.750781999999999727e-02
3.744464270000000261e-02
3.887598450000000205e-02
3.538712680000000166e-02
3.856089690000000236e-02
3.881092170000000063e-02
3.765193590000000257e-02
3.910852890000000165e-02
3.897707930000000182e-02
3.910931000000000130e-02
3.928860650000000343e-02
3.745030309999999862e-02
3.819618579999999736e-02
3.901846719999999685e-02
3.799180499999999655e-02
3.908595520000000129e-02
3.723045430000000017e-02
4.092324609999999779e-02
3.815628449999999838e-02
4.050544209999999701e-02
3.881063199999999769e-02
3.920555099999999821e-02
3.966364990000000035e-02
3.839642050000000029e-02
3.904533090000000123e-02
3.961009420000000114e-02
4.004346529999999738e-02
3.991461260000000316e-02
3.792812119999999787e-02
3.889892970000000116e-02
3.910438900000000328e-02
3.875187630000000161e-02
3.993695399999999673e-02
3.833331830000000218e-02
3.892715160000000119e-02
3.975067489999999787e-02
3.821021809999999852e-02
4.002282229999999663e-02
3.991941160000000294e-02
3.929966909999999675e-02
3.902860629999999748e-02
3.946011989999999997e-02
4.090705830000000015e-02
3.990185940000000320e-02
3.972332070000000187e-02
3.853951910000000258e-02
3.861190610000000273e-02
3.905391760000000156e-02
4.035122990000000048e-02
3.972011160000000346e-02
4.093866890000000258e-02
4.040469399999999794e-02
4.052680990000000205e-02
3.900413109999999878e-02
4.059331070000000291e-02
3.903273589999999710e-02
3.927586019999999845e-02
3.961678219999999889e-02
3.988553279999999812e-02
4.000525280000000183e-02
4.100692320000000335e-02
4.126502840000000061e-02
3.961009420000000114e-02
4.004346529999999738e-02
4.073302410000000096e-02
3.854551159999999865e-02
4.197211540000000268e-02
4.250473030000000152e-02
3.917274750000000055e-02
3.988285550000000151e-02
4.186640839999999919e-02
4.018816620000000006e-02
4.058958160000000065e-02
4.026161250000000191e-02
3.998659730000000273e-02
4.137052869999999910e-02
3.918344459999999890e-02
4.049755230000000317e-02
4.048394970000000065e-02
4.115927330000000023e-02
3.823577759999999964e-02
4.147246379999999788e-02
4.095529829999999816e-02
3.984359140000000299e-02
4.111206850000000135e-02
4.250669180000000297e-02
3.886809570000000075e-02
4.013756579999999685e-02
4.014394329999999844e-02
4.133489540000000184e-02
4.117183900000000174e-02
4.206676339999999847e-02
4.030478889999999925e-02
4.152928079999999855e-02
4.035487380000000318e-02
4.066388280000000216e-02
4.278390029999999677e-02
4.300455100000000197e-02
4.200801669999999766e-02
4.116895660000000068e-02
4.068716520000000003e-02
4.114837250000000224e-02
4.198464119999999883e-02
4.069750259999999759e-02
4.375870929999999687e-02
4.276330670000000334e-02
4.076656750000000329e-02
4.015273600000000137e-02
4.130833040000000261e-02
4.387429520000000333e-02
4.124642889999999978e-02
4.208321000000000284e-02
4.014831320000000064e-02
4.070667520000000039e-02
4.077069719999999731e-02
4.396181710000000159e-02
4.285630599999999679e-02
4.239083080000000114e-02
4.239499950000000239e-02
4.413739349999999673e-02
4.372583160000000080e-02
4.174748469999999684e-02
4.355634900000000115e-02
4.322671969999999919e-02
4.128700369999999814e-02
4.361258280000000070e-02
4.227069469999999995e-02
4.116711809999999694e-02
4.138491739999999863e-02
4.239209719999999931e-02
4.150472499999999926e-02
4.296218279999999834e-02
4.192513209999999824e-02
3.966187730000000217e-02
4.327900429999999993e-02
4.157427949999999844e-02
4.093804300000000035e-02
4.300729140000000145e-02
4.199681880000000200e-02
4.317622120000000341e-02
4.294748959999999949e-02
4.421340449999999755e-02
4.202686960000000249e-02
4.329891780000000301e-02
4.419977449999999697e-02
4.115094259999999698e-02
4.256747629999999699e-02
4.193875510000000251e-02
4.106844190000000228e-02
4.311649459999999934e-02
4.237803080000000083e-02
4.093819499999999667e-02
4.163362050000000286e-02
4.307489989999999797e-02
4.305766119999999975e-02
4.312179979999999913e-02
4.213383099999999659e-02
4.220554239999999707e-02
4.189622009999999924e-02
4.462327230000000255e-02
4.353300420000000281e-02
4.524274830000000330e-02
4.588232879999999680e-02
4.446811550000000224e-02
4.064260299999999937e-02
4.256181869999999673e-02
4.325746939999999818e-02
4.569832280000000330e-02
4.378761240000000193e-02
4.354304149999999735e-02
4.337977569999999783e-02
4.291778000000000259e-02
4.353268500000000152e-02
4.394318350000000345e-02
4.487716440000000251e-02
4.459306100000000328e-02
4.374281640000000221e-02
4.325746939999999818e-02
4.291200270000000011e-02
4.256181869999999673e-02
4.507828910000000189e-02
4.594527510000000203e-02
4.381667830000000180e-02
4.506981530000000319e-02
4.297424589999999933e-02
4.303700519999999891e-02
4.331567229999999658e-02
4.617014750000000139e-02
4.289148019999999839e-02
4.349264170000000096e-02
4.438569760000000280e-02
4.423598089999999927e-02
4.174089579999999688e-02
4.674454299999999951e-02
4.601913550000000241e-02
4.416449039999999909e-02
4.417251750000000116e-02
4.529035430000000195e-02
4.602394089999999743e-02
4.564035150000000235e-02
4.311750169999999799e-02
4.522249810000000120e-02
4.338999789999999773e-02
4.586822940000000182e-02
4.520774360000000269e-02
4.276330670000000334e-02
4.533919549999999854e-02
4.564904160000000238e-02
4.627089980000000102e-02
4.374345870000000136e-02
4.410686600000000152e-02
4.255183929999999809e-02
4.451913479999999868e-02
4.482168799999999842e-02
4.513343730000000248e-02
4.605792749999999824e-02
4.371812120000000135e-02
4.374376979999999859e-02
4.412275930000000151e-02
4.679598050000000065e-02
4.525420559999999981e-02
4.806247589999999847e-02
4.303094999999999837e-02
4.469220129999999791e-02
4.664753309999999931e-02
4.512776479999999757e-02
4.438569760000000280e-02
4.878146120000000086e-02
4.752657750000000014e-02
4.676882019999999834e-02
4.612489749999999777e-02
4.362632639999999840e-02
4.559882309999999800e-02
4.717435460000000275e-02
4.474363969999999718e-02
4.789143080000000247e-02
4.592512170000000171e-02
4.559790450000000134e-02
4.471500409999999703e-02
4.531337710000000324e-02
4.490442420000000101e-02
4.732916720000000105e-02
4.411609269999999805e-02
4.561579939999999694e-02
4.434065260000000230e-02
4.446565219999999707e-02
4.820673400000000108e-02
4.739264730000000009e-02
4.569076579999999804e-02
4.665528940000000097e-02
4.861703810000000264e-02
4.611622299999999786e-02
4.697451209999999738e-02
4.562215740000000186e-02
4.585410549999999891e-02
4.748131519999999883e-02
4.858594589999999658e-02
4.506395609999999663e-02
4.554255880000000062e-02
4.521644899999999884e-02
4.820673400000000108e-02
4.638194460000000241e-02
4.353716519999999840e-02
4.936861530000000164e-02
4.450520820000000016e-02
4.713167969999999818e-02
4.541357890000000119e-02
4.588910720000000110e-02
4.888430529999999996e-02
4.564641030000000238e-02
4.468828949999999883e-02
4.978916390000000247e-02
4.705049199999999932e-02
4.483938700000000138e-02
4.872130499999999947e-02
4.743363040000000280e-02
5.060471429999999909e-02
4.594307560000000096e-02
4.810327369999999741e-02
4.631929700000000233e-02
4.635612210000000094e-02
4.990844939999999896e-02
4.732646520000000079e-02
4.623069769999999662e-02
4.584257540000000186e-02
4.926662629999999793e-02
4.892508649999999931e-02
4.834307339999999870e-02
4.578210989999999952e-02
4.871594359999999874e-02
4.874587319999999779e-02
4.685220159999999717e-02
4.689845570000000102e-02
4.735814509999999866e-02
4.916741189999999928e-02
4.535099459999999971e-02
4.832036289999999679e-02
4.625355280000000013e-02
4.579841839999999886e-02
4.946915369999999729e-02
4.648554290000000283e-02
4.679615370000000246e-02
4.757615629999999846e-02
4.737975430000000016e-02
4.885420619999999992e-02
4.977588449999999914e-02
4.971639569999999897e-02
4.769862579999999824e-02
5.076994559999999795e-02
4.660782849999999672e-02
4.975829610000000180e-02
4.995913810000000149e-02
4.957888270000000014e-02
4.766244339999999718e-02
5.058896940000000286e-02
4.720715930000000254e-02
4.712625279999999722e-02
5.038168700000000139e-02
4.601494789999999863e-02
4.794433929999999955e-02
5.024601110000000148e-02
4.751809750000000193e-02
4.660182980000000114e-02
5.019234830000000175e-02
4.550289279999999992e-02
4.279093070000000026e-02
4.834122980000000319e-02
5.070180230000000121e-02
4.926949860000000292e-02
4.796693249999999659e-02
4.829082440000000143e-02
5.084215420000000318e-02
4.940050249999999865e-02
4.959811919999999874e-02
5.256935430000000270e-02
4.879732590000000064e-02
4.823889769999999827e-02
5.001347350000000247e-02
4.914898129999999837e-02
4.872130499999999947e-02
5.173467930000000270e-02
4.806422600000000156e-02
4.757188090000000202e-02
5.034269410000000167e-02
5.127759180000000111e-02
5.147742229999999891e-02
5.106534590000000318e-02
4.867013559999999739e-02
5.344316610000000162e-02
4.999088000000000143e-02
5.150753589999999826e-02
4.887080230000000192e-02
4.880202690000000343e-02
5.046192540000000309e-02
4.950019630000000032e-02
5.035542109999999877e-02
5.241980970000000017e-02
5.285632350000000340e-02
4.899738809999999722e-02
4.801568989999999842e-02
5.165734620000000249e-02
5.167593990000000220e-02
5.068635879999999760e-02
4.919296950000000279e-02
5.328360420000000097e-02
4.819979099999999878e-02
5.119208289999999800e-02
5.007634450000000154e-02
4.897413240000000195e-02
5.004710090000000222e-02
5.253034849999999728e-02
5.099036290000000249e-02
5.557426959999999666e-02
5.293254149999999936e-02
4.960386750000000261e-02
5.324074449999999931e-02
5.293254149999999936e-02
5.185551189999999810e-02
4.813184999999999686e-02
5.045727130000000199e-02
5.414499870000000215e-02
4.997583190000000342e-02
5.025738870000000247e-02
5.040753779999999906e-02
5.241972489999999901e-02
4.814221579999999889e-02
5.070180230000000121e-02
4.991765339999999773e-02
5.035635549999999822e-02
5.472879919999999732e-02
5.567504709999999968e-02
5.173746459999999797e-02
5.511790960000000072e-02
5.251402709999999918e-02
5.098112610000000294e-02
5.465956269999999728e-02
5.140145649999999788e-02
5.588365409999999922e-02
5.122146340000000020e-02
4.894618409999999809e-02
5.402385739999999992e-02
5.238965000000000288e-02
4.783021149999999722e-02
5.447809330000000227e-02
5.028853949999999989e-02
5.023218809999999840e-02
5.266616250000000221e-02
5.344316610000000162e-02
5.158516040000000330e-02
5.266614990000000052e-02
5.075883760000000217e-02
5.555509460000000038e-02
5.195648280000000202e-02
5.007234160000000045e-02
5.322950600000000282e-02
5.710281589999999935e-02
5.389866100000000049e-02
4.971681569999999994e-02
5.096793990000000191e-02
5.404967819999999951e-02
5.632873659999999838e-02
5.129251729999999981e-02
5.261506500000000253e-02
5.140937970000000051e-02
5.298255240000000060e-02
5.544529649999999782e-02
5.375647990000000098e-02
5.499309869999999961e-02
5.268640809999999841e-02
5.055000710000000230e-02
5.599836469999999733e-02
5.595669710000000102e-02
5.071298970000000239e-02
5.264506659999999838e-02
5.172426620000000058e-02
5.180214810000000059e-02
5.449067380000000016e-02
5.312572449999999891e-02
5.649247589999999847e-02
5.400235099999999705e-02
5.294377589999999661e-02
5.014143289999999781e-02
5.179330659999999836e-02
5.553493830000000298e-02
5.390953369999999800e-02
5.135614389999999807e-02
5.312141900000000305e-02
5.104628860000000323e-02
5.748305299999999923e-02
5.265190609999999966e-02
5.337949820000000012e-02
5.650709439999999917e-02
5.221059139999999904e-02
5.219215819999999811e-02
5.250793279999999702e-02
5.599285529999999816e-02
5.337539560000000016e-02
5.817114040000000152e-02
5.382989319999999939e-02
5.502538970000000335e-02
5.429848720000000212e-02
5.724391770000000074e-02
5.253532989999999681e-02
5.109394729999999774e-02
5.549512580000000306e-02
5.301502639999999822e-02
5.404967819999999951e-02
5.366038399999999847e-02
5.730969500000000078e-02
5.458437470000000041e-02
5.903098760000000111e-02
5.251320599999999977e-02
5.561115610000000320e-02
5.504744749999999909e-02
5.797650480000000189e-02
5.457125189999999931e-02
5.701726829999999996e-02
5.433493310000000326e-02
5.437234190000000272e-02
5.316106040000000144e-02
5.219215819999999811e-02
5.111932899999999808e-02
5.436261679999999930e-02
5.998766199999999715e-02
5.285399240000000082e-02
5.572542760000000206e-02
5.770610720000000221e-02
6.000014179999999669e-02
5.521585450000000145e-02
5.758287449999999891e-02
5.653322859999999894e-02
5.382942760000000021e-02
5.444846090000000222e-02
5.755838290000000329e-02
5.773345829999999845e-02
5.496518720000000136e-02
5.413945829999999848e-02
5.458340960000000047e-02
5.710219180000000033e-02
5.705963480000000171e-02
6.070534679999999711e-02
5.373516829999999689e-02
5.461810780000000282e-02
5.526667970000000152e-02
6.056501789999999691e-02
5.278660550000000007e-02
5.990870849999999775e-02
5.303687669999999910e-02
5.563451600000000191e-02
5.621051750000000125e-02
5.555293740000000202e-02
5.639543839999999753e-02
5.451732730000000138e-02
5.667141199999999740e-02
5.404502609999999735e-02
5.446956010000000153e-02
5.442940889999999671e-02
5.571716250000000037e-02
5.541119779999999911e-02
5.374911780000000278e-02
6.114797439999999917e-02
5.760314639999999931e-02
6.153536789999999868e-02
6.032976539999999888e-02
5.767454679999999695e-02
5.341506840000000145e-02
5.612139239999999751e-02
5.921450880000000278e-02
6.101044280000000181e-02
5.355214989999999842e-02
5.728746419999999895e-02
5.941150020000000170e-02
5.485657759999999772e-02
5.712624770000000046e-02
6.219631040000000305e-02
5.374911780000000278e-02
5.722697859999999886e-02
5.806571160000000009e-02
6.081562380000000295e-02
5.711483879999999791e-02
5.950064549999999758e-02
5.631348889999999996e-02
5.664850200000000335e-02
5.744557089999999949e-02
6.013448190000000165e-02
5.806571160000000009e-02
5.538304079999999824e-02
5.787478719999999965e-02
6.243355090000000246e-02
5.682979519999999812e-02
5.506623730000000105e-02
5.594167450000000347e-02
5.646120489999999909e-02
5.612558329999999679e-02
5.812396520000000233e-02
5.821757009999999760e-02
5.723669409999999902e-02
5.843946669999999788e-02
5.894845469999999976e-02
5.731172019999999923e-02
6.043507929999999972e-02
6.453142250000000468e-02
5.834873649999999801e-02
5.770843429999999996e-02
6.148296109999999703e-02
5.723037560000000107e-02
5.890102319999999947e-02
6.126340339999999940e-02
5.827212760000000102e-02
6.174448800000000015e-02
6.089562860000000133e-02
5.688353220000000321e-02
6.234628620000000343e-02
5.793808389999999947e-02
5.822005050000000209e-02
5.939807169999999914e-02
6.500252730000000145e-02
5.767853829999999848e-02
6.302331059999999319e-02
5.649263410000000124e-02
5.918418150000000211e-02
5.620018630000000320e-02
5.766353760000000189e-02
5.855249049999999844e-02
5.732158400000000181e-02
5.631418829999999820e-02
6.665000980000000685e-02
6.087362689999999826e-02
5.760196389999999722e-02
5.818357569999999673e-02
6.586680860000000692e-02
5.988632180000000305e-02
5.958368459999999894e-02
6.099356660000000013e-02
5.782628759999999812e-02
5.776210670000000297e-02
6.268435560000000517e-02
6.037675149999999907e-02
6.326776820000000467e-02
6.002920939999999844e-02
6.067518029999999923e-02
6.101804009999999695e-02
5.887444599999999695e-02
6.285337389999999524e-02
6.608791729999999309e-02
6.182171840000000307e-02
5.905226749999999830e-02
6.291693480000000449e-02
6.082578699999999922e-02
5.760503129999999805e-02
6.701854740000000310e-02
6.251623330000000145e-02
5.700883930000000266e-02
5.867261409999999927e-02
5.977208369999999910e-02
6.432575290000000501e-02
6.164435070000000294e-02
6.456908869999999911e-02
6.032964040000000222e-02
6.399318660000000158e-02
6.120620000000000227e-02
6.373282550000000657e-02
5.940751519999999675e-02
6.088262869999999660e-02
6.787160020000000682e-02
6.644299319999999454e-02
6.656852520000000606e-02
6.023992529999999679e-02
6.217395540000000137e-02
6.658932580000000157e-02
6.400331959999999709e-02
6.264140040000000520e-02
6.036508100000000099e-02
6.463729990000000036e-02
6.687873219999999896e-02
6.044364680000000045e-02
6.215248339999999982e-02
6.182310779999999895e-02
6.754392380000000251e-02
6.389227140000000582e-02
6.333122049999999337e-02
6.456937990000000127e-02
6.302334800000000681e-02
6.213571729999999710e-02
6.193456659999999753e-02
6.670323559999999374e-02
6.398557339999999538e-02
6.302309050000000357e-02
7.040698260000000097e-02
6.863122409999999896e-02
6.185091250000000068e-02
6.017615770000000336e-02
6.388128429999999358e-02
6.166862680000000096e-02
6.723880999999999608e-02
6.480661829999999346e-02
6.520356319999999484e-02
6.864178440000000270e-02
6.261525069999999971e-02
6.086012150000000287e-02
6.457941220000000537e-02
6.589100720000000411e-02
6.156006509999999848e-02
6.333343419999999668e-02
6.332023259999999820e-02
6.760776890000000372e-02
6.241543070000000332e-02
6.363085200000000163e-02
6.251897330000000252e-02
6.010496380000000111e-02
7.545152069999999656e-02
6.469426799999999922e-02
6.336495790000000461e-02
7.161408519999999667e-02
6.705884850000000397e-02
6.208330570000000076e-02
6.367447280000000653e-02
6.527504829999999925e-02
6.501888690000000304e-02
6.810591789999999313e-02
6.430094980000000682e-02
6.418901039999999614e-02
6.536449939999999792e-02
6.674696039999999941e-02
7.200998429999999617e-02
7.103457920000000314e-02
6.418659949999999670e-02
6.277327859999999593e-02
7.130853959999999825e-02
6.644401769999999652e-02
6.324961830000000451e-02
6.639576519999999815e-02
6.469391269999999472e-02
6.387169589999999730e-02
6.498298110000000349e-02
6.611193059999999344e-02
6.566207659999999391e-02
6.496118689999999529e-02
6.861940549999999417e-02
6.690209599999999424e-02
6.849889900000000198e-02
7.230252769999999385e-02
6.172573700000000274e-02
6.350805489999999942e-02
6.669376200000000365e-02
6.493699220000000161e-02
6.155427470000000151e-02
6.508851779999999532e-02
6.988399789999999445e-02
6.740577009999999814e-02
6.736709559999999597e-02
6.327855009999999725e-02
7.004966090000000478e-02
6.563855700000000015e-02
6.629824900000000354e-02
6.684236000000000344e-02
6.034634719999999730e-02
7.296105669999999876e-02
6.704060629999999965e-02
7.175642799999999710e-02
6.747077499999999672e-02
6.696942999999999646e-02
7.105010629999999883e-02
6.726876639999999907e-02
7.024049429999999761e-02
6.809411899999999462e-02
6.188610430000000134e-02
7.050742549999999831e-02
6.762173019999999368e-02
6.857075579999999393e-02
6.912629829999999975e-02
7.262743820000000516e-02
6.729169699999999754e-02
7.158665150000000088e-02
6.854390100000000430e-02
6.832464439999999528e-02
7.048178160000000136e-02
7.129652449999999975e-02
6.880295020000000428e-02
7.120231909999999442e-02
6.893559009999999931e-02
6.451098119999999769e-02
6.537198339999999996e-02
6.917314210000000130e-02
6.624288059999999811e-02
6.872630509999999582e-02
6.479561790000000487e-02
7.239750159999999712e-02
6.665209349999999533e-02
7.133360040000000235e-02
7.139920090000000108e-02
7.259773029999999627e-02
6.957643189999999922e-02
6.655352690000000682e-02
7.191272669999999867e-02
6.508367510000000189e-02
7.171880190000000377e-02
7.448161609999999488e-02
6.753778950000000059e-02
6.905538910000000308e-02
6.490997860000000119e-02
6.920940640000000643e-02
8.278584140000000424e-02
6.553766910000000112e-02
7.041100960000000464e-02
7.000509159999999953e-02
7.460456470000000062e-02
7.107207860000000488e-02
6.935459150000000683e-02
7.248160759999999758e-02
6.848319969999999701e-02
7.024846410000000485e-02
6.804681179999999552e-02
7.356769439999999438e-02
7.632922320000000427e-02
7.147965219999999342e-02
7.408948749999999528e-02
6.940781079999999714e-02
6.743332800000000071e-02
6.824763779999999669e-02
7.280949339999999437e-02
6.672819489999999576e-02
7.068302880000000565e-02
7.192531000000000618e-02
6.797489689999999807e-02
7.014304670000000297e-02
6.802743460000000575e-02
6.745493069999999869e-02
6.726461270000000381e-02
6.623522449999999506e-02
6.813496759999999874e-02
7.170635009999999643e-02
6.879236560000000222e-02
6.827261589999999991e-02
7.171500999999999570e-02
7.082602799999999921e-02
7.269392230000000510e-02
6.762756220000000484e-02
7.440469080000000623e-02
6.650150770000000378e-02
7.513903839999999668e-02
6.925753010000000598e-02
7.808327710000000088e-02
7.753082869999999849e-02
7.556997760000000453e-02
7.503433319999999740e-02
7.946957050000000300e-02
6.845988769999999946e-02
7.088215520000000491e-02
7.499840600000000357e-02
7.107107099999999955e-02
7.344719789999999693e-02
6.990715710000000582e-02
7.798663200000000018e-02
6.639391279999999618e-02
7.170670949999999322e-02
6.619686580000000431e-02
7.205001269999999902e-02
7.431571589999999561e-02
7.199297759999999380e-02
8.033119090000000184e-02
6.972645310000000207e-02
7.699679850000000492e-02
7.206815610000000261e-02
7.151906710000000000e-02
7.317639950000000282e-02
7.462257479999999388e-02
7.694978140000000022e-02
7.889339480000000238e-02
7.519649489999999381e-02
6.760192859999999970e-02
6.850790180000000673e-02
7.609128969999999492e-02
7.333174620000000588e-02
7.149391230000000375e-02
7.052709849999999614e-02
8.045648090000000197e-02
7.727193679999999620e-02
7.508326299999999731e-02
7.395202650000000377e-02
7.505430230000000036e-02
6.714386719999999864e-02
7.027766409999999797e-02
7.924104569999999848e-02
7.227020010000000105e-02
7.447761399999999754e-02
7.376306859999999521e-02
7.637277300000000491e-02
7.719342640000000089e-02
8.264419250000000494e-02
7.666195900000000174e-02
7.302988289999999549e-02
8.053664459999999858e-02
7.658498869999999514e-02
6.766168509999999359e-02
8.347701790000000566e-02
7.264058969999999393e-02
7.491072590000000253e-02
7.453360629999999931e-02
7.602370490000000258e-02
7.696724150000000542e-02
8.065930709999999393e-02
7.723866499999999802e-02
7.111704319999999357e-02
7.230860149999999986e-02
7.595027699999999660e-02
8.035267929999999337e-02
7.302266409999999541e-02
7.198413830000000013e-02
7.599428760000000171e-02
7.040398539999999372e-02
7.477783150000000267e-02
7.115099069999999970e-02
7.155244289999999896e-02
7.447727419999999876e-02
6.887218879999999765e-02
7.900118700000000049e-02
7.601723019999999387e-02
7.811573149999999355e-02
7.817886070000000520e-02
7.414892609999999828e-02
7.607914350000000159e-02
7.798921070000000566e-02
7.891146929999999504e-02
8.020500910000000205e-02
7.412814970000000669e-02
7.587907309999999961e-02
7.505086830000000375e-02
8.030654090000000078e-02
8.666704340000000450e-02
7.757973210000000674e-02
8.053552340000000309e-02
7.699853769999999431e-02
7.438409710000000452e-02
7.933902730000000347e-02
8.401723329999999379e-02
7.636295129999999542e-02
8.083726289999999814e-02
7.451256069999999399e-02
8.314329460000000060e-02
7.771117140000000090e-02
7.591579830000000362e-02
7.449410150000000674e-02
8.063479989999999820e-02
7.185271499999999756e-02
7.794624849999999550e-02
7.943677270000000512e-02
7.825190749999999529e-02
8.553167929999999641e-02
8.071392889999999543e-02
8.369270950000000375e-02
9.476627980000000562e-02
7.648498160000000157e-02
8.033519020000000344e-02
8.141608300000000020e-02
8.217538409999999849e-02
7.520552689999999985e-02
8.383584980000000075e-02
8.585200060000000577e-02
7.549493879999999435e-02
9.255401019999999479e-02
8.350126200000000665e-02
7.714655269999999565e-02
8.109608829999999380e-02
7.775213220000000425e-02
7.544863000000000264e-02
7.846277979999999319e-02
8.981189759999999578e-02
7.307908389999999421e-02
7.234808030000000612e-02
7.874187670000000472e-02
7.707646799999999521e-02
7.965987409999999991e-02
7.819079800000000580e-02
8.703056189999999748e-02
8.091191250000000224e-02
7.764342909999999431e-02
8.476835509999999796e-02
7.685933420000000404e-02
7.667184429999999995e-02
8.231163310000000344e-02
8.117819349999999545e-02
9.197345540000000097e-02
9.203141900000000319e-02
7.886996270000000420e-02
8.186823910000000371e-02
9.031780009999999803e-02
8.097282340000000467e-02
8.689416819999999653e-02
8.054982780000000120e-02
8.987567489999999382e-02
8.600568560000000640e-02
7.894038459999999646e-02
8.995380460000000633e-02
7.603171960000000562e-02
7.555313029999999319e-02
7.978055809999999581e-02
8.781662340000000178e-02
7.855762719999999366e-02
8.611867199999999334e-02
7.687050569999999416e-02
8.848598890000000661e-02
7.996902829999999462e-02
8.599469960000000190e-02
7.992438870000000140e-02
7.900155600000000056e-02
8.181704789999999505e-02
8.715798019999999868e-02
8.894005739999999438e-02
8.833780419999999467e-02
8.408404799999999457e-02
8.930536779999999342e-02
8.831247829999999688e-02
7.876948479999999753e-02
8.947371630000000575e-02
7.544863000000000264e-02
7.809997729999999805e-02
8.450305280000000585e-02
8.707604119999999559e-02
7.992833370000000659e-02
8.365719809999999645e-02
8.381413040000000592e-02
9.080566460000000228e-02
8.588680299999999768e-02
8.611764739999999696e-02
8.289626070000000180e-02
8.603118310000000546e-02
8.799972359999999605e-02
8.276693490000000542e-02
8.684874300000000602e-02
9.157029129999999517e-02
8.446042619999999390e-02
8.906711050000000462e-02
9.140290380000000436e-02
8.018410010000000254e-02
7.547198850000000347e-02
9.039515019999999623e-02
8.674482869999999846e-02
8.390597230000000628e-02
8.070295580000000357e-02
8.918151350000000366e-02
8.976878319999999356e-02
9.145678429999999637e-02
9.357062559999999862e-02
1.037134489999999992e-01
9.158662099999999306e-02
7.777988809999999975e-02
8.690279489999999663e-02
9.194879050000000220e-02
9.128737979999999863e-02
8.592399139999999658e-02
8.076593129999999621e-02
8.559639769999999315e-02
8.184304409999999808e-02
9.077037170000000488e-02
8.615479909999999852e-02
8.993241820000000275e-02
8.388385069999999832e-02
8.574149179999999981e-02
9.761930940000000667e-02
8.918330659999999799e-02
8.642588110000000434e-02
8.750161049999999330e-02
9.151309720000000425e-02
8.858320150000000004e-02
9.515812449999999645e-02
8.324168660000000330e-02
8.348150170000000203e-02
9.909942789999999502e-02
8.960916730000000052e-02
9.242864350000000451e-02
9.150062180000000100e-02
8.287304809999999911e-02
9.339627960000000673e-02
8.417767789999999750e-02
9.613238270000000474e-02
9.935558710000000349e-02
9.808481189999999905e-02
8.668925539999999819e-02
8.903997469999999637e-02
1.004845080000000002e-01
8.814486389999999505e-02
8.753001750000000136e-02
7.830752950000000046e-02
9.209552000000000016e-02
9.233080990000000488e-02
9.078949460000000637e-02
8.471406670000000694e-02
9.642741350000000322e-02
1.064424560000000047e-01
8.359284949999999659e-02
9.256179629999999880e-02
9.475450330000000088e-02
8.957106280000000365e-02
8.767234710000000597e-02
7.869601519999999684e-02
8.993274280000000676e-02
9.222318179999999810e-02
9.691400170000000203e-02
1.025335760000000013e-01
8.249152419999999930e-02
9.354715199999999453e-02
1.020978530000000023e-01
8.546215059999999475e-02
9.556004780000000587e-02
9.947797310000000559e-02
1.036530499999999966e-01
1.092431479999999983e-01
9.386317839999999690e-02
9.404704249999999710e-02
9.443093280000000589e-02
8.851583970000000134e-02
8.482474439999999893e-02
9.620272450000000308e-02
8.767393810000000121e-02
9.555029680000000358e-02
9.921274979999999966e-02
9.222447870000000103e-02
8.660007120000000336e-02
9.238096560000000346e-02
9.096585449999999851e-02
1.015316109999999938e-01
1.084439330000000062e-01
1.015593969999999957e-01
8.758831629999999646e-02
9.362067829999999591e-02
9.389952910000000375e-02
9.953083540000000340e-02
9.319952099999999351e-02
8.919696759999999613e-02
9.801690250000000271e-02
8.845301160000000606e-02
1.013172309999999937e-01
9.813602139999999530e-02
1.059489809999999976e-01
9.124568650000000614e-02
8.649230689999999611e-02
1.013892970000000032e-01
9.483187349999999682e-02
8.780303329999999962e-02
9.338040720000000128e-02
9.176959730000000537e-02
9.795441789999999316e-02
9.423172429999999988e-02
1.027509880000000014e-01
1.083867550000000013e-01
1.030070059999999982e-01
8.664810679999999932e-02
9.685786109999999782e-02
1.091088580000000030e-01
9.169149899999999576e-02
1.105816109999999963e-01
9.053777200000000247e-02
8.610897939999999362e-02
9.178375299999999570e-02
9.356869029999999310e-02
9.404704249999999710e-02
9.535441399999999845e-02
1.111153400000000069e-01
1.001001289999999960e-01
9.751847510000000163e-02
9.652957489999999807e-02
9.635279709999999831e-02
9.960940000000000072e-02
9.777348680000000347e-02
1.019815500000000041e-01
1.083159650000000002e-01
9.739480749999999964e-02
1.045513109999999940e-01
1.079671160000000019e-01
9.073737880000000422e-02
9.494190889999999661e-02
1.020267079999999937e-01
9.553519759999999639e-02
9.561639439999999879e-02
9.802938769999999802e-02
1.112339660000000036e-01
9.685111270000000550e-02
1.041628059999999967e-01
1.044984270000000048e-01
1.031606739999999939e-01
1.012277429999999950e-01
1.127520620000000001e-01
1.049447020000000008e-01
1.038738889999999970e-01
1.166052090000000013e-01
9.902169539999999825e-02
9.513748610000000161e-02
9.126037870000000551e-02
9.926343619999999923e-02
1.016310230000000009e-01
1.031344139999999937e-01
1.093888600000000044e-01
8.160506730000000042e-02
9.864582380000000428e-02
9.510854909999999496e-02
1.132189839999999947e-01
9.445519530000000274e-02
1.083465690000000037e-01
1.068348580000000048e-01
1.143005589999999960e-01
9.579035269999999769e-02
1.058044040000000047e-01
1.043825790000000031e-01
9.796997579999999761e-02
1.188631210000000021e-01
9.920141170000000563e-02
1.050563240000000065e-01
1.122881579999999990e-01
1.060383260000000022e-01
1.153377389999999947e-01
1.032480860000000028e-01
1.105791839999999970e-01
9.897677870000000377e-02
9.618508289999999628e-02
9.448185169999999411e-02
1.025926860000000024e-01
9.603162599999999494e-02
9.823802330000000471e-02
1.054588369999999997e-01
1.026177969999999967e-01
9.818669119999999528e-02
1.099670489999999973e-01
1.097476639999999948e-01
1.098932059999999933e-01
9.753532269999999615e-02
9.967980270000000032e-02
1.211193740000000019e-01
1.178395009999999993e-01
1.115948759999999956e-01
8.800312359999999667e-02
1.070767019999999958e-01
1.008012499999999950e-01
1.048243950000000008e-01
1.117036510000000010e-01
1.095241549999999980e-01
1.019220319999999957e-01
1.045269209999999949e-01
1.105034450000000057e-01
1.065297840000000024e-01
1.069510020000000033e-01
1.109269610000000045e-01
9.356174270000000570e-02
1.008840619999999966e-01
9.759602929999999787e-02
1.014186470000000007e-01
1.063469809999999932e-01
9.313533969999999995e-02
1.101181829999999945e-01
1.072430500000000064e-01
1.125071670000000051e-01
1.113740389999999941e-01
1.121707069999999945e-01
1.020671689999999993e-01
1.364704140000000121e-01
1.014883399999999963e-01
1.099377859999999957e-01
1.071358320000000003e-01
1.233429090000000006e-01
1.037852550000000068e-01
1.006060379999999949e-01
1.062311029999999934e-01
1.142433409999999983e-01
1.107277440000000029e-01
1.064564989999999961e-01
1.074385080000000020e-01
1.123846289999999998e-01
1.080563580000000051e-01
1.133380949999999998e-01
1.044919539999999980e-01
1.246511889999999956e-01
1.026538959999999945e-01
1.125785100000000066e-01
1.152278659999999982e-01
9.531668440000000408e-02
1.074760740000000048e-01
1.183964089999999941e-01
1.069688369999999972e-01
1.137671999999999989e-01
1.073558829999999992e-01
1.124315179999999942e-01
1.197078349999999985e-01
1.085673649999999990e-01
1.209167500000000034e-01
1.011694699999999975e-01
1.088944470000000053e-01
1.076254029999999945e-01
1.262887540000000031e-01
1.075342350000000058e-01
1.038521969999999933e-01
1.320040869999999922e-01
1.069881550000000014e-01
1.066352700000000042e-01
1.028618859999999996e-01
1.073458600000000013e-01
1.238091719999999951e-01
1.284985720000000053e-01
1.154191039999999946e-01
1.111534569999999972e-01
1.126005800000000057e-01
1.060867949999999976e-01
1.250457980000000136e-01
1.106780359999999935e-01
1.267296240000000129e-01
1.053362129999999980e-01
1.162479939999999934e-01
1.122115739999999945e-01
1.084405910000000028e-01
1.099797200000000030e-01
1.240104499999999943e-01
1.289944520000000094e-01
1.262578239999999907e-01
1.176984640000000026e-01
1.300159579999999870e-01
1.015604469999999981e-01
1.181925389999999992e-01
1.054053679999999993e-01
1.243990719999999994e-01
1.166319410000000029e-01
1.133542959999999933e-01
1.221961629999999965e-01
1.121223809999999932e-01
9.835727369999999747e-02
1.246511889999999956e-01
1.274902029999999964e-01
1.198290479999999936e-01
1.043637409999999960e-01
1.132198350000000048e-01
1.261282740000000124e-01
1.148431570000000013e-01
1.069198120000000030e-01
1.164098429999999990e-01
1.299061089999999918e-01
1.063156640000000042e-01
1.197965069999999965e-01
1.114504800000000045e-01
1.101989959999999935e-01
1.151600249999999992e-01
1.459254560000000089e-01
1.245921259999999975e-01
1.225034700000000032e-01
1.155462669999999942e-01
1.297034930000000030e-01
1.129213409999999945e-01
1.049165769999999970e-01
1.371545720000000024e-01
1.215517299999999967e-01
1.160118509999999992e-01
1.080393419999999965e-01
1.250739509999999888e-01
1.227515279999999986e-01
1.343335039999999925e-01
1.298905260000000061e-01
1.319255290000000136e-01
1.169681270000000051e-01
1.113589380000000045e-01
1.159384009999999965e-01
1.221294400000000058e-01
1.221747100000000058e-01
1.410880569999999889e-01
1.368317649999999941e-01
1.211254169999999991e-01
1.202040340000000013e-01
1.125681310000000018e-01
1.281898170000000114e-01
1.231685960000000052e-01
1.244632239999999973e-01
1.108011740000000023e-01
1.074071669999999978e-01
1.336642540000000101e-01
1.121613649999999990e-01
1.106989919999999961e-01
1.186266690000000040e-01
