2.276465249582128592e-01
2.261545557913420268e-01
2.243423407647946177e-01
2.222245477186934604e-01
2.198200509233725619e-01
2.171515558368609933e-01
2.142451526741881440e-01
2.111298101012109851e-01
2.078368216065525076e-01
2.043992180969747552e-01
2.008511608346137123e-01
1.972273289954697695e-01
1.935623158820710399e-01
1.898900471876203144e-01
1.862432337150747852e-01
1.826528696444867927e-01
1.791477858667867573e-01
1.757542661203286283e-01
1.724957317409679669e-01
1.693924988324956027e-01
1.664616096469900552e-01
1.637167379966615599e-01
1.611681666579329597e-01
1.588228330262471399e-01
1.566844377797662613e-01
1.547536100459749320e-01
1.530281215615838797e-01
1.515031415872997722e-01
1.501715238891901394e-01
1.490241169222229767e-01
1.480500884350891555e-01
1.472372561313002315e-01
1.465724158753282935e-01
1.460416617319510446e-01
1.456306893979891492e-01
1.453250792193507834e-01
1.451105537381398580e-01
1.449732065412879800e-01
1.448997001121034300e-01
1.448774313934709235e-01
1.448946647150564371e-01
1.449406325944539720e-01
1.450056056764718049e-01
1.450809337135683941e-01
1.451590600067407255e-01
1.452335121176510924e-01
1.452988719315034538e-01
1.453507283020109009e-01
1.453856155537521233e-01
1.454009410648113565e-01
1.453949050171387813e-01
1.453664151979647545e-01
1.453149994777297727e-01
1.452407182931115537e-01
1.451440791419725540e-01
1.450259547635116830e-01
1.448875063433109622e-01
1.447301127594478598e-01
1.445553065807959614e-01
1.443647172486612063e-01
1.441600216228299536e-01
1.439429018560843543e-01
1.437150103788604749e-01
1.434779416282020437e-01
1.432332100415326659e-01
1.429822337541055699e-01
1.427263233866205294e-01
1.424666752832151884e-01
1.422043685563044169e-01
1.419403653098544604e-01
1.416755134429491247e-01
1.414105514773632277e-01
1.411461149029727691e-01
1.408827435901901237e-01
1.406208898765505255e-01
1.403609269928418612e-01
1.401031575508985272e-01
1.398478218689118147e-01
1.395951059597525801e-01
1.393451490526133041e-01
1.390980505578119641e-01
1.388538764186826036e-01
1.386126648231393310e-01
1.383744312709623836e-01
1.381391730114466809e-01
1.379068728802216315e-01
1.376775025742824898e-01
1.374510254110902774e-01
1.372273986215317432e-01
1.370065752280821281e-01
1.367885055591741839e-01
1.365731384489728417e-01
1.363604221688874685e-01
1.361503051335510861e-01
1.359427364199556898e-01
1.357376661341785640e-01
1.355350456558662153e-01
1.353348277864942772e-01
1.351369668235060661e-01
1.349414185788174736e-01
1.347481403569088521e-01
1.345570909048235675e-01
1.343682303438631931e-01
1.341815200906003314e-01
1.339969227729977674e-01
1.338144021459055921e-01
1.336339230089681196e-01
1.334554511289812728e-01
1.332789531679635098e-01
1.331043966176085058e-01
1.329317497403428305e-01
1.327609815168934726e-01
1.325920616000509922e-01
1.324249602741736087e-01
1.322596484198994005e-01
1.320960974834990698e-01
1.319342794503029492e-01
1.317741668216567130e-01
1.316157325948995038e-01
1.314589502459031223e-01
1.313037937137617739e-01
1.311502373872733551e-01
1.309982560929017215e-01
1.308478250839561763e-01
1.306989200307663856e-01
1.305515170116683388e-01
1.304055925046489484e-01
1.302611233795269718e-01
1.301180868905695565e-01
1.299764606694652491e-01
1.298362227185904660e-01
1.296973514045198228e-01
1.295598254517414949e-01
1.294236239365482988e-01
1.292887262810810123e-01
1.291551122475068092e-01
1.290227619323193464e-01
1.288916557607506508e-01
1.287617744812867560e-01
1.286330991602815943e-01
1.285056111766648412e-01
1.283792922167397987e-01
1.282541242690689309e-01
1.281300896194448313e-01
1.280071708459445678e-01
1.278853508140657957e-01
1.277646126719433617e-01
1.276449398456450668e-01
1.275263160345448676e-01
1.274087252067730713e-01
1.272921515947415261e-01
1.271765796907431689e-01
1.270619942426246263e-01
1.269483802495307012e-01
1.268357229577193879e-01
1.267240078564468575e-01
1.266132206739207511e-01
1.265033473733206404e-01
1.263943741488853245e-01
1.262862874220648801e-01
1.261790738377367715e-01
1.260727202604856323e-01
1.259672137709444140e-01
1.258625416621967918e-01
1.257586914362397446e-01
1.256556508005050310e-01
1.255534076644382324e-01
1.254519501361357758e-01
1.253512665190369690e-01
1.252513453086722683e-01
1.251521751894647538e-01
1.250537450315859223e-01
1.249560438878630775e-01
1.248590609907389154e-01
1.247627857492815545e-01
1.246672077462444295e-01
1.245723167351752703e-01
1.244781026375732652e-01
1.243845555400938108e-01
1.242916656917994883e-01
1.241994235014574344e-01
1.241078195348812307e-01
1.240168445123176338e-01
1.239264893058764222e-01
1.238367449370035289e-01
1.237476025739959878e-01
1.236590535295584992e-01
1.235710892584008236e-01
1.234837013548749085e-01
1.233968815506518713e-01
1.233106217124373821e-01
1.232249138397253085e-01
1.231397500625887459e-01
1.230551226395079911e-01
1.229710239552346124e-01
1.228874465186912124e-01
1.228043829609062748e-01
1.227218260329833166e-01
1.226397686041040408e-01
1.225582036595645741e-01
1.224771242988448444e-01
1.223965237337097806e-01
1.223163952863422638e-01
1.222367323875074296e-01
1.221575285747472095e-01
1.220787774906054446e-01
1.220004728808820743e-01
1.219226085929169395e-01
1.218451785739018134e-01
1.217681768692208677e-01
1.216915976208185340e-01
1.216154350655948985e-01
1.215396835338275749e-01
1.214643374476200161e-01
1.213893913193757751e-01
1.213148397502980397e-01
1.212406774289142702e-01
1.211668991296255271e-01
1.210934997112798339e-01
1.210204741157693692e-01
1.209478173666511391e-01
1.208755245677905488e-01
1.208035909020276910e-01
1.207320116298656598e-01
1.206607820881810678e-01
1.205898976889557689e-01
1.205193539180298701e-01
1.204491463338755314e-01
1.203792705663910834e-01
1.203097223157154894e-01
1.202404973510623476e-01
1.201715915095734472e-01
1.201030006951913781e-01
1.200347208775510571e-01
1.199667480908895023e-01
1.198990784329741210e-01
1.198317080640484422e-01
1.197646332057959173e-01
1.196978501403205414e-01
1.196313552091446825e-01
1.195651448122237170e-01
1.194992154069768608e-01
1.194335635073342644e-01
1.193681856828001098e-01
1.193030785575310976e-01
1.192382388094304774e-01
1.191736631692570103e-01
1.191093484197491559e-01
1.190452913947631919e-01
1.189814889784264890e-01
1.189179381043042466e-01
1.188546357545805510e-01
1.187915789592527416e-01
1.187287647953395864e-01
1.186661903861022660e-01
1.186038529002786668e-01
1.185417495513301778e-01
1.184798775967013107e-01
1.184182343370912271e-01
1.183568171157380611e-01
1.182956233177145378e-01
1.182346503692356110e-01
1.181738957369777299e-01
1.181133569274092909e-01
1.180530314861322067e-01
1.179929169972346870e-01
1.179330110826544986e-01
1.178733114015531880e-01
1.178138156497003930e-01
1.177545215588685079e-01
1.176954268962377009e-01
1.176365294638104381e-01
1.175778270978360129e-01
1.175193176682446661e-01
1.174609990780910163e-01
1.174028692630068593e-01
1.173449261906629737e-01
1.172871678602401269e-01
1.172295923019085612e-01
1.171721975763164586e-01
1.171149817740867183e-01
1.170579430153223521e-01
1.170010794491196937e-01
1.169443892530902251e-01
1.168878706328900646e-01
1.168315218217573365e-01
1.167753410800573266e-01
1.167193266948350766e-01
1.166634769793755966e-01
1.166077902727713500e-01
1.165522649394967747e-01
1.164968993689901866e-01
1.164416919752423590e-01
1.163866411963922626e-01
1.163317454943291474e-01
1.162770033543016751e-01
1.162224132845331298e-01
1.161679738158436087e-01
1.161136835012777507e-01
1.160595409157392927e-01
1.160055446556315373e-01
1.159516933385036364e-01
1.158979856027029381e-01
1.158444201070330665e-01
1.157909955304177591e-01
1.157377105715700905e-01
1.156845639486675931e-01
1.156315543990322492e-01
1.155786806788164783e-01
1.155259415626936209e-01
1.154733358435541812e-01
1.154208623322067750e-01
1.153685198570842674e-01
1.153163072639545317e-01
1.152642234156363993e-01
1.152122671917199803e-01
1.151604374882918003e-01
1.151087332176645578e-01
1.150571533081113790e-01
1.150056966871577241e-01
1.149543623471495496e-01
1.149031492462042059e-01
1.148520563738655020e-01
1.148010827343735329e-01
1.147502273464241773e-01
1.146994892429329810e-01
1.146488674708025374e-01
1.145983610906940869e-01
1.145479691768027108e-01
1.144976908166363549e-01
1.144475251107984204e-01
1.143974711727742399e-01
1.143475281287207185e-01
1.142976951172597760e-01
1.142479712892750660e-01
1.141983558077122179e-01
1.141488478473822177e-01
1.140994465947682834e-01
1.140501512478356988e-01
1.140009610158449205e-01
1.139518751191680029e-01
1.139028927891076182e-01
1.138540132677195449e-01
1.138052358076378362e-01
1.137565596719029570e-01
1.137079841337928360e-01
1.136595084766565955e-01
1.136111319937512382e-01
1.135628539880808863e-01
1.135146737722386445e-01
1.134665906682514463e-01
1.134186040074269125e-01
1.133707131302033461e-01
1.133229173860017397e-01
1.132752161330805307e-01
1.132276087383926877e-01
1.131800945774451284e-01
1.131326730341605247e-01
1.130853435007413699e-01
1.130381053775363770e-01
1.129909580729089313e-01
1.129439010031079577e-01
1.128969335921407441e-01
1.128500552716479866e-01
1.128032654807807622e-01
1.127565636660797510e-01
1.127099492813563586e-01
1.126634217875757682e-01
1.126169806527419909e-01
1.125706253517848310e-01
1.125243553664486834e-01
1.124781701851832183e-01
1.124320693030358836e-01
1.123860522215461288e-01
1.123401184486414461e-01
1.122942674985351053e-01
1.122484988916256365e-01
1.122028121543978962e-01
1.121572068193258387e-01
1.121116824247768567e-01
1.120662385149177737e-01
1.120208746396223198e-01
1.119755903543801501e-01
1.119303852202074429e-01
1.118852588035589429e-01
1.118402106762413917e-01
1.117952404153284840e-01
1.117503476030772269e-01
1.117055318268456165e-01
1.116607926790117999e-01
1.116161297568943195e-01
1.115715426626741197e-01
1.115270310033173867e-01
1.114825943904999284e-01
1.114382324405327057e-01
1.113939447742887390e-01
1.113497310171309707e-01
1.113055907988416138e-01
1.112615237535524021e-01
1.112175295196762281e-01
1.111736077398396833e-01
1.111297580608169300e-01
1.110859801334646152e-01
1.110422736126576437e-01
1.109986381572263398e-01
1.109550734298944269e-01
1.109115790972181881e-01
1.108681548295264024e-01
1.108248003008615312e-01
1.107815151889217503e-01
1.107382991750039125e-01
1.106951519439475368e-01
1.106520731840796301e-01
1.106090625871605782e-01
1.105661198483306323e-01
1.105232446660577017e-01
1.104804367420856165e-01
1.104376957813834326e-01
1.103950214920955963e-01
1.103524135854928312e-01
1.103098717759239539e-01
1.102673957807683291e-01
1.102249853203892405e-01
1.101826401180880100e-01
1.101403599000588124e-01
1.100981443953443079e-01
1.100559933357919407e-01
1.100139064560110153e-01
1.099718834933304662e-01
1.099299241877572247e-01
1.098880282819354876e-01
1.098461955211064711e-01
1.098044256530688323e-01
1.097627184281399076e-01
1.097210735991173275e-01
1.096794909212416014e-01
1.096379701521589395e-01
1.095965110518850039e-01
1.095551133827690898e-01
1.095137769094589042e-01
1.094725013988660511e-01
1.094312866201318096e-01
1.093901323445938684e-01
1.093490383457532134e-01
1.093080043992418621e-01
1.092670302827908890e-01
1.092261157761991869e-01
1.091852606613025883e-01
1.091444647219435987e-01
1.091037277439414893e-01
1.090630495150630708e-01
1.090224298249937440e-01
1.089818684653092867e-01
1.089413652294476953e-01
1.089009199126819705e-01
1.088605323120929724e-01
1.088202022265429142e-01
1.087799294566492436e-01
1.087397138047588724e-01
1.086995550749230433e-01
1.086594530728722807e-01
1.086194076059920910e-01
1.085794184832988424e-01
1.085394855154160620e-01
1.084996085145513017e-01
1.084597872944730451e-01
1.084200216704883091e-01
1.083803114594204947e-01
1.083406564795875160e-01
1.083010565507804973e-01
1.082615114942425127e-01
1.082220211326479359e-01
1.081825852900820950e-01
1.081432037920211364e-01
1.081038764653122070e-01
1.080646031381541222e-01
1.080253836400783263e-01
1.079862178019298791e-01
1.079471054558492349e-01
1.079080464352537849e-01
1.078690405748201769e-01
1.078300877104666350e-01
1.077911876793355567e-01
1.077523403197766516e-01
1.077135454713300106e-01
1.076748029747097851e-01
1.076361126717877981e-01
1.075974744055776811e-01
1.075588880202192066e-01
1.075203533609627587e-01
1.074818702741542203e-01
1.074434386072199571e-01
1.074050582086521627e-01
1.073667289279943426e-01
1.073284506158271728e-01
1.072902231237543302e-01
1.072520463043889483e-01
1.072139200113398083e-01
1.071758440991981837e-01
1.071378184235246833e-01
1.070998428408362901e-01
1.070619172085936488e-01
1.070240413851887146e-01
1.069862152299322217e-01
1.069484386030418177e-01
1.069107113656300456e-01
1.068730333796925891e-01
1.068354045080968373e-01
1.067978246145705190e-01
1.067602935636905309e-01
1.067228112208719326e-01
1.066853774523572884e-01
1.066479921252057872e-01
1.066106551072830144e-01
1.065733662672505577e-01
1.065361254745558761e-01
1.064989325994223635e-01
1.064617875128395508e-01
1.064246900865533918e-01
1.063876401930568816e-01
1.063506377055805641e-01
1.063136824980834838e-01
1.062767744452440405e-01
1.062399134224511349e-01
1.062030993057953704e-01
1.061663319720604209e-01
1.061296112987146212e-01
1.060929371639025565e-01
1.060563094464367778e-01
1.060197280257898500e-01
1.059831927820863023e-01
1.059467035960948156e-01
1.059102603492204780e-01
1.058738629234972778e-01
1.058375112015805253e-01
1.058012050667395954e-01
1.057649444028506136e-01
1.057287290943894342e-01
1.056925590264244652e-01
1.056564340846099931e-01
1.056203541551791608e-01
1.055843191249374452e-01
1.055483288812560094e-01
1.055123833120652221e-01
1.054764823058483153e-01
1.054406257516350837e-01
1.054048135389957092e-01
1.053690455580346824e-01
1.053333216993848492e-01
1.052976418542014153e-01
1.052620059141562425e-01
1.052264137714321729e-01
1.051908653187172138e-01
1.051553604491992783e-01
1.051198990565604396e-01
1.050844810349718106e-01
1.050491062790881447e-01
1.050137746840426323e-01
1.049784861454418350e-01
1.049432405593605927e-01
1.049080378223370552e-01
1.048728778313678667e-01
1.048377604839033084e-01
1.048026856778424970e-01
1.047676533115288744e-01
1.047326632837454197e-01
1.046977154937102639e-01
1.046628098410722352e-01
1.046279462259064041e-01
1.045931245487098094e-01
1.045583447103971414e-01
1.045236066122966628e-01
1.044889101561459616e-01
1.044542552440879818e-01
1.044196417786670272e-01
1.043850696628246671e-01
1.043505387998961004e-01
1.043160490936061030e-01
1.042816004480654063e-01
1.042471927677669080e-01
1.042128259575821336e-01
1.041784999227574338e-01
1.041442145689106952e-01
1.041099698020276215e-01
1.040757655284584304e-01
1.040416016549144396e-01
1.040074780884647082e-01
1.039733947365327343e-01
1.039393515068932905e-01
1.039053483076691486e-01
1.038713850473279576e-01
1.038374616346792179e-01
1.038035779788711033e-01
1.037697339893875748e-01
1.037359295760453270e-01
1.037021646489909577e-01
1.036684391186979831e-01
1.036347528959641329e-01
1.036011058919084071e-01
1.035674980179685095e-01
1.035339291858979049e-01
1.035003993077634049e-01
1.034669082959423086e-01
1.034334560631199468e-01
1.034000425222870445e-01
1.033666675867372930e-01
1.033333311700647406e-01
1.033000331861614607e-01
1.032667735492150268e-01
1.032335521737062778e-01
1.032003689744067920e-01
1.031672238663767088e-01
1.031341167649624385e-01
1.031010475857943448e-01
1.030680162447845799e-01
1.030350226581249057e-01
1.030020667422844732e-01
1.029691484140078384e-01
1.029362675903127133e-01
1.029034241884880102e-01
1.028706181260917313e-01
1.028378493209490124e-01
1.028051176911501663e-01
1.027724231550486006e-01
1.027397656312591112e-01
1.027071450386557588e-01
1.026745612963701343e-01
1.026420143237894850e-01
1.026095040405548692e-01
1.025770303665593935e-01
1.025445932219463951e-01
1.025121925271077761e-01
1.024798282026821578e-01
1.024475001695532989e-01
1.024152083488483467e-01
1.023829526619362273e-01
1.023507330304259527e-01
1.023185493761650661e-01
1.022864016212380461e-01
1.022542896879646973e-01
1.022222134988986508e-01
1.021901729768257966e-01
1.021581680447628260e-01
1.021261986259556914e-01
1.020942646438781770e-01
1.020623660222304274e-01
1.020305026849375185e-01
1.019986745561480695e-01
1.019668815602328138e-01
1.019351236217832524e-01
1.019034006656103497e-01
1.018717126167430209e-01
1.018400594004270215e-01
1.018084409421234904e-01
1.017768571675077005e-01
1.017453080024678380e-01
1.017137933731036975e-01
1.016823132057254331e-01
1.016508674268523649e-01
1.016194559632117300e-01
1.015880787417375308e-01
1.015567356895693135e-01
1.015254267340510858e-01
1.014941518027299566e-01
1.014629108233553456e-01
1.014317037238774838e-01
1.014005304324465812e-01
1.013693908774115915e-01
1.013382849873191716e-01
1.013072126909126125e-01
1.012761739171307435e-01
1.012451685951069880e-01
1.012141966541681842e-01
1.011832580238337109e-01
1.011523526338143630e-01
1.011214804140114776e-01
1.010906412945157679e-01
1.010598352056065463e-01
1.010290620777506837e-01
1.009983218416015543e-01
1.009676144279983284e-01
1.009369397679648478e-01
1.009062977927087101e-01
1.008756884336205195e-01
1.008451116222728594e-01
1.008145672904194184e-01
1.007840553699941299e-01
1.007535757931103393e-01
1.007231284920598463e-01
1.006927133993122253e-01
1.006623304475138120e-01
1.006319795694869956e-01
1.006016606982292338e-01
1.005713737669125252e-01
1.005411187088823266e-01
1.005108954576568875e-01
1.004807039469264723e-01
1.004505441105525143e-01
1.004204158825669352e-01
1.003903191971713266e-01
1.003602539887362144e-01
1.003302201918002540e-01
1.003002177410696055e-01
1.002702465714171570e-01
1.002403066178817470e-01
1.002103978156675124e-01
1.001805201001431528e-01
1.001506734068412507e-01
1.001208576714575776e-01
1.000910728298503583e-01
1.000613188180397017e-01
1.000315955722067690e-01
1.000019030286932731e-01
9.997224112400068807e-02
9.994260979478969409e-02
9.991300897787944169e-02
9.988343861024699677e-02
9.985389862902661895e-02
9.982438897150927581e-02
9.979490957514181027e-02
9.976546037752649643e-02
9.973604131642038739e-02
9.970665232973469072e-02
9.967729335553411618e-02
9.964796433203644554e-02
9.961866519761172767e-02
9.958939589078188992e-02
9.956015635022005816e-02
9.953094651474997390e-02
9.950176632334550852e-02
9.947261571513001110e-02
9.944349462937582262e-02
9.941440300550367926e-02
9.938534078308212949e-02
9.935630790182715943e-02
9.932730430160145729e-02
9.929832992241395540e-02
9.926938470441933060e-02
9.924046858791744918e-02
9.921158151335289499e-02
9.918272342131433106e-02
9.915389425253415268e-02
9.912509394788784900e-02
9.909632244839361448e-02
9.906757969521168272e-02
9.903886562964406282e-02
9.901018019313383156e-02
9.898152332726478653e-02
9.895289497376090482e-02
9.892429507448587123e-02
9.889572357144264803e-02
9.886718040677291985e-02
9.883866552275666351e-02
9.881017886181177323e-02
9.878172036649345011e-02
9.875328997949382737e-02
9.872488764364152625e-02
9.869651330190115646e-02
9.866816689737296919e-02
9.863984837329227429e-02
9.861155767302910713e-02
9.858329474008775684e-02
9.855505951810630827e-02
9.852685195085628123e-02
9.849867198224211695e-02
9.847051955630084508e-02
9.844239461720158402e-02
9.841429710924513852e-02
9.838622697686363883e-02
9.835818416462011049e-02
9.833016861720800250e-02
9.830218027945079873e-02
9.827421909630171259e-02
9.824628501284318749e-02
9.821837797428650818e-02
9.819049792597142612e-02
9.816264481336581249e-02
9.813481858206515862e-02
9.810701917779229841e-02
9.807924654639692263e-02
9.805150063385528747e-02
9.802378138626981208e-02
9.799608874986863449e-02
9.796842267100532020e-02
9.794078309615845968e-02
9.791316997193127980e-02
9.788558324505129693e-02
9.785802286236998382e-02
9.783048877086227002e-02
9.780298091762637536e-02
9.777549924988332419e-02
9.774804371497661237e-02
9.772061426037183252e-02
9.769321083365639646e-02
9.766583338253911895e-02
9.763848185484985676e-02
9.761115619853924508e-02
9.758385636167823951e-02
9.755658229245789403e-02
9.752933393918888916e-02
9.750211125030133763e-02
9.747491417434432648e-02
9.744774265998565332e-02
9.742059665601146556e-02
9.739347611132589955e-02
9.736638097495087241e-02
9.733931119602558246e-02
9.731226672380627329e-02
9.728524750766598395e-02
9.725825349709406320e-02
9.723128464169598917e-02
9.720434089119296683e-02
9.717742219542165050e-02
9.715052850433382459e-02
9.712365976799605671e-02
9.709681593658947563e-02
9.706999696040931325e-02
9.704320278986475201e-02
9.701643337547848078e-02
9.698968866788651444e-02
9.696296861783779142e-02
9.693627317619393780e-02
9.690960229392887870e-02
9.688295592212867180e-02
9.685633401199106318e-02
9.682973651482530697e-02
9.680316338205181836e-02
9.677661456520186833e-02
9.675009001591729219e-02
9.672358968595025364e-02
9.669711352716289787e-02
9.667066149152708787e-02
9.664423353112404358e-02
9.661782959814421701e-02
9.659144964488683427e-02
9.656509362375975680e-02
9.653876148727906503e-02
9.651245318806887796e-02
9.648616867886106174e-02
9.645990791249485496e-02
9.643367084191675764e-02
9.640745742018008713e-02
9.638126760044482544e-02
9.635510133597727234e-02
9.632895858014983714e-02
9.630283928644067792e-02
9.627674340843350720e-02
9.625067089981731439e-02
9.622462171438608824e-02
9.619859580603851157e-02
9.617259312877775301e-02
9.614661363671118954e-02
9.612065728405007337e-02
9.609472402510940703e-02
9.606881381430755484e-02
9.604292660616606248e-02
9.601706235530932387e-02
9.599122101646441474e-02
9.596540254446074558e-02
9.593960689422986743e-02
9.591383402080519427e-02
9.588808387932175326e-02
9.586235642501593490e-02
9.583665161322521553e-02
9.581096939938792134e-02
9.578530973904303414e-02
9.575967258782981661e-02
9.573405790148771521e-02
9.570846563585592992e-02
9.568289574687340038e-02
9.565734819057834792e-02
9.563182292310813681e-02
9.560631990069899666e-02
9.558083907968582815e-02
9.555538041650191161e-02
9.552994386767865720e-02
9.550452938984541063e-02
9.547913693972918947e-02
9.545376647415439175e-02
9.542841795004272654e-02
9.540309132441276985e-02
9.537778655437983977e-02
9.535250359715573276e-02
9.532724241004858490e-02
9.530200295046238612e-02
9.527678517589710516e-02
9.525158904394813442e-02
9.522641451230622056e-02
9.520126153875722863e-02
9.517613008118190610e-02
9.515102009755556367e-02
9.512593154594797817e-02
9.510086438452310109e-02
9.507581857153882265e-02
9.505079406534676367e-02
9.502579082439205349e-02
9.500080880721312182e-02
9.497584797244140731e-02
9.495090827880121875e-02
9.492598968510947144e-02
9.490109215027545120e-02
9.487621563330062013e-02
9.485136009327840845e-02
9.482652548939393689e-02
9.480171178092389184e-02
9.477691892723620615e-02
9.475214688778989258e-02
9.472739562213489117e-02
9.470266508991165288e-02
9.467795525085118125e-02
9.465326606477465765e-02
9.462859749159320544e-02
9.460394949130780662e-02
9.457932202400902433e-02
9.455471504987671139e-02
9.453012852917994091e-02
9.450556242227667325e-02
9.448101668961365884e-02
9.445649129172613290e-02
9.443198618923763499e-02
9.440750134285984252e-02
9.438303671339230705e-02
9.435859226172226000e-02
9.433416794882444611e-02
9.430976373576091532e-02
9.428537958368070349e-02
9.426101545381977698e-02
9.423667130750076892e-02
9.421234710613277108e-02
9.418804281121111177e-02
9.416375838431723100e-02
9.413949378711833349e-02
9.411524898136738870e-02
9.409102392890275612e-02
9.406681859164807424e-02
9.404263293161201076e-02
9.401846691088812380e-02
9.399432049165459824e-02
9.397019363617417631e-02
9.394608630679369965e-02
9.392199846594424806e-02
9.389793007614068154e-02
9.387388109998154317e-02
9.384985150014890642e-02
9.382584123940806986e-02
9.380185028060751551e-02
9.377787858667857579e-02
9.375392612063526698e-02
9.372999284557419208e-02
9.370607872467420774e-02
9.368218372119639648e-02
9.365830779848371979e-02
9.363445091996089320e-02
9.361061304913426140e-02
9.358679414959145126e-02
9.356299418500142739e-02
9.353921311911396475e-02
9.351545091575984292e-02
9.349170753885033269e-02
9.346798295237722376e-02
9.344427712041253331e-02
9.342059000710832561e-02
9.339692157669660100e-02
9.337327179348904604e-02
9.334964062187683931e-02
9.332602802633054029e-02
9.330243397139978412e-02
9.327885842171329545e-02
9.325530134197845822e-02
9.323176269698134344e-02
9.320824245158641774e-02
9.318474057073639072e-02
9.316125701945209003e-02
9.313779176283214223e-02
9.311434476605293109e-02
9.309091599436836173e-02
9.306750541310969405e-02
9.304411298768534844e-02
9.302073868358073927e-02
9.299738246635810834e-02
9.297404430165633060e-02
9.295072415519077536e-02
9.292742199275301485e-02
9.290413778021086588e-02
9.288087148350800126e-02
9.285762306866386651e-02
9.283439250177351332e-02
9.281117974900744694e-02
9.278798477661133470e-02
9.276480755090600605e-02
9.274164803828717496e-02
9.271850620522524566e-02
9.269538201826518775e-02
9.267227544402641126e-02
9.264918644920251689e-02
9.262611500056115721e-02
9.260306106494388401e-02
9.258002460926591237e-02
9.255700560051602355e-02
9.253400400575641227e-02
9.251101979212246473e-02
9.248805292682255041e-02
9.246510337713799432e-02
9.244217111042278556e-02
9.241925609410343856e-02
9.239635829567893754e-02
9.237347768272033410e-02
9.235061422287087207e-02
9.232776788384557121e-02
9.230493863343119942e-02
9.228212643948613403e-02
9.225933126994004252e-02
9.223655309279389647e-02
9.221379187611977724e-02
9.219104758806052902e-02
9.216832019682986987e-02
9.214560967071204478e-02
9.212291597806170074e-02
9.210023908730383124e-02
9.207757896693342936e-02
9.205493558551548772e-02
9.203230891168480421e-02
9.200969891414569057e-02
9.198710556167209729e-02
9.196452882310712784e-02
9.194196866736312201e-02
9.191942506342135055e-02
9.189689798033198742e-02
9.187438738721386000e-02
9.185189325325432419e-02
9.182941554770907011e-02
9.180695423990203885e-02
9.178450929922521428e-02
9.176208069513848431e-02
9.173966839716950206e-02
9.171727237491350548e-02
9.169489259803315084e-02
9.167252903625838778e-02
9.165018165938636219e-02
9.162785043728115253e-02
9.160553533987365882e-02
9.158323633716147771e-02
9.156095339920872211e-02
9.153868649614595177e-02
9.151643559816981244e-02
9.149420067554318858e-02
9.147198169859478700e-02
9.144977863771910909e-02
9.142759146337631204e-02
9.140542014609200072e-02
9.138326465645714436e-02
9.136112496512786840e-02
9.133900104282532961e-02
9.131689286033561892e-02
9.129480038850951162e-02
9.127272359826242576e-02
9.125066246057418617e-02
9.122861694648891351e-02
9.120658702711496868e-02
9.118457267362461982e-02
9.116257385725405615e-02
9.114059054930317982e-02
9.111862272113546712e-02
9.109667034417781584e-02
9.107473338992044809e-02
9.105281182991670219e-02
9.103090563578293548e-02
9.100901477919834393e-02
9.098713923190486497e-02
9.096527896570702487e-02
9.094343395247175832e-02
9.092160416412828350e-02
9.089978957266796333e-02
9.087799015014427773e-02
9.085620586867243498e-02
9.083443670042946894e-02
9.081268261765398919e-02
9.079094359264601455e-02
9.076921959776693138e-02
9.074751060543927161e-02
9.072581658814661554e-02
9.070413751843348082e-02
9.068247336890504495e-02
9.066082411222720072e-02
9.063918972112630645e-02
9.061757016838906109e-02
9.059596542686236542e-02
9.057437546945325268e-02
9.055280026912862490e-02
9.053123979891521123e-02
9.050969403189947082e-02
9.048816294122734305e-02
9.046664650010413644e-02
9.044514468179455646e-02
9.042365745962228918e-02
9.040218480697012615e-02
9.038072669727968689e-02
9.035928310405134944e-02
9.033785400084402839e-02
9.031643936127517480e-02
9.029503915902058198e-02
9.027365336781420502e-02
9.025228196144809145e-02
9.023092491377222857e-02
9.020958219869443240e-02
9.018825379018015342e-02
9.016693966225249046e-02
9.014563978899185759e-02
9.012435414453601190e-02
9.010308270307987311e-02
9.008182543887538474e-02
9.006058232623138926e-02
9.003935333951353093e-02
9.001813845314407536e-02
8.999693764160181242e-02
8.997575087942195904e-02
8.995457814119596496e-02
8.993341940157138781e-02
8.991227463525186536e-02
8.989114381699687961e-02
8.987002692162170125e-02
8.984892392399719541e-02
8.982783479904973833e-02
8.980675952176114807e-02
8.978569806716842072e-02
8.976465041036375825e-02
8.974361652649431864e-02
8.972259639076214655e-02
8.970158997842410387e-02
8.968059726479161997e-02
8.965961822523069169e-02
8.963865283516166127e-02
8.961770107005918862e-02
8.959676290545205701e-02
8.957583831692303433e-02
8.955492728010884529e-02
8.953402977070003266e-02
8.951314576444065196e-02
8.949227523712846577e-02
8.947141816461455510e-02
8.945057452280330557e-02
8.942974428765233796e-02
8.940892743517224461e-02
8.938812394142664486e-02
8.936733378253189364e-02
8.934655693465709536e-02
8.932579337402395125e-02
8.930504307690656507e-02
8.928430601963145696e-02
8.926358217857728594e-02
8.924287153017489149e-02
8.922217405090708542e-02
8.920148971730851306e-02
8.918081850596565330e-02
8.916016039351654099e-02
8.913951535665082249e-02
8.911888337210946420e-02
8.909826441668476649e-02
8.907765846722023872e-02
8.905706550061034954e-02
8.903648549380065169e-02
8.901591842378742125e-02
8.899536426761768537e-02
8.897482300238908348e-02
8.895429460524970078e-02
8.893377905339809597e-02
8.891327632408295434e-02
8.889278639460321263e-02
8.887230924230779538e-02
8.885184484459555943e-02
8.883139317891516895e-02
8.881095422276497064e-02
8.879052795369295203e-02
8.877011434929650557e-02
8.874971338722241476e-02
8.872932504516671537e-02
8.870894930087459829e-02
8.868858613214027076e-02
8.866823551680683146e-02
8.864789743276617340e-02
8.862757185795902548e-02
8.860725877037450848e-02
8.858695814805041258e-02
8.856666996907271161e-02
8.854639421157579904e-02
8.852613085374212709e-02
8.850587987380223454e-02
8.848564125003458014e-02
8.846541496076545941e-02
8.844520098436887967e-02
8.842499929926644908e-02
8.840480988392732109e-02
8.838463271686800016e-02
8.836446777665232788e-02
8.834431504189128870e-02
8.832417449124298214e-02
8.830404610341244243e-02
8.828392985715163843e-02
8.826382573125921005e-02
8.824373370458053756e-02
8.822365375600749182e-02
8.820358586447840654e-02
8.818353000897796723e-02
8.816348616853714182e-02
8.814345432223291699e-02
8.812343444918842306e-02
8.810342652857267032e-02
8.808343053960043800e-02
8.806344646153235756e-02
8.804347427367452406e-02
8.802351395537869050e-02
8.800356548604192086e-02
8.798362884510659010e-02
8.796370401206034251e-02
8.794379096643589744e-02
8.792388968781097991e-02
8.790400015580818183e-02
8.788412235009494811e-02
8.786425625038341014e-02
8.784440183643028865e-02
8.782455908803679656e-02
8.780472798504858345e-02
8.778490850735555517e-02
8.776510063489183222e-02
8.774530434763566644e-02
8.772551962560927452e-02
8.770574644887875471e-02
8.768598479755407293e-02
8.766623465178884078e-02
8.764649599178030159e-02
8.762676879776924721e-02
8.760705305003976817e-02
8.758734872891937862e-02
8.756765581477880811e-02
8.754797428803177961e-02
8.752830412913516211e-02
8.750864531858870698e-02
8.748899783693497856e-02
8.746936166475929864e-02
8.744973678268959383e-02
8.743012317139638168e-02
8.741052081159256248e-02
8.739092968403337769e-02
8.737134976951639598e-02
8.735178104888129125e-02
8.733222350300981485e-02
8.731267711282565680e-02
8.729314185929440417e-02
8.727361772342343005e-02
8.725410468626178251e-02
8.723460272890010136e-02
8.721511183247054877e-02
8.719563197814662880e-02
8.717616314714318748e-02
8.715670532071635723e-02
8.713725848016326547e-02
8.711782260682217338e-02
8.709839768207226773e-02
8.707898368733350825e-02
8.705958060406673860e-02
8.704018841377333948e-02
8.702080709799536740e-02
8.700143663831529095e-02
8.698207701635600475e-02
8.696272821378067674e-02
8.694339021229273434e-02
8.692406299363567013e-02
8.690474653959302798e-02
8.688544083198827817e-02
8.686614585268476185e-02
8.684686158358556618e-02
8.682758800663344101e-02
8.680832510381072953e-02
8.678907285713925723e-02
8.676983124868026254e-02
8.675060026053427187e-02
8.673137987484107192e-02
8.671217007377958474e-02
8.669297083956772898e-02
8.667378215446243372e-02
8.665460400075951364e-02
8.663543636079355792e-02
8.661627921693777765e-02
8.659713255160407519e-02
8.657799634724293314e-02
8.655887058634312292e-02
8.653975525143191294e-02
8.652065032507470776e-02
8.650155578987518690e-02
8.648247162847509661e-02
8.646339782355418058e-02
8.644433435783009656e-02
8.642528121405837482e-02
8.640623837503225158e-02
8.638720582358265510e-02
8.636818354257815022e-02
8.634917151492467469e-02
8.633016972356566399e-02
8.631117815148189876e-02
8.629219678169135210e-02
8.627322559724916184e-02
8.625426458124763052e-02
8.623531371681590618e-02
8.621637298712019060e-02
8.619744237536340614e-02
8.617852186478530685e-02
8.615961143866221472e-02
8.614071108030715851e-02
8.612182077306956840e-02
8.610294050033527602e-02
8.608407024552652831e-02
8.606520999210180711e-02
8.604635972355569040e-02
8.602751942341890778e-02
8.600868907525817397e-02
8.598986866267618878e-02
8.597105816931142896e-02
8.595225757883816209e-02
8.593346687496633551e-02
8.591468604144149313e-02
8.589591506204476146e-02
8.587715392059261377e-02
8.585840260093698106e-02
8.583966108696503006e-02
8.582092936259916316e-02
8.580220741179689359e-02
8.578349521855074822e-02
8.576479276688829534e-02
8.574610004087193649e-02
8.572741702459892033e-02
8.570874370220120386e-02
8.569008005784543858e-02
8.567142607573281776e-02
8.565278174009902101e-02
8.563414703521418647e-02
8.561552194538282756e-02
8.559690645494365258e-02
8.557830054826957855e-02
8.555970420976768964e-02
8.554111742387904282e-02
8.552254017507869566e-02
8.550397244787559525e-02
8.548541422681246726e-02
8.546686549646574649e-02
8.544832624144560462e-02
8.542979644639574210e-02
8.541127609599340198e-02
8.539276517494917562e-02
8.537426366800709987e-02
8.535577155994442111e-02
8.533728883557166467e-02
8.531881547973244051e-02
8.530035147730338774e-02
8.528189681319417459e-02
8.526345147234740129e-02
8.524501543973840578e-02
8.522658870037538859e-02
8.520817123929913528e-02
8.518976304158314139e-02
8.517136409233339034e-02
8.515297437668835345e-02
8.513459387981886506e-02
8.511622258692809473e-02
8.509786048325145014e-02
8.507950755405656318e-02
8.506116378464310956e-02
8.504282916034282269e-02
8.502450366651936875e-02
8.500618728856833284e-02
8.498788001191712183e-02
8.496958182202483945e-02
8.495129270438231406e-02
8.493301264451193211e-02
8.491474162796763814e-02
8.489647964033482375e-02
8.487822666723027210e-02
8.485998269430207464e-02
8.484174770722958947e-02
8.482352169172334422e-02
8.480530463352495274e-02
8.478709651840708739e-02
8.476889733217342349e-02
8.475070706065841730e-02
8.473252568972751420e-02
8.471435320527677393e-02
8.469618959323303720e-02
8.467803483955373134e-02
8.465988893022681483e-02
8.464175185127079115e-02
8.462362358873454227e-02
8.460550412869727310e-02
8.458739345726849768e-02
8.456929156058791419e-02
8.455119842482540504e-02
8.453311403618091191e-02
8.451503838088435250e-02
8.449697144519560665e-02
8.447891321540444698e-02
8.446086367783041393e-02
8.444282281882281582e-02
8.442479062476059004e-02
8.440676708205233081e-02
8.438875217713613652e-02
8.437074589647960976e-02
8.435274822657970462e-02
8.433475915396276834e-02
8.431677866518436093e-02
8.429880674682935227e-02
8.428084338551163068e-02
8.426288856787425563e-02
8.424494228058923562e-02
8.422700451035758373e-02
8.420907524390913723e-02
8.419115446800255753e-02
8.417324216942530246e-02
8.415533833499347360e-02
8.413744295155181629e-02
8.411955600597362248e-02
8.410167748516068909e-02
8.408380737604317923e-02
8.406594566557974713e-02
8.404809234075723279e-02
8.403024738859077303e-02
8.401241079612369045e-02
8.399458255042734078e-02
8.397676263860122392e-02
8.395895104777276186e-02
8.394114776509731257e-02
8.392335277775812841e-02
8.390556607296618952e-02
8.388778763796030102e-02
8.387001746000685709e-02
8.385225552639991031e-02
8.383450182446106069e-02
8.381675634153931687e-02
8.379901906501124875e-02
8.378128998228066837e-02
8.376356908077878249e-02
8.374585634796394285e-02
8.372815177132175712e-02
8.371045533836488084e-02
8.369276703663311445e-02
8.367508685369323684e-02
8.365741477713882490e-02
8.363975079459051720e-02
8.362209489369568094e-02
8.360444706212842580e-02
8.358680728758956235e-02
8.356917555780656037e-02
8.355155186053343785e-02
8.353393618355074712e-02
8.351632851466550544e-02
8.349872884171109788e-02
8.348113715254720790e-02
8.346355343505988678e-02
8.344597767716137315e-02
8.342840986678999593e-02
8.341084999191025751e-02
8.339329804051272277e-02
8.337575400061385256e-02
8.335821786025608693e-02
8.334068960750774802e-02
8.332316923046292900e-02
8.330565671724146637e-02
8.328815205598893989e-02
8.327065523487653387e-02
8.325316624210099548e-02
8.323568506588460703e-02
8.321821169447510269e-02
8.320074611614564075e-02
8.318328831919474808e-02
8.316583829194615363e-02
8.314839602274892716e-02
8.313096149997725726e-02
8.311353471203045129e-02
8.309611564733290767e-02
8.307870429433400483e-02
8.306130064150811509e-02
8.304390467735446590e-02
8.302651639039712594e-02
8.300913576918497738e-02
8.299176280229161873e-02
8.297439747831532320e-02
8.295703978587894156e-02
8.293968971362995768e-02
8.292234725024033581e-02
8.290501238440642351e-02
8.288768510484909036e-02
8.287036540031346432e-02
8.285305325956897338e-02
8.283574867140928999e-02
8.281845162465227561e-02
8.280116210813986966e-02
8.278388011073814501e-02
8.276660562133712762e-02
8.274933862885089364e-02
8.273207912221730576e-02
8.271482709039819359e-02
8.269758252237913165e-02
8.268034540716945324e-02
8.266311573380216715e-02
8.264589349133397156e-02
8.262867866884511525e-02
8.261147125543936987e-02
8.259427124024402989e-02
8.257707861240980163e-02
8.255989336111073384e-02
8.254271547554427324e-02
8.252554494493107018e-02
8.250838175851503420e-02
8.249122590556320911e-02
8.247407737536580075e-02
8.245693615723606595e-02
8.243980224051018768e-02
8.242267561454744151e-02
8.240555626872995976e-02
8.238844419246268980e-02
8.237133937517340798e-02
8.235424180631270574e-02
8.233715147535379530e-02
8.232006837179256520e-02
8.230299248514756638e-02
8.228592380495979020e-02
8.226886232079280714e-02
8.225180802223260035e-02
8.223476089888762108e-02
8.221772094038859446e-02
8.220068813638853333e-02
8.218366247656275214e-02
8.216664395060878368e-02
8.214963254824621253e-02
8.213262825921681387e-02
8.211563107328440081e-02
8.209864098023472723e-02
8.208165796987554330e-02
8.206468203203652612e-02
8.204771315656914088e-02
8.203075133334669644e-02
8.201379655226423426e-02
8.199684880323854230e-02
8.197990807620803011e-02
8.196297436113271495e-02
8.194604764799416630e-02
8.192912792679549194e-02
8.191221518756126863e-02
8.189530942033745875e-02
8.187841061519138264e-02
8.186151876221173240e-02
8.184463385150839154e-02
8.182775587321255983e-02
8.181088481747651742e-02
8.179402067447374969e-02
8.177716343439879465e-02
8.176031308746720128e-02
8.174346962391551563e-02
8.172663303400125312e-02
8.170980330800280134e-02
8.169298043621936456e-02
8.167616440897099150e-02
8.165935521659845042e-02
8.164255284946321523e-02
8.162575729794743773e-02
8.160896855245389214e-02
8.159218660340583629e-02
8.157541144124717813e-02
8.155864305644217049e-02
8.154188143947560530e-02
8.152512658085254993e-02
8.150837847109847212e-02
8.149163710075915668e-02
8.147490246040055284e-02
8.145817454060888529e-02
8.144145333199044601e-02
8.142473882517173300e-02
8.140803101079924220e-02
8.139132987953950904e-02
8.137463542207905298e-02
8.135794762912428035e-02
8.134126649140155374e-02
8.132459199965698382e-02
8.130792414465655427e-02
8.129126291718598296e-02
8.127460830805065262e-02
8.125796030807562464e-02
8.124131890810561141e-02
8.122468409900489295e-02
8.120805587165720596e-02
8.119143421696586871e-02
8.117481912585361448e-02
8.115821058926254994e-02
8.114160859815414129e-02
8.112501314350915871e-02
8.110842421632766253e-02
8.109184180762896155e-02
8.107526590845150205e-02
8.105869650985286778e-02
8.104213360290976609e-02
8.102557717871794463e-02
8.100902722839214976e-02
8.099248374306612652e-02
8.097594671389250764e-02
8.095941613204284126e-02
8.094289198870749380e-02
8.092637427509562220e-02
8.090986298243517394e-02
8.089335810197277599e-02
8.087685962497373482e-02
8.086036754272200866e-02
8.084388184652012421e-02
8.082740252768914890e-02
8.081092957756866313e-02
8.079446298751671862e-02
8.077800274890978294e-02
8.076154885314265619e-02
8.074510129162858207e-02
8.072866005579901194e-02
8.071222513710370194e-02
8.069579652701057426e-02
8.067937421700578648e-02
8.066295819859359284e-02
8.064654846329635807e-02
8.063014500265447415e-02
8.061374780822638808e-02
8.059735687158844919e-02
8.058097218433503406e-02
8.056459373807835223e-02
8.054822152444843231e-02
8.053185553509320527e-02
8.051549576167828237e-02
8.049914219588708009e-02
8.048279482942065355e-02
8.046645365399773819e-02
8.045011866135465262e-02
8.043378984324532632e-02
8.041746719144118871e-02
8.040115069773122458e-02
8.038484035392179372e-02
8.036853615183665867e-02
8.035223808331708184e-02
8.033594614022158964e-02
8.031966031442594467e-02
8.030338059782325677e-02
8.028710698232385812e-02
8.027083945985520608e-02
8.025457802236192484e-02
8.023832266180577766e-02
8.022207337016554196e-02
8.020583013943707873e-02
8.018959296163315209e-02
8.017336182878362361e-02
8.015713673293513308e-02
8.014091766615126511e-02
8.012470462051239639e-02
8.010849758811576515e-02
8.009229656107533235e-02
8.007610153152179555e-02
8.005991249160256118e-02
8.004372943348163350e-02
8.002755234933967010e-02
8.001138123137389868e-02
7.999521607179806149e-02
7.997905686284248472e-02
7.996290359675387038e-02
7.994675626579535177e-02
7.993061486224650736e-02
7.991447937840323590e-02
7.989834980657777030e-02
7.988222613909860825e-02
7.986610836831048443e-02
7.984999648657438442e-02
7.983389048626743367e-02
7.981779035978285586e-02
7.980169609953007004e-02
7.978560769793445473e-02
7.976952514743752831e-02
7.975344844049668536e-02
7.973737756958536316e-02
7.972131252719286132e-02
7.970525330582436951e-02
7.968919989800098136e-02
7.967315229625954176e-02
7.965711049315268855e-02
7.964107448124885247e-02
7.962504425313207679e-02
7.960901980140215606e-02
7.959300111867449734e-02
7.957698819758005082e-02
7.956098103076546246e-02
7.954497961089279645e-02
7.952898393063964622e-02
7.951299398269909280e-02
7.949700975977959383e-02
7.948103125460505292e-02
7.946505845991469474e-02
7.944909136846310671e-02
7.943312997302010015e-02
7.941717426637080746e-02
7.940122424131557111e-02
7.938527989066987423e-02
7.936934120726441000e-02
7.935340818394494289e-02
7.933748081357233639e-02
7.932155908902256691e-02
7.930564300318650173e-02
7.928973254897012102e-02
7.927382771929428196e-02
7.925792850709477422e-02
7.924203490532225058e-02
7.922614690694222694e-02
7.921026450493511006e-02
7.919438769229594777e-02
7.917851646203467875e-02
7.916265080717582725e-02
7.914679072075871125e-02
7.913093619583722038e-02
7.911508722547995476e-02
7.909924380276998901e-02
7.908340592080503884e-02
7.906757357269730835e-02
7.905174675157346231e-02
7.903592545057465391e-02
7.902010966285648308e-02
7.900429938158885779e-02
7.898849459995613276e-02
7.897269531115694297e-02
7.895690150840423138e-02
7.894111318492519347e-02
7.892533033396123554e-02
7.890955294876803028e-02
7.889378102261533632e-02
7.887801454878709539e-02
7.886225352058136295e-02
7.884649793131021100e-02
7.883074777429978364e-02
7.881500304289025538e-02
7.879926373043573407e-02
7.878352983030428858e-02
7.876780133587793498e-02
7.875207824055252548e-02
7.873636053773781784e-02
7.872064822085728109e-02
7.870494128334833139e-02
7.868923971866202682e-02
7.867354352026317832e-02
7.865785268163032196e-02
7.864216719625566343e-02
7.862648705764499479e-02
7.861081225931773608e-02
7.859514279480693533e-02
7.857947865765912976e-02
7.856381984143437358e-02
7.854816633970622408e-02
7.853251814606164449e-02
7.851687525410112889e-02
7.850123765743843851e-02
7.848560534970078217e-02
7.846997832452869137e-02
7.845435657557595088e-02
7.843874009650969592e-02
7.842312888101025947e-02
7.840752292277115842e-02
7.839192221549919071e-02
7.837632675291422713e-02
7.836073652874926687e-02
7.834515153675045140e-02
7.832957177067698118e-02
7.831399722430106014e-02
7.829842789140792347e-02
7.828286376579579597e-02
7.826730484127585041e-02
7.825175111167216591e-02
7.823620257082171403e-02
7.822065921257431720e-02
7.820512103079271804e-02
7.818958801935234348e-02
7.817406017214145741e-02
7.815853748306111903e-02
7.814301994602503021e-02
7.812750755495960486e-02
7.811200030380395509e-02
7.809649818650978015e-02
7.808100119704143582e-02
7.806550932937582343e-02
7.805002257750237593e-02
7.803454093542312731e-02
7.801906439715250441e-02
7.800359295671749349e-02
7.798812660815745978e-02
7.797266534552416140e-02
7.795720916288183255e-02
7.794175805430698933e-02
7.792631201388845741e-02
7.791087103572742756e-02
7.789543511393730302e-02
7.788000424264379662e-02
7.786457841598479201e-02
7.784915762811034368e-02
7.783374187318273241e-02
7.781833114537631269e-02
7.780292543887758205e-02
7.778752474788513949e-02
7.777212906660957437e-02
7.775673838927356363e-02
7.774135271011176074e-02
7.772597202337078182e-02
7.771059632330920564e-02
7.769522560419753199e-02
7.767985986031814005e-02
7.766449908596528839e-02
7.764914327544507333e-02
7.763379242307540118e-02
7.761844652318596050e-02
7.760310557011822208e-02
7.758776955822536958e-02
7.757243848187228563e-02
7.755711233543559346e-02
7.754179111330349039e-02
7.752647480987585882e-02
7.751116341956415523e-02
7.749585693679143794e-02
7.748055535599231158e-02
7.746525867161291323e-02
7.744996687811082914e-02
7.743467996995519187e-02
7.741939794162654154e-02
7.740412078761683967e-02
7.738884850242949698e-02
7.737358108057919293e-02
7.735831851659207004e-02
7.734306080500552572e-02
7.732780794036824001e-02
7.731255991724021726e-02
7.729731673019267502e-02
7.728207837380805800e-02
7.726684484267999642e-02
7.725161613141327821e-02
7.723639223462390457e-02
7.722117314693888179e-02
7.720595886299644328e-02
7.719074937744579978e-02
7.717554468494722264e-02
7.716034478017205767e-02
7.714514965780257250e-02
7.712995931253203985e-02
7.711477373906469590e-02
7.709959293211567088e-02
7.708441688641103073e-02
7.706924559668765218e-02
7.705407905769331989e-02
7.703891726418664321e-02
7.702376021093700065e-02
7.700860789272452600e-02
7.699346030434019161e-02
7.697831744058561410e-02
7.696317929627315146e-02
7.694804586622588927e-02
7.693291714527744629e-02
7.691779312827218273e-02
7.690267381006504754e-02
7.688755918552153679e-02
7.687244924951772140e-02
7.685734399694024721e-02
7.684224342268625163e-02
7.682714752166334982e-02
7.681205628878962077e-02
7.679696971899363511e-02
7.678188780721433015e-02
7.676681054840106544e-02
7.675173793751356721e-02
7.673666996952191455e-02
7.672160663940653935e-02
7.670654794215817085e-02
7.669149387277775232e-02
7.667644442627657986e-02
7.666139959767613588e-02
7.664635938200810295e-02
7.663132377431441933e-02
7.661629276964711244e-02
7.660126636306839598e-02
7.658624454965062833e-02
7.657122732447618763e-02
7.655621468263763829e-02
7.654120661923749513e-02
7.652620312938833436e-02
7.651120420821282131e-02
7.649620985084350233e-02
7.648122005242294352e-02
7.646623480810363360e-02
7.645125411304798391e-02
7.643627796242830064e-02
7.642130635142679873e-02
7.640633927523549085e-02
7.639137672905628451e-02
7.637641870810082945e-02
7.636146520759061473e-02
7.634651622275688554e-02
7.633157174884061535e-02
7.631663178109253376e-02
7.630169631477298764e-02
7.628676534515210772e-02
7.627183886750962816e-02
7.625691687713492817e-02
7.624199936932699040e-02
7.622708633939440093e-02
7.621217778265530762e-02
7.619727369443743403e-02
7.618237407007800999e-02
7.616747890492378548e-02
7.615258819433093351e-02
7.613770193366521666e-02
7.612282011830169559e-02
7.610794274362502054e-02
7.609306980502908435e-02
7.607820129791724451e-02
7.606333721770218437e-02
7.604847755980598256e-02
7.603362231965996032e-02
7.601877149270476475e-02
7.600392507439035494e-02
7.598908306017590486e-02
7.597424544552981718e-02
7.595941222592973718e-02
7.594458339686248338e-02
7.592975895382407525e-02
7.591493889231963610e-02
7.590012320786346245e-02
7.588531189597895465e-02
7.587050495219860302e-02
7.585570237206393229e-02
7.584090415112561268e-02
7.582611028494322392e-02
7.581132076908544959e-02
7.579653559912989669e-02
7.578175477066320664e-02
7.576697827928091655e-02
7.575220612058755632e-02
7.573743829019645435e-02
7.572267478372995964e-02
7.570791559681920579e-02
7.569316072510420823e-02
7.567841016423380862e-02
7.566366390986568879e-02
7.564892195766623195e-02
7.563418430331068920e-02
7.561945094248302690e-02
7.560472187087596829e-02
7.558999708419086860e-02
7.557527657813786770e-02
7.556056034843576519e-02
7.554584839081195102e-02
7.553114070100255817e-02
7.551643727475221279e-02
7.550173810781424244e-02
7.548704319595048173e-02
7.547235253493136953e-02
7.545766612053585176e-02
7.544298394855142309e-02
7.542830601477405750e-02
7.541363231500820830e-02
7.539896284506684976e-02
7.538429760077129671e-02
7.536963657795139881e-02
7.535497977244531853e-02
7.534032718009968377e-02
7.532567879676943523e-02
7.531103461831790968e-02
7.529639464061672893e-02
7.528175885954585533e-02
7.526712727099355016e-02
7.525249987085635972e-02
7.523787665503907374e-02
7.522325761945469758e-02
7.520864276002448001e-02
7.519403207267789935e-02
7.517942555335258015e-02
7.516482319799432099e-02
7.515022500255706672e-02
7.513563096300290844e-02
7.512104107530206965e-02
7.510645533543279517e-02
7.509187373938146226e-02
7.507729628314248338e-02
7.506272296271832012e-02
7.504815377411946931e-02
7.503358871336440750e-02
7.501902777647959097e-02
7.500447095949946963e-02
7.498991825846644532e-02
7.497536966943080250e-02
7.496082518845081921e-02
7.494628481159260058e-02
7.493174853493017595e-02
7.491721635454540174e-02
7.490268826652800305e-02
7.488816426697554596e-02
7.487364435199336810e-02
7.485912851769460641e-02
7.484461676020019716e-02
7.483010907563882042e-02
7.481560546014687230e-02
7.480110590986852048e-02
7.478661042095560707e-02
7.477211898956767633e-02
7.475763161187190531e-02
7.474314828404318711e-02
7.472866900226400599e-02
7.471419376272446511e-02
7.469972256162231428e-02
7.468525539516281120e-02
7.467079225955890187e-02
7.465633315103094303e-02
7.464187806580693807e-02
7.462742700012237052e-02
7.461297995022020402e-02
7.459853691235091011e-02
7.458409788277244046e-02
7.456966285775017134e-02
7.455523183355691752e-02
7.454080480647294615e-02
7.452638177278587961e-02
7.451196272879072324e-02
7.449754767078993478e-02
7.448313659509324391e-02
7.446872949801770780e-02
7.445432637588775271e-02
7.443992722503507686e-02
7.442553204179870596e-02
7.441114082252488215e-02
7.439675356356711955e-02
7.438237026128621809e-02
7.436799091205011092e-02
7.435361551223404475e-02
7.433924405822037174e-02
7.432487654639863273e-02
7.431051297316554338e-02
7.429615333492498030e-02
7.428179762808792552e-02
7.426744584907242486e-02
7.425309799430371283e-02
7.423875406021403223e-02
7.422441404324273129e-02
7.421007793983615264e-02
7.419574574644771658e-02
7.418141745953786559e-02
7.416709307557399489e-02
7.415277259103053575e-02
7.413845600238887223e-02
7.412414330613728564e-02
7.410983449877107943e-02
7.409552957679245433e-02
7.408122853671048058e-02
7.406693137504119506e-02
7.405263808830740702e-02
7.403834867303887846e-02
7.402406312577215763e-02
7.400978144305067619e-02
7.399550362142465199e-02
7.398122965745108914e-02
7.396695954769379189e-02
7.395269328872335068e-02
7.393843087711710060e-02
7.392417230945906581e-02
7.390991758234009834e-02
7.389566669235766994e-02
7.388141963611596919e-02
7.386717641022592928e-02
7.385293701130501987e-02
7.383870143597749680e-02
7.382446968087412464e-02
7.381024174263242643e-02
7.379601761789642000e-02
7.378179730331674291e-02
7.376758079555063852e-02
7.375336809126190052e-02
7.373915918712083128e-02
7.372495407980431126e-02
7.371075276599574344e-02
7.369655524238498401e-02
7.368236150566843945e-02
7.366817155254892779e-02
7.365398537973577575e-02
7.363980298394474933e-02
7.362562436189802606e-02
7.361144951032420891e-02
7.359727842595831238e-02
7.358311110554173473e-02
7.356894754582225804e-02
7.355478774355400651e-02
7.354063169549743262e-02
7.352647939841940039e-02
7.351233084909296334e-02
7.349818604429762814e-02
7.348404498081907710e-02
7.346990765544930690e-02
7.345577406498660089e-02
7.344164420623544576e-02
7.342751807600657321e-02
7.341339567111698772e-02
7.339927698838978609e-02
7.338516202465440730e-02
7.337105077674632714e-02
7.335694324150728030e-02
7.334283941578512156e-02
7.332873929643382582e-02
7.331464288031352972e-02
7.330055016429044834e-02
7.328646114523688915e-02
7.327237582003127969e-02
7.325829418555808437e-02
7.324421623870784603e-02
7.323014197637711664e-02
7.321607139546854048e-02
7.320200449289068767e-02
7.318794126555822066e-02
7.317388171039169997e-02
7.315982582431776460e-02
7.314577360426892383e-02
7.313172504718368216e-02
7.311768015000649767e-02
7.310363890968771261e-02
7.308960132318356728e-02
7.307556738745624170e-02
7.306153709947381392e-02
7.304751045621013517e-02
7.303348745464501024e-02
7.301946809176404485e-02
7.300545236455870113e-02
7.299144027002622825e-02
7.297743180516970407e-02
7.296342696699800734e-02
7.294942575252574835e-02
7.293542815877335217e-02
7.292143418276697542e-02
7.290744382153850622e-02
7.289345707212560588e-02
7.287947393157159781e-02
7.286549439692556474e-02
7.285151846524218211e-02
7.283754613358191243e-02
7.282357739901085258e-02
7.280961225860067831e-02
7.279565070942881078e-02
7.278169274857825000e-02
7.276773837313757487e-02
7.275378758020101255e-02
7.273984036686838295e-02
7.272589673024505708e-02
7.271195666744201258e-02
7.269802017557569496e-02
7.268408725176819796e-02
7.267015789314705543e-02
7.265623209684536621e-02
7.264230986000171086e-02
7.262839117976019332e-02
7.261447605327031596e-02
7.260056447768714616e-02
7.258665645017114976e-02
7.257275196788826044e-02
7.255885102800978259e-02
7.254495362771253009e-02
7.253105976417865974e-02
7.251716943459575460e-02
7.250328263615675450e-02
7.248939936605998391e-02
7.247551962150912408e-02
7.246164339971319923e-02
7.244777069788656265e-02
7.243390151324891058e-02
7.242003584302521280e-02
7.240617368444578206e-02
7.239231503474621854e-02
7.237845989116734047e-02
7.236460825095529514e-02
7.235076011136144791e-02
7.233691546964238217e-02
7.232307432305998263e-02
7.230923666888129653e-02
7.229540250437857529e-02
7.228157182682926063e-02
7.226774463351602618e-02
7.225392092172666647e-02
7.224010068875418022e-02
7.222628393189665930e-02
7.221247064845737196e-02
7.219866083574467963e-02
7.218485449107209240e-02
7.217105161175822736e-02
7.215725219512671151e-02
7.214345623850638989e-02
7.212966373923106189e-02
7.211587469463962008e-02
7.210208910207603628e-02
7.208830695888923668e-02
7.207452826243325450e-02
7.206075301006709122e-02
7.204698119915478594e-02
7.203321282706530437e-02
7.201944789117264989e-02
7.200568638885578021e-02
7.199192831749859356e-02
7.197817367448994252e-02
7.196442245722364794e-02
7.195067466309837401e-02
7.193693028951782253e-02
7.192318933389044155e-02
7.190945179362971673e-02
7.189571766615392157e-02
7.188198694888624229e-02
7.186825963925469463e-02
7.185453573469219313e-02
7.184081523263642632e-02
7.182709813052993997e-02
7.181338442582010928e-02
7.179967411595911120e-02
7.178596719840388274e-02
7.177226367061619039e-02
7.175856353006254684e-02
7.174486677421425262e-02
7.173117340054729896e-02
7.171748340654249265e-02
7.170379678968535897e-02
7.169011354746611386e-02
7.167643367737970561e-02
7.166275717692574543e-02
7.164908404360857686e-02
7.163541427493723412e-02
7.162174786842535890e-02
7.160808482159133903e-02
7.159442513195808655e-02
7.158076879705327356e-02
7.156711581440913794e-02
7.155346618156258054e-02
7.153981989605501246e-02
7.152617695543254939e-02
7.151253735724584504e-02
7.149890109905010505e-02
7.148526817840518410e-02
7.147163859287539167e-02
7.145801234002963076e-02
7.144438941744138405e-02
7.143076982268857511e-02
7.141715355335370718e-02
7.140354060702377992e-02
7.138993098129024772e-02
7.137632467374906142e-02
7.136272168200073762e-02
7.134912200365013668e-02
7.133552563630664312e-02
7.132193257758405458e-02
7.130834282510065125e-02
7.129475637647908481e-02
7.128117322934644784e-02
7.126759338133427379e-02
7.125401683007843989e-02
7.124044357321922261e-02
7.122687360840132542e-02
7.121330693327372618e-02
7.119974354548987139e-02
7.118618344270746801e-02
7.117262662258859451e-02
7.115907308279970089e-02
7.114552282101149761e-02
7.113197583489899722e-02
7.111843212214156995e-02
7.110489168042280483e-02
7.109135450743070406e-02
7.107782060085739151e-02
7.106428995839932095e-02
7.105076257775719273e-02
7.103723845663599545e-02
7.102371759274488106e-02
7.101019998379724807e-02
7.099668562751075551e-02
7.098317452160721186e-02
7.096966666381263056e-02
7.095616205185724390e-02
7.094266068347547527e-02
7.092916255640585588e-02
7.091566766839110803e-02
7.090217601717813123e-02
7.088868760051796059e-02
7.087520241616571126e-02
7.086172046188066176e-02
7.084824173542621228e-02
7.083476623456987087e-02
7.082129395708319786e-02
7.080782490074191693e-02
7.079435906332574857e-02
7.078089644261853497e-02
7.076743703640815675e-02
7.075398084248654684e-02
7.074052785864970438e-02
7.072707808269765306e-02
7.071363151243437173e-02
7.070018814566798870e-02
7.068674798021054584e-02
7.067331101387808179e-02
7.065987724449063201e-02
7.064644666987225652e-02
7.063301928785094275e-02
7.061959509625864717e-02
7.060617409293132307e-02
7.059275627570876788e-02
7.057934164243481745e-02
7.056593019095717956e-02
7.055252191912754489e-02
7.053911682480140666e-02
7.052571490583824099e-02
7.051231616010142367e-02
7.049892058545816076e-02
7.048552817977955798e-02
7.047213894094062070e-02
7.045875286682017069e-02
7.044536995530088774e-02
7.043199020426928192e-02
7.041861361161576294e-02
7.040524017523445977e-02
7.039186989302342878e-02
7.037850276288441786e-02
7.036513878272310230e-02
7.035177795044883498e-02
7.033842026397484071e-02
7.032506572121803579e-02
7.031171432009916678e-02
7.029836605854269949e-02
7.028502093447687449e-02
7.027167894583367935e-02
7.025834009054877927e-02
7.024500436656162805e-02
7.023167177181541265e-02
7.021834230425688661e-02
7.020501596183667536e-02
7.019169274250904034e-02
7.017837264423185117e-02
7.016505566496678004e-02
7.015174180267901016e-02
7.013843105533758282e-02
7.012512342091498097e-02
7.011181889738750395e-02
7.009851748273496219e-02
7.008521917494087150e-02
7.007192397199235590e-02
7.005863187188007823e-02
7.004534287259840675e-02
7.003205697214523462e-02
7.001877416852209102e-02
7.000549445973407170e-02
6.999221784378978350e-02
6.997894431870146925e-02
6.996567388248489672e-02
6.995240653315941415e-02
6.993914226874785312e-02
6.992588108727663954e-02
6.991262298677566878e-02
6.989936796527834728e-02
6.988611602082168972e-02
6.987286715144612470e-02
6.985962135519556415e-02
6.984637863011741721e-02
6.983313897426264572e-02
6.981990238568559770e-02
6.980666886244410452e-02
6.979343840259943921e-02
6.978021100421638589e-02
6.976698666536311488e-02
6.975376538411119653e-02
6.974054715853571229e-02
6.972733198671507426e-02
6.971411986673119177e-02
6.970091079666931866e-02
6.968770477461808110e-02
6.967450179866956084e-02
6.966130186691918413e-02
6.964810497746573570e-02
6.963491112841138642e-02
6.962172031786165172e-02
6.960853254392540546e-02
6.959534780471487991e-02
6.958216609834561028e-02
6.956898742293649018e-02
6.955581177660967451e-02
6.954263915749069047e-02
6.952946956370839593e-02
6.951630299339486840e-02
6.950313944468555771e-02
6.948997891571906393e-02
6.947682140463747047e-02
6.946366690958594159e-02
6.945051542871298611e-02
6.943736696017037413e-02
6.942422150211312315e-02
6.941107905269945644e-02
6.939793961009087242e-02
6.938480317245206141e-02
6.937166973795093339e-02
6.935853930475867346e-02
6.934541187104958926e-02
6.933228743500123581e-02
6.931916599479436003e-02
6.930604754861283134e-02
6.929293209464380821e-02
6.927981963107752994e-02
6.926671015610742776e-02
6.925360366793004152e-02
6.924050016474518621e-02
6.922739964475571606e-02
6.921430210616760781e-02
6.920120754719003009e-02
6.918811596603524627e-02
6.917502736091862836e-02
6.916194173005867085e-02
6.914885907167696300e-02
6.913577938399818879e-02
6.912270266525012696e-02
6.910962891366360938e-02
6.909655812747257653e-02
6.908349030491400811e-02
6.907042544422796471e-02
6.905736354365757390e-02
6.904430460144896087e-02
6.903124861585134553e-02
6.901819558511693153e-02
6.900514550750098952e-02
6.899209838126178773e-02
6.897905420466064752e-02
6.896601297596183233e-02
6.895297469343265873e-02
6.893993935534341311e-02
6.892690695996735173e-02
6.891387750558078396e-02
6.890085099046290573e-02
6.888782741289593836e-02
6.887480677116504524e-02
6.886178906355834572e-02
6.884877428836688740e-02
6.883576244388470156e-02
6.882275352840871996e-02
6.880974754023880258e-02
6.879674447767777923e-02
6.878374433903135243e-02
6.877074712260811129e-02
6.875775282671961475e-02
6.874476144968028057e-02
6.873177298980738537e-02
6.871878744542117556e-02
6.870580481484470092e-02
6.869282509640387002e-02
6.867984828842754741e-02
6.866687438924738707e-02
6.865390339719788793e-02
6.864093531061644937e-02
6.862797012784324635e-02
6.861500784722134039e-02
6.860204846709661020e-02
6.858909198581772393e-02
6.857613840173619468e-02
6.856318771320633887e-02
6.855023991858526233e-02
6.853729501623292975e-02
6.852435300451197031e-02
6.851141388178792757e-02
6.849847764642905124e-02
6.848554429680639433e-02
6.847261383129372991e-02
6.845968624826764826e-02
6.844676154610750130e-02
6.843383972319530550e-02
6.842092077791588067e-02
6.840800470865676663e-02
6.839509151380829266e-02
6.838218119176339704e-02
6.836927374091783527e-02
6.835636915967002736e-02
6.834346744642111338e-02
6.833056859957491180e-02
6.831767261753797504e-02
6.830477949871952004e-02
6.829188924153142826e-02
6.827900184438830122e-02
6.826611730570737724e-02
6.825323562390857302e-02
6.824035679741448368e-02
6.822748082465029951e-02
6.821460770404388918e-02
6.820173743402581368e-02
6.818887001302918749e-02
6.817600543948981739e-02
6.816314371184607757e-02
6.815028482853899283e-02
6.813742878801225256e-02
6.812457558871204411e-02
6.811172522908723326e-02
6.809887770758923931e-02
6.808603302267214608e-02
6.807319117279249376e-02
6.806035215640955649e-02
6.804751597198503699e-02
6.803468261798328864e-02
6.802185209287123224e-02
6.800902439511828657e-02
6.799619952319646554e-02
6.798337747558033661e-02
6.797055825074693747e-02
6.795774184717594257e-02
6.794492826334944113e-02
6.793211749775215913e-02
6.791930954887129279e-02
6.790650441519646696e-02
6.789370209521997102e-02
6.788090258743645355e-02
6.786810589034315833e-02
6.785531200243975769e-02
6.784252092222842201e-02
6.782973264821379189e-02
6.781694717890306146e-02
6.780416451280577017e-02
6.779138464843399714e-02
6.777860758430226396e-02
6.776583331892752082e-02
6.775306185082918820e-02
6.774029317852911514e-02
6.772752730055163484e-02
6.771476421542346746e-02
6.770200392167369241e-02
6.768924641783394258e-02
6.767649170243818235e-02
6.766373977402280471e-02
6.765099063112660349e-02
6.763824427229078728e-02
6.762550069605891001e-02
6.761275990097699584e-02
6.760002188559338654e-02
6.758728664845881084e-02
6.757455418812638448e-02
6.756182450315159627e-02
6.754909759209226650e-02
6.753637345350861632e-02
6.752365208596318447e-02
6.751093348802088279e-02
6.749821765824891295e-02
6.748550459521689138e-02
6.747279429749672430e-02
6.746008676366262169e-02
6.744738199229118047e-02
6.743467998196120416e-02
6.742198073125393876e-02
6.740928423875283682e-02
6.739659050304372401e-02
6.738389952271466032e-02
6.737121129635603722e-02
6.735852582256050824e-02
6.734584309992304452e-02
6.733316312704082374e-02
6.732048590251338283e-02
6.730781142494246527e-02
6.729513969293209052e-02
6.728247070508854011e-02
6.726980446002031599e-02
6.725714095633823775e-02
6.724448019265531762e-02
6.723182216758676055e-02
6.721916687975010296e-02
6.720651432776504619e-02
6.719386451025353979e-02
6.718121742583969824e-02
6.716857307314992587e-02
6.715593145081277804e-02
6.714329255745904446e-02
6.713065639172166588e-02
6.711802295223581738e-02
6.710539223763890837e-02
6.709276424657041604e-02
6.708013897767210743e-02
6.706751642958784509e-02
6.705489660096369819e-02
6.704227949044787305e-02
6.702966509669082418e-02
6.701705341834501839e-02
6.700444445406519844e-02
6.699183820250817489e-02
6.697923466233293710e-02
6.696663383220062549e-02
6.695403571077446214e-02
6.694144029671983409e-02
6.692884758870426554e-02
6.691625758539732072e-02
6.690367028547077044e-02
6.689108568759846718e-02
6.687850379045630345e-02
6.686592459272239219e-02
6.685334809307681703e-02
6.684077429020182648e-02
6.682820318278176464e-02
6.681563476950297398e-02
6.680306904905397580e-02
6.679050602012527593e-02
6.677794568140954512e-02
6.676538803160142477e-02
6.675283306939766570e-02
6.674028079349705878e-02
6.672773120260042101e-02
6.671518429541069273e-02
6.670264007063274325e-02
6.669009852697360685e-02
6.667755966314223293e-02
6.666502347784963867e-02
6.665248996980892293e-02
6.663995913773509971e-02
6.662743098034530631e-02
6.661490549635856739e-02
6.660238268449607257e-02
6.658986254348084333e-02
6.657734507203801055e-02
6.656483026889468968e-02
6.655231813277989739e-02
6.653980866242473202e-02
6.652730185656226258e-02
6.651479771392748708e-02
6.650229623325740191e-02
6.648979741329093252e-02
6.647730125276903046e-02
6.646480775043459022e-02
6.645231690503239363e-02
6.643982871530929035e-02
6.642734318001393412e-02
6.641486029789706036e-02
6.640238006771123636e-02
6.638990248821102780e-02
6.637742755815290163e-02
6.636495527629523994e-02
6.635248564139835381e-02
6.634001865222449723e-02
6.632755430753781156e-02
6.631509260610432555e-02
6.630263354669202469e-02
6.629017712807072638e-02
6.627772334901223250e-02
6.626527220829014908e-02
6.625282370468002502e-02
6.624037783695925496e-02
6.622793460390716258e-02
6.621549400430488952e-02
6.620305603693549257e-02
6.619062070058387426e-02
6.617818799403678287e-02
6.616575791608288182e-02
6.615333046551266638e-02
6.614090564111842208e-02
6.612848344169437731e-02
6.611606386603649521e-02
6.610364691294269568e-02
6.609123258121268885e-02
6.607882086964796120e-02
6.606641177705190049e-02
6.605400530222965694e-02
6.604160144398825427e-02
6.602920020113652033e-02
6.601680157248507319e-02
6.600440555684632116e-02
6.599201215303449053e-02
6.597962135986569499e-02
6.596723317615767190e-02
6.595484760073012931e-02
6.594246463240442668e-02
6.593008427000375538e-02
6.591770651235311085e-02
6.590533135827927880e-02
6.589295880661072413e-02
6.588058885617778526e-02
6.586822150581250757e-02
6.585585675434868502e-02
6.584349460062192960e-02
6.583113504346956024e-02
6.581877808173065836e-02
6.580642371424602621e-02
6.579407193985825630e-02
6.578172275741164809e-02
6.576937616575224965e-02
6.575703216372782989e-02
6.574469075018789244e-02
6.573235192398363402e-02
6.572001568396801385e-02
6.570768202899569810e-02
6.569535095792304602e-02
6.568302246960812385e-02
6.567069656291071866e-02
6.565837323669233838e-02
6.564605248981614238e-02
6.563373432114699702e-02
6.562141872955148947e-02
6.560910571389784451e-02
6.559679527305603552e-02
6.558448740589765957e-02
6.557218211129600682e-02
6.555987938812601890e-02
6.554757923526430274e-02
6.553528165158922780e-02
6.552298663598070394e-02
6.551069418732033411e-02
6.549840430449141437e-02
6.548611698637883671e-02
6.547383223186917234e-02
6.546155003985064391e-02
6.544927040921307004e-02
6.543699333884796243e-02
6.542471882764840097e-02
6.541244687450918638e-02
6.540017747832663209e-02
6.538791063799877235e-02
6.537564635242516797e-02
6.536338462050711451e-02
6.535112544114739241e-02
6.533886881325050300e-02
6.532661473572243249e-02
6.531436320747087410e-02
6.530211422740507532e-02
6.528986779443587962e-02
6.527762390747571253e-02
6.526538256543859551e-02
6.525314376724017373e-02
6.524090751179754955e-02
6.522867379802961552e-02
6.521644262485658261e-02
6.520421399120045203e-02
6.519198789598465438e-02
6.517976433813425785e-02
6.516754331657582944e-02
6.515532483023757371e-02
6.514310887804916628e-02
6.513089545894186483e-02
6.511868457184849524e-02
6.510647621570342380e-02
6.509427038944251565e-02
6.508206709200321793e-02
6.506986632232451828e-02
6.505766807934684759e-02
6.504547236201227434e-02
6.503327916926433805e-02
6.502108850004811869e-02
6.500890035331018113e-02
6.499671472799858907e-02
6.498453162306302988e-02
6.497235103745456486e-02
6.496017297012582348e-02
6.494799742003094789e-02
6.493582438612552354e-02
6.492365386736669020e-02
6.491148586271303089e-02
6.489932037112465524e-02
6.488715739156315776e-02
6.487499692299157628e-02
6.486283896437446128e-02
6.485068351467782044e-02
6.483853057286913246e-02
6.482638013791737486e-02
6.481423220879296843e-02
6.480208678446779114e-02
6.478994386391517812e-02
6.477780344610994945e-02
6.476566553002835458e-02
6.475353011464808628e-02
6.474139719894833611e-02
6.472926678190964178e-02
6.471713886251408143e-02
6.470501343974514874e-02
6.469289051258771128e-02
6.468077008002813544e-02
6.466865214105420312e-02
6.465653669465507014e-02
6.464442373982139112e-02
6.463231327554520844e-02
6.462020530081996617e-02
6.460809981464053775e-02
6.459599681600318444e-02
6.458389630390562464e-02
6.457179827734693678e-02
6.455970273532760095e-02
6.454760967684954054e-02
6.453551910091602506e-02
6.452343100653173957e-02
6.451134539270271528e-02
6.449926225843646832e-02
6.448718160274180544e-02
6.447510342462896282e-02
6.446302772310949503e-02
6.445095449719642766e-02
6.443888374590410473e-02
6.442681546824818861e-02
6.441474966324579887e-02
6.440268632991534570e-02
6.439062546727666869e-02
6.437856707435091197e-02
6.436651115016057967e-02
6.435445769372954983e-02
6.434240670408301888e-02
6.433035818024752939e-02
6.431831212125103947e-02
6.430626852612274236e-02
6.429422739389324681e-02
6.428218872359441061e-02
6.427015251425954867e-02
6.425811876492318331e-02
6.424608747462122460e-02
6.423405864239091489e-02
6.422203226727074554e-02
6.421000834830060955e-02
6.419798688452167668e-02
6.418596787497642120e-02
6.417395131870863578e-02
6.416193721476341760e-02
6.414992556218714059e-02
6.413791636002756646e-02
6.412590960733365042e-02
6.411390530315569380e-02
6.410190344654527472e-02
6.408990403655526191e-02
6.407790707223985638e-02
6.406591255265446649e-02
6.405392047685581902e-02
6.404193084390193136e-02
6.402994365285208378e-02
6.401795890276679168e-02
6.400597659270791662e-02
6.399399672173856912e-02
6.398201928892305324e-02
6.397004429332697750e-02
6.395807173401729662e-02
6.394610161006206162e-02
6.393413392053071131e-02
6.392216866449385027e-02
6.391020584102335977e-02
6.389824544919242566e-02
6.388628748807538560e-02
6.387433195674785402e-02
6.386237885428669436e-02
6.385042817976997742e-02
6.383847993227705075e-02
6.382653411088846929e-02
6.381459071468602307e-02
6.380264974275266787e-02
6.379071119417267788e-02
6.377877506803149299e-02
6.376684136341576048e-02
6.375491007941339050e-02
6.374298121511345894e-02
6.373105476960626292e-02
6.371913074198329308e-02
6.370720913133730290e-02
6.369528993676216999e-02
6.368337315735303483e-02
6.367145879220618976e-02
6.365954684041916223e-02
6.364763730109061768e-02
6.363573017332045667e-02
6.362382545620974550e-02
6.361192314886074395e-02
6.360002325037687754e-02
6.358812575986276527e-02
6.357623067642421966e-02
6.356433799916817728e-02
6.355244772720278212e-02
6.354055985963735775e-02
6.352867439558237961e-02
6.351679133414946110e-02
6.350491067445138138e-02
6.349303241560216859e-02
6.348115655671689173e-02
6.346928309691179937e-02
6.345741203530436136e-02
6.344554337101311614e-02
6.343367710315776786e-02
6.342181323085922806e-02
6.340995175323943522e-02
6.339809266942159072e-02
6.338623597852992286e-02
6.337438167968986735e-02
6.336252977202801173e-02
6.335068025467197050e-02
6.333883312675056554e-02
6.332698838739374281e-02
6.331514603573255850e-02
6.330330607089915129e-02
6.329146849202683944e-02
6.327963329825003758e-02
6.326780048870422890e-02
6.325597006252609011e-02
6.324414201885333875e-02
6.323231635682478868e-02
6.322049307558046116e-02
6.320867217426133500e-02
6.319685365200961025e-02
6.318503750796852780e-02
6.317322374128241103e-02
6.316141235109672125e-02
6.314960333655794678e-02
6.313779669681372775e-02
6.312599243101275903e-02
6.311419053830480408e-02
6.310239101784075044e-02
6.309059386877254039e-02
6.307879909025317089e-02
6.306700668143674915e-02
6.305521664147840932e-02
6.304342896953440967e-02
6.303164366476204927e-02
6.301986072631968194e-02
6.300808015336675783e-02
6.299630194506372627e-02
6.298452610057216072e-02
6.297275261905466159e-02
6.296098149967488400e-02
6.294921274159753777e-02
6.293744634398835969e-02
6.292568230601421064e-02
6.291392062684285358e-02
6.290216130564324493e-02
6.289040434158531256e-02
6.287864973383998357e-02
6.286689748157930913e-02
6.285514758397632573e-02
6.284340004020508297e-02
6.283165484944071288e-02
6.281991201085930510e-02
6.280817152363805944e-02
6.279643338695513333e-02
6.278469759998972499e-02
6.277296416192205963e-02
6.276123307193337553e-02
6.274950432920591015e-02
6.273777793292294180e-02
6.272605388226872025e-02
6.271433217642856384e-02
6.270261281458870684e-02
6.269089579593649375e-02
6.267918111966018502e-02
6.266746878494906803e-02
6.265575879099347101e-02
6.264405113698463812e-02
6.263234582211486823e-02
6.262064284557744553e-02
6.260894220656661180e-02
6.259724390427760798e-02
6.258554793790667425e-02
6.257385430665104997e-02
6.256216300970890432e-02
6.255047404627940566e-02
6.253878741556272158e-02
6.252710311676000499e-02
6.251542114907329695e-02
6.250374151170570713e-02
6.249206420386128891e-02
6.248038922474501156e-02
6.246871657356289215e-02
6.245704624952181511e-02
6.244537825182969876e-02
6.243371257969539123e-02
6.242204923232871905e-02
6.241038820894041078e-02
6.239872950874224278e-02
6.238707313094681711e-02
6.237541907476778363e-02
6.236376733941973588e-02
6.235211792411812781e-02
6.234047082807941259e-02
6.232882605052100788e-02
6.231718359066124729e-02
6.230554344771939423e-02
6.229390562091562805e-02
6.228227010947110648e-02
6.227063691260788236e-02
6.225900602954896612e-02
6.224737745951824941e-02
6.223575120174061615e-02
6.222412725544182455e-02
6.221250561984855570e-02
6.220088629418840664e-02
6.218926927768995971e-02
6.217765456958258830e-02
6.216604216909672048e-02
6.215443207546356152e-02
6.214282428791532281e-02
6.213121880568509003e-02
6.211961562800686482e-02
6.210801475411551614e-02
6.209641618324684975e-02
6.208481991463760119e-02
6.207322594752533867e-02
6.206163428114853942e-02
6.205004491474663125e-02
6.203845784755986775e-02
6.202687307882943230e-02
6.201529060779739644e-02
6.200371043370668522e-02
6.199213255580116738e-02
6.198055697332552350e-02
6.196898368552536396e-02
6.195741269164721510e-02
6.194584399093835958e-02
6.193427758264708621e-02
6.192271346602247484e-02
6.191115164031455592e-02
6.189959210477412321e-02
6.188803485865290721e-02
6.187647990120353353e-02
6.186492723167940494e-02
6.185337684933488872e-02
6.184182875342515012e-02
6.183028294320622176e-02
6.181873941793497584e-02
6.180719817686920053e-02
6.179565921926750277e-02
6.178412254438931522e-02
6.177258815149500731e-02
6.176105603984568398e-02
6.174952620870335918e-02
6.173799865733092807e-02
6.172647338499207686e-02
6.171495039095133139e-02
6.170342967447405708e-02
6.169191123482652139e-02
6.168039507127574816e-02
6.166888118308965633e-02
6.165736956953694892e-02
6.164586022988719632e-02
6.163435316341080855e-02
6.162284836937895888e-02
6.161134584706371570e-02
6.159984559573795232e-02
6.158834761467537472e-02
6.157685190315045215e-02
6.156535846043855592e-02
6.155386728581582756e-02
6.154237837855925514e-02
6.153089173794658306e-02
6.151940736325645087e-02
6.150792525376822667e-02
6.149644540876215287e-02
6.148496782751926987e-02
6.147349250932138132e-02
6.146201945345111661e-02
6.145054865919195863e-02
6.143908012582813966e-02
6.142761385264464136e-02
6.141614983892739604e-02
6.140468808396296746e-02
6.139322858703882835e-02
6.138177134744318003e-02
6.137031636446507038e-02
6.135886363739428973e-02
6.134741316552137780e-02
6.133596494813778333e-02
6.132451898453566974e-02
6.131307527400795682e-02
6.130163381584838311e-02
6.129019460935147823e-02
6.127875765381250728e-02
6.126732294852756805e-02
6.125589049279347303e-02
6.124446028590788127e-02
6.123303232716909711e-02
6.122160661587636860e-02
6.121018315132956827e-02
6.119876193282942217e-02
6.118734295967739184e-02
6.117592623117568129e-02
6.116451174662730639e-02
6.115309950533599076e-02
6.114168950660624213e-02
6.113028174974337314e-02
6.111887623405334174e-02
6.110747295884294550e-02
6.109607192341977300e-02
6.108467312709205121e-02
6.107327656916882591e-02
6.106188224895988531e-02
6.105049016577574622e-02
6.103910031892769567e-02
6.102771270772775619e-02
6.101632733148867893e-02
6.100494418952398523e-02
6.099356328114789727e-02
6.098218460567542132e-02
6.097080816242222978e-02
6.095943395070482773e-02
6.094806196984035168e-02
6.093669221914678469e-02
6.092532469794272043e-02
6.091395940554752975e-02
6.090259634128137450e-02
6.089123550446502026e-02
6.087987689442005135e-02
6.086852051046878070e-02
6.085716635193414575e-02
6.084581441813990965e-02
6.083446470841049475e-02
6.082311722207106586e-02
6.081177195844748168e-02
6.080042891686632950e-02
6.078908809665493906e-02
6.077774949714127850e-02
6.076641311765407921e-02
6.075507895752278037e-02
6.074374701607748728e-02
6.073241729264908934e-02
6.072108978656909350e-02
6.070976449716976309e-02
6.069844142378404833e-02
6.068712056574557950e-02
6.067580192238872239e-02
6.066448549304850196e-02
6.065317127706066486e-02
6.064185927376165852e-02
6.063054948248858961e-02
6.061924190257928641e-02
6.060793653337225029e-02
6.059663337420666263e-02
6.058533242442243338e-02
6.057403368336010396e-02
6.056273715036094435e-02
6.055144282476687678e-02
6.054015070592052433e-02
6.052886079316518314e-02
6.051757308584481548e-02
6.050628758330409140e-02
6.049500428488834014e-02
6.048372318994353625e-02
6.047244429781638980e-02
6.046116760785422151e-02
6.044989311940505289e-02
6.043862083181759937e-02
6.042735074444117310e-02
6.041608285662584260e-02
6.040481716772223147e-02
6.039355367708174743e-02
6.038229238405638105e-02
6.037103328799878210e-02
6.035977638826231506e-02
6.034852168420093421e-02
6.033726917516935018e-02
6.032601886052281481e-02
6.031477073961728774e-02
6.030352481180940860e-02
6.029228107645638601e-02
6.028103953291618494e-02
6.026980018054736710e-02
