5.224609369999999690e-09
8.349609370000000375e-09
1.147460939999999975e-08
1.459960939999999961e-08
1.772460939999999946e-08
2.084960939999999932e-08
2.397460939999999918e-08
2.709960939999999573e-08
3.022460939999999890e-08
3.334960940000000207e-08
3.647460939999999862e-08
3.959960939999999517e-08
4.272460939999999833e-08
4.584960939999999488e-08
4.897460939999999805e-08
5.209960940000000122e-08
5.522460939999999777e-08
5.834960940000000093e-08
6.147460939999999087e-08
6.459960939999998742e-08
6.772460939999999720e-08
7.084960939999999375e-08
7.397460940000000354e-08
7.709960940000000009e-08
8.022460939999999664e-08
8.334960939999999319e-08
8.647460939999998974e-08
8.959960939999999952e-08
9.272460939999999607e-08
9.584960939999999262e-08
9.897460939999998917e-08
1.020996089999999922e-07
1.052246089999999888e-07
1.083496089999999985e-07
1.114746089999999951e-07
1.145996090000000049e-07
1.177246089999999882e-07
1.208496089999999847e-07
1.239746089999999813e-07
1.270996090000000043e-07
1.302246089999999744e-07
1.333496089999999974e-07
1.364746089999999940e-07
1.395996090000000170e-07
1.427246089999999871e-07
1.458496089999999836e-07
1.489746090000000066e-07
1.520996089999999767e-07
1.552246089999999997e-07
1.583496089999999963e-07
1.614746089999999928e-07
1.645996089999999894e-07
1.677246089999999859e-07
1.708496090000000090e-07
1.739746090000000055e-07
1.770996089999999756e-07
1.802246089999999986e-07
1.833496089999999952e-07
1.864746090000000182e-07
1.895996089999999883e-07
1.927246089999999848e-07
1.958496090000000078e-07
1.989746089999999779e-07
2.020996090000000009e-07
2.052246089999999975e-07
2.083496089999999940e-07
2.114746089999999906e-07
2.145996089999999871e-07
2.177246090000000101e-07
2.208496089999999802e-07
2.239746089999999768e-07
2.270996089999999998e-07
2.302246089999999963e-07
2.333496089999999929e-07
2.364746089999999894e-07
2.395996089999999595e-07
2.427246089999999825e-07
2.458496090000000056e-07
2.489746090000000286e-07
2.520996089999999987e-07
2.552246089999999687e-07
2.583496089999999918e-07
2.614746090000000148e-07
2.645996089999999849e-07
2.677246090000000079e-07
2.708496089999999780e-07
2.739746089999999480e-07
2.770996090000000240e-07
2.802246089999999941e-07
2.833496089999999642e-07
2.864746089999999872e-07
2.895996089999999573e-07
2.927246090000000332e-07
2.958496090000000033e-07
2.989746089999999734e-07
3.020996089999999964e-07
3.052246089999999665e-07
3.083496089999999895e-07
3.114746090000000125e-07
3.145996089999999826e-07
3.177246089999999527e-07
3.208496089999999757e-07
3.239746089999999987e-07
3.270996090000000217e-07
3.302246089999999918e-07
3.333496089999999619e-07
3.364746089999999849e-07
3.395996090000000079e-07
3.427246089999999780e-07
3.458496090000000010e-07
3.489746089999999711e-07
3.520996089999999412e-07
3.552246090000000172e-07
3.583496089999999872e-07
3.614746090000000103e-07
3.645996089999999803e-07
3.677246089999999504e-07
3.708496090000000264e-07
3.739746089999999965e-07
3.770996089999999665e-07
3.802246089999999896e-07
3.833496089999999596e-07
3.864746089999999827e-07
3.895996090000000057e-07
3.927246089999999757e-07
3.958496089999999988e-07
3.989746089999999688e-07
4.020996089999999919e-07
4.052246090000000149e-07
4.083496089999999850e-07
4.114746089999999550e-07
4.145996089999999781e-07
4.177246090000000011e-07
4.208496089999999712e-07
4.239746089999999942e-07
4.270996089999999643e-07
4.302246089999999343e-07
4.333496090000000103e-07
4.364746089999999804e-07
4.395996090000000034e-07
4.427246089999999735e-07
4.458496089999999436e-07
4.489746090000000195e-07
4.520996089999999896e-07
4.552246089999999597e-07
4.583496089999999827e-07
4.614746089999999528e-07
4.645996090000000287e-07
4.677246089999999988e-07
4.708496089999999689e-07
4.739746089999999919e-07
4.770996089999999091e-07
4.802246089999999850e-07
4.833496089999999551e-07
4.864746090000000311e-07
4.895996090000000011e-07
4.927246089999999712e-07
4.958496090000000472e-07
4.989746090000000173e-07
5.020996089999998815e-07
5.052246089999999574e-07
5.083496090000000334e-07
5.114746089999998976e-07
5.145996089999999735e-07
5.177246089999999436e-07
5.208496090000000196e-07
5.239746089999999897e-07
5.270996089999999597e-07
5.302246090000000357e-07
5.333496089999998999e-07
5.364746089999999759e-07
5.395996090000000518e-07
5.427246089999999160e-07
5.458496089999999920e-07
5.489746089999999621e-07
5.520996089999999321e-07
5.552246090000000081e-07
5.583496089999999782e-07
5.614746089999999483e-07
5.645996089999999183e-07
5.677246089999999943e-07
5.708496089999999644e-07
5.739746089999999345e-07
5.770996090000000104e-07
5.802246089999998746e-07
5.833496089999999506e-07
5.864746090000000265e-07
5.895996089999998907e-07
5.927246089999999667e-07
5.958496089999999368e-07
5.989746090000000127e-07
6.020996089999999828e-07
6.052246089999999529e-07
6.083496090000000289e-07
6.114746089999998931e-07
6.145996089999999690e-07
6.177246090000000450e-07
6.208496089999999092e-07
6.239746089999999851e-07
6.270996089999999552e-07
6.302246089999999253e-07
6.333496090000000013e-07
6.364746089999999713e-07
6.395996089999999414e-07
6.427246089999999115e-07
6.458496089999999875e-07
6.489746089999999575e-07
6.520996089999999276e-07
6.552246090000000036e-07
6.583496089999998678e-07
6.614746089999999437e-07
6.645996090000000197e-07
6.677246089999999898e-07
6.708496089999999599e-07
6.739746089999999299e-07
6.770996090000000059e-07
6.802246089999999760e-07
6.833496089999999461e-07
6.864746090000000220e-07
6.895996089999998862e-07
6.927246089999999622e-07
6.958496090000000381e-07
6.989746089999999023e-07
7.020996089999999783e-07
7.052246089999999484e-07
7.083496089999999185e-07
7.114746089999999944e-07
7.145996089999999645e-07
7.177246089999999346e-07
7.208496089999999047e-07
7.239746089999999806e-07
7.270996089999999507e-07
7.302246089999999208e-07
7.333496089999999967e-07
7.364746089999998609e-07
7.395996089999999369e-07
7.427246090000000129e-07
7.458496089999999829e-07
7.489746089999999530e-07
7.520996089999999231e-07
7.552246089999999991e-07
7.583496089999999691e-07
7.614746089999999392e-07
7.645996090000000152e-07
7.677246089999998794e-07
7.708496089999999553e-07
7.739746090000000313e-07
7.770996089999998955e-07
7.802246089999999714e-07
7.833496089999999415e-07
7.864746089999999116e-07
7.895996089999999876e-07
7.927246089999999576e-07
7.958496089999999277e-07
7.989746089999998978e-07
8.020996089999999738e-07
8.052246090000000497e-07
8.083496089999999139e-07
8.114746089999999899e-07
8.145996089999999600e-07
8.177246089999999300e-07
8.208496090000000060e-07
8.239746089999999761e-07
8.270996089999999462e-07
8.302246089999999162e-07
8.333496089999999922e-07
8.364746089999999623e-07
8.395996089999999324e-07
8.427246090000000083e-07
8.458496089999998725e-07
8.489746089999999485e-07
8.520996090000000244e-07
8.552246089999998886e-07
8.583496089999999646e-07
8.614746089999999347e-07
8.645996089999999048e-07
8.677246089999999807e-07
8.708496089999999508e-07
8.739746090000000268e-07
8.770996089999998910e-07
8.802246089999999669e-07
8.833496090000000429e-07
8.864746089999999071e-07
8.895996089999999830e-07
8.927246089999999531e-07
8.958496089999999232e-07
8.989746089999999992e-07
9.020996089999999692e-07
9.052246089999999393e-07
9.083496089999999094e-07
9.114746089999999854e-07
9.145996089999999554e-07
9.177246089999999255e-07
9.208496090000000015e-07
9.239746089999998657e-07
9.270996089999999416e-07
9.302246090000000176e-07
9.333496089999998818e-07
9.364746089999999578e-07
9.395996089999999278e-07
9.427246089999998979e-07
9.458496089999999739e-07
9.489746089999999440e-07
9.520996090000000199e-07
9.552246089999999900e-07
9.583496089999998542e-07
9.614746089999999302e-07
9.645996090000000061e-07
9.677246089999998703e-07
9.708496089999999463e-07
9.739746090000000222e-07
9.770996089999998864e-07
9.802246089999999624e-07
9.833496090000000384e-07
9.864746089999999026e-07
9.895996089999999785e-07
9.927246090000000545e-07
9.958496089999999187e-07
9.989746089999999946e-07
1.002099609999999968e-06
1.005224609999999833e-06
1.008349609999999909e-06
1.011474609999999984e-06
1.014599610000000060e-06
1.017724609999999925e-06
1.020849610000000001e-06
1.023974609999999865e-06
1.027099609999999941e-06
1.030224610000000017e-06
1.033349609999999881e-06
1.036474609999999957e-06
1.039599610000000033e-06
1.042724610000000109e-06
1.045849609999999973e-06
1.048974609999999837e-06
1.052099609999999913e-06
1.055224609999999989e-06
1.058349610000000065e-06
1.061474610000000141e-06
1.064599609999999793e-06
1.067724609999999869e-06
1.070849609999999945e-06
1.073974610000000021e-06
1.077099610000000097e-06
1.080224609999999962e-06
1.083349609999999826e-06
1.086474609999999902e-06
1.089599609999999978e-06
1.092724610000000054e-06
1.095849609999999918e-06
1.098974609999999994e-06
1.102099609999999858e-06
1.105224609999999934e-06
1.108349610000000010e-06
1.111474609999999874e-06
1.114599609999999950e-06
1.117724610000000026e-06
1.120849610000000102e-06
1.123974609999999966e-06
1.127099609999999830e-06
1.130224609999999906e-06
1.133349609999999982e-06
1.136474610000000058e-06
1.139599610000000134e-06
1.142724609999999787e-06
1.145849609999999863e-06
1.148974609999999939e-06
1.152099610000000014e-06
1.155224610000000090e-06
1.158349609999999955e-06
1.161474609999999819e-06
1.164599609999999895e-06
1.167724609999999971e-06
1.170849610000000047e-06
1.173974609999999911e-06
1.177099609999999987e-06
1.180224609999999851e-06
1.183349609999999927e-06
1.186474610000000003e-06
1.189599609999999867e-06
1.192724609999999943e-06
1.195849610000000019e-06
1.198974610000000095e-06
1.202099609999999959e-06
1.205224609999999823e-06
1.208349609999999899e-06
1.211474609999999975e-06
1.214599610000000051e-06
1.217724610000000127e-06
1.220849609999999780e-06
1.223974609999999856e-06
1.227099609999999932e-06
1.230224610000000008e-06
1.233349610000000084e-06
1.236474609999999948e-06
1.239599609999999812e-06
1.242724609999999888e-06
1.245849609999999964e-06
1.248974610000000040e-06
1.252099609999999904e-06
1.255224609999999980e-06
1.258349610000000056e-06
1.261474609999999920e-06
1.264599609999999996e-06
1.267724609999999860e-06
1.270849609999999936e-06
1.273974610000000012e-06
1.277099610000000088e-06
1.280224609999999952e-06
1.283349609999999817e-06
1.286474609999999893e-06
1.289599609999999969e-06
1.292724610000000045e-06
1.295849610000000120e-06
1.298974609999999773e-06
1.302099609999999849e-06
1.305224609999999925e-06
1.308349610000000001e-06
1.311474610000000077e-06
1.314599609999999941e-06
1.317724609999999805e-06
1.320849609999999881e-06
1.323974609999999957e-06
1.327099610000000033e-06
1.330224609999999897e-06
1.333349609999999973e-06
1.336474610000000049e-06
1.339599609999999913e-06
1.342724609999999989e-06
1.345849609999999854e-06
1.348974609999999929e-06
1.352099610000000005e-06
1.355224610000000081e-06
1.358349609999999946e-06
1.361474609999999810e-06
1.364599609999999886e-06
1.367724609999999962e-06
1.370849610000000038e-06
1.373974610000000114e-06
1.377099609999999766e-06
1.380224609999999842e-06
1.383349609999999918e-06
1.386474609999999994e-06
1.389599610000000070e-06
1.392724609999999934e-06
1.395849609999999798e-06
1.398974609999999874e-06
1.402099609999999950e-06
1.405224610000000026e-06
1.408349609999999890e-06
1.411474609999999966e-06
1.414599610000000042e-06
1.417724609999999907e-06
1.420849609999999982e-06
1.423974609999999847e-06
1.427099609999999923e-06
1.430224609999999999e-06
1.433349610000000075e-06
1.436474609999999939e-06
1.439599609999999803e-06
1.442724609999999879e-06
1.445849609999999955e-06
1.448974610000000031e-06
1.452099610000000107e-06
1.455224609999999759e-06
1.458349609999999835e-06
1.461474609999999911e-06
1.464599609999999987e-06
1.467724610000000063e-06
1.470849609999999927e-06
1.473974609999999791e-06
1.477099609999999867e-06
1.480224609999999943e-06
1.483349610000000019e-06
1.486474609999999884e-06
1.489599609999999960e-06
1.492724610000000035e-06
1.495849609999999900e-06
1.498974609999999976e-06
1.502099609999999840e-06
1.505224609999999916e-06
1.508349609999999992e-06
1.511474610000000068e-06
1.514599609999999932e-06
1.517724609999999796e-06
1.520849609999999872e-06
1.523974609999999948e-06
1.527099610000000024e-06
1.530224610000000100e-06
1.533349609999999752e-06
1.536474609999999828e-06
1.539599609999999904e-06
1.542724609999999980e-06
1.545849610000000056e-06
1.548974609999999920e-06
1.552099609999999996e-06
1.555224609999999861e-06
1.558349609999999937e-06
1.561474610000000013e-06
1.564599609999999877e-06
1.567724609999999953e-06
1.570849610000000029e-06
1.573974609999999893e-06
1.577099609999999969e-06
1.580224609999999833e-06
1.583349609999999909e-06
1.586474609999999985e-06
1.589599610000000061e-06
1.592724609999999925e-06
1.595849609999999789e-06
1.598974609999999865e-06
1.602099609999999941e-06
1.605224610000000017e-06
1.608349610000000093e-06
1.611474609999999746e-06
1.614599609999999822e-06
1.617724609999999897e-06
1.620849609999999973e-06
1.623974610000000049e-06
1.627099609999999914e-06
1.630224609999999990e-06
1.633349609999999854e-06
1.636474609999999930e-06
1.639599610000000006e-06
1.642724609999999870e-06
1.645849609999999946e-06
1.648974610000000022e-06
1.652099609999999886e-06
1.655224609999999962e-06
1.658349609999999826e-06
1.661474609999999902e-06
1.664599609999999978e-06
1.667724610000000054e-06
1.670849609999999918e-06
1.673974609999999782e-06
1.677099609999999858e-06
1.680224609999999934e-06
1.683349610000000010e-06
1.686474610000000086e-06
1.689599609999999739e-06
1.692724609999999815e-06
1.695849609999999891e-06
1.698974609999999967e-06
1.702099610000000043e-06
1.705224609999999907e-06
1.708349609999999983e-06
1.711474609999999847e-06
1.714599609999999923e-06
1.717724609999999999e-06
1.720849609999999863e-06
1.723974609999999939e-06
1.727099610000000015e-06
1.730224609999999879e-06
1.733349609999999955e-06
1.736474609999999819e-06
1.739599609999999895e-06
1.742724609999999971e-06
1.745849610000000047e-06
1.748974609999999911e-06
1.752099609999999776e-06
1.755224609999999852e-06
1.758349609999999928e-06
1.761474610000000003e-06
1.764599610000000079e-06
1.767724609999999944e-06
1.770849609999999808e-06
1.773974609999999884e-06
1.777099609999999960e-06
1.780224610000000036e-06
1.783349609999999900e-06
1.786474609999999976e-06
1.789599609999999840e-06
1.792724609999999916e-06
1.795849609999999992e-06
1.798974609999999856e-06
1.802099609999999932e-06
1.805224610000000008e-06
1.808349609999999872e-06
1.811474609999999948e-06
1.814599609999999812e-06
1.817724609999999888e-06
1.820849609999999964e-06
1.823974610000000040e-06
1.827099610000000116e-06
1.830224609999999769e-06
1.833349609999999845e-06
1.836474609999999921e-06
1.839599609999999997e-06
1.842724610000000073e-06
1.845849609999999937e-06
1.848974609999999801e-06
1.852099609999999877e-06
1.855224609999999953e-06
1.858349610000000029e-06
1.861474609999999893e-06
1.864599609999999969e-06
1.867724609999999833e-06
1.870849609999999909e-06
1.873974609999999985e-06
1.877099609999999849e-06
1.880224609999999925e-06
1.883349610000000001e-06
1.886474609999999865e-06
1.889599609999999941e-06
1.892724609999999806e-06
1.895849609999999882e-06
1.898974609999999958e-06
1.902099610000000033e-06
1.905224610000000109e-06
1.908349609999999762e-06
1.911474609999999838e-06
1.914599609999999914e-06
1.917724609999999990e-06
1.920849610000000066e-06
1.923974609999999718e-06
1.927099609999999794e-06
1.930224609999999870e-06
1.933349609999999946e-06
1.936474610000000022e-06
1.939599609999999674e-06
1.942724609999999750e-06
1.945849609999999826e-06
1.948974609999999902e-06
1.952099609999999978e-06
1.955224609999999631e-06
1.958349609999999707e-06
1.961474609999999783e-06
1.964599609999999859e-06
1.967724609999999935e-06
1.970849610000000011e-06
1.973974609999999663e-06
1.977099609999999739e-06
1.980224609999999815e-06
1.983349609999999891e-06
1.986474609999999967e-06
1.989599610000000043e-06
1.992724610000000119e-06
1.995849609999999771e-06
1.998974609999999847e-06
2.002099609999999923e-06
2.005224609999999999e-06
2.008349609999999651e-06
2.011474610000000151e-06
2.014599609999999803e-06
2.017724609999999879e-06
2.020849609999999955e-06
2.023974609999999608e-06
2.027099610000000107e-06
2.030224609999999760e-06
2.033349610000000259e-06
2.036474609999999912e-06
2.039599609999999564e-06
2.042724610000000064e-06
2.045849609999999716e-06
2.048974610000000215e-06
2.052099609999999868e-06
2.055224609999999520e-06
2.058349610000000020e-06
2.061474609999999672e-06
2.064599610000000172e-06
2.067724609999999824e-06
2.070849609999999900e-06
2.073974609999999976e-06
2.077099609999999629e-06
2.080224610000000128e-06
2.083349609999999780e-06
2.086474609999999856e-06
2.089599609999999932e-06
2.092724609999999585e-06
2.095849610000000084e-06
2.098974609999999737e-06
2.102099609999999813e-06
2.105224609999999889e-06
2.108349609999999965e-06
2.111474610000000041e-06
2.114599609999999693e-06
2.117724609999999769e-06
2.120849609999999845e-06
2.123974609999999921e-06
2.127099609999999997e-06
2.130224610000000073e-06
2.133349609999999725e-06
2.136474609999999801e-06
2.139599609999999877e-06
2.142724609999999953e-06
2.145849610000000029e-06
2.148974609999999682e-06
2.152099609999999757e-06
2.155224609999999833e-06
2.158349609999999909e-06
2.161474609999999985e-06
2.164599609999999638e-06
2.167724610000000137e-06
2.170849609999999790e-06
2.173974609999999866e-06
2.177099609999999942e-06
2.180224609999999594e-06
2.183349610000000094e-06
2.186474609999999746e-06
2.189599610000000245e-06
2.192724609999999898e-06
2.195849609999999550e-06
2.198974610000000050e-06
2.202099609999999702e-06
2.205224610000000202e-06
2.208349609999999854e-06
2.211474609999999507e-06
2.214599610000000006e-06
2.217724609999999659e-06
2.220849610000000158e-06
2.223974609999999810e-06
2.227099609999999886e-06
2.230224609999999962e-06
2.233349609999999615e-06
2.236474610000000114e-06
2.239599609999999767e-06
2.242724609999999843e-06
2.245849609999999919e-06
2.248974609999999571e-06
2.252099610000000071e-06
2.255224609999999723e-06
2.258349609999999799e-06
2.261474609999999875e-06
2.264599609999999951e-06
2.267724610000000027e-06
2.270849609999999679e-06
2.273974609999999755e-06
2.277099609999999831e-06
2.280224609999999907e-06
2.283349609999999983e-06
2.286474610000000059e-06
2.289599609999999712e-06
2.292724609999999788e-06
2.295849609999999863e-06
2.298974609999999939e-06
2.302099610000000015e-06
2.305224609999999668e-06
2.308349609999999744e-06
2.311474609999999820e-06
2.314599609999999896e-06
2.317724609999999972e-06
2.320849609999999624e-06
2.323974610000000124e-06
2.327099609999999776e-06
2.330224609999999852e-06
2.333349609999999928e-06
2.336474609999999580e-06
2.339599610000000080e-06
2.342724609999999732e-06
2.345849610000000232e-06
2.348974609999999884e-06
2.352099609999999537e-06
2.355224610000000036e-06
2.358349609999999689e-06
2.361474610000000188e-06
2.364599609999999841e-06
2.367724609999999493e-06
2.370849609999999992e-06
2.373974609999999645e-06
2.377099610000000144e-06
2.380224609999999797e-06
2.383349609999999873e-06
2.386474609999999949e-06
2.389599609999999601e-06
2.392724610000000101e-06
2.395849609999999753e-06
2.398974609999999829e-06
2.402099609999999905e-06
2.405224609999999557e-06
2.408349610000000057e-06
2.411474609999999709e-06
2.414599609999999785e-06
2.417724609999999861e-06
2.420849609999999937e-06
2.423974610000000013e-06
2.427099609999999666e-06
2.430224609999999742e-06
2.433349609999999818e-06
2.436474609999999894e-06
2.439599609999999969e-06
2.442724610000000045e-06
2.445849609999999698e-06
2.448974609999999774e-06
2.452099609999999850e-06
2.455224609999999926e-06
2.458349610000000002e-06
2.461474609999999654e-06
2.464599609999999730e-06
2.467724609999999806e-06
2.470849609999999882e-06
2.473974609999999958e-06
2.477099609999999610e-06
2.480224610000000110e-06
2.483349609999999762e-06
2.486474609999999838e-06
2.489599609999999914e-06
2.492724609999999567e-06
2.495849610000000066e-06
2.498974609999999719e-06
2.502099610000000218e-06
2.505224609999999871e-06
2.508349609999999523e-06
2.511474610000000022e-06
2.514599609999999675e-06
2.517724610000000174e-06
2.520849609999999827e-06
2.523974609999999479e-06
2.527099609999999979e-06
2.530224609999999631e-06
2.533349610000000131e-06
2.536474609999999783e-06
2.539599609999999859e-06
2.542724609999999935e-06
2.545849609999999587e-06
2.548974610000000087e-06
2.552099609999999739e-06
2.555224609999999815e-06
2.558349609999999891e-06
2.561474609999999967e-06
2.564599610000000043e-06
2.567724609999999696e-06
2.570849609999999772e-06
2.573974609999999848e-06
2.577099609999999924e-06
2.580224610000000000e-06
2.583349609999999652e-06
2.586474609999999728e-06
2.589599609999999804e-06
2.592724609999999880e-06
2.595849609999999956e-06
2.598974610000000032e-06
2.602099609999999684e-06
2.605224609999999760e-06
2.608349609999999836e-06
2.611474609999999912e-06
2.614599609999999988e-06
2.617724609999999640e-06
2.620849610000000140e-06
2.623974609999999792e-06
2.627099609999999868e-06
2.630224609999999944e-06
2.633349609999999597e-06
2.636474610000000096e-06
2.639599609999999749e-06
2.642724609999999825e-06
2.645849609999999901e-06
2.648974609999999553e-06
2.652099610000000052e-06
2.655224609999999705e-06
2.658349610000000204e-06
2.661474609999999857e-06
2.664599609999999509e-06
2.667724610000000009e-06
2.670849609999999661e-06
2.673974610000000161e-06
2.677099609999999813e-06
2.680224609999999466e-06
2.683349609999999965e-06
2.686474609999999618e-06
2.689599610000000117e-06
2.692724609999999769e-06
2.695849609999999845e-06
2.698974609999999921e-06
2.702099609999999574e-06
2.705224610000000073e-06
2.708349609999999726e-06
2.711474609999999802e-06
2.714599609999999878e-06
2.717724609999999954e-06
2.720849610000000030e-06
2.723974609999999682e-06
2.727099609999999758e-06
2.730224609999999834e-06
2.733349609999999910e-06
2.736474609999999986e-06
2.739599609999999638e-06
2.742724609999999714e-06
2.745849609999999790e-06
2.748974609999999866e-06
2.752099609999999942e-06
2.755224610000000018e-06
2.758349609999999670e-06
2.761474609999999746e-06
2.764599609999999822e-06
2.767724609999999898e-06
2.770849609999999974e-06
2.773974609999999627e-06
2.777099610000000126e-06
2.780224609999999779e-06
2.783349609999999855e-06
2.786474609999999931e-06
2.789599609999999583e-06
2.792724610000000083e-06
2.795849609999999735e-06
2.798974609999999811e-06
2.802099609999999887e-06
2.805224609999999539e-06
2.808349610000000039e-06
2.811474609999999691e-06
2.814599610000000191e-06
2.817724609999999843e-06
2.820849609999999496e-06
2.823974609999999995e-06
2.827099609999999648e-06
2.830224610000000147e-06
2.833349609999999799e-06
2.836474609999999452e-06
2.839599609999999951e-06
2.842724609999999604e-06
2.845849610000000103e-06
2.848974609999999756e-06
2.852099609999999832e-06
2.855224609999999908e-06
2.858349609999999560e-06
2.861474610000000060e-06
2.864599609999999712e-06
2.867724609999999788e-06
2.870849609999999864e-06
2.873974609999999940e-06
2.877099610000000016e-06
2.880224609999999668e-06
2.883349609999999744e-06
2.886474609999999820e-06
2.889599609999999896e-06
2.892724609999999972e-06
2.895849609999999625e-06
2.898974609999999701e-06
2.902099609999999776e-06
2.905224609999999852e-06
2.908349609999999928e-06
2.911474610000000004e-06
2.914599609999999657e-06
2.917724609999999733e-06
2.920849609999999809e-06
2.923974609999999885e-06
2.927099609999999961e-06
2.930224609999999613e-06
2.933349610000000113e-06
2.936474609999999765e-06
2.939599609999999841e-06
2.942724609999999917e-06
2.945849609999999569e-06
2.948974610000000069e-06
2.952099609999999721e-06
2.955224609999999797e-06
2.958349609999999873e-06
2.961474609999999526e-06
2.964599610000000025e-06
2.967724609999999678e-06
2.970849610000000177e-06
2.973974609999999829e-06
2.977099609999999482e-06
2.980224609999999981e-06
2.983349609999999634e-06
2.986474610000000133e-06
2.989599609999999786e-06
2.992724609999999438e-06
2.995849609999999938e-06
2.998974609999999590e-06
3.002099610000000090e-06
3.005224609999999742e-06
3.008349609999999818e-06
3.011474609999999894e-06
3.014599609999999546e-06
3.017724610000000046e-06
3.020849609999999698e-06
3.023974609999999774e-06
3.027099609999999850e-06
3.030224609999999926e-06
3.033349610000000002e-06
3.036474609999999655e-06
3.039599609999999731e-06
3.042724609999999807e-06
3.045849609999999882e-06
3.048974609999999958e-06
3.052099610000000034e-06
3.055224609999999687e-06
3.058349609999999763e-06
3.061474609999999839e-06
3.064599609999999915e-06
3.067724609999999991e-06
3.070849609999999643e-06
3.073974609999999719e-06
3.077099609999999795e-06
3.080224609999999871e-06
3.083349609999999947e-06
3.086474609999999599e-06
3.089599610000000099e-06
3.092724609999999751e-06
3.095849609999999827e-06
3.098974609999999903e-06
3.102099609999999556e-06
3.105224610000000055e-06
3.108349609999999708e-06
3.111474610000000207e-06
3.114599609999999860e-06
3.117724609999999512e-06
3.120849610000000011e-06
3.123974609999999664e-06
3.127099610000000163e-06
3.130224609999999816e-06
3.133349609999999468e-06
3.136474609999999968e-06
3.139599609999999620e-06
3.142724610000000120e-06
3.145849609999999772e-06
3.148974609999999848e-06
3.152099609999999924e-06
3.155224609999999576e-06
3.158349610000000076e-06
3.161474609999999728e-06
3.164599609999999804e-06
3.167724609999999880e-06
3.170849609999999533e-06
3.173974610000000032e-06
3.177099609999999685e-06
3.180224609999999761e-06
3.183349609999999837e-06
3.186474609999999913e-06
3.189599609999999988e-06
3.192724609999999641e-06
3.195849609999999717e-06
3.198974609999999793e-06
3.202099609999999869e-06
3.205224609999999945e-06
3.208349610000000021e-06
3.211474609999999673e-06
3.214599609999999749e-06
3.217724609999999825e-06
3.220849609999999901e-06
3.223974609999999977e-06
3.227099609999999629e-06
3.230224609999999705e-06
3.233349609999999781e-06
3.236474609999999857e-06
3.239599609999999933e-06
3.242724609999999586e-06
3.245849610000000085e-06
3.248974609999999738e-06
3.252099609999999814e-06
3.255224609999999890e-06
3.258349609999999542e-06
3.261474610000000041e-06
3.264599609999999694e-06
3.267724610000000193e-06
3.270849609999999846e-06
3.273974609999999498e-06
3.277099609999999998e-06
3.280224609999999650e-06
3.283349610000000150e-06
3.286474609999999802e-06
3.289599609999999455e-06
3.292724609999999954e-06
3.295849609999999606e-06
3.298974610000000106e-06
3.302099609999999758e-06
3.305224609999999834e-06
3.308349609999999910e-06
3.311474609999999563e-06
3.314599610000000062e-06
3.317724609999999715e-06
3.320849609999999791e-06
3.323974609999999867e-06
3.327099609999999519e-06
3.330224610000000019e-06
3.333349609999999671e-06
3.336474609999999747e-06
3.339599609999999823e-06
3.342724609999999899e-06
3.345849609999999975e-06
3.348974609999999627e-06
3.352099609999999703e-06
3.355224609999999779e-06
3.358349609999999855e-06
3.361474609999999931e-06
3.364599610000000007e-06
3.367724609999999659e-06
3.370849609999999735e-06
3.373974609999999811e-06
3.377099609999999887e-06
3.380224609999999963e-06
3.383349609999999616e-06
3.386474609999999692e-06
3.389599609999999768e-06
3.392724609999999844e-06
3.395849609999999920e-06
3.398974609999999572e-06
3.402099610000000071e-06
3.405224609999999724e-06
3.408349609999999800e-06
3.411474609999999876e-06
3.414599609999999528e-06
3.417724610000000028e-06
3.420849609999999680e-06
3.423974610000000180e-06
3.427099609999999832e-06
3.430224609999999485e-06
3.433349609999999984e-06
3.436474609999999637e-06
3.439599610000000136e-06
3.442724609999999788e-06
3.445849609999999441e-06
3.448974609999999940e-06
3.452099609999999593e-06
3.455224610000000092e-06
3.458349609999999745e-06
3.461474609999999821e-06
3.464599609999999897e-06
3.467724609999999549e-06
3.470849610000000049e-06
3.473974609999999701e-06
3.477099609999999777e-06
3.480224609999999853e-06
3.483349609999999505e-06
3.486474610000000005e-06
3.489599609999999657e-06
3.492724609999999733e-06
3.495849609999999809e-06
3.498974609999999885e-06
3.502099609999999961e-06
3.505224609999999614e-06
3.508349609999999689e-06
3.511474609999999765e-06
3.514599609999999841e-06
3.517724609999999917e-06
3.520849609999999993e-06
3.523974609999999646e-06
3.527099609999999722e-06
3.530224609999999798e-06
3.533349609999999874e-06
3.536474609999999950e-06
3.539599609999999602e-06
3.542724610000000102e-06
3.545849609999999754e-06
3.548974609999999830e-06
3.552099609999999906e-06
3.555224609999999558e-06
3.558349610000000058e-06
3.561474609999999710e-06
3.564599609999999786e-06
3.567724609999999862e-06
3.570849609999999515e-06
3.573974610000000014e-06
3.577099609999999667e-06
3.580224610000000166e-06
3.583349609999999818e-06
3.586474609999999471e-06
3.589599609999999970e-06
3.592724609999999623e-06
3.595849610000000122e-06
3.598974609999999775e-06
3.602099609999999427e-06
3.605224609999999927e-06
3.608349609999999579e-06
3.611474610000000079e-06
3.614599609999999731e-06
3.617724609999999807e-06
3.620849609999999883e-06
3.623974609999999535e-06
3.627099610000000035e-06
3.630224609999999687e-06
3.633349609999999763e-06
3.636474609999999839e-06
3.639599609999999915e-06
3.642724609999999991e-06
3.645849609999999644e-06
3.648974609999999720e-06
3.652099609999999795e-06
3.655224609999999871e-06
3.658349609999999947e-06
3.661474609999999600e-06
3.664599609999999676e-06
3.667724609999999752e-06
3.670849609999999828e-06
3.673974609999999904e-06
3.677099609999999980e-06
3.680224609999999632e-06
3.683349609999999708e-06
3.686474609999999784e-06
3.689599609999999860e-06
3.692724609999999936e-06
3.695849609999999588e-06
3.698974610000000088e-06
3.702099609999999740e-06
3.705224609999999816e-06
3.708349609999999892e-06
3.711474609999999545e-06
3.714599610000000044e-06
3.717724609999999697e-06
3.720849609999999773e-06
3.723974609999999848e-06
3.727099609999999501e-06
3.730224610000000000e-06
3.733349609999999653e-06
3.736474610000000152e-06
3.739599609999999805e-06
3.742724609999999457e-06
3.745849609999999957e-06
3.748974609999999609e-06
3.752099610000000109e-06
3.755224609999999761e-06
3.758349609999999413e-06
3.761474609999999913e-06
3.764599609999999565e-06
3.767724610000000065e-06
3.770849609999999717e-06
3.773974609999999793e-06
3.777099609999999869e-06
3.780224609999999522e-06
3.783349610000000021e-06
3.786474609999999674e-06
3.789599609999999750e-06
3.792724609999999826e-06
3.795849609999999901e-06
3.798974609999999977e-06
3.802099609999999630e-06
3.805224609999999706e-06
3.808349609999999782e-06
3.811474609999999858e-06
3.814599609999999934e-06
3.817724610000000010e-06
3.820849609999999239e-06
3.823974610000000162e-06
3.827099609999999391e-06
3.830224610000000314e-06
3.833349609999999542e-06
3.836474609999999618e-06
3.839599609999999694e-06
3.842724609999999770e-06
3.845849609999999846e-06
3.848974609999999922e-06
3.852099609999999998e-06
3.855224610000000074e-06
3.858349609999999303e-06
3.861474610000000226e-06
3.864599609999999455e-06
3.867724609999999531e-06
3.870849609999999607e-06
3.873974609999999683e-06
3.877099609999999759e-06
3.880224609999999835e-06
3.883349609999999911e-06
3.886474609999999987e-06
3.889599610000000063e-06
3.892724610000000139e-06
3.895849609999999368e-06
3.898974609999999444e-06
3.902099609999999519e-06
3.905224609999999595e-06
3.908349609999999671e-06
3.911474609999999747e-06
3.914599609999999823e-06
3.917724609999999899e-06
3.920849609999999975e-06
3.923974610000000051e-06
3.927099610000000127e-06
3.930224609999999356e-06
3.933349610000000279e-06
3.936474609999999508e-06
3.939599609999999584e-06
3.942724609999999660e-06
3.945849609999999736e-06
3.948974609999999812e-06
3.952099609999999888e-06
3.955224609999999964e-06
3.958349610000000040e-06
3.961474609999999269e-06
3.964599610000000192e-06
3.967724609999999421e-06
3.970849610000000344e-06
3.973974609999999572e-06
3.977099609999999648e-06
3.980224609999999724e-06
3.983349609999999800e-06
3.986474609999999876e-06
3.989599609999999952e-06
3.992724609999999181e-06
3.995849610000000104e-06
3.998974609999999333e-06
4.002099610000000256e-06
4.005224609999999485e-06
4.008349609999999561e-06
4.011474609999999637e-06
4.014599610000000560e-06
4.017724609999999789e-06
4.020849609999999865e-06
4.023974609999999941e-06
4.027099609999999170e-06
4.030224610000000093e-06
4.033349610000000169e-06
4.036474609999999398e-06
4.039599609999999474e-06
4.042724609999999550e-06
4.045849610000000473e-06
4.048974609999999701e-06
4.052099609999999777e-06
4.055224609999999853e-06
4.058349609999999082e-06
4.061474610000000005e-06
4.064599610000000081e-06
4.067724610000000157e-06
4.070849609999999386e-06
4.073974609999999462e-06
4.077099610000000385e-06
4.080224609999999614e-06
4.083349609999999690e-06
4.086474609999999766e-06
4.089599609999999842e-06
4.092724609999999918e-06
4.095849609999999994e-06
4.098974610000000070e-06
4.102099609999999299e-06
4.105224609999999375e-06
4.108349610000000298e-06
4.111474610000000374e-06
4.114599609999999603e-06
4.117724609999999678e-06
4.120849609999999754e-06
4.123974609999999830e-06
4.127099609999999906e-06
4.130224609999999982e-06
4.133349609999999211e-06
4.136474609999999287e-06
4.139599610000000210e-06
4.142724610000000286e-06
4.145849609999999515e-06
4.148974609999999591e-06
4.152099609999999667e-06
4.155224609999999743e-06
4.158349609999999819e-06
4.161474609999999895e-06
4.164599609999999971e-06
4.167724609999999200e-06
4.170849610000000123e-06
4.173974610000000199e-06
4.177099609999999428e-06
4.180224609999999504e-06
4.183349609999999580e-06
4.186474610000000503e-06
4.189599609999999731e-06
4.192724609999999807e-06
4.195849609999999883e-06
4.198974609999999112e-06
4.202099610000000035e-06
4.205224610000000111e-06
4.208349610000000187e-06
4.211474609999999416e-06
4.214599609999999492e-06
4.217724610000000415e-06
4.220849609999999644e-06
4.223974609999999720e-06
4.227099609999999796e-06
4.230224609999999025e-06
4.233349609999999948e-06
4.236474610000000024e-06
4.239599610000000100e-06
4.242724609999999329e-06
4.245849609999999405e-06
4.248974610000000328e-06
4.252099609999999557e-06
4.255224609999999633e-06
4.258349609999999708e-06
4.261474609999999784e-06
4.264599609999999860e-06
4.267724609999999936e-06
4.270849610000000012e-06
4.273974609999999241e-06
4.277099609999999317e-06
4.280224610000000240e-06
4.283349610000000316e-06
4.286474609999999545e-06
4.289599609999999621e-06
4.292724609999999697e-06
4.295849609999999773e-06
4.298974609999999849e-06
4.302099609999999925e-06
4.305224610000000001e-06
4.308349609999999230e-06
4.311474610000000153e-06
4.314599610000000229e-06
4.317724609999999458e-06
4.320849609999999534e-06
4.323974609999999610e-06
4.327099610000000533e-06
4.330224609999999761e-06
4.333349609999999837e-06
4.336474609999999913e-06
4.339599609999999142e-06
4.342724610000000065e-06
4.345849610000000141e-06
4.348974609999999370e-06
4.352099609999999446e-06
4.355224609999999522e-06
4.358349610000000445e-06
4.361474609999999674e-06
4.364599609999999750e-06
4.367724609999999826e-06
4.370849609999999055e-06
4.373974609999999978e-06
4.377099610000000054e-06
4.380224610000000130e-06
4.383349609999999359e-06
4.386474609999999435e-06
4.389599610000000358e-06
4.392724609999999587e-06
4.395849609999999663e-06
4.398974609999999739e-06
4.402099609999999814e-06
4.405224609999999890e-06
4.408349609999999966e-06
4.411474610000000042e-06
4.414599609999999271e-06
4.417724609999999347e-06
4.420849610000000270e-06
4.423974610000000346e-06
4.427099609999999575e-06
4.430224609999999651e-06
4.433349609999999727e-06
4.436474609999999803e-06
4.439599609999999879e-06
4.442724609999999955e-06
4.445849609999999184e-06
4.448974609999999260e-06
4.452099610000000183e-06
4.455224610000000259e-06
4.458349609999999488e-06
4.461474609999999564e-06
4.464599609999999640e-06
4.467724609999999716e-06
4.470849609999999792e-06
4.473974609999999867e-06
4.477099609999999943e-06
4.480224609999999172e-06
4.483349610000000095e-06
4.486474610000000171e-06
4.489599609999999400e-06
4.492724609999999476e-06
4.495849609999999552e-06
4.498974610000000475e-06
4.502099609999999704e-06
4.505224609999999780e-06
4.508349609999999856e-06
4.511474609999999085e-06
4.514599610000000008e-06
4.517724610000000084e-06
4.520849610000000160e-06
4.523974609999999389e-06
4.527099609999999465e-06
4.530224610000000388e-06
4.533349609999999617e-06
4.536474609999999693e-06
4.539599609999999769e-06
4.542724609999998997e-06
4.545849609999999920e-06
4.548974609999999996e-06
4.552099610000000072e-06
4.555224609999999301e-06
4.558349609999999377e-06
4.561474610000000300e-06
4.564599609999999529e-06
4.567724609999999605e-06
4.570849609999999681e-06
4.573974609999999757e-06
4.577099609999999833e-06
4.580224609999999909e-06
4.583349609999999985e-06
4.586474609999999214e-06
4.589599609999999290e-06
4.592724610000000213e-06
4.595849610000000289e-06
4.598974609999999518e-06
4.602099609999999594e-06
4.605224609999999670e-06
4.608349609999999746e-06
4.611474609999999822e-06
4.614599609999999898e-06
4.617724609999999973e-06
4.620849609999999202e-06
4.623974610000000125e-06
4.627099610000000201e-06
4.630224609999999430e-06
4.633349609999999506e-06
4.636474609999999582e-06
4.639599610000000505e-06
4.642724609999999734e-06
4.645849609999999810e-06
4.648974609999999886e-06
4.652099609999999115e-06
4.655224610000000038e-06
4.658349610000000114e-06
4.661474609999999343e-06
4.664599609999999419e-06
4.667724609999999495e-06
4.670849610000000418e-06
4.673974609999999647e-06
4.677099609999999723e-06
4.680224609999999799e-06
4.683349609999999028e-06
4.686474609999999951e-06
4.689599610000000026e-06
4.692724610000000102e-06
4.695849609999999331e-06
4.698974609999999407e-06
4.702099610000000330e-06
4.705224609999999559e-06
4.708349609999999635e-06
4.711474609999999711e-06
4.714599609999999787e-06
4.717724609999999863e-06
4.720849609999999939e-06
4.723974610000000015e-06
4.727099609999999244e-06
4.730224609999999320e-06
4.733349610000000243e-06
4.736474610000000319e-06
4.739599609999999548e-06
4.742724609999999624e-06
4.745849609999999700e-06
4.748974609999999776e-06
4.752099609999999852e-06
4.755224609999999928e-06
4.758349609999999156e-06
4.761474609999999232e-06
4.764599610000000155e-06
4.767724610000000231e-06
4.770849609999999460e-06
4.773974609999999536e-06
4.777099609999999612e-06
4.780224609999999688e-06
4.783349609999999764e-06
4.786474609999999840e-06
4.789599609999999916e-06
4.792724609999999145e-06
4.795849610000000068e-06
4.798974610000000144e-06
4.802099609999999373e-06
4.805224609999999449e-06
4.808349609999999525e-06
4.811474610000000448e-06
4.814599609999999677e-06
4.817724609999999753e-06
4.820849609999999829e-06
4.823974609999999058e-06
4.827099609999999981e-06
4.830224610000000057e-06
4.833349610000000132e-06
4.836474609999999361e-06
4.839599609999999437e-06
4.842724610000000360e-06
4.845849609999999589e-06
4.848974609999999665e-06
4.852099609999999741e-06
4.855224609999998970e-06
4.858349609999999893e-06
4.861474609999999969e-06
4.864599610000000045e-06
4.867724609999999274e-06
4.870849609999999350e-06
4.873974610000000273e-06
4.877099609999999502e-06
4.880224609999999578e-06
4.883349609999999654e-06
4.886474609999999730e-06
4.889599609999999806e-06
4.892724609999999882e-06
4.895849609999999958e-06
4.898974609999999187e-06
4.902099609999999262e-06
4.905224610000000185e-06
4.908349610000000261e-06
4.911474609999999490e-06
4.914599609999999566e-06
4.917724609999999642e-06
4.920849609999999718e-06
4.923974609999999794e-06
4.927099609999999870e-06
4.930224609999999946e-06
4.933349609999999175e-06
4.936474610000000098e-06
4.939599610000000174e-06
4.942724609999999403e-06
4.945849609999999479e-06
4.948974609999999555e-06
4.952099610000000478e-06
4.955224609999999707e-06
4.958349609999999783e-06
4.961474609999999859e-06
4.964599609999999088e-06
4.967724610000000011e-06
4.970849610000000087e-06
4.973974609999999315e-06
4.977099609999999391e-06
4.980224609999999467e-06
4.983349610000000390e-06
4.986474609999999619e-06
4.989599609999999695e-06
4.992724609999999771e-06
4.995849609999999000e-06
4.998974609999999923e-06
5.002099609999999999e-06
5.005224610000000075e-06
5.008349609999999304e-06
5.011474609999999380e-06
5.014599610000000303e-06
5.017724609999999532e-06
5.020849609999999608e-06
5.023974609999999684e-06
5.027099609999999760e-06
5.030224609999999836e-06
5.033349609999999912e-06
5.036474609999999988e-06
5.039599609999999217e-06
5.042724609999999293e-06
5.045849610000000215e-06
5.048974610000000291e-06
5.052099609999999520e-06
5.055224609999999596e-06
5.058349609999999672e-06
5.061474609999999748e-06
5.064599609999999824e-06
5.067724609999999900e-06
5.070849609999999976e-06
5.073974609999999205e-06
5.077099610000000128e-06
5.080224610000000204e-06
5.083349609999999433e-06
5.086474609999999509e-06
5.089599609999999585e-06
5.092724610000000508e-06
5.095849609999999737e-06
5.098974609999999813e-06
5.102099609999999889e-06
5.105224609999999118e-06
5.108349610000000041e-06
5.111474610000000117e-06
5.114599609999999345e-06
5.117724609999999421e-06
5.120849609999999497e-06
5.123974610000000420e-06
5.127099609999999649e-06
5.130224609999999725e-06
5.133349609999999801e-06
5.136474609999999030e-06
5.139599609999999953e-06
5.142724610000000029e-06
5.145849610000000105e-06
5.148974609999999334e-06
5.152099609999999410e-06
5.155224610000000333e-06
5.158349609999999562e-06
5.161474609999999638e-06
5.164599609999999714e-06
5.167724609999999790e-06
5.170849609999999866e-06
5.173974609999999942e-06
5.177099610000000018e-06
5.180224609999999247e-06
5.183349609999999323e-06
5.186474610000000246e-06
5.189599610000000321e-06
5.192724609999999550e-06
5.195849609999999626e-06
5.198974609999999702e-06
5.202099609999999778e-06
5.205224609999999854e-06
5.208349609999999930e-06
5.211474609999999159e-06
5.214599609999999235e-06
5.217724610000000158e-06
5.220849610000000234e-06
5.223974609999999463e-06
5.227099609999999539e-06
5.230224609999999615e-06
5.233349609999999691e-06
5.236474609999999767e-06
5.239599609999999843e-06
5.242724609999999919e-06
5.245849609999999148e-06
5.248974610000000071e-06
5.252099610000000147e-06
5.255224609999999376e-06
5.258349609999999451e-06
5.261474609999999527e-06
5.264599610000000450e-06
5.267724609999999679e-06
5.270849609999999755e-06
5.273974609999999831e-06
5.277099609999999060e-06
5.280224609999999983e-06
5.283349610000000059e-06
5.286474610000000135e-06
5.289599609999999364e-06
5.292724609999999440e-06
5.295849610000000363e-06
5.298974609999999592e-06
5.302099609999999668e-06
5.305224609999999744e-06
5.308349609999998973e-06
5.311474609999999896e-06
5.314599609999999972e-06
5.317724610000000048e-06
5.320849609999999277e-06
5.323974609999999353e-06
5.327099610000000276e-06
5.330224609999999504e-06
5.333349609999999580e-06
5.336474609999999656e-06
5.339599609999999732e-06
5.342724609999999808e-06
5.345849609999999884e-06
5.348974609999999960e-06
5.352099609999999189e-06
5.355224609999999265e-06
5.358349610000000188e-06
5.361474610000000264e-06
5.364599609999999493e-06
5.367724609999999569e-06
5.370849609999999645e-06
5.373974609999999721e-06
5.377099609999999797e-06
5.380224609999999873e-06
5.383349609999999949e-06
5.386474609999999178e-06
5.389599610000000101e-06
5.392724610000000177e-06
5.395849609999999406e-06
5.398974609999999482e-06
5.402099609999999557e-06
5.405224610000000480e-06
5.408349609999999709e-06
5.411474609999999785e-06
5.414599609999999861e-06
5.417724609999999090e-06
5.420849610000000013e-06
5.423974610000000089e-06
5.427099609999999318e-06
5.430224609999999394e-06
5.433349609999999470e-06
5.436474610000000393e-06
5.439599609999999622e-06
5.442724609999999698e-06
5.445849609999999774e-06
5.448974609999999003e-06
5.452099609999999926e-06
5.455224610000000002e-06
5.458349610000000078e-06
5.461474609999999307e-06
5.464599609999999383e-06
5.467724610000000306e-06
5.470849609999999535e-06
5.473974609999999610e-06
5.477099609999999686e-06
5.480224609999999762e-06
5.483349609999999838e-06
5.486474609999999914e-06
5.489599609999999990e-06
5.492724609999999219e-06
5.495849609999999295e-06
5.498974610000000218e-06
5.502099610000000294e-06
5.505224609999999523e-06
5.508349609999999599e-06
5.511474609999999675e-06
5.514599609999999751e-06
5.517724609999999827e-06
5.520849609999999903e-06
5.523974609999999132e-06
5.527099609999999208e-06
5.530224610000000131e-06
5.533349610000000207e-06
5.536474609999999436e-06
5.539599609999999512e-06
5.542724609999999588e-06
5.545849609999999663e-06
5.548974609999999739e-06
5.552099609999999815e-06
5.555224609999999891e-06
5.558349609999999120e-06
5.561474610000000043e-06
5.564599610000000119e-06
5.567724609999999348e-06
5.570849609999999424e-06
5.573974609999999500e-06
5.577099610000000423e-06
5.580224609999999652e-06
5.583349609999999728e-06
5.586474609999999804e-06
5.589599609999999033e-06
5.592724609999999956e-06
5.595849610000000032e-06
5.598974610000000108e-06
5.602099609999999337e-06
5.605224609999999413e-06
5.608349610000000336e-06
5.611474609999999565e-06
5.614599609999999641e-06
5.617724609999999716e-06
5.620849609999998945e-06
5.623974609999999868e-06
5.627099609999999944e-06
5.630224610000000020e-06
5.633349609999999249e-06
5.636474609999999325e-06
5.639599610000000248e-06
5.642724609999999477e-06
5.645849609999999553e-06
5.648974609999999629e-06
5.652099609999999705e-06
5.655224609999999781e-06
5.658349609999999857e-06
5.661474609999999933e-06
5.664599609999999162e-06
5.667724609999999238e-06
5.670849610000000161e-06
5.673974610000000237e-06
5.677099609999999466e-06
5.680224609999999542e-06
5.683349609999999618e-06
5.686474609999999694e-06
5.689599609999999769e-06
5.692724609999999845e-06
5.695849609999999921e-06
5.698974609999999150e-06
5.702099610000000073e-06
5.705224610000000149e-06
5.708349609999999378e-06
5.711474609999999454e-06
5.714599609999999530e-06
5.717724610000000453e-06
5.720849609999999682e-06
5.723974609999999758e-06
5.727099609999999834e-06
5.730224609999999063e-06
5.733349609999999986e-06
5.736474610000000062e-06
5.739599609999999291e-06
5.742724609999999367e-06
5.745849609999999443e-06
5.748974610000000366e-06
5.752099609999999595e-06
5.755224609999999671e-06
5.758349609999999746e-06
5.761474609999998975e-06
5.764599609999999898e-06
5.767724609999999974e-06
5.770849610000000050e-06
5.773974609999999279e-06
5.777099609999999355e-06
5.780224610000000278e-06
5.783349609999999507e-06
5.786474609999999583e-06
5.789599609999999659e-06
5.792724609999999735e-06
5.795849609999999811e-06
5.798974609999999887e-06
5.802099609999999963e-06
5.805224609999999192e-06
5.808349609999999268e-06
5.811474610000000191e-06
5.814599610000000267e-06
5.817724609999999496e-06
5.820849609999999572e-06
5.823974609999999648e-06
5.827099609999999724e-06
5.830224609999999799e-06
5.833349609999999875e-06
5.836474609999999104e-06
5.839599609999999180e-06
5.842724610000000103e-06
5.845849610000000179e-06
5.848974609999999408e-06
5.852099609999999484e-06
5.855224609999999560e-06
5.858349609999999636e-06
5.861474609999999712e-06
5.864599609999999788e-06
5.867724609999999864e-06
5.870849609999999093e-06
5.873974610000000016e-06
5.877099610000000092e-06
5.880224609999999321e-06
5.883349609999999397e-06
5.886474609999999473e-06
5.889599610000000396e-06
5.892724609999999625e-06
5.895849609999999701e-06
5.898974609999999777e-06
5.902099609999999005e-06
5.905224609999999928e-06
5.908349610000000004e-06
5.911474610000000080e-06
5.914599609999999309e-06
5.917724609999999385e-06
5.920849610000000308e-06
5.923974609999999537e-06
5.927099609999999613e-06
5.930224609999999689e-06
5.933349609999998918e-06
5.936474609999999841e-06
5.939599609999999917e-06
5.942724609999999993e-06
5.945849609999999222e-06
5.948974609999999298e-06
5.952099610000000221e-06
5.955224609999999450e-06
5.958349609999999526e-06
5.961474609999999602e-06
5.964599609999999678e-06
5.967724609999999754e-06
5.970849609999999830e-06
5.973974609999999905e-06
5.977099609999999134e-06
5.980224609999999210e-06
5.983349610000000133e-06
5.986474610000000209e-06
5.989599609999999438e-06
5.992724609999999514e-06
5.995849609999999590e-06
5.998974609999999666e-06
6.002099609999999742e-06
6.005224609999999818e-06
6.008349609999999894e-06
6.011474609999999123e-06
6.014599610000000046e-06
6.017724610000000122e-06
6.020849609999999351e-06
6.023974609999999427e-06
6.027099609999999503e-06
6.030224610000000426e-06
6.033349609999999655e-06
6.036474609999999731e-06
6.039599609999999807e-06
6.042724609999999035e-06
6.045849609999999958e-06
6.048974610000000034e-06
6.052099610000000110e-06
6.055224609999999339e-06
6.058349609999999415e-06
6.061474610000000338e-06
6.064599609999999567e-06
6.067724609999999643e-06
6.070849609999999719e-06
6.073974609999998948e-06
6.077099609999999871e-06
6.080224609999999947e-06
6.083349610000000023e-06
6.086474609999999252e-06
6.089599609999999328e-06
6.092724610000000251e-06
6.095849609999999480e-06
6.098974609999999556e-06
6.102099609999999632e-06
6.105224609999999708e-06
6.108349609999999784e-06
6.111474609999999860e-06
6.114599609999999936e-06
6.117724609999999164e-06
6.120849609999999240e-06
6.123974610000000163e-06
6.127099610000000239e-06
6.130224609999999468e-06
6.133349609999999544e-06
6.136474609999999620e-06
6.139599609999999696e-06
6.142724609999999772e-06
6.145849609999999848e-06
6.148974609999999924e-06
6.152099609999999153e-06
6.155224610000000076e-06
6.158349610000000152e-06
6.161474609999999381e-06
6.164599609999999457e-06
6.167724609999999533e-06
6.170849610000000456e-06
6.173974609999999685e-06
6.177099609999999761e-06
6.180224609999999837e-06
6.183349609999999066e-06
6.186474609999999989e-06
6.189599610000000064e-06
6.192724609999999293e-06
6.195849609999999369e-06
6.198974609999999445e-06
6.202099610000000368e-06
6.205224609999999597e-06
6.208349609999999673e-06
6.211474609999999749e-06
6.214599609999998978e-06
6.217724609999999901e-06
6.220849609999999977e-06
6.223974610000000053e-06
6.227099609999999282e-06
6.230224609999999358e-06
6.233349610000000281e-06
6.236474609999999510e-06
6.239599609999999586e-06
6.242724609999999662e-06
6.245849609999999738e-06
6.248974609999999814e-06
6.252099609999999890e-06
6.255224609999999966e-06
6.258349609999999194e-06
6.261474609999999270e-06
6.264599610000000193e-06
6.267724610000000269e-06
6.270849609999999498e-06
6.273974609999999574e-06
6.277099609999999650e-06
6.280224609999999726e-06
6.283349609999999802e-06
6.286474609999999878e-06
6.289599609999999107e-06
6.292724609999999183e-06
6.295849610000000106e-06
6.298974610000000182e-06
6.302099609999999411e-06
6.305224609999999487e-06
6.308349609999999563e-06
6.311474609999999639e-06
6.314599609999999715e-06
6.317724609999999791e-06
6.320849609999999867e-06
6.323974609999999096e-06
6.327099610000000019e-06
6.330224610000000095e-06
6.333349609999999323e-06
6.336474609999999399e-06
6.339599609999999475e-06
6.342724610000000398e-06
6.345849609999999627e-06
6.348974609999999703e-06
6.352099609999999779e-06
6.355224609999999008e-06
6.358349609999999931e-06
6.361474610000000007e-06
6.364599610000000083e-06
6.367724609999999312e-06
6.370849609999999388e-06
6.373974610000000311e-06
6.377099609999999540e-06
6.380224609999999616e-06
6.383349609999999692e-06
6.386474609999998921e-06
6.389599609999999844e-06
6.392724609999999920e-06
6.395849609999999996e-06
6.398974609999999225e-06
6.402099609999999300e-06
6.405224610000000223e-06
6.408349609999999452e-06
6.411474609999999528e-06
6.414599609999999604e-06
6.417724609999999680e-06
6.420849609999999756e-06
6.423974609999999832e-06
6.427099609999999908e-06
6.430224609999999137e-06
6.433349609999999213e-06
6.436474610000000136e-06
6.439599610000000212e-06
6.442724609999999441e-06
6.445849609999999517e-06
6.448974609999999593e-06
6.452099609999999669e-06
6.455224609999999745e-06
6.458349609999999821e-06
6.461474609999999897e-06
6.464599609999999126e-06
6.467724610000000049e-06
6.470849610000000125e-06
6.473974609999999353e-06
6.477099609999999429e-06
6.480224609999999505e-06
6.483349610000000428e-06
6.486474609999999657e-06
6.489599609999999733e-06
6.492724609999999809e-06
6.495849609999999038e-06
6.498974609999999961e-06
6.502099610000000037e-06
6.505224609999999266e-06
6.508349609999999342e-06
6.511474609999999418e-06
6.514599610000000341e-06
6.517724609999999570e-06
6.520849609999999646e-06
6.523974609999999722e-06
6.527099609999998951e-06
6.530224609999999874e-06
6.533349609999999950e-06
6.536474610000000026e-06
6.539599609999999255e-06
6.542724609999999331e-06
6.545849610000000253e-06
6.548974609999999482e-06
6.552099609999999558e-06
6.555224609999999634e-06
6.558349609999999710e-06
6.561474609999999786e-06
6.564599609999999862e-06
6.567724609999999938e-06
6.570849609999999167e-06
6.573974609999999243e-06
6.577099610000000166e-06
6.580224610000000242e-06
6.583349609999999471e-06
6.586474609999999547e-06
6.589599609999999623e-06
6.592724609999999699e-06
6.595849609999999775e-06
6.598974609999999851e-06
6.602099609999999080e-06
6.605224609999999156e-06
6.608349610000000079e-06
6.611474610000000155e-06
6.614599609999999383e-06
6.617724609999999459e-06
6.620849609999999535e-06
6.623974609999999611e-06
6.627099609999999687e-06
6.630224609999999763e-06
6.633349609999999839e-06
6.636474609999999068e-06
6.639599609999999991e-06
6.642724610000000067e-06
6.645849609999999296e-06
6.648974609999999372e-06
6.652099609999999448e-06
6.655224610000000371e-06
6.658349609999999600e-06
6.661474609999999676e-06
6.664599609999999752e-06
6.667724609999998981e-06
6.670849609999999904e-06
6.673974609999999980e-06
6.677099610000000056e-06
6.680224609999999285e-06
6.683349609999999361e-06
6.686474610000000284e-06
6.689599609999999512e-06
6.692724609999999588e-06
6.695849609999999664e-06
6.698974609999998893e-06
6.702099609999999816e-06
6.705224609999999892e-06
6.708349609999999968e-06
6.711474609999999197e-06
6.714599609999999273e-06
6.717724610000000196e-06
6.720849609999999425e-06
6.723974609999999501e-06
6.727099609999999577e-06
6.730224609999999653e-06
6.733349609999999729e-06
6.736474609999999805e-06
6.739599609999999881e-06
6.742724609999999110e-06
6.745849609999999186e-06
6.748974610000000109e-06
6.752099610000000185e-06
6.755224609999999414e-06
6.758349609999999489e-06
6.761474609999999565e-06
6.764599609999999641e-06
6.767724609999999717e-06
6.770849609999999793e-06
6.773974609999999869e-06
6.777099609999999098e-06
6.780224610000000021e-06
6.783349610000000097e-06
6.786474609999999326e-06
6.789599609999999402e-06
6.792724609999999478e-06
6.795849610000000401e-06
6.798974609999999630e-06
6.802099609999999706e-06
6.805224609999999782e-06
6.808349609999999011e-06
6.811474609999999934e-06
6.814599610000000010e-06
6.817724609999999239e-06
6.820849609999999315e-06
6.823974609999999391e-06
6.827099610000000314e-06
6.830224609999999542e-06
6.833349609999999618e-06
6.836474609999999694e-06
6.839599609999998923e-06
6.842724609999999846e-06
6.845849609999999922e-06
6.848974609999999998e-06
6.852099609999999227e-06
6.855224609999999303e-06
6.858349610000000226e-06
6.861474609999999455e-06
6.864599609999999531e-06
6.867724609999999607e-06
6.870849609999999683e-06
6.873974609999999759e-06
6.877099609999999835e-06
6.880224609999999911e-06
6.883349609999999140e-06
6.886474609999999216e-06
6.889599610000000139e-06
6.892724610000000215e-06
6.895849609999999444e-06
6.898974609999999520e-06
6.902099609999999595e-06
6.905224609999999671e-06
6.908349609999999747e-06
6.911474609999999823e-06
6.914599609999999052e-06
6.917724609999999128e-06
6.920849610000000051e-06
6.923974610000000127e-06
6.927099609999999356e-06
6.930224609999999432e-06
6.933349609999999508e-06
6.936474609999999584e-06
6.939599609999999660e-06
6.942724609999999736e-06
6.945849609999999812e-06
6.948974609999999041e-06
6.952099609999999964e-06
6.955224610000000040e-06
6.958349609999999269e-06
6.961474609999999345e-06
6.964599609999999421e-06
6.967724610000000344e-06
6.970849609999999573e-06
6.973974609999999648e-06
6.977099609999999724e-06
6.980224609999998953e-06
6.983349609999999876e-06
6.986474609999999952e-06
6.989599610000000028e-06
6.992724609999999257e-06
6.995849609999999333e-06
6.998974610000000256e-06
7.002099609999999485e-06
7.005224609999999561e-06
7.008349609999999637e-06
7.011474609999999713e-06
7.014599609999999789e-06
7.017724609999999865e-06
7.020849609999999941e-06
7.023974609999999170e-06
7.027099609999999246e-06
7.030224610000000169e-06
7.033349610000000245e-06
7.036474609999999474e-06
7.039599609999999550e-06
7.042724609999999626e-06
7.045849609999999701e-06
7.048974609999999777e-06
7.052099609999999853e-06
7.055224609999999082e-06
7.058349609999999158e-06
7.061474610000000081e-06
7.064599610000000157e-06
7.067724609999999386e-06
7.070849609999999462e-06
7.073974609999999538e-06
7.077099609999999614e-06
7.080224609999999690e-06
7.083349609999999766e-06
7.086474609999999842e-06
7.089599609999999071e-06
7.092724609999999994e-06
7.095849610000000070e-06
7.098974609999999299e-06
7.102099609999999375e-06
7.105224609999999451e-06
7.108349610000000374e-06
7.111474609999999603e-06
7.114599609999999679e-06
7.117724609999999754e-06
7.120849609999998983e-06
7.123974609999999906e-06
7.127099609999999982e-06
7.130224610000000058e-06
7.133349609999999287e-06
7.136474609999999363e-06
7.139599610000000286e-06
7.142724609999999515e-06
7.145849609999999591e-06
7.148974609999999667e-06
7.152099609999998896e-06
7.155224609999999819e-06
7.158349609999999895e-06
7.161474609999999971e-06
7.164599609999999200e-06
7.167724609999999276e-06
7.170849610000000199e-06
7.173974609999999428e-06
7.177099609999999504e-06
7.180224609999999580e-06
7.183349609999999656e-06
7.186474609999999732e-06
7.189599609999999807e-06
7.192724609999999883e-06
7.195849609999999112e-06
7.198974609999999188e-06
7.202099610000000111e-06
7.205224610000000187e-06
7.208349609999999416e-06
7.211474609999999492e-06
7.214599609999999568e-06
7.217724609999999644e-06
7.220849609999999720e-06
7.223974609999999796e-06
7.227099609999999872e-06
7.230224609999999101e-06
7.233349610000000024e-06
7.236474610000000100e-06
7.239599609999999329e-06
7.242724609999999405e-06
7.245849609999999481e-06
7.248974610000000404e-06
7.252099609999999633e-06
7.255224609999999709e-06
7.258349609999999785e-06
7.261474609999999013e-06
7.264599609999999936e-06
7.267724610000000012e-06
7.270849609999999241e-06
7.273974609999999317e-06
7.277099609999999393e-06
7.280224610000000316e-06
7.283349609999999545e-06
7.286474609999999621e-06
7.289599609999999697e-06
7.292724609999998926e-06
7.295849609999999849e-06
7.298974609999999925e-06
7.302099610000000001e-06
7.305224609999999230e-06
7.308349609999999306e-06
7.311474610000000229e-06
7.314599609999999458e-06
7.317724609999999534e-06
7.320849609999999610e-06
7.323974609999999686e-06
7.327099609999999762e-06
7.330224609999999837e-06
7.333349609999999913e-06
7.336474609999999142e-06
7.339599609999999218e-06
7.342724610000000141e-06
7.345849610000000217e-06
7.348974609999999446e-06
7.352099609999999522e-06
7.355224609999999598e-06
7.358349609999999674e-06
7.361474609999999750e-06
7.364599609999999826e-06
7.367724609999999055e-06
7.370849609999999131e-06
7.373974610000000054e-06
7.377099610000000130e-06
7.380224609999999359e-06
7.383349609999999435e-06
7.386474609999999511e-06
7.389599609999999587e-06
7.392724609999999663e-06
7.395849609999999739e-06
7.398974609999999815e-06
7.402099609999999043e-06
7.405224609999999966e-06
7.408349610000000042e-06
7.411474609999999271e-06
7.414599609999999347e-06
7.417724609999999423e-06
7.420849610000000346e-06
7.423974609999999575e-06
7.427099609999999651e-06
7.430224609999999727e-06
7.433349609999998956e-06
7.436474609999999879e-06
7.439599609999999955e-06
7.442724610000000031e-06
7.445849609999999260e-06
7.448974609999999336e-06
7.452099610000000259e-06
7.455224609999999488e-06
7.458349609999999564e-06
7.461474609999999640e-06
7.464599609999998869e-06
7.467724609999999792e-06
7.470849609999999868e-06
7.473974609999999943e-06
7.477099609999999172e-06
7.480224609999999248e-06
7.483349610000000171e-06
7.486474609999999400e-06
7.489599609999999476e-06
7.492724609999999552e-06
7.495849609999999628e-06
7.498974609999999704e-06
7.502099609999999780e-06
7.505224609999999856e-06
7.508349609999999085e-06
7.511474609999999161e-06
7.514599610000000084e-06
7.517724610000000160e-06
7.520849609999999389e-06
7.523974609999999465e-06
7.527099609999999541e-06
7.530224609999999617e-06
7.533349609999999693e-06
7.536474609999999769e-06
7.539599609999999845e-06
7.542724609999999073e-06
7.545849609999999996e-06
7.548974610000000072e-06
7.552099609999999301e-06
7.555224609999999377e-06
7.558349609999999453e-06
7.561474610000000376e-06
7.564599609999999605e-06
7.567724609999999681e-06
7.570849609999999757e-06
7.573974609999998986e-06
7.577099609999999909e-06
7.580224609999999985e-06
7.583349609999999214e-06
7.586474609999999290e-06
7.589599609999999366e-06
7.592724610000000289e-06
7.595849609999999518e-06
7.598974609999999594e-06
7.602099609999999670e-06
7.605224609999998899e-06
7.608349609999999822e-06
7.611474609999999898e-06
7.614599609999999974e-06
7.617724609999999202e-06
7.620849609999999278e-06
7.623974610000000201e-06
7.627099609999999430e-06
7.630224610000000353e-06
7.633349609999998735e-06
7.636474609999998811e-06
7.639599610000000581e-06
7.642724609999998963e-06
7.645849609999999039e-06
7.648974609999999115e-06
7.652099609999999191e-06
7.655224609999999267e-06
7.658349609999999343e-06
7.661474609999999419e-06
7.664599609999999495e-06
7.667724609999999571e-06
7.670849609999999647e-06
7.673974609999999723e-06
7.677099609999999799e-06
7.680224609999999875e-06
7.683349609999999951e-06
7.686474610000000027e-06
7.689599610000000102e-06
7.692724610000000178e-06
7.695849610000000254e-06
7.698974609999998636e-06
7.702099610000000406e-06
7.705224610000000482e-06
7.708349609999998864e-06
7.711474609999998940e-06
7.714599609999999016e-06
7.717724610000000786e-06
7.720849609999999168e-06
7.723974609999999244e-06
7.727099609999999320e-06
7.730224609999999396e-06
7.733349609999999472e-06
7.736474609999999548e-06
7.739599609999999624e-06
7.742724609999999700e-06
7.745849609999999776e-06
7.748974609999999852e-06
7.752099609999999928e-06
7.755224610000000004e-06
7.758349610000000080e-06
7.761474609999998461e-06
7.764599610000000231e-06
7.767724610000000307e-06
7.770849610000000383e-06
7.773974609999998765e-06
7.777099609999998841e-06
7.780224610000000611e-06
7.783349609999998993e-06
7.786474609999999069e-06
7.789599609999999145e-06
7.792724609999999221e-06
7.795849609999999297e-06
7.798974609999999373e-06
7.802099609999999449e-06
7.805224609999999525e-06
7.808349609999999601e-06
7.811474609999999677e-06
7.814599609999999753e-06
7.817724609999999829e-06
7.820849609999999905e-06
7.823974609999999981e-06
7.827099610000000057e-06
7.830224610000000133e-06
7.833349610000000208e-06
7.836474609999998590e-06
7.839599609999998666e-06
7.842724610000000436e-06
7.845849610000000512e-06
7.848974609999998894e-06
7.852099609999998970e-06
7.855224609999999046e-06
7.858349609999999122e-06
7.861474609999999198e-06
7.864599609999999274e-06
7.867724609999999350e-06
7.870849609999999426e-06
7.873974609999999502e-06
7.877099609999999578e-06
7.880224609999999654e-06
7.883349609999999730e-06
7.886474609999999806e-06
7.889599609999999882e-06
7.892724609999999958e-06
7.895849610000000034e-06
7.898974610000000110e-06
7.902099609999998491e-06
7.905224610000000261e-06
7.908349610000000337e-06
7.911474610000000413e-06
7.914599609999998795e-06
7.917724609999998871e-06
7.920849610000000641e-06
7.923974609999999023e-06
7.927099609999999099e-06
7.930224609999999175e-06
7.933349609999999251e-06
7.936474609999999327e-06
7.939599609999999403e-06
7.942724609999999479e-06
7.945849609999999555e-06
7.948974609999999631e-06
7.952099609999999707e-06
7.955224609999999783e-06
7.958349609999999859e-06
7.961474609999999935e-06
7.964599610000000011e-06
7.967724610000000087e-06
7.970849610000000163e-06
7.973974610000000238e-06
7.977099609999998620e-06
7.980224609999998696e-06
7.983349610000000466e-06
7.986474610000000542e-06
7.989599609999998924e-06
7.992724609999999000e-06
7.995849609999999076e-06
7.998974609999999152e-06
8.002099609999999228e-06
8.005224610000000998e-06
8.008349609999999380e-06
8.011474609999999456e-06
8.014599609999999532e-06
8.017724609999999608e-06
8.020849609999999684e-06
8.023974609999999760e-06
8.027099609999999836e-06
8.030224609999999912e-06
8.033349609999999988e-06
8.036474610000000064e-06
8.039599610000000140e-06
8.042724610000000216e-06
8.045849609999998597e-06
8.048974610000000367e-06
8.052099610000000443e-06
8.055224609999998825e-06
8.058349610000000595e-06
8.061474609999998977e-06
8.064599609999999053e-06
8.067724610000000823e-06
8.070849609999999205e-06
8.073974610000000975e-06
8.077099609999999357e-06
8.080224609999999433e-06
8.083349610000001203e-06
8.086474609999999585e-06
8.089599609999999661e-06
8.092724609999999737e-06
8.095849609999999813e-06
8.098974609999999889e-06
8.102099609999999965e-06
8.105224610000000041e-06
8.108349609999998423e-06
8.111474610000000193e-06
8.114599610000000269e-06
8.117724609999998650e-06
8.120849610000000420e-06
8.123974609999998802e-06
8.127099610000000572e-06
8.130224610000000648e-06
8.133349609999999030e-06
8.136474610000000800e-06
8.139599609999999182e-06
8.142724609999999258e-06
8.145849610000001028e-06
8.148974609999999410e-06
8.152099609999999486e-06
8.155224609999999562e-06
8.158349609999999638e-06
8.161474609999999714e-06
8.164599609999999790e-06
8.167724609999999866e-06
8.170849609999998248e-06
8.173974610000000018e-06
8.177099610000000094e-06
8.180224610000000170e-06
8.183349610000000246e-06
8.186474609999998627e-06
8.189599610000000397e-06
8.192724610000000473e-06
8.195849609999998855e-06
8.198974610000000625e-06
8.202099609999999007e-06
8.205224609999999083e-06
8.208349610000000853e-06
8.211474609999999235e-06
8.214599609999999311e-06
8.217724609999999387e-06
8.220849609999999463e-06
8.223974610000001233e-06
8.227099609999999615e-06
8.230224609999999691e-06
8.233349609999999767e-06
8.236474609999999843e-06
8.239599609999999919e-06
8.242724609999999995e-06
8.245849610000000071e-06
8.248974609999998453e-06
8.252099610000000223e-06
8.255224610000000299e-06
8.258349609999998680e-06
8.261474610000000450e-06
8.264599609999998832e-06
8.267724610000000602e-06
8.270849610000000678e-06
8.273974609999999060e-06
8.277099610000000830e-06
8.280224609999999212e-06
8.283349609999999288e-06
8.286474610000001058e-06
8.289599609999999440e-06
8.292724609999999516e-06
8.295849609999999592e-06
8.298974609999999668e-06
8.302099609999999744e-06
8.305224609999999820e-06
8.308349609999999896e-06
8.311474609999998278e-06
8.314599610000000048e-06
8.317724610000000124e-06
8.320849610000000200e-06
8.323974610000000276e-06
8.327099609999998657e-06
8.330224610000000428e-06
8.333349610000000503e-06
8.336474609999998885e-06
8.339599610000000655e-06
8.342724609999999037e-06
8.345849609999999113e-06
8.348974610000000883e-06
8.352099609999999265e-06
8.355224609999999341e-06
8.358349609999999417e-06
8.361474609999999493e-06
8.364599610000001263e-06
8.367724609999999645e-06
8.370849609999999721e-06
8.373974609999999797e-06
8.377099609999999873e-06
8.380224609999999949e-06
8.383349610000000025e-06
8.386474610000000101e-06
8.389599609999998483e-06
8.392724610000000253e-06
8.395849610000000329e-06
8.398974609999998710e-06
8.402099610000000481e-06
8.405224609999998862e-06
8.408349609999998938e-06
8.411474610000000708e-06
8.414599609999999090e-06
8.417724610000000860e-06
8.420849609999999242e-06
8.423974609999999318e-06
8.427099610000001088e-06
8.430224609999999470e-06
8.433349609999999546e-06
8.436474609999999622e-06
8.439599609999999698e-06
8.442724609999999774e-06
8.445849609999999850e-06
8.448974609999999926e-06
8.452099609999998308e-06
8.455224610000000078e-06
8.458349610000000154e-06
8.461474610000000230e-06
8.464599610000000306e-06
8.467724609999998688e-06
8.470849610000000458e-06
8.473974610000000534e-06
8.477099609999998915e-06
8.480224610000000685e-06
8.483349609999999067e-06
8.486474609999999143e-06
8.489599610000000913e-06
8.492724609999999295e-06
8.495849609999999371e-06
8.498974609999999447e-06
8.502099609999999523e-06
8.505224610000001293e-06
8.508349609999999675e-06
8.511474609999999751e-06
8.514599609999999827e-06
8.517724609999999903e-06
8.520849609999999979e-06
8.523974610000000055e-06
8.527099610000000131e-06
8.530224609999998513e-06
8.533349610000000283e-06
8.536474610000000359e-06
8.539599609999998741e-06
8.542724610000000511e-06
8.545849609999998892e-06
8.548974609999998968e-06
8.552099610000000738e-06
8.555224609999999120e-06
8.558349610000000890e-06
8.561474609999999272e-06
8.564599609999999348e-06
8.567724610000001118e-06
8.570849609999999500e-06
8.573974609999999576e-06
8.577099609999999652e-06
8.580224609999999728e-06
8.583349609999999804e-06
8.586474609999999880e-06
8.589599609999999956e-06
8.592724609999998338e-06
8.595849610000000108e-06
8.598974610000000184e-06
8.602099609999998566e-06
8.605224610000000336e-06
8.608349609999998718e-06
8.611474610000000488e-06
8.614599610000000564e-06
8.617724609999998945e-06
8.620849610000000715e-06
8.623974609999999097e-06
8.627099609999999173e-06
8.630224610000000943e-06
8.633349609999999325e-06
8.636474609999999401e-06
8.639599609999999477e-06
8.642724609999999553e-06
8.645849609999999629e-06
8.648974609999999705e-06
8.652099609999999781e-06
8.655224609999999857e-06
8.658349609999999933e-06
8.661474610000000009e-06
8.664599610000000085e-06
8.667724610000000161e-06
8.670849609999998543e-06
8.673974610000000313e-06
8.677099610000000389e-06
8.680224609999998771e-06
8.683349610000000541e-06
8.686474609999998922e-06
8.689599609999998998e-06
8.692724610000000768e-06
8.695849609999999150e-06
8.698974610000000920e-06
8.702099609999999302e-06
8.705224609999999378e-06
8.708349610000001148e-06
8.711474609999999530e-06
8.714599609999999606e-06
8.717724609999999682e-06
8.720849609999999758e-06
8.723974609999999834e-06
8.727099609999999910e-06
8.730224609999999986e-06
8.733349609999998368e-06
8.736474610000000138e-06
8.739599610000000214e-06
8.742724609999998596e-06
8.745849610000000366e-06
8.748974609999998748e-06
8.752099610000000518e-06
8.755224610000000594e-06
8.758349609999998975e-06
8.761474610000000745e-06
8.764599609999999127e-06
8.767724609999999203e-06
8.770849610000000973e-06
8.773974609999999355e-06
8.777099609999999431e-06
8.780224609999999507e-06
8.783349609999999583e-06
8.786474609999999659e-06
8.789599609999999735e-06
8.792724609999999811e-06
8.795849609999998193e-06
8.798974609999999963e-06
8.802099610000000039e-06
8.805224610000000115e-06
8.808349610000000191e-06
8.811474609999998573e-06
8.814599610000000343e-06
8.817724610000000419e-06
8.820849609999998801e-06
8.823974610000000571e-06
8.827099609999998953e-06
8.830224609999999028e-06
8.833349610000000798e-06
8.836474609999999180e-06
8.839599609999999256e-06
8.842724609999999332e-06
8.845849609999999408e-06
8.848974610000001178e-06
8.852099609999999560e-06
8.855224609999999636e-06
8.858349609999999712e-06
8.861474609999999788e-06
8.864599609999999864e-06
8.867724609999999940e-06
8.870849610000000016e-06
8.873974609999998398e-06
8.877099610000000168e-06
8.880224610000000244e-06
8.883349609999998626e-06
8.886474610000000396e-06
8.889599609999998778e-06
8.892724610000000548e-06
8.895849610000000624e-06
8.898974609999999006e-06
8.902099610000000776e-06
8.905224609999999157e-06
8.908349609999999233e-06
8.911474610000001003e-06
8.914599609999999385e-06
8.917724609999999461e-06
8.920849609999999537e-06
8.923974609999999613e-06
8.927099609999999689e-06
8.930224609999999765e-06
8.933349609999999841e-06
8.936474609999998223e-06
8.939599609999999993e-06
8.942724610000000069e-06
8.945849610000000145e-06
8.948974610000000221e-06
8.952099609999998603e-06
8.955224610000000373e-06
8.958349610000000449e-06
8.961474609999998831e-06
8.964599610000000601e-06
8.967724609999998983e-06
8.970849609999999058e-06
8.973974610000000829e-06
8.977099609999999210e-06
8.980224609999999286e-06
8.983349609999999362e-06
8.986474609999999438e-06
8.989599610000001208e-06
8.992724609999999590e-06
8.995849609999999666e-06
8.998974609999999742e-06
9.002099609999999818e-06
9.005224609999999894e-06
9.008349609999999970e-06
9.011474610000000046e-06
9.014599609999998428e-06
9.017724610000000198e-06
9.020849610000000274e-06
9.023974609999998656e-06
9.027099610000000426e-06
9.030224609999998808e-06
9.033349610000000578e-06
9.036474610000000654e-06
9.039599609999999036e-06
9.042724610000000806e-06
9.045849609999999187e-06
9.048974609999999263e-06
9.052099610000001033e-06
9.055224609999999415e-06
9.058349609999999491e-06
9.061474609999999567e-06
9.064599609999999643e-06
9.067724609999999719e-06
9.070849609999999795e-06
9.073974609999999871e-06
9.077099609999998253e-06
9.080224610000000023e-06
9.083349610000000099e-06
9.086474610000000175e-06
9.089599610000000251e-06
9.092724609999998633e-06
9.095849610000000403e-06
9.098974610000000479e-06
9.102099609999998861e-06
9.105224610000000631e-06
9.108349609999999013e-06
9.111474609999999089e-06
9.114599610000000859e-06
9.117724609999999240e-06
9.120849609999999316e-06
9.123974609999999392e-06
9.127099609999999468e-06
9.130224610000001238e-06
9.133349609999999620e-06
9.136474609999999696e-06
9.139599609999999772e-06
9.142724609999999848e-06
9.145849609999999924e-06
9.148974610000000000e-06
9.152099610000000076e-06
9.155224609999998458e-06
9.158349610000000228e-06
9.161474610000000304e-06
9.164599609999998686e-06
9.167724610000000456e-06
9.170849609999998838e-06
9.173974609999998914e-06
9.177099610000000684e-06
9.180224609999999066e-06
9.183349610000000836e-06
9.186474609999999217e-06
9.189599609999999293e-06
9.192724610000001063e-06
9.195849609999999445e-06
9.198974609999999521e-06
9.202099609999999597e-06
9.205224609999999673e-06
9.208349609999999749e-06
9.211474609999999825e-06
9.214599609999999901e-06
9.217724609999998283e-06
9.220849610000000053e-06
9.223974610000000129e-06
9.227099610000000205e-06
9.230224610000000281e-06
9.233349609999998663e-06
9.236474610000000433e-06
9.239599610000000509e-06
9.242724609999998891e-06
9.245849610000000661e-06
9.248974609999999043e-06
9.252099609999999119e-06
9.255224610000000889e-06
9.258349609999999270e-06
9.261474609999999346e-06
9.264599609999999422e-06
9.267724609999999498e-06
9.270849610000001268e-06
9.273974609999999650e-06
9.277099609999999726e-06
9.280224609999999802e-06
9.283349609999999878e-06
9.286474609999999954e-06
9.289599610000000030e-06
9.292724610000000106e-06
9.295849609999998488e-06
9.298974610000000258e-06
9.302099610000000334e-06
9.305224609999998716e-06
9.308349610000000486e-06
9.311474609999998868e-06
9.314599609999998944e-06
9.317724610000000714e-06
9.320849609999999096e-06
9.323974610000000866e-06
9.327099609999999248e-06
9.330224609999999323e-06
9.333349610000001094e-06
9.336474609999999475e-06
9.339599609999999551e-06
9.342724609999999627e-06
9.345849609999999703e-06
9.348974609999999779e-06
9.352099609999999855e-06
9.355224609999999931e-06
9.358349609999998313e-06
9.361474610000000083e-06
9.364599610000000159e-06
9.367724609999998541e-06
9.370849610000000311e-06
9.373974609999998693e-06
9.377099610000000463e-06
9.380224610000000539e-06
9.383349609999998921e-06
9.386474610000000691e-06
9.389599609999999073e-06
9.392724609999999149e-06
9.395849610000000919e-06
9.398974609999999301e-06
9.402099609999999376e-06
9.405224609999999452e-06
9.408349609999999528e-06
9.411474609999999604e-06
9.414599609999999680e-06
9.417724609999999756e-06
9.420849609999999832e-06
9.423974609999999908e-06
9.427099609999999984e-06
9.430224610000000060e-06
9.433349610000000136e-06
9.436474609999998518e-06
9.439599610000000288e-06
9.442724610000000364e-06
9.445849609999998746e-06
9.448974610000000516e-06
9.452099609999998898e-06
9.455224609999998974e-06
9.458349610000000744e-06
9.461474609999999126e-06
9.464599610000000896e-06
9.467724609999999278e-06
9.470849609999999354e-06
9.473974610000001124e-06
9.477099609999999505e-06
9.480224609999999581e-06
9.483349609999999657e-06
9.486474609999999733e-06
9.489599609999999809e-06
9.492724609999999885e-06
9.495849609999999961e-06
9.498974609999998343e-06
9.502099610000000113e-06
9.505224610000000189e-06
9.508349609999998571e-06
9.511474610000000341e-06
9.514599609999998723e-06
9.517724610000000493e-06
9.520849610000000569e-06
9.523974609999998951e-06
9.527099610000000721e-06
9.530224609999999103e-06
9.533349609999999179e-06
9.536474610000000949e-06
9.539599609999999331e-06
9.542724609999999407e-06
9.545849609999999482e-06
9.548974609999999558e-06
9.552099609999999634e-06
9.555224609999999710e-06
9.558349609999999786e-06
9.561474609999998168e-06
9.564599609999999938e-06
9.567724610000000014e-06
9.570849610000000090e-06
9.573974610000000166e-06
9.577099609999998548e-06
9.580224610000000318e-06
9.583349610000000394e-06
9.586474609999998776e-06
9.589599610000000546e-06
9.592724609999998928e-06
9.595849609999999004e-06
9.598974610000000774e-06
9.602099609999999156e-06
9.605224609999999232e-06
9.608349609999999308e-06
9.611474609999999384e-06
9.614599610000001154e-06
9.617724609999999535e-06
9.620849609999999611e-06
9.623974609999999687e-06
9.627099609999999763e-06
9.630224609999999839e-06
9.633349609999999915e-06
9.636474609999999991e-06
9.639599609999998373e-06
9.642724610000000143e-06
9.645849610000000219e-06
9.648974609999998601e-06
9.652099610000000371e-06
9.655224609999998753e-06
9.658349610000000523e-06
9.661474610000000599e-06
9.664599609999998981e-06
9.667724610000000751e-06
9.670849609999999133e-06
9.673974609999999209e-06
9.677099610000000979e-06
9.680224609999999361e-06
9.683349609999999437e-06
9.686474609999999512e-06
9.689599609999999588e-06
9.692724609999999664e-06
9.695849609999999740e-06
9.698974609999999816e-06
9.702099609999998198e-06
9.705224609999999968e-06
9.708349610000000044e-06
9.711474610000000120e-06
9.714599610000000196e-06
9.717724609999998578e-06
9.720849610000000348e-06
9.723974610000000424e-06
9.727099609999998806e-06
9.730224610000000576e-06
9.733349609999998958e-06
9.736474609999999034e-06
9.739599610000000804e-06
9.742724609999999186e-06
9.745849609999999262e-06
9.748974609999999338e-06
9.752099609999999414e-06
9.755224610000001184e-06
9.758349609999999565e-06
9.761474609999999641e-06
9.764599609999999717e-06
9.767724609999999793e-06
9.770849609999999869e-06
9.773974609999999945e-06
9.777099610000000021e-06
9.780224609999998403e-06
9.783349610000000173e-06
9.786474610000000249e-06
9.789599609999998631e-06
9.792724610000000401e-06
9.795849609999998783e-06
9.798974609999998859e-06
9.802099610000000629e-06
9.805224609999999011e-06
9.808349610000000781e-06
9.811474609999999163e-06
9.814599609999999239e-06
9.817724610000001009e-06
9.820849609999999391e-06
9.823974609999999467e-06
9.827099609999999543e-06
9.830224609999999618e-06
