2.264807058575424858e-01
2.228930487894014711e-01
2.180698399322818226e-01
2.121856275835454497e-01
2.054532843378748530e-01
1.981119399307499640e-01
1.904138509072321739e-01
1.826111282510454459e-01
1.749432124115235243e-01
1.676258820769870872e-01
1.608424211959317562e-01
1.547373661938756251e-01
1.494130329057605788e-01
1.449288017337899970e-01
1.413029394525655014e-01
1.385165727547530978e-01
1.365193129168713881e-01
1.352359680943759357e-01
1.345737693661274159e-01
1.344295734356109884e-01
1.346965797276468146e-01
1.352702009361480273e-01
1.360528413846678608e-01
1.369574548169422423e-01
1.379098620052570945e-01
1.388499008309015681e-01
1.397315520740651518e-01
1.405222307641670054e-01
1.412014559271253800e-01
1.417591133920755864e-01
1.421935109453130452e-01
1.425093972824781896e-01
1.427160811753303005e-01
1.428257483395037331e-01
1.428520377140963804e-01
1.428089042076838566e-01
1.427097684936360078e-01
1.425669334829636481e-01
1.423912333446235856e-01
1.421918734035579890e-01
1.419764169823314603e-01
1.417508770489017134e-01
1.415198751302761404e-01
1.412868361778269743e-01
1.410541949317752619e-01
1.408235960621084248e-01
1.405960764290337117e-01
1.403722228948200701e-01
1.401523031015173282e-01
1.399363695173271582e-01
1.397243389561722005e-01
1.395160508533820343e-01
1.393113080201560106e-01
1.391099035819270413e-01
1.389116374923756725e-01
1.387163255381885507e-01
1.385238032104611772e-01
1.383339262871810249e-01
1.381465694913290576e-01
1.379616241835216472e-01
1.377789957239577978e-01
1.375986008925182136e-01
1.374203655788483747e-01
1.372442228340034487e-01
1.370701112990987125e-01
1.368979739827214104e-01
1.367277573376897981e-01
1.365594105811877845e-01
1.363928852044352380e-01
1.362281346246838054e-01
1.360651139406915677e-01
1.359037797612376308e-01
1.357440900837764697e-01
1.355860042066139859e-01
1.354294826629389714e-01
1.352744871687785178e-01
1.351209805796549090e-01
1.349689268526150232e-01
1.348182910115857391e-01
1.346690391148437915e-01
1.345211382239155928e-01
1.343745563735405102e-01
1.342292625425151320e-01
1.340852266253354519e-01
1.339424194046042738e-01
1.338008125241927637e-01
1.336603784631519853e-01
1.335210905103698109e-01
1.333829227399665751e-01
1.332458499874183688e-01
1.331098478263945672e-01
1.329748925462935494e-01
1.328409611304592619e-01
1.327080312350601699e-01
1.325760811686121921e-01
1.324450898721264425e-01
1.323150368998636528e-01
1.321859024006766525e-01
1.320576670999235314e-01
1.319303122819334151e-01
1.318038197730089511e-01
1.316781719249481564e-01
1.315533515990705560e-01
1.314293421507314596e-01
1.313061274143100809e-01
1.311836916886564841e-01
1.310620197229838413e-01
1.309410967031916506e-01
1.308209082386075639e-01
1.307014403491343901e-01
1.305826794527901458e-01
1.304646123536290503e-01
1.303472262300318374e-01
1.302305086233540021e-01
1.301144474269212703e-01
1.299990308753613544e-01
1.298842475342617819e-01
1.297700862901440544e-01
1.296565363407441995e-01
1.295435871855903920e-01
1.294312286168686210e-01
1.293194507105675239e-01
1.292082438178939752e-01
1.290975985569507711e-01
1.289875058046690837e-01
1.288779566889871331e-01
1.287689425812678645e-01
1.286604550889486054e-01
1.285524860484150711e-01
1.284450275180932521e-01
1.283380717717522435e-01
1.282316112920118822e-01
1.281256387640485050e-01
1.280201470694931898e-01
1.279151292805163209e-01
1.278105786540928435e-01
1.277064886264426546e-01
1.276028528076408597e-01
1.274996649763927015e-01
1.273969190749679459e-01
1.272946092042899491e-01
1.271927296191748269e-01
1.270912747237158413e-01
1.269902390668088965e-01
1.268896173378144254e-01
1.267894043623517819e-01
1.266895950982222796e-01
1.265901846314561596e-01
1.264911681724807391e-01
1.263925410524050497e-01
1.262942987194183020e-01
1.261964367352979011e-01
1.260989507720241265e-01
1.260018366084981467e-01
1.259050901273601197e-01
1.258087073119042998e-01
1.257126842430884572e-01
1.256170170966340038e-01
1.255217021402152966e-01
1.254267357307340125e-01
1.253321143116767622e-01
1.252378344105535557e-01
1.251438926364141502e-01
1.250502856774398652e-01
1.249570102986092557e-01
1.248640633394345889e-01
1.247714417117673363e-01
1.246791423976707086e-01
1.245871624473566808e-01
1.244954989771861753e-01
1.244041491677298494e-01
1.243131102618882655e-01
1.242223795630689187e-01
1.241319544334189839e-01
1.240418322921119088e-01
1.239520106136859368e-01
1.238624869264332573e-01
1.237732588108383242e-01
1.236843238980634696e-01
1.235956798684805930e-01
1.235073244502476325e-01
1.234192554179281698e-01
1.233314705911530695e-01
1.232439678333227401e-01
1.231567450503488759e-01
1.230698001894343502e-01
1.229831312378903141e-01
1.228967362219889198e-01
1.228106132058512379e-01
1.227247602903685508e-01
1.226391756121568005e-01
1.225538573425423439e-01
1.224688036865786561e-01
1.223840128820929685e-01
1.222994831987614939e-01
1.222152129372130469e-01
1.221312004281594338e-01
1.220474440315525433e-01
1.219639421357667231e-01
1.218806931568059276e-01
1.217976955375350417e-01
1.217149477469342128e-01
1.216324482793758183e-01
1.215501956539234568e-01
1.214681884136518258e-01
1.213864251249874987e-01
1.213049043770691449e-01
1.212236247811275952e-01
1.211425849698841845e-01
1.210617835969674955e-01
1.209812193363476313e-01
1.209008908817874178e-01
1.208207969463103437e-01
1.207409362616843479e-01
1.206613075779211786e-01
1.205819096627910453e-01
1.205027413013514265e-01
1.204238012954904624e-01
1.203450884634838652e-01
1.202666016395650822e-01
1.201883396735085319e-01
1.201103014302251637e-01
1.200324857893704245e-01
1.199548916449633962e-01
1.198775179050181883e-01
1.198003634911855436e-01
1.197234273384056441e-01
1.196467083945711718e-01
1.195702056202004315e-01
1.194939179881201463e-01
1.194178444831578839e-01
1.193419841018435595e-01
1.192663358521197231e-01
1.191908987530607561e-01
1.191156718346001175e-01
1.190406541372658750e-01
1.189658447119239654e-01
1.188912426195293387e-01
1.188168469308840125e-01
1.187426567264028010e-01
1.186686710958857055e-01
1.185948891382969383e-01
1.185213099615506777e-01
1.184479326823032613e-01
1.183747564257509877e-01
1.183017803254345496e-01
1.182290035230485342e-01
1.181564251682572508e-01
1.180840444185152771e-01
1.180118604388936260e-01
1.179398724019111583e-01
1.178680794873704224e-01
1.177964808821987952e-01
1.177250757802940084e-01
1.176538633823741853e-01
1.175828428958323180e-01
1.175120135345948391e-01
1.174413745189846064e-01
1.173709250755873290e-01
1.173006644371225593e-01
1.172305918423176968e-01
1.171607065357861271e-01
1.170910077679087058e-01
1.170214947947186140e-01
1.169521668777895179e-01
1.168830232841271133e-01
1.168140632860635020e-01
1.167452861611547460e-01
1.166766911920813637e-01
1.166082776665515741e-01
1.165400448772073438e-01
1.164719921215330162e-01
1.164041187017667289e-01
1.163364239248139836e-01
1.162689071021640458e-01
1.162015675498084266e-01
1.161344045881616965e-01
1.160674175419846299e-01
1.160006057403093482e-01
1.159339685163666284e-01
1.158675052075151951e-01
1.158012151551731372e-01
1.157350977047507806e-01
1.156691522055859900e-01
1.156033780108808445e-01
1.155377744776402010e-01
1.154723409666117417e-01
1.154070768422281457e-01
1.153419814725501619e-01
1.152770542292118339e-01
1.152122944873667371e-01
1.151477016256359648e-01
1.150832750260574189e-01
1.150190140740363770e-01
1.149549181582974755e-01
1.148909866708379829e-01
1.148272190068821280e-01
1.147636145648369688e-01
1.147001727462490517e-01
1.146368929557623484e-01
1.145737746010774688e-01
1.145108170929116653e-01
1.144480198449599889e-01
1.143853822738574305e-01
1.143229037991420755e-01
1.142605838432191184e-01
1.141984218313258082e-01
1.141364171914973913e-01
1.140745693545337502e-01
1.140128777539669291e-01
1.139513418260295896e-01
1.138899610096240217e-01
1.138287347462921956e-01
1.137676624801861741e-01
1.137067436580397606e-01
1.136459777291402712e-01
1.135853641453014456e-01
1.135249023608367047e-01
1.134645918325332820e-01
1.134044320003996936e-01
1.133444223645972276e-01
1.132845623699092752e-01
1.132248514827702418e-01
1.131652891719672344e-01
1.131058749086175097e-01
1.130466081661464228e-01
1.129874884202659718e-01
1.129285151489536343e-01
1.128696878324318420e-01
1.128110059531479276e-01
1.127524689957542514e-01
1.126940764470892031e-01
1.126358277961581750e-01
1.125777225341152293e-01
1.125197601542450021e-01
1.124619401519451473e-01
1.124042620247090174e-01
1.123467252721087467e-01
1.122893293957786531e-01
1.122320738993990846e-01
1.121749582886804320e-01
1.121179820713476827e-01
1.120611447571250169e-01
1.120044458577209995e-01
1.119478848868137727e-01
1.118914613600367619e-01
1.118351747949645203e-01
1.117790247110990315e-01
1.117230106298559150e-01
1.116671320745512980e-01
1.116113885703887282e-01
1.115557796444461708e-01
1.115003048256636570e-01
1.114449636448307385e-01
1.113897556345744555e-01
1.113346803293473047e-01
1.112797372654155958e-01
1.112249259808478358e-01
1.111702460155035710e-01
1.111156969110220355e-01
1.110612782108113400e-01
1.110069894600377166e-01
1.109528302056148330e-01
1.108987999961934812e-01
1.108448983821512246e-01
1.107911249155823369e-01
1.107374791502878930e-01
1.106839606417659994e-01
1.106305689472021347e-01
1.105773036254596026e-01
1.105241642370703020e-01
1.104711503442254161e-01
1.104182615107664606e-01
1.103654973021761659e-01
1.103128572855697626e-01
1.102603410296863345e-01
1.102079481048801046e-01
1.101556780831121074e-01
1.101035305379417378e-01
1.100515050445186049e-01
1.099996011795743439e-01
1.099478185214146364e-01
1.098961566499112169e-01
1.098446151464941428e-01
1.097931935941441062e-01
1.097418915773845510e-01
1.096907086822744848e-01
1.096396444964008454e-01
1.095886986088710491e-01
1.095378706103060235e-01
1.094871600928326721e-01
1.094365666500769774e-01
1.093860898771569778e-01
1.093357293706757188e-01
1.092854847287143827e-01
1.092353555508255858e-01
1.091853414380265785e-01
1.091354419927925562e-01
1.090856568190501780e-01
1.090359855221709473e-01
1.089864277089647449e-01
1.089369829876735141e-01
1.088876509679649052e-01
1.088384312609259330e-01
1.087893234790568847e-01
1.087403272362650192e-01
1.086914421478586551e-01
1.086426678305409538e-01
1.085940039024040349e-01
1.085454499829230091e-01
1.084970056929501214e-01
1.084486706547089091e-01
1.084004444917883725e-01
1.083523268291373687e-01
1.083043172930587550e-01
1.082564155112039211e-01
1.082086211125670855e-01
1.081609337274797855e-01
1.081133529876053823e-01
1.080658785259335786e-01
1.080185099767750206e-01
1.079712469757559273e-01
1.079240891598127333e-01
1.078770361671867739e-01
1.078300876374190809e-01
1.077832432113451366e-01
1.077365025310896562e-01
1.076898652400615219e-01
1.076433309829486068e-01
1.075968994057126815e-01
1.075505701555844601e-01
1.075043428810585483e-01
1.074582172318884199e-01
1.074121928590815733e-01
1.073662694148945357e-01
1.073204465528280749e-01
1.072747239276222453e-01
1.072291011952516554e-01
1.071835780129207077e-01
1.071381540390587278e-01
1.070928289333153566e-01
1.070476023565557766e-01
1.070024739708560768e-01
1.069574434394986173e-01
1.069125104269673804e-01
1.068676745989434324e-01
1.068229356223003024e-01
1.067782931650995137e-01
1.067337468965860042e-01
1.066892964871837129e-01
1.066449416084910562e-01
1.066006819332765143e-01
1.065565171354742879e-01
1.065124468901797739e-01
1.064684708736452906e-01
1.064245887632757903e-01
1.063808002376243900e-01
1.063371049763882220e-01
1.062935026604040489e-01
1.062499929716441138e-01
1.062065755932118105e-01
1.061632502093375618e-01
1.061200165053745592e-01
1.060768741677946686e-01
1.060338228841842395e-01
1.059908623432399277e-01
1.059479922347647401e-01
1.059052122496638021e-01
1.058625220799403327e-01
1.058199214186916620e-01
1.057774099601051232e-01
1.057349873994540418e-01
1.056926534330938222e-01
1.056504077584579510e-01
1.056082500740539443e-01
1.055661800794595456e-01
1.055241974753187428e-01
1.054823019633378683e-01
1.054404932462817829e-01
1.053987710279698509e-01
1.053571350132722906e-01
1.053155849081062190e-01
1.052741204194318630e-01
1.052327412552487990e-01
1.051914471245920940e-01
1.051502377375286568e-01
1.051091128051533513e-01
1.050680720395854029e-01
1.050271151539645675e-01
1.049862418624475657e-01
1.049454518802041825e-01
1.049047449234138674e-01
1.048641207092618766e-01
1.048235789559356923e-01
1.047831193826214702e-01
1.047427417095003199e-01
1.047024456577448220e-01
1.046622309495153363e-01
1.046220973079565186e-01
1.045820444571937957e-01
1.045420721223297156e-01
1.045021800294405334e-01
1.044623679055726867e-01
1.044226354787392563e-01
1.043829824779165527e-01
1.043434086330405908e-01
1.043039136750037177e-01
1.042644973356510602e-01
1.042251593477772353e-01
1.041858994451228537e-01
1.041467173623711329e-01
1.041076128351445806e-01
1.040685856000015258e-01
1.040296353944328428e-01
1.039907619568585656e-01
1.039519650266246265e-01
1.039132443439993864e-01
1.038745996501705404e-01
1.038360306872416622e-01
1.037975371982289979e-01
1.037591189270581776e-01
1.037207756185609675e-01
1.036825070184720643e-01
1.036443128734258340e-01
1.036061929309530644e-01
1.035681469394778009e-01
1.035301746483141966e-01
1.034922758076632504e-01
1.034544501686096851e-01
1.034166974831187968e-01
1.033790175040332909e-01
1.033414099850701456e-01
1.033038746808175312e-01
1.032664113467317013e-01
1.032290197391338149e-01
1.031916996152069388e-01
1.031544507329929666e-01
1.031172728513895104e-01
1.030801657301469026e-01
1.030431291298651436e-01
1.030061628119908201e-01
1.029692665388141637e-01
1.029324400734660389e-01
1.028956831799148625e-01
1.028589956229637309e-01
1.028223771682474363e-01
1.027858275822293860e-01
1.027493466321988264e-01
1.027129340862677764e-01
1.026765897133681410e-01
1.026403132832487824e-01
1.026041045664726620e-01
1.025679633344138697e-01
1.025318893592548769e-01
1.024958824139833580e-01
1.024599422723897479e-01
1.024240687090640506e-01
1.023882614993931739e-01
1.023525204195579741e-01
1.023168452465305911e-01
1.022812357580714371e-01
1.022456917327265874e-01
1.022102129498249079e-01
1.021747991894751822e-01
1.021394502325635167e-01
1.021041658607504676e-01
1.020689458564682794e-01
1.020337900029182066e-01
1.019986980840677376e-01
1.019636698846479450e-01
1.019287051901506258e-01
1.018938037868257485e-01
1.018589654616786910e-01
1.018241900024675628e-01
1.017894771977005813e-01
1.017548268366332970e-01
1.017202387092660670e-01
1.016857126063413636e-01
1.016512483193410810e-01
1.016168456404839965e-01
1.015825043627231472e-01
1.015482242797431101e-01
1.015140051859576009e-01
1.014798468765066991e-01
1.014457491472544048e-01
1.014117117947859609e-01
1.013777346164053961e-01
1.013438174101329164e-01
1.013099599747023655e-01
1.012761621095587261e-01
1.012424236148555257e-01
1.012087442914524210e-01
1.011751239409126174e-01
1.011415623655003981e-01
1.011080593681786544e-01
1.010746147526064148e-01
1.010412283231362784e-01
1.010078998848120968e-01
1.009746292433664205e-01
1.009414162052181402e-01
1.009082605774699326e-01
1.008751621679059712e-01
1.008421207849894002e-01
1.008091362378599892e-01
1.007762083363317185e-01
1.007433368908904059e-01
1.007105217126912922e-01
1.006777626135566539e-01
1.006450594059734860e-01
1.006124119030911701e-01
1.005798199187189906e-01
1.005472832673239558e-01
1.005148017640283692e-01
1.004823752246075536e-01
1.004500034654874779e-01
1.004176863037425232e-01
1.003854235570931092e-01
1.003532150439035292e-01
1.003210605831794527e-01
1.002889599945659266e-01
1.002569130983448353e-01
1.002249197154328475e-01
1.001929796673790840e-01
1.001610927763628561e-01
1.001292588651914867e-01
1.000974777572980340e-01
1.000657492767391271e-01
1.000340732481926759e-01
1.000024494969557476e-01
9.997087784894237439e-02
9.993935813068129115e-02
9.990789016931379829e-02
9.987647379259161073e-02
9.984510882887470684e-02
9.981379510712909409e-02
9.978253245692474127e-02
9.975132070843339971e-02
9.972015969242646605e-02
9.968904924027290060e-02
9.965798918393706241e-02
9.962697935597659982e-02
9.959601958954039658e-02
9.956510971836643464e-02
9.953424957677969864e-02
9.950343899969013584e-02
9.947267782259056057e-02
9.944196588155460037e-02
9.941130301323454488e-02
9.938068905485952786e-02
9.935012384423320964e-02
9.931960721973191741e-02
9.928913902030254979e-02
9.925871908546057831e-02
9.922834725528803523e-02
9.919802337043144569e-02
9.916774727209994034e-02
9.913751880206314593e-02
9.910733780264929793e-02
9.907720411674318661e-02
9.904711758778421415e-02
9.901707805976445176e-02
9.898708537722662737e-02
9.895713938526222442e-02
9.892723992950951117e-02
9.889738685615163949e-02
9.886758001191466028e-02
9.883781924406563613e-02
9.880810440041069842e-02
9.877843532929318771e-02
9.874881187959166917e-02
9.871923390071814242e-02
9.868970124261605692e-02
9.866021375575843855e-02
9.863077129114612707e-02
9.860137370030573611e-02
9.857202083528791847e-02
9.854271254866545093e-02
9.851344869353138856e-02
9.848422912349727443e-02
9.845505369269118290e-02
9.842592225575604037e-02
9.839683466784773791e-02
9.836779078463317449e-02
9.833879046228874432e-02
9.830983355749828290e-02
9.828091992745131844e-02
9.825204942984140655e-02
9.822322192286414566e-02
9.819443726521553950e-02
9.816569531609023458e-02
9.813699593517968833e-02
9.810833898267040665e-02
9.807972431924215362e-02
9.805115180606641112e-02
9.802262130480433877e-02
9.799413267760530288e-02
9.796568578710496134e-02
9.793728049642361211e-02
9.790891666916454184e-02
9.788059416941216617e-02
9.785231286173048937e-02
9.782407261116124464e-02
9.779587328322231210e-02
9.776771474390606731e-02
9.773959685967754940e-02
9.771151949747287901e-02
9.768348252469763460e-02
9.765548580922510380e-02
9.762752921939465978e-02
9.759961262401010973e-02
9.757173589233808508e-02
9.754389889410632064e-02
9.751610149950207251e-02
9.748834357917054994e-02
9.746062500421315278e-02
9.743294564618594500e-02
9.740530537709808645e-02
9.737770406941011203e-02
9.735014159603240513e-02
9.732261783032362945e-02
9.729513264608906364e-02
9.726768591757907478e-02
9.724027751948753628e-02
9.721290732695021808e-02
9.718557521554330170e-02
9.715828106128170105e-02
9.713102474061763303e-02
9.710380613043899378e-02
9.707662510806781830e-02
9.704948155125878162e-02
9.702237533819763060e-02
9.699530634749965741e-02
9.696827445820824232e-02
9.694127954979317452e-02
9.691432150214938923e-02
9.688740019559523298e-02
9.686051551087104805e-02
9.683366732913775698e-02
9.680685553197523885e-02
9.678008000138096922e-02
9.675334061976835487e-02
9.672663726996554023e-02
9.669996983521365885e-02
9.667333819916558435e-02
9.664674224588430673e-02
9.662018185984164176e-02
9.659365692591656560e-02
9.656716732939402137e-02
9.654071295596332314e-02
9.651429369171676820e-02
9.648790942314817987e-02
9.646156003715154748e-02
9.643524542101951369e-02
9.640896546244211163e-02
9.638272004950516891e-02
9.635650907068905868e-02
9.633033241486722853e-02
9.630418997130484049e-02
9.627808162965736938e-02
9.625200727996917338e-02
9.622596681267223118e-02
9.619996011858465701e-02
9.617398708890938230e-02
9.614804761523279564e-02
9.612214158952336884e-02
9.609626890413032474e-02
9.607042945178226323e-02
9.604462312558578740e-02
9.601884981902431004e-02
9.599310942595651319e-02
9.596740184061519630e-02
9.594172695760580516e-02
9.591608467190521070e-02
9.589047487886039056e-02
9.586489747418706908e-02
9.583935235396842667e-02
9.581383941465385079e-02
9.578835855305752045e-02
9.576290966635725432e-02
9.573749265209313686e-02
9.571210740816622764e-02
9.568675383283732627e-02
9.566143182472570949e-02
9.563614128280781279e-02
9.561088210641596752e-02
9.558565419523717965e-02
9.556045744931185304e-02
9.553529176903256814e-02
9.551015705514270815e-02
9.548505320873540425e-02
9.545998013125221726e-02
9.543493772448179147e-02
9.540992589055879991e-02
9.538494453196263989e-02
9.535999355151622559e-02
9.533507285238471129e-02
9.531018233807435347e-02
9.528532191243131722e-02
9.526049147964038566e-02
9.523569094422382197e-02
9.521092021104017589e-02
9.518617918528306243e-02
9.516146777247999622e-02
9.513678587849121182e-02
9.511213340950844253e-02
9.508751027205386563e-02
9.506291637297872854e-02
9.503835161946237731e-02
9.501381591901100765e-02
9.498930917945651309e-02
9.496483130895533309e-02
9.494038221598732896e-02
9.491596180935457649e-02
9.489156999818029736e-02
9.486720669190765176e-02
9.484287180029873920e-02
9.481856523343325238e-02
9.479428690170753347e-02
9.477003671583338063e-02
9.474581458683693780e-02
9.472162042605759835e-02
9.469745414514688098e-02
9.467331565606730559e-02
9.464920487109133862e-02
9.462512170280024115e-02
9.460106606408301422e-02
9.457703786813533020e-02
9.455303702845835323e-02
9.452906345885773998e-02
9.450511707344257106e-02
9.448119778662421309e-02
9.445730551311530554e-02
9.443344016792860895e-02
9.440960166637606121e-02
9.438578992406763957e-02
9.436200485691027817e-02
9.433824638110697991e-02
9.431451441315549800e-02
9.429080886984755883e-02
9.426712966826762685e-02
9.424347672579198865e-02
9.421984996008771207e-02
9.419624928911146666e-02
9.417267463110870485e-02
9.414912590461256559e-02
9.412560302844273641e-02
9.410210592170462074e-02
9.407863450378819992e-02
9.405518869436713114e-02
9.403176841339759562e-02
9.400837358111743813e-02
9.398500411804509846e-02
9.396165994497863994e-02
9.393834098299473634e-02
9.391504715344772825e-02
9.389177837796860993e-02
9.386853457846400239e-02
9.384531567711529298e-02
9.382212159637755289e-02
9.379895225897864897e-02
9.377580758791820292e-02
9.375268750646667537e-02
9.372959193816442214e-02
9.370652080682069507e-02
9.368347403651271221e-02
9.366045155158467250e-02
9.363745327664689533e-02
9.361447913657480746e-02
9.359152905650797161e-02
9.356860296184930925e-02
9.354570077826397656e-02
9.352282243167853171e-02
9.349996784827997731e-02
9.347713695451492777e-02
9.345432967708855454e-02
9.343154594296376736e-02
9.340878567936021504e-02
9.338604881375356381e-02
9.336333527387426223e-02
9.334064498770701379e-02
9.331797788348959732e-02
9.329533388971207597e-02
9.327271293511595063e-02
9.325011494869317463e-02
9.322753985968527946e-02
9.320498759758261142e-02
9.318245809212326314e-02
9.315995127329233794e-02
9.313746707132104785e-02
9.311500541668579767e-02
9.309256624010733838e-02
9.307014947254989290e-02
9.304775504522036500e-02
9.302538288956736789e-02
9.300303293728044707e-02
9.298070512028915047e-02
9.295839937076233461e-02
9.293611562110709601e-02
9.291385380396814664e-02
9.289161385222677314e-02
9.286939569900019842e-02
9.284719927764052694e-02
9.282502452173416185e-02
9.280287136510070867e-02
9.278073974179236461e-02
9.275862958609303044e-02
9.273654083251740843e-02
9.271447341581029455e-02
9.269242727094567647e-02
9.267040233312602571e-02
9.264839853778138179e-02
9.262641582056860279e-02
9.260445411737053267e-02
9.258251336429529355e-02
9.256059349767528643e-02
9.253869445406665006e-02
9.251681617024826165e-02
9.249495858322105690e-02
9.247312163020723896e-02
9.245130524864941801e-02
9.242950937620994512e-02
9.240773395077002406e-02
9.238597891042898969e-02
9.236424419350355852e-02
9.234252973852705160e-02
9.232083548424852015e-02
9.229916136963213502e-02
9.227750733385636783e-02
9.225587331631321386e-02
9.223425925660738711e-02
9.221266509455570970e-02
9.219109077018623755e-02
9.216953622373753874e-02
9.214800139565797188e-02
9.212648622660496445e-02
9.210499065744416625e-02
9.208351462924885267e-02
9.206205808329906426e-02
9.204062096108103774e-02
9.201920320428622069e-02
9.199780475481078579e-02
9.197642555475485371e-02
9.195506554642161878e-02
9.193372467231683554e-02
9.191240287514795826e-02
9.189110009782350263e-02
9.186981628345229633e-02
9.184855137534279901e-02
9.182730531700238064e-02
9.180607805213655825e-02
9.178486952464841309e-02
9.176367967863781339e-02
9.174250845840070667e-02
9.172135580842849523e-02
9.170022167340724506e-02
9.167910599821714468e-02
9.165800872793158915e-02
9.163692980781674990e-02
9.161586918333070040e-02
9.159482680012286104e-02
9.157380260403327754e-02
9.155279654109184373e-02
9.153180855751781586e-02
9.151083859971906320e-02
9.148988661429127700e-02
9.146895254801755415e-02
9.144803634786749513e-02
9.142713796099670442e-02
9.140625733474598558e-02
9.138539441664088325e-02
9.136454915439086444e-02
9.134372149588868006e-02
9.132291138920985152e-02
9.130211878261182412e-02
9.128134362453345363e-02
9.126058586359442337e-02
9.123984544859439771e-02
9.121912232851257796e-02
9.119841645250696682e-02
9.117772776991374395e-02
9.115705623024668303e-02
9.113640178319652729e-02
9.111576437863021238e-02
9.109514396659044999e-02
9.107454049729503398e-02
9.105395392113610487e-02
9.103338418867969184e-02
9.101283125066504665e-02
9.099229505800397744e-02
9.097177556178026592e-02
9.095127271324912610e-02
9.093078646383649655e-02
9.091031676513847137e-02
9.088986356892073126e-02
9.086942682711793284e-02
9.084900649183304255e-02
9.082860251533685092e-02
9.080821485006727867e-02
9.078784344862884936e-02
9.076748826379203716e-02
9.074714924849280884e-02
9.072682635583184663e-02
9.070651953907413190e-02
9.068622875164823738e-02
9.066595394714588307e-02
9.064569507932127013e-02
9.062545210209044244e-02
9.060522496953088423e-02
9.058501363588079835e-02
9.056481805553863451e-02
9.054463818306245082e-02
9.052447397316935873e-02
9.050432538073500954e-02
9.048419236079306704e-02
9.046407486853444424e-02
9.044397285930699804e-02
9.042388628861482147e-02
9.040381511211771637e-02
9.038375928563070760e-02
9.036371876512340473e-02
9.034369350671947463e-02
9.032368346669618353e-02
9.030368860148370314e-02
9.028370886766470815e-02
9.026374422197375180e-02
9.024379462129676621e-02
9.022386002267047955e-02
9.020394038328199970e-02
9.018403566046809261e-02
9.016414581171486309e-02
9.014427079465703319e-02
9.012441056707756748e-02
9.010456508690704858e-02
9.008473431222321914e-02
9.006491820125041292e-02
9.004511671235908288e-02
9.002532980406519059e-02
9.000555743502984540e-02
8.998579956405863833e-02
8.996605615010123957e-02
8.994632715225081565e-02
8.992661252974355757e-02
8.990691224195816733e-02
8.988722624841535835e-02
8.986755450877730034e-02
8.984789698284724457e-02
8.982825363056888557e-02
8.980862441202597246e-02
8.978900928744169840e-02
8.976940821717831198e-02
8.974982116173660374e-02
8.973024808175533718e-02
8.971068893801087407e-02
8.969114369141661935e-02
8.967161230302254926e-02
8.965209473401471174e-02
8.963259094571478236e-02
8.961310089957956471e-02
8.959362455720049079e-02
8.957416188030317694e-02
8.955471283074693811e-02
8.953527737052428825e-02
8.951585546176055175e-02
8.949644706671326666e-02
8.947705214777181004e-02
8.945767066745693996e-02
8.943830258842025427e-02
8.941894787344376039e-02
8.939960648543945898e-02
8.938027838744881659e-02
8.936096354264239094e-02
8.934166191431923421e-02
8.932237346590658766e-02
8.930309816095934050e-02
8.928383596315962734e-02
8.926458683631634250e-02
8.924535074436466819e-02
8.922612765136569979e-02
8.920691752150596010e-02
8.918772031909694142e-02
8.916853600857463369e-02
8.914936455449927466e-02
8.913020592155458666e-02
8.911106007454761002e-02
8.909192697840816189e-02
8.907280659818841984e-02
8.905369889906243619e-02
8.903460384632583269e-02
8.901552140539518987e-02
8.899645154180779727e-02
8.897739422122111219e-02
8.895834940941239888e-02
8.893931707227820116e-02
8.892029717583406490e-02
8.890128968621403838e-02
8.888229456967024211e-02
8.886331179257246637e-02
8.884434132140775486e-02
8.882538312278000225e-02
8.880643716340953786e-02
8.878750341013268155e-02
8.876858182990136903e-02
8.874967238978274942e-02
8.873077505695874112e-02
8.871188979872558777e-02
8.869301658249363618e-02
8.867415537578669793e-02
8.865530614624177186e-02
8.863646886160868321e-02
8.861764348974957017e-02
8.859882999863856468e-02
8.858002835636136219e-02
8.856123853111486088e-02
8.854246049120673145e-02
8.852369420505504238e-02
8.850493964118787138e-02
8.848619676824290292e-02
8.846746555496703968e-02
8.844874597021608331e-02
8.843003798295420714e-02
8.841134156225372021e-02
8.839265667729456766e-02
8.837398329736405322e-02
8.835532139185638123e-02
8.833667093027230965e-02
8.831803188221880319e-02
8.829940421740851975e-02
8.828078790565964395e-02
8.826218291689541529e-02
8.824358922114364234e-02
8.822500678853656408e-02
8.820643558931025308e-02
8.818787559380443508e-02
8.816932677246198946e-02
8.815078909582860223e-02
8.813226253455255788e-02
8.811374705938412877e-02
8.809524264117533920e-02
8.807674925087971562e-02
8.805826685955170374e-02
8.803979543834646038e-02
8.802133495851945100e-02
8.800288539142610278e-02
8.798444670852149929e-02
8.796601888135989478e-02
8.794760188159449210e-02
8.792919568097705418e-02
8.791080025135755704e-02
8.789241556468378735e-02
8.787404159300106488e-02
8.785567830845193715e-02
8.783732568327566603e-02
8.781898368980803338e-02
8.780065230048100799e-02
8.778233148782228767e-02
8.776402122445509102e-02
8.774572148309771336e-02
8.772743223656323530e-02
8.770915345775921745e-02
8.769088511968727018e-02
8.767262719544285932e-02
8.765437965821487598e-02
8.763614248128528961e-02
8.761791563802892591e-02
8.759969910191299503e-02
8.758149284649692501e-02
8.756329684543187608e-02
8.754511107246053248e-02
8.752693550141672774e-02
8.750877010622511165e-02
8.749061486090088657e-02
8.747246973954941884e-02
8.745433471636596123e-02
8.743620976563531988e-02
8.741809486173152122e-02
8.739998997911754830e-02
8.738189509234500774e-02
8.736381017605374111e-02
8.734573520497163068e-02
8.732767015391415533e-02
8.730961499778426560e-02
8.729156971157187028e-02
8.727353427035368372e-02
8.725550864929279560e-02
8.723749282363847668e-02
8.721948676872583184e-02
8.720149045997541148e-02
8.718350387289310055e-02
8.716552698306961888e-02
8.714755976618031308e-02
8.712960219798487893e-02
8.711165425432701448e-02
8.709371591113412858e-02
8.707578714441710499e-02
8.705786793026989989e-02
8.703995824486931987e-02
8.702205806447474434e-02
8.700416736542780638e-02
8.698628612415203187e-02
8.696841431715270077e-02
8.695055192101643071e-02
8.693269891241095504e-02
8.691485526808476192e-02
8.689702096486694172e-02
8.687919597966675678e-02
8.686138028947344714e-02
8.684357387135593909e-02
8.682577670246248436e-02
8.680798876002052133e-02
8.679021002133623097e-02
8.677244046379443965e-02
8.675468006485814731e-02
8.673692880206840261e-02
8.671918665304394203e-02
8.670145359548098174e-02
8.668372960715288456e-02
8.666601466590986846e-02
8.664830874967881236e-02
8.663061183646297847e-02
8.661292390434165156e-02
8.659524493146994462e-02
8.657757489607856294e-02
8.655991377647338780e-02
8.654226155103539320e-02
8.652461819822027111e-02
8.650698369655822340e-02
8.648935802465360090e-02
8.647174116118476472e-02
8.645413308490373927e-02
8.643653377463600407e-02
8.641894320928020234e-02
8.640136136780786347e-02
8.638378822926320866e-02
8.636622377276287343e-02
8.634866797749554679e-02
8.633112082272188792e-02
8.631358228777416541e-02
8.629605235205599356e-02
8.627853099504217971e-02
8.626101819627833567e-02
8.624351393538076671e-02
8.622601819203606910e-02
8.620853094600100519e-02
8.619105217710223976e-02
8.617358186523603469e-02
8.615611999036806856e-02
8.613866653253307581e-02
8.612122147183476351e-02
8.610378478844549210e-02
8.608635646260594243e-02
8.606893647462507402e-02
8.605152480487969491e-02
8.603412143381429511e-02
8.601672634194082456e-02
8.599933950983847109e-02
8.598196091815334119e-02
8.596459054759826579e-02
8.594722837895261980e-02
8.592987439306198905e-02
8.591252857083803152e-02
8.589519089325813039e-02
8.587786134136529692e-02
8.586053989626779570e-02
8.584322653913907530e-02
8.582592125121733806e-02
8.580862401380556781e-02
8.579133480827098868e-02
8.577405361604512057e-02
8.575678041862339063e-02
8.573951519756495276e-02
8.572225793449250730e-02
8.570500861109195401e-02
8.568776720911225331e-02
8.567053371036527365e-02
8.565330809672541679e-02
8.563609035012946513e-02
8.561888045257644297e-02
8.560167838612722790e-02
8.558448413290443979e-02
8.556729767509226037e-02
8.555011899493611405e-02
8.553294807474252914e-02
8.551578489687881868e-02
8.549862944377298324e-02
8.548148169791351669e-02
8.546434164184901761e-02
8.544720925818816148e-02
8.543008452959932608e-02
8.541296743881053588e-02
8.539585796860919842e-02
8.537875610184179898e-02
8.536166182141381731e-02
8.534457511028947785e-02
8.532749595149148603e-02
8.531042432810095888e-02
8.529336022325703648e-02
8.527630362015681253e-02
8.525925450205507072e-02
8.524221285226413203e-02
8.522517865415357718e-02
8.520815189115006627e-02
8.519113254673726932e-02
8.517412060445538058e-02
8.515711604790121569e-02
8.514011886072779534e-02
8.512312902664431746e-02
8.510614652941579650e-02
8.508917135286300781e-02
8.507220348086218242e-02
8.505524289734486820e-02
8.503828958629772172e-02
8.502134353176234172e-02
8.500440471783497765e-02
8.498747312866648806e-02
8.497054874846196593e-02
8.495363156148075245e-02
8.493672155203609020e-02
8.491981870449491487e-02
8.490292300327785535e-02
8.488603443285881733e-02
8.486915297776494171e-02
8.485227862257636866e-02
8.483541135192605720e-02
8.481855115049957705e-02
8.480169800303492822e-02
8.478485189432241609e-02
8.476801280920435999e-02
8.475118073257499607e-02
8.473435564938026909e-02
8.471753754461763819e-02
8.470072640333586866e-02
8.468392221063496261e-02
8.466712495166581198e-02
8.465033461163015693e-02
8.463355117578029441e-02
8.461677462941906425e-02
8.460000495789948838e-02
8.458324214662464591e-02
8.456648618104757598e-02
8.454973704667104184e-02
8.453299472904732270e-02
8.451625921377810269e-02
8.449953048651426268e-02
8.448280853295568604e-02
8.446609333885114757e-02
8.444938488999810533e-02
8.443268317224250641e-02
8.441598817147860645e-02
8.439929987364890029e-02
8.438261826474380278e-02
8.436594333080162100e-02
8.434927505790829061e-02
8.433261343219723705e-02
8.431595843984919514e-02
8.429931006709208419e-02
8.428266830020078593e-02
8.426603312549700575e-02
8.424940452934910617e-02
8.423278249817196806e-02
8.421616701842676855e-02
8.419955807662085623e-02
8.418295565930754287e-02
8.416635975308604800e-02
8.414977034460120742e-02
8.413318742054343158e-02
8.411661096764840029e-02
8.410004097269704881e-02
8.408347742251530421e-02
8.406692030397400206e-02
8.405036960398866441e-02
8.403382530951941654e-02
8.401728740757072322e-02
8.400075588519129166e-02
8.398423072947398815e-02
8.396771192755550506e-02
8.395119946661638854e-02
8.393469333388080267e-02
8.391819351661630733e-02
8.390170000213383050e-02
8.388521277778744623e-02
8.386873183097424966e-02
8.385225714913417672e-02
8.383578871974982361e-02
8.381932653034641911e-02
8.380287056849153315e-02
8.378642082179502126e-02
8.376997727790880255e-02
8.375353992452676255e-02
8.373710874938462834e-02
8.372068374025974646e-02
8.370426488497097195e-02
8.368785217137851562e-02
8.367144558738387472e-02
8.365504512092948597e-02
8.363865075999886434e-02
8.362226249261618671e-02
8.360588030684631966e-02
8.358950419079462513e-02
8.357313413260679391e-02
8.355677012046873464e-02
8.354041214260640724e-02
8.352406018728572579e-02
8.350771424281240585e-02
8.349137429753168693e-02
8.347504033982845739e-02
8.345871235812687972e-02
8.344239034089036278e-02
8.342607427662140918e-02
8.340976415386143483e-02
8.339345996119072735e-02
8.337716168722816845e-02
8.336086932063124788e-02
8.334458285009579970e-02
8.332830226435590515e-02
8.331202755218387879e-02
8.329575870238992152e-02
8.327949570382210676e-02
8.326323854536628322e-02
8.324698721594588069e-02
8.323074170452171572e-02
8.321450200009201936e-02
8.319826809169221515e-02
8.318203996839466929e-02
8.316581761930885719e-02
8.314960103358090548e-02
8.313339020039370308e-02
8.311718510896666523e-02
8.310098574855555309e-02
8.308479210845250151e-02
8.306860417798574148e-02
8.305242194651958620e-02
8.303624540345418137e-02
8.302007453822551897e-02
8.300390934030518753e-02
8.298774979920026107e-02
8.297159590445334076e-02
8.295544764564218021e-02
8.293930501237971320e-02
8.292316799431390106e-02
8.290703658112759389e-02
8.289091076253844725e-02
8.287479052829870019e-02
8.285867586819524455e-02
8.284256677204922259e-02
8.282646322971616570e-02
8.281036523108575853e-02
8.279427276608172792e-02
8.277818582466167641e-02
8.276210439681708220e-02
8.274602847257303551e-02
8.272995804198828018e-02
8.271389309515493615e-02
8.269783362219847167e-02
8.268177961327756453e-02
8.266573105858397719e-02
8.264968794834251509e-02
8.263365027281072139e-02
8.261761802227897411e-02
8.260159118707029180e-02
8.258556975754013929e-02
8.256955372407641380e-02
8.255354307709932005e-02
8.253753780706118981e-02
8.252153790444641257e-02
8.250554335977136611e-02
8.248955416358422221e-02
8.247357030646487730e-02
8.245759177902482751e-02
8.244161857190707154e-02
8.242565067578598581e-02
8.240968808136722723e-02
8.239373077938760837e-02
8.237777876061501414e-02
8.236183201584820757e-02
8.234589053591685748e-02
8.232995431168131650e-02
8.231402333403255167e-02
8.229809759389207502e-02
8.228217708221172155e-02
8.226626178997370475e-02
8.225035170819036678e-02
8.223444682790415072e-02
8.221854714018747567e-02
8.220265263614258411e-02
8.218676330690152798e-02
8.217087914362600221e-02
8.215500013750723363e-02
8.213912627976592551e-02
8.212325756165210489e-02
8.210739397444502541e-02
8.209153550945311184e-02
8.207568215801377964e-02
8.205983391149339334e-02
8.204399076128715551e-02
8.202815269881899574e-02
8.201231971554143185e-02
8.199649180293554218e-02
8.198066895251081287e-02
8.196485115580506853e-02
8.194903840438433340e-02
8.193323068984276203e-02
8.191742800380254208e-02
8.190163033791376945e-02
8.188583768385436501e-02
8.187005003333001907e-02
8.185426737807399711e-02
8.183848970984708426e-02
8.182271702043759920e-02
8.180694930166110268e-02
8.179118654536041144e-02
8.177542874340551493e-02
8.175967588769346428e-02
8.174392797014821965e-02
8.172818498272059473e-02
8.171244691738822896e-02
8.169671376615542102e-02
8.168098552105294841e-02
8.166526217413817845e-02
8.164954371749483242e-02
8.163383014323292997e-02
8.161812144348863651e-02
8.160241761042431874e-02
8.158671863622832254e-02
8.157102451311490365e-02
8.155533523332410273e-02
8.153965078912185638e-02
8.152397117279962246e-02
8.150829637667442173e-02
8.149262639308881007e-02
8.147696121441069805e-02
8.146130083303325387e-02
8.144564524137491712e-02
8.142999443187917685e-02
8.141434839701457149e-02
8.139870712927456398e-02
8.138307062117751400e-02
8.136743886526646985e-02
8.135181185410916838e-02
8.133618958029799340e-02
8.132057203644976751e-02
8.130495921520575209e-02
8.128935110923150853e-02
8.127374771121685659e-02
8.125814901387577727e-02
8.124255500994631563e-02
8.122696569219051144e-02
8.121138105339428814e-02
8.119580108636738347e-02
8.118022578394326616e-02
8.116465513897909434e-02
8.114908914435550735e-02
8.113352779297670903e-02
8.111797107777028726e-02
8.110241899168707524e-02
8.108687152770122086e-02
8.107132867880999239e-02
8.105579043803376460e-02
8.104025679841579677e-02
8.102472775302238528e-02
8.100920329494255834e-02
8.099368341728814535e-02
8.097816811319361041e-02
8.096265737581602451e-02
8.094715119833492678e-02
8.093164957395236614e-02
8.091615249589262371e-02
8.090065995740235161e-02
8.088517195175030927e-02
8.086968847222744672e-02
8.085420951214666863e-02
8.083873506484293148e-02
8.082326512367296600e-02
8.080779968201538821e-02
8.079233873327049120e-02
8.077688227086020356e-02
8.076143028822810321e-02
8.074598277883916764e-02
8.073053973617982937e-02
8.071510115375793437e-02
8.069966702510246448e-02
8.068423734376370393e-02
8.066881210331300345e-02
8.065339129734279411e-02
8.063797491946643470e-02
8.062256296331819783e-02
8.060715542255318666e-02
8.059175229084726555e-02
8.057635356189693510e-02
8.056095922941931831e-02
8.054556928715210506e-02
8.053018372885339948e-02
8.051480254830165051e-02
8.049942573929572132e-02
8.048405329565465338e-02
8.046868521121766649e-02
8.045332147984410320e-02
8.043796209541330400e-02
8.042260705182456559e-02
8.040725634299711322e-02
8.039190996286997570e-02
8.037656790540186058e-02
8.036123016457127899e-02
8.034589673437624036e-02
8.033056760883432179e-02
8.031524278198262645e-02
8.029992224787757538e-02
8.028460600059497687e-02
8.026929403422991549e-02
8.025398634289662714e-02
8.023868292072849906e-02
8.022338376187800046e-02
8.020808886051654374e-02
8.019279821083453996e-02
8.017751180704117686e-02
8.016222964336451595e-02
8.014695171405132601e-02
8.013167801336697205e-02
8.011640853559552633e-02
8.010114327503950471e-02
8.008588222601993600e-02
8.007062538287622322e-02
8.005537273996610192e-02
8.004012429166562637e-02
8.002488003236897518e-02
8.000963995648854854e-02
7.999440405845481550e-02
7.997917233271617521e-02
7.996394477373909571e-02
7.994872137600783635e-02
7.993350213402457272e-02
7.991828704230914682e-02
7.990307609539919198e-02
7.988786928784988306e-02
7.987266661423403358e-02
7.985746806914195695e-02
7.984227364718143871e-02
7.982708334297763941e-02
7.981189715117296968e-02
7.979671506642725676e-02
7.978153708341743922e-02
7.976636319683756693e-02
7.975119340139888435e-02
7.973602769182958072e-02
7.972086606287483168e-02
7.970570850929672990e-02
7.969055502587418793e-02
7.967540560740293820e-02
7.966026024869540811e-02
7.964511894458069230e-02
7.962998168990458037e-02
7.961484847952926547e-02
7.959971930833353859e-02
7.958459417121260815e-02
7.956947306307803058e-02
7.955435597885772425e-02
7.953924291349581677e-02
7.952413386195270051e-02
7.950902881920485221e-02
7.949392778024487460e-02
7.947883074008142701e-02
7.946373769373907270e-02
7.944864863625837603e-02
7.943356356269572205e-02
7.941848246812328871e-02
7.940340534762907465e-02
7.938833219631669103e-02
7.937326300930547252e-02
7.935819778173025529e-02
7.934313650874147417e-02
7.932807918550506543e-02
7.931302580720228645e-02
7.929797636902982672e-02
7.928293086619969676e-02
7.926788929393917271e-02
7.925285164749069911e-02
7.923781792211190278e-02
7.922278811307550961e-02
7.920776221566927511e-02
7.919274022519594280e-02
7.917772213697325812e-02
7.916270794633377406e-02
7.914769764862492063e-02
7.913269123920893544e-02
7.911768871346272491e-02
7.910269006677793369e-02
7.908769529456077807e-02
7.907270439223211544e-02
7.905771735522729160e-02
7.904273417899612686e-02
7.902775485900286057e-02
7.901277939072613721e-02
7.899780776965883988e-02
7.898283999130824296e-02
7.896787605119574838e-02
7.895291594485698283e-02
7.893795966784165896e-02
7.892300721571357536e-02
7.890805858405054718e-02
7.889311376844435064e-02
7.887817276450075077e-02
7.886323556783929323e-02
7.884830217409340147e-02
7.883337257891027960e-02
7.881844677795081522e-02
7.880352476688963492e-02
7.878860654141496556e-02
7.877369209722864807e-02
7.875878143004598486e-02
7.874387453559582306e-02
7.872897140962047124e-02
7.871407204787557454e-02
7.869917644613018404e-02
7.868428460016659021e-02
7.866939650578036458e-02
7.865451215878030422e-02
7.863963155498834845e-02
7.862475469023952335e-02
7.860988156038196950e-02
7.859501216127684486e-02
7.858014648879821373e-02
7.856528453883313001e-02
7.855042630728154007e-02
7.853557179005622724e-02
7.852072098308270076e-02
7.850587388229932073e-02
7.849103048365706214e-02
7.847619078311962593e-02
7.846135477666325853e-02
7.844652246027686293e-02
7.843169382996180439e-02
7.841686888173192427e-02
7.840204761161356783e-02
7.838723001564538995e-02
7.837241608987843833e-02
7.835760583037611193e-02
7.834279923321398054e-02
7.832799629447990963e-02
7.831319701027389391e-02
7.829840137670809885e-02
7.828360938990677753e-02
7.826882104600618728e-02
7.825403634115467300e-02
7.823925527151247283e-02
7.822447783325175985e-02
7.820970402255664200e-02
7.819493383562299560e-02
7.818016726865856247e-02
7.816540431788274179e-02
7.815064497952677047e-02
7.813588924983347339e-02
7.812113712505734664e-02
7.810638860146446039e-02
7.809164367533243112e-02
7.807690234295039389e-02
7.806216460061896067e-02
7.804743044465016488e-02
7.803269987136744745e-02
7.801797287710554585e-02
7.800324945821057732e-02
7.798852961103988624e-02
7.797381333196204412e-02
7.795910061735683572e-02
7.794439146361518966e-02
7.792968586713910906e-02
7.791498382434174086e-02
7.790028533164722324e-02
7.788559038549068558e-02
7.787089898231820684e-02
7.785621111858682941e-02
7.784152679076444814e-02
7.782684599532976866e-02
7.781216872877236290e-02
7.779749498759250259e-02
7.778282476830122860e-02
7.776815806742026771e-02
7.775349488148199095e-02
7.773883520702939975e-02
7.772417904061601490e-02
7.770952637880600145e-02
7.769487721817391890e-02
7.768023155530487389e-02
7.766558938679436752e-02
7.765095070924829534e-02
7.763631551928289187e-02
7.762168381352475832e-02
7.760705558861073772e-02
7.759243084118795653e-02
7.757780956791371363e-02
7.756319176545550809e-02
7.754857743049099750e-02
7.753396655970790086e-02
7.751935914980401243e-02
7.750475519748718789e-02
7.749015469947527490e-02
7.747555765249605764e-02
7.746096405328731227e-02
7.744637389859662657e-02
7.743178718518149706e-02
7.741720390980919020e-02
7.740262406925688121e-02
7.738804766031136262e-02
7.737347467976926629e-02
7.735890512443679978e-02
7.734433899112989896e-02
7.732977627667407539e-02
7.731521697790448566e-02
7.730066109166579269e-02
7.728610861481213790e-02
7.727155954420725226e-02
7.725701387672423426e-02
7.724247160924563316e-02
7.722793273866337960e-02
7.721339726187871622e-02
7.719886517580228091e-02
7.718433647735394032e-02
7.716981116346285918e-02
7.715528923106737547e-02
7.714077067711504199e-02
7.712625549856255702e-02
7.711174369237576431e-02
7.709723525552956980e-02
7.708273018500799711e-02
7.706822847780402108e-02
7.705373013091969259e-02
7.703923514136594430e-02
7.702474350616271559e-02
7.701025522233879983e-02
7.699577028693191383e-02
7.698128869698855903e-02
7.696681044956409090e-02
7.695233554172259405e-02
7.693786397053697934e-02
7.692339573308878964e-02
7.690893082646829693e-02
7.689446924777443293e-02
7.688001099411474748e-02
7.686555606260539464e-02
7.685110445037103555e-02
7.683665615454496334e-02
7.682221117226893659e-02
7.680776950069312381e-02
7.679333113697627000e-02
7.677889607828543295e-02
7.676446432179606649e-02
7.675003586469200667e-02
7.673561070416544394e-02
7.672118883741682605e-02
7.670677026165487189e-02
7.669235497409657154e-02
7.667794297196707520e-02
7.666353425249977649e-02
7.664912881293617364e-02
7.663472665052592503e-02
7.662032776252677979e-02
7.660593214620453617e-02
7.659153979883306929e-02
7.657715071769419235e-02
7.656276490007779545e-02
7.654838234328169289e-02
7.653400304461159542e-02
7.651962700138113804e-02
7.650525421091183831e-02
7.649088467053305473e-02
7.647651837758194515e-02
7.646215532940346671e-02
7.644779552335036199e-02
7.643343895678310351e-02
7.641908562706981045e-02
7.640473553158637354e-02
7.639038866771628855e-02
7.637604503285071178e-02
7.636170462438836293e-02
7.634736743973553896e-02
7.633303347630612801e-02
7.631870273152152606e-02
7.630437520281053987e-02
7.629005088760958120e-02
7.627572978336243092e-02
7.626141188752028066e-02
7.624709719754174664e-02
7.623278571089275868e-02
7.621847742504667123e-02
7.620417233748405517e-02
7.618987044569282274e-02
7.617557174716817203e-02
7.616127623941248981e-02
7.614698391993539317e-02
7.613269478625367404e-02
7.611840883589131301e-02
7.610412606637939614e-02
7.608984647525617040e-02
7.607557006006689104e-02
7.606129681836394651e-02
7.604702674770671966e-02
7.603275984566162937e-02
7.601849610980208893e-02
7.600423553770843665e-02
7.598997812696799137e-02
7.597572387517494141e-02
7.596147277993041402e-02
7.594722483884236430e-02
7.593298004952564462e-02
7.591873840960185194e-02
7.590449991669942498e-02
7.589026456845357482e-02
7.587603236250621552e-02
7.586180329650606124e-02
7.584757736810844586e-02
7.583335457497542009e-02
7.581913491477569600e-02
7.580491838518457759e-02
7.579070498388404409e-02
7.577649470856258340e-02
7.576228755691527539e-02
7.574808352664375022e-02
7.573388261545614675e-02
7.571968482106707088e-02
7.570549014119760944e-02
7.569129857357534408e-02
7.567711011593422632e-02
7.566292476601457762e-02
7.564874252156320034e-02
7.563456338033316961e-02
7.562038734008394436e-02
7.560621439858125625e-02
7.559204455359715136e-02
7.557787780290994850e-02
7.556371414430419764e-02
7.554955357557066598e-02
7.553539609450639347e-02
7.552124169891448469e-02
7.550709038660430306e-02
7.549294215539129049e-02
7.547879700309703677e-02
7.546465492754922399e-02
7.545051592658162665e-02
7.543637999803401439e-02
7.542224713975223538e-02
7.540811734958811907e-02
7.539399062539954566e-02
7.537986696505027950e-02
7.536574636641013569e-02
7.535162882735471634e-02
7.533751434576564654e-02
7.532340291953039391e-02
7.530929454654235189e-02
7.529518922470063158e-02
7.528108695191025601e-02
7.526698772608206300e-02
7.525289154513263579e-02
7.523879840698437238e-02
7.522470830956531906e-02
7.521062125080932304e-02
7.519653722865594914e-02
7.518245624105036884e-02
7.516837828594348514e-02
7.515430336129182154e-02
7.514023146505750816e-02
7.512616259520830952e-02
7.511209674971758288e-02
7.509803392656420884e-02
7.508397412373263302e-02
7.506991733921286603e-02
7.505586357100034467e-02
7.504181281709607076e-02
7.502776507550647234e-02
7.501372034424347301e-02
7.499967862132436713e-02
7.498563990477187524e-02
7.497160419261417186e-02
7.495757148288474669e-02
7.494354177362243241e-02
7.492951506287146013e-02
7.491549134868130677e-02
7.490147062910683384e-02
7.488745290220812090e-02
7.487343816605050717e-02
7.485942641870461933e-02
7.484541765824627435e-02
7.483141188275653499e-02
7.481740909032161269e-02
7.480340927903292303e-02
7.478941244698698865e-02
7.477541859228553633e-02
7.476142771303538603e-02
7.474743980734839532e-02
7.473345487334161208e-02
7.471947290913705242e-02
7.470549391286185337e-02
7.469151788264813407e-02
7.467754481663302357e-02
7.466357471295871628e-02
7.464960756977227774e-02
7.463564338522579722e-02
7.462168215747633226e-02
7.460772388468579763e-02
7.459376856502102082e-02
7.457981619665378370e-02
7.456586677776071148e-02
7.455192030652325885e-02
7.453797678112775160e-02
7.452403619976534499e-02
7.451009856063198211e-02
7.449616386192835227e-02
7.448223210186002974e-02
7.446830327863726562e-02
7.445437739047504333e-02
7.444045443559310637e-02
7.442653441221587507e-02
7.441261731857251593e-02
7.439870315289681679e-02
7.438479191342720065e-02
7.437088359840683671e-02
7.435697820608339059e-02
7.434307573470923247e-02
7.432917618254129832e-02
7.431527954784107604e-02
7.430138582887464704e-02
7.428749502391263082e-02
7.427360713123018487e-02
7.425972214910692148e-02
7.424584007582706036e-02
7.423196090967923433e-02
7.421808464895653101e-02
7.420421129195650667e-02
7.419034083698117232e-02
7.417647328233695214e-02
7.416260862633468343e-02
7.414874686728951947e-02
7.413488800352115160e-02
7.412103203335344836e-02
7.410717895511473308e-02
7.409332876713763116e-02
7.407948146775907017e-02
7.406563705532029362e-02
7.405179552816681943e-02
7.403795688464846758e-02
7.402412112311923531e-02
7.401028824193746358e-02
7.399645823946562895e-02
7.398263111407045456e-02
7.396880686412288242e-02
7.395498548799800398e-02
7.394116698407507404e-02
7.392735135073753849e-02
7.391353858637293717e-02
7.389972868937295936e-02
7.388592165813337442e-02
7.387211749105411507e-02
7.385831618653912467e-02
7.384451774299642668e-02
7.383072215883812461e-02
7.381692943248033267e-02
7.380313956234321737e-02
7.378935254685090039e-02
7.377556838443159737e-02
7.376178707351742359e-02
7.374800861254446338e-02
7.373423299995279789e-02
7.372046023418644956e-02
7.370669031369335433e-02
7.369292323692532010e-02
7.367915900233813764e-02
7.366539760839144191e-02
7.365163905354871199e-02
7.363788333627735438e-02
7.362413045504855036e-02
7.361038040833738083e-02
7.359663319462267372e-02
7.358288881238715662e-02
7.356914726011729022e-02
7.355540853630329612e-02
7.354167263943924004e-02
7.352793956802283759e-02
7.351420932055566237e-02
7.350048189554292399e-02
7.348675729149359293e-02
7.347303550692033114e-02
7.345931654033949210e-02
7.344560039027109299e-02
7.343188705523885640e-02
7.341817653377009922e-02
7.340446882439581600e-02
7.339076392565060947e-02
7.337706183607271837e-02
7.336336255420397578e-02
7.334966607858979526e-02
7.333597240777912918e-02
7.332228154032456591e-02
7.330859347478223265e-02
7.329490820971172604e-02
7.328122574367626485e-02
7.326754607524252338e-02
7.325386920298067317e-02
7.324019512546442456e-02
7.322652384127092962e-02
7.321285534898083758e-02
7.319918964717819776e-02
7.318552673445054280e-02
7.317186660938886089e-02
7.315820927058747092e-02
7.314455471664421671e-02
7.313090294616023113e-02
7.311725395774008873e-02
7.310360774999173639e-02
7.308996432152646550e-02
7.307632367095889814e-02
7.306268579690702869e-02
7.304905069799216832e-02
7.303541837283891724e-02
7.302178882007520633e-02
7.300816203833226936e-02
7.299453802624455978e-02
7.298091678244986169e-02
7.296729830558917884e-02
7.295368259430680402e-02
7.294006964725023578e-02
7.292645946307015070e-02
7.291285204042052825e-02
7.289924737795848431e-02
7.288564547434435437e-02
7.287204632824163808e-02
7.285844993831704086e-02
7.284485630324034899e-02
7.283126542168455453e-02
7.281767729232577202e-02
7.280409191384325240e-02
7.279050928491934136e-02
7.277692940423949319e-02
7.276335227049227083e-02
7.274977788236926257e-02
7.273620623856523471e-02
7.272263733777789563e-02
7.270907117870806236e-02
7.269550776005963277e-02
7.268194708053943298e-02
7.266838913885741158e-02
7.265483393372643151e-02
7.264128146386242268e-02
7.262773172798428489e-02
7.261418472481387387e-02
7.260064045307605685e-02
7.258709891149860149e-02
7.257356009881224534e-02
7.256002401375069577e-02
7.254649065505051897e-02
7.253296002145126486e-02
7.251943211169536996e-02
7.250590692452811570e-02
7.249238445869775338e-02
7.247886471295535149e-02
7.246534768605487897e-02
7.245183337675310808e-02
7.243832178380973930e-02
7.242481290598722088e-02
7.241130674205090156e-02
7.239780329076891952e-02
7.238430255091223009e-02
7.237080452125452257e-02
7.235730920057238669e-02
7.234381658764511835e-02
7.233032668125478903e-02
7.231683948018625963e-02
7.230335498322709720e-02
7.228987318916763050e-02
7.227639409680092220e-02
7.226291770492278277e-02
7.224944401233170110e-02
7.223597301782884450e-02
7.222250472021814194e-02
7.220903911830617306e-02
7.219557621090216815e-02
7.218211599681807755e-02
7.216865847486847452e-02
7.215520364387056906e-02
7.214175150264424963e-02
7.212830205001198591e-02
7.211485528479893992e-02
7.210141120583277163e-02
7.208796981194387499e-02
7.207453110196514190e-02
7.206109507473211495e-02
7.204766172908284860e-02
7.203423106385800634e-02
7.202080307790080516e-02
7.200737777005701556e-02
7.199395513917494771e-02
7.198053518410539586e-02
7.196711790370177719e-02
7.195370329681995136e-02
7.194029136231826216e-02
7.192688209905763463e-02
7.191347550590140858e-02
7.190007158171546342e-02
7.188667032536809331e-02
7.187327173573011818e-02
7.185987581167473104e-02
7.184648255207765066e-02
7.183309195581699669e-02
7.181970402177333124e-02
7.180631874882963117e-02
7.179293613587128808e-02
7.177955618178609443e-02
7.176617888546425739e-02
7.175280424579834337e-02
7.173943226168334741e-02
7.172606293201656824e-02
7.171269625569770545e-02
7.169933223162885949e-02
7.168597085871439289e-02
7.167261213586108293e-02
7.165925606197796893e-02
7.164590263597649111e-02
7.163255185677036563e-02
7.161920372327561235e-02
7.160585823441052711e-02
7.159251538909577883e-02
7.157917518625425690e-02
7.156583762481111277e-02
7.155250270369382937e-02
7.153917042183211006e-02
7.152584077815794805e-02
7.151251377160550149e-02
7.149918940111125998e-02
7.148586766561389194e-02
7.147254856405430012e-02
7.145923209537560772e-02
7.144591825852315836e-02
7.143260705244443287e-02
7.141929847608921578e-02
7.140599252840934552e-02
7.139268920835897814e-02
7.137938851489430969e-02
7.136609044697377058e-02
7.135279500355795612e-02
7.133950218360955720e-02
7.132621198609348512e-02
7.131292440997669124e-02
7.129963945422829186e-02
7.128635711781959594e-02
7.127307739972386924e-02
7.125980029891662570e-02
7.124652581437541932e-02
7.123325394507989961e-02
7.121998469001174226e-02
7.120671804815484340e-02
7.119345401849501431e-02
7.118019260002020343e-02
7.116693379172041312e-02
7.115367759258768576e-02
7.114042400161610380e-02
7.112717301780176193e-02
7.111392464014285042e-02
7.110067886763948852e-02
7.108743569929386330e-02
7.107419513411018797e-02
7.106095717109460475e-02
7.104772180925532366e-02
7.103448904760249760e-02
7.102125888514825014e-02
7.100803132090671710e-02
7.099480635389400496e-02
7.098158398312809370e-02
7.096836420762904496e-02
7.095514702641871063e-02
7.094193243852105202e-02
7.092872044296186229e-02
7.091551103876884976e-02
7.090230422497169338e-02
7.088910000060198724e-02
7.087589836469318505e-02
7.086269931628065566e-02
7.084950285440168305e-02
7.083630897809542470e-02
7.082311768640289773e-02
7.080992897836706212e-02
7.079674285303268200e-02
7.078355930944642271e-02
7.077037834665672600e-02
7.075719996371400422e-02
7.074402415967043223e-02
7.073085093358004449e-02
7.071768028449866572e-02
7.070451221148402188e-02
7.069134671359561528e-02
7.067818378989472461e-02
7.066502343944452980e-02
7.065186566130988999e-02
7.063871045455756559e-02
7.062555781825602397e-02
7.061240775147557824e-02
7.059926025328827626e-02
7.058611532276796996e-02
7.057297295899019052e-02
7.055983316103235647e-02
7.054669592797353783e-02
7.053356125889458095e-02
7.052042915287806690e-02
7.050729960900833926e-02
7.049417262637142079e-02
7.048104820405511062e-02
7.046792634114888709e-02
7.045480703674393552e-02
7.044169028993316206e-02
7.042857609981119371e-02
7.041546446547430893e-02
7.040235538602047927e-02
7.038924886054936936e-02
7.037614488816235081e-02
7.036304346796239118e-02
7.034994459905420661e-02
7.033684828054412308e-02
7.032375451154013191e-02
7.031066329115186198e-02
7.029757461849059363e-02
7.028448849266927256e-02
7.027140491280237100e-02
7.025832387800616530e-02
7.024524538739837509e-02
7.023216944009844087e-02
7.021909603522738519e-02
7.020602517190782654e-02
7.019295684926400714e-02
7.017989106642172348e-02
7.016682782250835415e-02
7.015376711665292919e-02
7.014070894798601907e-02
7.012765331563972082e-02
7.011460021874775517e-02
7.010154965644542491e-02
7.008850162786947613e-02
7.007545613215834801e-02
7.006241316845193690e-02
7.004937273589166569e-02
7.003633483362060874e-02
7.002329946078320044e-02
7.001026661652558214e-02
6.999723629999525520e-02
6.998420851034131696e-02
6.997118324671437739e-02
6.995816050826653143e-02
6.994514029415137280e-02
6.993212260352399401e-02
6.991910743554098639e-02
6.990609478936041232e-02
6.989308466414181908e-02
6.988007705904625277e-02
6.986707197323614726e-02
6.985406940587553237e-02
6.984106935612975631e-02
6.982807182316574934e-02
6.981507680615180178e-02
6.980208430425768884e-02
6.978909431665461516e-02
6.977610684251520090e-02
6.976312188101356504e-02
6.975013943132520045e-02
6.973715949262698777e-02
6.972418206409729258e-02
6.971120714491589598e-02
6.969823473426391136e-02
6.968526483132390925e-02
6.967229743527982022e-02
6.965933254531704588e-02
6.964637016062230623e-02
6.963341028038369518e-02
6.962045290379074991e-02
6.960749803003432601e-02
6.959454565830665296e-02
6.958159578780140353e-02
6.956864841771345787e-02
6.955570354723922266e-02
6.954276117557632586e-02
6.952982130192381094e-02
6.951688392548205364e-02
6.950394904545276198e-02
6.949101666103894848e-02
6.947808677144501344e-02
6.946515937587663392e-02
6.945223447354084700e-02
6.943931206364596653e-02
6.942639214540162473e-02
6.941347471801878610e-02
6.940055978070967801e-02
6.938764733268790175e-02
6.937473737316823819e-02
6.936182990136689763e-02
6.934892491650124224e-02
6.933602241778996644e-02
6.932312240445311080e-02
6.931022487571188162e-02
6.929732983078881747e-02
6.928443726890767818e-02
6.927154718929352806e-02
6.925865959117266657e-02
6.924577447377264217e-02
6.923289183632228005e-02
6.922001167805158506e-02
6.920713399819186651e-02
6.919425879597562723e-02
6.918138607063661905e-02
6.916851582140984278e-02
6.915564804753147887e-02
6.914278274823892900e-02
6.912991992277085773e-02
6.911705957036710923e-02
6.910420169026870729e-02
6.909134628171792469e-02
6.907849334395821383e-02
6.906564287623420673e-02
6.905279487779177050e-02
6.903994934787793802e-02
6.902710628574086626e-02
6.901426569063000283e-02
6.900142756179586390e-02
6.898859189849021467e-02
6.897575869996594444e-02
6.896292796547710824e-02
6.895009969427898233e-02
6.893727388562788383e-02
6.892445053878137884e-02
6.891162965299815757e-02
6.889881122753803433e-02
6.888599526166197529e-02
6.887318175463208458e-02
6.886037070571161822e-02
6.884756211416491467e-02
6.883475597925747813e-02
6.882195230025592303e-02
6.880915107642800177e-02
6.879635230704252147e-02
6.878355599136951049e-02
6.877076212867996863e-02
6.875797071824610307e-02
6.874518175934116182e-02
6.873239525123951699e-02
6.871961119321662315e-02
6.870682958454904510e-02
6.869405042451441623e-02
6.868127371239145240e-02
6.866849944745991030e-02
6.865572762900072623e-02
6.864295825629580794e-02
6.863019132862813176e-02
6.861742684528183978e-02
6.860466480554201774e-02
6.859190520869486163e-02
6.857914805402762215e-02
6.856639334082860471e-02
6.855364106838714167e-02
6.854089123599364786e-02
6.852814384293949568e-02
6.851539888851719551e-02
6.850265637202022917e-02
6.848991629274313320e-02
6.847717864998142945e-02
6.846444344303172225e-02
6.845171067119161512e-02
6.843898033375971079e-02
6.842625243003562507e-02
6.841352695932001460e-02
6.840080392091450745e-02
6.838808331412175867e-02
6.837536513824539475e-02
6.836264939259008300e-02
6.834993607646146219e-02
6.833722518916615640e-02
6.832451673001174730e-02
6.831181069830685737e-02
6.829910709336108054e-02
6.828640591448495445e-02
6.827370716098998815e-02
6.826101083218871768e-02
6.824831692739460887e-02
6.823562544592207124e-02
6.822293638708651353e-02
6.821024975020428815e-02
6.819756553459270509e-02
6.818488373957003190e-02
6.817220436445545206e-02
6.815952740856914827e-02
6.814685287123220525e-02
6.813418075176666533e-02
6.812151104949550062e-02
6.810884376374262694e-02
6.809617889383288991e-02
6.808351643909202333e-02
6.807085639884676020e-02
6.805819877242466620e-02
6.804554355915433395e-02
6.803289075836516098e-02
6.802024036938753015e-02
6.800759239155271252e-02
6.799494682419286729e-02
6.798230366664108348e-02
6.796966291823136608e-02
6.795702457829855270e-02
6.794438864617843854e-02
6.793175512120770698e-02
6.791912400272390182e-02
6.790649529006542728e-02
6.789386898257170067e-02
6.788124507958283316e-02
6.786862358043996291e-02
6.785600448448500521e-02
6.784338779106084683e-02
6.783077349951116553e-02
6.781816160918051339e-02
6.780555211941434457e-02
6.779294502955893198e-02
6.778034033896142285e-02
6.776773804696986647e-02
6.775513815293306152e-02
6.774254065620075038e-02
6.772994555612348033e-02
6.771735285205265908e-02
6.770476254334052701e-02
6.769217462934014329e-02
6.767958910940542749e-02
6.766700598289117352e-02
6.765442524915289690e-02
6.764184690754705687e-02
6.762927095743088979e-02
6.761669739816240920e-02
6.760412622910051683e-02
6.759155744960493317e-02
6.757899105903614201e-02
6.756642705675545979e-02
6.755386544212504951e-02
6.754130621450780969e-02
6.752874937326751315e-02
6.751619491776870985e-02
6.750364284737672693e-02
6.749109316145772419e-02
6.747854585937863858e-02
6.746600094050717034e-02
6.745345840421186623e-02
6.744091824986202244e-02
6.742838047682774005e-02
6.741584508447985569e-02
6.740331207219005250e-02
6.739078143933076304e-02
6.737825318527515539e-02
6.736572730939723030e-02
6.735320381107171017e-02
6.734068268967410842e-02
6.732816394458070175e-02
6.731564757516853015e-02
6.730313358081536912e-02
6.729062196089978520e-02
6.727811271480108046e-02
6.726560584189933412e-02
6.725310134157531927e-02
6.724059921321060007e-02
6.722809945618749006e-02
6.721560206988902442e-02
6.720310705369898774e-02
6.719061440700190013e-02
6.717812412918303111e-02
6.716563621962835795e-02
6.715315067772459345e-02
6.714066750285919982e-02
6.712818669442036090e-02
6.711570825179698219e-02
6.710323217437864918e-02
6.709075846155576617e-02
6.707828711271933420e-02
6.706581812726114533e-02
6.705335150457369942e-02
6.704088724405014854e-02
6.702842534508447747e-02
6.701596580707122608e-02
6.700350862940575303e-02
6.699105381148405536e-02
6.697860135270282400e-02
6.696615125245949929e-02
6.695370351015222932e-02
6.694125812517971730e-02
6.692881509694154074e-02
6.691637442483783227e-02
6.690393610826946003e-02
6.689150014663798605e-02
6.687906653934563850e-02
6.686663528579531168e-02
6.685420638539060767e-02
6.684177983753578078e-02
6.682935564163577924e-02
6.681693379709621738e-02
6.680451430332332019e-02
6.679209715972408978e-02
6.677968236570609728e-02
6.676726992067762156e-02
6.675485982404760765e-02
6.674245207522562506e-02
6.673004667362193720e-02
6.671764361864739035e-02
6.670524290971363568e-02
6.669284454623279623e-02
6.668044852761774444e-02
6.666805485328200498e-02
6.665566352263965766e-02
6.664327453510557331e-02
6.663088789009508073e-02
6.661850358702429975e-02
6.660612162530993308e-02
6.659374200436926627e-02
6.658136472362032043e-02
6.656898978248164400e-02
6.655661718037249319e-02
6.654424691671267933e-02
6.653187899092273538e-02
6.651951340242372168e-02
6.650715015063733693e-02
6.649478923498594596e-02
6.648243065489248260e-02
6.647007440978050519e-02
6.645772049907423817e-02
6.644536892219846114e-02
6.643301967857852264e-02
6.642067276764046513e-02
6.640832818881090005e-02
6.639598594151704947e-02
6.638364602518670443e-02
6.637130843924830825e-02
6.635897318313084547e-02
6.634664025626395290e-02
6.633430965807783630e-02
6.632198138800327047e-02
6.630965544547165469e-02
6.629733182991494334e-02
6.628501054076572918e-02
6.627269157745711847e-02
6.626037493942291134e-02
6.624806062609733814e-02
6.623574863691532311e-02
6.622343897131235946e-02
6.621113162872444002e-02
6.619882660858822376e-02
6.618652391034089699e-02
6.617422353342020114e-02
6.616192547726447437e-02
6.614962974131262385e-02
6.613733632500407023e-02
6.612504522777891414e-02
6.611275644907767257e-02
6.610046998834152865e-02
6.608818584501220672e-02
6.607590401853190298e-02
6.606362450834352140e-02
6.605134731389035452e-02
6.603907243461637488e-02
6.602679986996606853e-02
6.601452961938440722e-02
6.600226168231697332e-02
6.598999605820990433e-02
6.597773274650982345e-02
6.596547174666397839e-02
6.595321305812006096e-02
6.594095668032634583e-02
6.592870261273166277e-02
6.591645085478536892e-02
6.590420140593733489e-02
6.589195426563795865e-02
6.587970943333820717e-02
6.586746690848950536e-02
6.585522669054391653e-02
6.584298877895393420e-02
6.583075317317257924e-02
6.581851987265346926e-02
6.580628887685066597e-02
6.579406018521875843e-02
6.578183379721291857e-02
6.576960971228876240e-02
6.575738792990244719e-02
6.574516844951062977e-02
6.573295127057049436e-02
6.572073639253975252e-02
6.570852381487660154e-02
6.569631353703971055e-02
6.568410555848830379e-02
6.567189987868209122e-02
6.565969649708131017e-02
6.564749541314662817e-02
6.563529662633930950e-02
6.562310013612103476e-02
6.561090594195399806e-02
6.559871404330094857e-02
6.558652443962502410e-02
6.557433713038993139e-02
6.556215211505986296e-02
6.554996939309945536e-02
6.553778896397388642e-02
6.552561082714875029e-02
6.551343498209022398e-02
6.550126142826484532e-02
6.548909016513974890e-02
6.547692119218247175e-02
6.546475450886105052e-02
6.545259011464402144e-02
6.544042800900039258e-02
6.542826819139957450e-02
6.541611066131157448e-02
6.540395541820673286e-02
6.539180246155598675e-02
6.537965179083066181e-02
6.536750340550258331e-02
6.535535730504406227e-02
6.534321348892775660e-02
6.533107195662696265e-02
6.531893270761529591e-02
6.530679574136694088e-02
6.529466105735642900e-02
6.528252865505883296e-02
6.527039853394965563e-02
6.525827069350484400e-02
6.524614513320081688e-02
6.523402185251443719e-02
6.522190085092301193e-02
6.520978212790427830e-02
6.519766568293651476e-02
6.518555151549829119e-02
6.517343962506877419e-02
6.516133001112746348e-02
6.514922267315438609e-02
6.513711761062994376e-02
6.512501482303501010e-02
6.511291430985088891e-02
6.510081607055935582e-02
6.508872010464254731e-02
6.507662641158308559e-02
6.506453499086403691e-02
6.505244584196889779e-02
6.504035896438153941e-02
6.502827435758634644e-02
6.501619202106806439e-02
6.500411195431186895e-02
6.499203415680342155e-02
6.497995862802877221e-02
6.496788536747437337e-02
6.495581437462713548e-02
6.494374564897432978e-02
6.493167919000374100e-02
6.491961499720351469e-02
6.490755307006219887e-02
6.489549340806879951e-02
6.488343601071271116e-02
6.487138087748375859e-02
6.485932800787215513e-02
6.484727740136853047e-02
6.483522905746394449e-02
6.482318297564987342e-02
6.481113915541816817e-02
6.479909759626109600e-02
6.478705829767132662e-02
6.477502125914195996e-02
6.476298648016647064e-02
6.475095396023873573e-02
6.473892369885306253e-02
6.472689569550411914e-02
6.471486994968700390e-02
6.470284646089717595e-02
6.469082522863053852e-02
6.467880625238334180e-02
6.466678953165226618e-02
6.465477506593438062e-02
6.464276285472710104e-02
6.463075289752827357e-02
6.461874519383617455e-02
6.460673974314935786e-02
6.459473654496686312e-02
6.458273559878807690e-02
6.457073690411277433e-02
6.455874046044111914e-02
6.454674626727360809e-02
6.453475432411122370e-02
6.452276463045523991e-02
6.451077718580733311e-02
6.449879198966956828e-02
6.448680904154441285e-02
6.447482834093463955e-02
6.446284988734343746e-02
6.445087368027439811e-02
6.443889971923141835e-02
6.442692800371885298e-02
6.441495853324132048e-02
6.440299130730389732e-02
6.439102632541202076e-02
6.437906358707144727e-02
6.436710309178832190e-02
6.435514483906915051e-02
6.434318882842084142e-02
6.433123505935063602e-02
6.431928353136609489e-02
6.430733424397525044e-02
6.429538719668637103e-02
6.428344238900815522e-02
6.427149982044967624e-02
6.425955949052029881e-02
6.424762139872979005e-02
6.423568554458825020e-02
6.422375192760619578e-02
6.421182054729437927e-02
6.419989140316401111e-02
6.418796449472662091e-02
6.417603982149404362e-02
6.416411738297853051e-02
6.415219717869265204e-02
6.414027920814933947e-02
6.412836347086180167e-02
6.411644996634370541e-02
6.410453869410895344e-02
6.409262965367187870e-02
6.408072284454713330e-02
6.406881826624967469e-02
6.405691591829480724e-02
6.404501580019819618e-02
6.403311791147589527e-02
6.402122225164419422e-02
6.400932882021977133e-02
6.399743761671963793e-02
6.398554864066115233e-02
6.397366189156196425e-02
6.396177736894009813e-02
6.394989507231393921e-02
6.393801500120212256e-02
6.392613715512360240e-02
6.391426153359781870e-02
6.390238813614437796e-02
6.389051696228327526e-02
6.387864801153479710e-02
6.386678128341963245e-02
6.385491677745876171e-02
6.384305449317344283e-02
6.383119443008528071e-02
6.381933658771621332e-02
6.380748096558853943e-02
6.379562756322479378e-02
6.378377638014788575e-02
6.377192741588107172e-02
6.376008066994780232e-02
6.374823614187200005e-02
6.373639383117780943e-02
6.372455373738969420e-02
6.371271586003250664e-02
6.370088019863129336e-02
6.368904675271148952e-02
6.367721552179884947e-02
6.366538650541940514e-02
6.365355970309952149e-02
6.364173511436584108e-02
6.362991273874536724e-02
6.361809257576535315e-02
6.360627462495341278e-02
6.359445888583739603e-02
6.358264535794554140e-02
6.357083404080630940e-02
6.355902493394853525e-02
6.354721803690131787e-02
6.353541334919408923e-02
6.352361087035651721e-02
6.351181059991861666e-02
6.350001253741072160e-02
6.348821668236344362e-02
6.347642303430765798e-02
6.346463159277457300e-02
6.345284235729570232e-02
6.344105532740285103e-02
6.342927050262806010e-02
6.341748788250375912e-02
6.340570746656257195e-02
6.339392925433749715e-02
6.338215324536181083e-02
6.337037943916902505e-02
6.335860783529298490e-02
6.334683843326784081e-02
6.333507123262796523e-02
6.332330623290811922e-02
6.331154343364324422e-02
6.329978283436860087e-02
6.328802443461981064e-02
6.327626823393268929e-02
6.326451423184334399e-02
6.325276242788821501e-02
6.324101282160397852e-02
6.322926541252758825e-02
6.321752020019637264e-02
6.320577718414779889e-02
6.319403636391968115e-02
6.318229773905016666e-02
6.317056130907755529e-02
6.315882707354054937e-02
6.314709503197805940e-02
6.313536518392927344e-02
6.312363752893369873e-02
6.311191206653102292e-02
6.310018879626130839e-02
6.308846771766483952e-02
6.307674883028219215e-02
6.306503213365419191e-02
6.305331762732195588e-02
6.304160531082686481e-02
6.302989518371054922e-02
6.301818724551490336e-02
6.300648149578216839e-02
6.299477793405475201e-02
6.298307655987536724e-02
6.297137737278704628e-02
6.295968037233296011e-02
6.294798555805668216e-02
6.293629292950193854e-02
6.292460248621280228e-02
6.291291422773358233e-02
6.290122815360876807e-02
6.288954426338327908e-02
6.287786255660211820e-02
6.286618303281066300e-02
6.285450569155451306e-02
6.284283053237950389e-02
6.283115755483177634e-02
6.281948675845770713e-02
6.280781814280388120e-02
6.279615170741724428e-02
6.278448745184486701e-02
6.277282537563420861e-02
6.276116547833286707e-02
6.274950775948877346e-02
6.273785221865006700e-02
6.272619885536515061e-02
6.271454766918267698e-02
6.270289865965153475e-02
6.269125182632091786e-02
6.267960716874020066e-02
6.266796468645903506e-02
6.265632437902735052e-02
6.264468624599525692e-02
6.263305028691315557e-02
6.262141650133169757e-02
6.260978488880175608e-02
6.259815544887448180e-02
6.258652818110121974e-02
6.257490308503362020e-02
6.256328016022350003e-02
6.255165940622298137e-02
6.254004082258442232e-02
6.252842440886040298e-02
6.251681016460373941e-02
6.250519808936748356e-02
6.249358818270496496e-02
6.248198044416970742e-02
6.247037487331549843e-02
6.245877146969635446e-02
6.244717023286653484e-02
6.243557116238053484e-02
6.242397425779306480e-02
6.241237951865909878e-02
6.240078694453382591e-02
6.238919653497269208e-02
6.237760828953133052e-02
6.236602220776570060e-02
6.235443828923184495e-02
6.234285653348616008e-02
6.233127694008527842e-02
6.231969950858597812e-02
6.230812423854529408e-02
6.229655112952053181e-02
6.228498018106920497e-02
6.227341139274905624e-02
6.226184476411803642e-02
6.225028029473433228e-02
6.223871798415638035e-02
6.222715783194281147e-02
6.221559983765250629e-02
6.220404400084455360e-02
6.219249032107828506e-02
6.218093879791322665e-02
6.216938943090914022e-02
6.215784221962605133e-02
6.214629716362411044e-02
6.213475426246381494e-02
6.212321351570577327e-02
6.211167492291089220e-02
6.210013848364023814e-02
6.208860419745514114e-02
6.207707206391713944e-02
6.206554208258796557e-02
6.205401425302960183e-02
6.204248857480423873e-02
6.203096504747424716e-02
6.201944367060229640e-02
6.200792444375119450e-02
6.199640736648399236e-02
6.198489243836396295e-02
6.197337965895457351e-02
6.196186902781953415e-02
6.195036054452273538e-02
6.193885420862828284e-02
6.192735001970057357e-02
6.191584797730408096e-02
6.190434808100360453e-02
6.189285033036407563e-02
6.188135472495071010e-02
6.186986126432884175e-02
6.185836994806408196e-02
6.184688077572227105e-02
6.183539374686936735e-02
6.182390886107164141e-02
6.181242611789548175e-02
6.180094551690754751e-02
6.178946705767465047e-02
6.177799073976384531e-02
6.176651656274240176e-02
6.175504452617774920e-02
6.174357462963757370e-02
6.173210687268971403e-02
6.172064125490223097e-02
6.170917777584342817e-02
6.169771643508176889e-02
6.168625723218591761e-02
6.167480016672472615e-02
6.166334523826733083e-02
6.165189244638295124e-02
6.164044179064109841e-02
6.162899327061144988e-02
6.161754688586385670e-02
6.160610263596842662e-02
6.159466052049539925e-02
6.158322053901528481e-02
6.157178269109871843e-02
6.156034697631658503e-02
6.154891339423992913e-02
6.153748194444001729e-02
6.152605262648830342e-02
6.151462543995646348e-02
6.150320038441629139e-02
6.149177745943984474e-02
6.148035666459936849e-02
6.146893799946726716e-02
6.145752146361618817e-02
6.144610705661891770e-02
6.143469477804844314e-02
6.142328462747798784e-02
6.141187660448094859e-02
6.140047070863084017e-02
6.138906693950148263e-02
6.137766529666680709e-02
6.136626577970097363e-02
6.135486838817831579e-02
6.134347312167336141e-02
6.133207997976081183e-02
6.132068896201552793e-02
6.130930006801264820e-02
6.129791329732744987e-02
6.128652864953534896e-02
6.127514612421199741e-02
6.126376572093327616e-02
6.125238743927515633e-02
6.124101127881385193e-02
6.122963723912572959e-02
6.121826531978741964e-02
6.120689552037557324e-02
6.119552784046723010e-02
6.118416227963945075e-02
6.117279883746953861e-02
6.116143751353499136e-02
6.115007830741348710e-02
6.113872121868284965e-02
6.112736624692111792e-02
6.111601339170647657e-02
6.110466265261735308e-02
6.109331402923228599e-02
6.108196752113000810e-02
6.107062312788948816e-02
6.105928084908980591e-02
6.104794068431023540e-02
6.103660263313024498e-02
6.102526669512946950e-02
6.101393286988772424e-02
6.100260115698499103e-02
6.099127155600145289e-02
6.097994406651743859e-02
6.096861868811345037e-02
6.095729542037021942e-02
6.094597426286857411e-02
6.093465521518957873e-02
6.092333827691442244e-02
6.091202344762454424e-02
6.090071072690148024e-02
6.088940011432691923e-02
6.087809160948283449e-02
6.086678521195126174e-02
6.085548092131445874e-02
6.084417873715486369e-02
6.083287865905507436e-02
6.082158068659782729e-02
6.081028481936605334e-02
6.079899105694287764e-02
6.078769939891157104e-02
6.077640984485555009e-02
6.076512239435846729e-02
6.075383704700406534e-02
6.074255380237630897e-02
6.073127266005928782e-02
6.071999361963730663e-02
6.070871668069481586e-02
6.069744184281641863e-02
6.068616910558691235e-02
6.067489846859121932e-02
6.066362993141448390e-02
6.065236349364195451e-02
6.064109915485909469e-02
6.062983691465151370e-02
6.061857677260496652e-02
6.060731872830540240e-02
6.059606278133891633e-02
6.058480893129177675e-02
6.057355717775039089e-02
6.056230752030138109e-02
6.055105995853146683e-02
6.053981449202757575e-02
6.052857112037678122e-02
6.051732984316629538e-02
6.050609065998355240e-02
6.049485357041608363e-02
6.048361857405160774e-02
6.047238567047802382e-02
6.046115485928333505e-02
6.044992614005574583e-02
6.043869951238362709e-02
6.042747497585547467e-02
6.041625253005998564e-02
6.040503217458594032e-02
6.039381390902240354e-02
6.038259773295843319e-02
6.037138364598339246e-02
6.036017164768670701e-02
6.034896173765798288e-02
6.033775391548702738e-02
6.032654818076372411e-02
6.031534453307822036e-02
6.030414297202069118e-02
6.029294349718154755e-02
6.028174610815135309e-02
6.027055080452076857e-02
6.025935758588067681e-02
6.024816645182209246e-02
