6.081726830000000125e-03
6.132884610000000070e-03
6.159936440000000381e-03
6.167647059999999820e-03
6.158698829999999930e-03
6.273863129999999663e-03
6.259487700000000016e-03
6.311127960000000210e-03
6.340011490000000208e-03
6.362325430000000288e-03
6.411964279999999780e-03
6.395457129999999706e-03
6.465376079999999789e-03
6.467215390000000293e-03
6.460134470000000045e-03
6.426141350000000134e-03
6.437365960000000081e-03
6.448737779999999878e-03
6.456745009999999806e-03
6.481835099999999628e-03
6.444619629999999606e-03
6.497933770000000400e-03
6.481715950000000413e-03
6.501923960000000231e-03
6.436415659999999983e-03
6.509542299999999775e-03
6.459916129999999923e-03
6.513300799999999918e-03
6.522155330000000382e-03
6.493258939999999729e-03
6.490065050000000391e-03
6.464112759999999722e-03
6.540855780000000286e-03
6.495668710000000214e-03
6.541193499999999571e-03
6.503943350000000213e-03
6.515907920000000263e-03
6.501641019999999764e-03
6.564571110000000376e-03
6.575688120000000060e-03
6.567352420000000315e-03
6.576556560000000259e-03
6.581499519999999860e-03
6.549850840000000403e-03
6.600297879999999714e-03
6.581079670000000020e-03
6.545015399999999650e-03
6.628971180000000143e-03
6.586060730000000037e-03
6.611668010000000192e-03
6.626364269999999827e-03
6.636698780000000256e-03
6.564682090000000143e-03
6.686423860000000399e-03
6.618595599999999891e-03
6.585653280000000089e-03
6.681032590000000188e-03
6.658464620000000347e-03
6.721953529999999746e-03
6.656745199999999571e-03
6.641442539999999582e-03
6.656854470000000100e-03
6.734164219999999937e-03
6.654019290000000308e-03
6.665224699999999780e-03
6.700130609999999619e-03
6.737061180000000066e-03
6.673590660000000042e-03
6.777111689999999571e-03
6.705693510000000114e-03
6.753180099999999721e-03
6.714762110000000415e-03
6.702483730000000084e-03
6.696613480000000382e-03
6.737500320000000022e-03
6.776225630000000388e-03
6.785113869999999728e-03
6.775124000000000424e-03
6.685980620000000346e-03
6.736647759999999686e-03
6.710297750000000089e-03
6.788738760000000323e-03
6.747990980000000139e-03
6.733598880000000314e-03
6.787582300000000006e-03
6.749368399999999650e-03
6.767358460000000124e-03
6.820309119999999614e-03
6.803259289999999578e-03
6.785467199999999956e-03
6.784999229999999840e-03
6.864699020000000068e-03
6.868445990000000313e-03
6.880400400000000194e-03
6.833953589999999627e-03
6.868223930000000310e-03
6.876347159999999896e-03
6.807504059999999572e-03
6.835580739999999600e-03
6.832705239999999590e-03
6.892400259999999744e-03
6.822063270000000394e-03
6.884647609999999980e-03
6.911816589999999691e-03
6.877150280000000025e-03
6.913761000000000038e-03
6.934059989999999743e-03
6.929973249999999731e-03
6.949528340000000332e-03
6.939976510000000175e-03
6.935051089999999877e-03
6.940092420000000192e-03
6.921377579999999675e-03
6.959522469999999961e-03
6.965605570000000038e-03
6.940141969999999959e-03
6.951322400000000366e-03
7.017541779999999889e-03
6.954724570000000126e-03
6.954644579999999694e-03
6.970065689999999960e-03
7.009631960000000175e-03
7.014604879999999758e-03
6.984767599999999570e-03
6.971002750000000053e-03
6.981506289999999879e-03
7.046021940000000115e-03
7.035979159999999726e-03
7.034921210000000431e-03
7.026621529999999873e-03
7.015080639999999972e-03
7.028392389999999802e-03
7.042322200000000233e-03
7.057495129999999915e-03
7.083225759999999850e-03
7.092192229999999716e-03
6.985176749999999664e-03
7.032931739999999723e-03
7.141953460000000260e-03
7.085721189999999794e-03
7.136657460000000140e-03
7.050078999999999894e-03
7.087333900000000221e-03
7.154987829999999958e-03
7.101119210000000383e-03
7.152301619999999922e-03
7.092495600000000081e-03
7.159386050000000022e-03
7.119040959999999724e-03
7.120949990000000063e-03
7.218711099999999652e-03
7.080554299999999857e-03
7.094818440000000108e-03
7.112975770000000073e-03
7.104849019999999807e-03
7.127726049999999827e-03
7.150748380000000390e-03
7.116130329999999574e-03
7.219724410000000377e-03
7.192663719999999906e-03
7.105227920000000211e-03
7.190968469999999696e-03
7.133616829999999895e-03
7.241143149999999633e-03
7.235496059999999875e-03
7.234551920000000316e-03
7.258166889999999837e-03
7.218656680000000263e-03
7.195731670000000274e-03
7.298767569999999733e-03
7.251888280000000353e-03
7.307696160000000038e-03
7.179263019999999884e-03
7.276196119999999920e-03
7.248217529999999992e-03
7.230461690000000372e-03
7.259869749999999997e-03
7.279086589999999961e-03
7.335337350000000270e-03
7.261846520000000277e-03
7.323137819999999722e-03
7.316223999999999644e-03
7.265184200000000120e-03
7.296033430000000396e-03
7.244415609999999874e-03
7.282307610000000181e-03
7.326494270000000024e-03
7.280933639999999894e-03
7.329739079999999726e-03
7.322978269999999741e-03
7.362850780000000130e-03
7.318407709999999629e-03
7.441556299999999881e-03
7.396039870000000079e-03
7.395214479999999597e-03
7.462526520000000232e-03
7.420758359999999818e-03
7.453037820000000223e-03
7.356551499999999973e-03
7.495144890000000372e-03
7.421180670000000236e-03
7.464105010000000352e-03
7.425248940000000325e-03
7.331476049999999765e-03
7.412560959999999963e-03
7.456910070000000341e-03
7.457949289999999884e-03
7.517671870000000069e-03
7.493806139999999866e-03
7.485601960000000214e-03
7.519625870000000260e-03
7.510203400000000154e-03
7.466079730000000150e-03
7.457268690000000248e-03
7.444102040000000024e-03
7.467847609999999844e-03
7.474133529999999609e-03
7.509319750000000016e-03
7.553446210000000147e-03
7.573398680000000167e-03
7.489560569999999598e-03
7.520743219999999861e-03
7.524825819999999936e-03
7.506875879999999612e-03
7.580669029999999829e-03
7.631792890000000003e-03
7.553528700000000130e-03
7.630277779999999899e-03
7.576363669999999946e-03
7.576842749999999904e-03
7.604158360000000047e-03
7.575943929999999667e-03
7.520318639999999839e-03
7.556480299999999636e-03
7.638991730000000042e-03
7.636858550000000245e-03
7.690154119999999781e-03
7.629701620000000142e-03
7.620598979999999682e-03
7.687775009999999951e-03
7.621602219999999879e-03
7.623281400000000117e-03
7.695054080000000331e-03
7.690891549999999584e-03
7.746302519999999706e-03
7.632690569999999591e-03
7.644408989999999619e-03
7.710451979999999664e-03
7.718928770000000293e-03
7.700253179999999933e-03
7.721081440000000275e-03
7.745656089999999709e-03
7.738584740000000253e-03
7.765519210000000269e-03
7.763820379999999619e-03
7.703669160000000023e-03
7.728930650000000180e-03
7.735032079999999872e-03
7.731132259999999763e-03
7.742867770000000024e-03
7.708762430000000096e-03
7.768492810000000338e-03
7.759141310000000277e-03
7.720647940000000334e-03
7.775710519999999570e-03
7.760444539999999600e-03
7.750779010000000135e-03
7.775470330000000020e-03
7.799882420000000226e-03
7.751866989999999999e-03
7.835158559999999550e-03
7.767489140000000125e-03
7.808286079999999900e-03
7.854741820000000346e-03
7.783320740000000335e-03
7.795250020000000016e-03
7.886128920000000722e-03
7.940679109999999527e-03
7.828037319999999952e-03
7.865115929999999533e-03
7.817189150000000697e-03
7.864542139999999848e-03
7.823597059999999603e-03
7.877923670000000142e-03
7.888370840000000564e-03
7.811179470000000416e-03
7.849968809999999936e-03
7.870049250000000357e-03
7.904628239999999390e-03
7.899180089999999210e-03
7.913623200000000774e-03
7.950190580000000493e-03
7.872577199999999595e-03
7.950336290000000264e-03
7.978634590000000318e-03
7.953543060000000178e-03
7.947019419999999668e-03
7.883998609999999865e-03
8.026640110000000244e-03
7.964202670000000012e-03
7.997025249999999488e-03
8.014717339999999704e-03
7.922472139999999288e-03
8.066284179999999235e-03
8.052890000000000048e-03
8.034701539999999573e-03
7.995007700000000828e-03
8.007458719999999142e-03
8.093972859999999658e-03
8.022253990000000404e-03
7.923527620000000646e-03
8.061375200000000033e-03
8.047637999999999320e-03
8.044607339999999135e-03
8.069100430000000074e-03
8.050812279999999821e-03
8.099963110000000382e-03
8.146556790000000423e-03
8.022327509999999801e-03
8.087177509999999778e-03
8.113611139999999181e-03
8.071318810000000302e-03
8.163263080000000144e-03
8.155685910000000025e-03
8.085914779999999955e-03
8.095982800000000104e-03
8.119378320000000468e-03
8.136712469999999794e-03
8.125919369999999933e-03
8.130213960000000351e-03
8.160070499999999907e-03
8.226836580000000676e-03
8.194527199999999262e-03
8.216424119999999470e-03
8.263107489999999347e-03
8.200988879999999287e-03
8.225786080000000236e-03
8.206800720000000798e-03
8.112835190000000640e-03
8.276645509999999706e-03
8.217976849999999306e-03
8.322774399999999934e-03
8.272056879999999807e-03
8.212263180000000176e-03
8.298373839999999627e-03
8.264282470000000255e-03
8.186323549999999227e-03
8.285403150000000480e-03
8.312155410000000855e-03
8.315890770000000654e-03
8.282869499999999732e-03
8.205137950000000041e-03
8.252773280000000322e-03
8.282032249999999804e-03
8.310709269999999246e-03
8.272327969999999919e-03
8.359453859999999362e-03
8.317413640000000108e-03
8.354670070000000393e-03
8.394099279999999233e-03
8.310710239999999707e-03
8.278692659999999787e-03
8.312923559999999337e-03
8.398313030000000012e-03
8.344411819999999688e-03
8.446113809999999250e-03
8.362671020000000260e-03
8.457179730000000117e-03
8.399100229999999570e-03
8.410733059999999858e-03
8.432886109999999241e-03
8.352183929999999756e-03
8.419894520000000340e-03
8.510988900000000454e-03
8.473995950000000332e-03
8.475982890000000741e-03
8.454176029999999759e-03
8.398185589999999229e-03
8.516357199999999641e-03
8.459897770000000469e-03
8.500528760000000683e-03
8.494953189999999640e-03
8.534706839999999656e-03
8.535228820000000799e-03
8.509003870000000219e-03
8.604854959999999955e-03
8.412029110000000115e-03
8.496137600000000165e-03
8.547519199999999151e-03
8.568741689999999356e-03
8.541107540000000484e-03
8.637353250000000260e-03
8.532702600000000720e-03
8.568999659999999852e-03
8.559308990000000228e-03
8.535155189999999240e-03
8.574485570000000070e-03
8.551334779999999330e-03
8.613087389999999482e-03
8.619204289999999810e-03
8.553746549999999629e-03
8.672535979999999867e-03
8.567574140000000851e-03
8.627425080000000746e-03
8.542742000000000738e-03
8.580598059999999805e-03
8.603989450000000191e-03
8.669558489999999729e-03
8.599941079999999516e-03
8.652713830000000397e-03
8.773726710000000553e-03
8.708831280000000827e-03
8.649041169999999862e-03
8.675499669999999636e-03
8.750861389999999712e-03
8.703510560000000604e-03
8.744077919999999199e-03
8.683193619999999766e-03
8.628068649999999160e-03
8.766962479999999489e-03
8.766741660000000602e-03
8.729228550000000739e-03
8.783943639999999831e-03
8.830531509999999668e-03
8.769401830000000606e-03
8.778539559999999631e-03
8.770684160000000174e-03
8.715472659999999247e-03
8.843605020000000830e-03
8.798936950000000798e-03
8.816688390000000652e-03
8.804704389999999312e-03
8.810364200000000284e-03
8.835973650000000443e-03
8.799528080000000585e-03
8.806728050000000446e-03
8.842190950000000313e-03
8.872877100000000836e-03
8.941856349999999232e-03
8.955317790000000278e-03
8.769650290000000070e-03
8.900792379999999601e-03
8.848737610000000781e-03
8.910587240000000103e-03
8.852840509999999538e-03
8.881660540000000867e-03
8.810395710000000144e-03
8.846520349999999547e-03
8.831079349999999828e-03
8.902013820000000480e-03
8.851321029999999548e-03
8.991362189999999380e-03
8.899044700000000724e-03
8.955608999999999792e-03
8.887518109999999194e-03
8.955854469999999928e-03
9.031748120000000421e-03
8.958816390000000698e-03
8.945263050000000840e-03
8.959187150000000668e-03
8.962834529999999869e-03
8.985427489999999601e-03
9.040024670000000595e-03
9.056914560000000475e-03
8.940605739999999552e-03
9.010092679999999812e-03
9.085879410000000794e-03
9.011452609999999822e-03
9.082898109999999400e-03
9.139428879999999741e-03
9.022722920000000174e-03
9.006338810000000250e-03
9.126817719999999468e-03
9.121008249999999762e-03
9.103178439999999941e-03
9.065326570000000611e-03
9.053235530000000239e-03
9.171732579999999566e-03
9.087406049999999930e-03
9.093456669999999686e-03
9.201345410000000627e-03
9.105896049999999409e-03
9.108874750000000783e-03
9.232026600000000152e-03
9.132652559999999281e-03
9.092865530000000807e-03
9.207696459999999486e-03
9.125615199999999316e-03
9.095253569999999649e-03
9.214238229999999544e-03
9.133851000000000123e-03
9.305198900000000509e-03
9.225102250000000517e-03
9.147330990000000772e-03
9.130277679999999896e-03
9.156814339999999608e-03
9.228727560000000302e-03
9.274421539999999284e-03
9.223042509999999569e-03
9.210384950000000820e-03
9.281762440000000669e-03
9.218349750000000287e-03
9.207521200000000697e-03
9.192404609999999671e-03
9.172390779999999369e-03
9.245884629999999438e-03
9.320431120000000069e-03
9.332922789999999885e-03
9.384245540000000704e-03
9.343154290000000792e-03
9.270170339999999828e-03
9.220717019999999722e-03
9.316539210000000445e-03
9.330200679999999316e-03
9.389604669999999237e-03
9.347648150000000336e-03
9.438676170000000198e-03
9.330298589999999267e-03
9.335685360000000113e-03
9.384939249999999997e-03
9.391902659999999681e-03
9.410728059999999909e-03
9.449082589999999518e-03
9.511433620000000685e-03
9.493556930000000837e-03
9.449688300000000027e-03
9.426861190000000029e-03
9.420741249999999706e-03
9.530911950000000091e-03
9.492752260000000830e-03
9.480010400000000656e-03
9.430693889999999455e-03
9.508185129999999208e-03
9.591356590000000779e-03
9.519864850000000350e-03
9.534982529999999623e-03
9.513733070000000500e-03
9.493569369999999702e-03
9.435360729999999960e-03
9.582026529999999181e-03
9.511259529999999823e-03
9.445874939999999650e-03
9.389233749999999906e-03
9.483564410000000847e-03
9.577793430000000260e-03
9.494226999999999181e-03
9.539586900000000813e-03
9.584188889999999475e-03
9.610318539999999216e-03
9.609514539999999133e-03
9.556691920000000631e-03
9.624710749999999468e-03
9.595513139999999400e-03
9.545176810000000067e-03
9.619416769999999950e-03
9.700079380000000556e-03
9.664776829999999208e-03
9.568981489999999618e-03
9.636529280000000197e-03
9.805733889999999550e-03
9.617650590000000402e-03
9.731477520000000186e-03
9.657232999999999443e-03
9.681934539999999256e-03
9.676853449999999954e-03
9.760651970000000857e-03
9.697102069999999699e-03
9.698520820000000597e-03
9.712723479999999313e-03
9.744948070000000392e-03
9.789563439999999367e-03
9.733412860000000347e-03
9.764457250000000560e-03
9.664781379999999242e-03
9.777923239999999905e-03
9.855186000000000154e-03
9.717492450000000254e-03
9.893774270000000801e-03
9.715495019999999260e-03
9.801291090000000678e-03
9.772965800000000050e-03
9.816650640000000594e-03
9.786460530000000782e-03
9.829913620000000143e-03
9.833590039999999532e-03
9.797169099999999270e-03
9.745870780000000580e-03
9.899162439999999522e-03
9.888023390000000301e-03
9.970672700000000541e-03
9.932224130000000262e-03
9.950741529999999543e-03
9.827194679999999918e-03
9.833578480000000621e-03
9.953759859999999557e-03
9.765078280000000568e-03
1.002605619999999940e-02
9.998869659999999604e-03
9.981903199999999504e-03
9.912164129999999698e-03
9.974885969999999769e-03
9.871036379999999916e-03
1.004648019999999919e-02
1.007882260000000051e-02
1.006797889999999987e-02
9.974671200000000126e-03
9.933596890000000179e-03
9.972614939999999151e-03
1.001510459999999970e-02
1.006865979999999917e-02
1.002068939999999943e-02
9.978913670000000638e-03
9.931656900000000385e-03
1.007536109999999929e-02
1.019707239999999987e-02
9.950555999999999290e-03
1.015070969999999975e-02
1.023124090000000069e-02
1.009537450000000045e-02
1.008476189999999925e-02
1.013952469999999939e-02
1.015030010000000059e-02
1.017465139999999997e-02
1.008717859999999980e-02
1.012810209999999954e-02
1.010321429999999979e-02
1.019868420000000046e-02
1.011913440000000025e-02
1.014851169999999962e-02
1.025947540000000067e-02
1.010983539999999944e-02
1.009440099999999937e-02
1.027580129999999987e-02
1.023932630000000052e-02
1.019971199999999967e-02
1.011044409999999928e-02
1.015361619999999993e-02
1.033230100000000033e-02
1.022303310000000076e-02
1.023704850000000006e-02
1.033013990000000021e-02
1.029682020000000087e-02
1.029855510000000050e-02
1.012743160000000031e-02
1.035629029999999944e-02
1.035264399999999939e-02
1.023091949999999951e-02
1.042525329999999945e-02
1.038009770000000026e-02
1.038083690000000080e-02
1.035515920000000013e-02
1.037890009999999953e-02
1.034923450000000029e-02
1.045952600000000024e-02
1.030635530000000022e-02
1.021766139999999955e-02
1.031407179999999958e-02
1.037989360000000048e-02
1.034416150000000076e-02
1.046018680000000006e-02
1.031751839999999962e-02
1.043603329999999961e-02
1.039311969999999995e-02
1.043614749999999952e-02
1.052728839999999937e-02
1.042685529999999930e-02
1.055745160000000002e-02
1.050806129999999963e-02
1.056087279999999920e-02
1.057391849999999960e-02
1.048269599999999968e-02
1.049573489999999949e-02
1.053713619999999997e-02
1.059287769999999948e-02
1.043339549999999956e-02
1.044752479999999997e-02
1.047939669999999913e-02
1.052925759999999954e-02
1.045180920000000034e-02
1.062364619999999968e-02
1.061394929999999980e-02
1.057173150000000061e-02
1.059958899999999954e-02
1.063215489999999944e-02
1.078849160000000008e-02
1.063829170000000005e-02
1.072039039999999992e-02
1.073929340000000059e-02
1.070708920000000043e-02
1.065303199999999978e-02
1.060774630000000003e-02
1.067096210000000045e-02
1.071485940000000033e-02
1.077908890000000078e-02
1.065627440000000044e-02
1.061726089999999977e-02
1.090510410000000013e-02
1.079852819999999915e-02
1.080346710000000023e-02
1.069065270000000081e-02
1.072355120000000051e-02
1.060628320000000027e-02
1.081185930000000059e-02
1.076238099999999968e-02
1.069934049999999963e-02
1.070890269999999998e-02
1.071202039999999932e-02
1.078237299999999961e-02
1.075315999999999945e-02
1.064878279999999927e-02
1.073941079999999985e-02
1.087198380000000027e-02
1.083212239999999972e-02
1.093283339999999958e-02
1.084745619999999931e-02
1.085861100000000065e-02
1.084632389999999960e-02
1.080044949999999990e-02
1.080265690000000063e-02
1.086911139999999915e-02
1.091931290000000034e-02
1.087271520000000075e-02
1.093748980000000016e-02
1.095773939999999946e-02
1.088844819999999942e-02
1.098435409999999959e-02
1.093911109999999923e-02
1.090797020000000041e-02
1.098023360000000004e-02
1.094576809999999942e-02
1.098132769999999973e-02
1.098033229999999943e-02
1.089379449999999978e-02
1.092185350000000020e-02
1.121446880000000028e-02
1.093562399999999969e-02
1.103614449999999921e-02
1.093134100000000067e-02
1.102082849999999961e-02
1.102231740000000036e-02
1.106815499999999966e-02
1.114062730000000070e-02
1.116633139999999996e-02
1.104779650000000009e-02
1.111388880000000086e-02
1.112476630000000001e-02
1.118060960000000041e-02
1.116858140000000048e-02
1.113832810000000076e-02
1.092641679999999983e-02
1.119642849999999933e-02
1.104327350000000076e-02
1.112365109999999963e-02
1.103886779999999936e-02
1.119869469999999929e-02
1.111520530000000007e-02
1.126691789999999943e-02
1.114654330000000061e-02
1.114798170000000019e-02
1.112605409999999941e-02
1.119358999999999979e-02
1.127624089999999975e-02
1.129541520000000056e-02
1.122368930000000077e-02
1.129087020000000066e-02
1.129573130000000036e-02
1.128791229999999944e-02
1.124046400000000036e-02
1.135496419999999958e-02
1.135484370000000055e-02
1.142084869999999974e-02
1.117137850000000064e-02
1.140051750000000037e-02
1.151634730000000023e-02
1.128861479999999917e-02
1.134684029999999920e-02
1.109424550000000058e-02
1.134693829999999966e-02
1.141558720000000055e-02
1.137586070000000046e-02
1.147788779999999939e-02
1.145511110000000006e-02
1.141133360000000027e-02
1.154547669999999963e-02
1.132544759999999998e-02
1.146386890000000019e-02
1.138944079999999921e-02
1.152981410000000068e-02
1.135912279999999955e-02
1.160565269999999996e-02
1.141531259999999971e-02
1.149322799999999943e-02
1.153729250000000081e-02
1.155004819999999946e-02
1.159690130000000027e-02
1.152732440000000039e-02
1.161950940000000022e-02
1.152030469999999925e-02
1.147013399999999989e-02
1.144539269999999935e-02
1.143539860000000047e-02
1.154156500000000016e-02
1.163273109999999992e-02
1.161627240000000054e-02
1.148672719999999960e-02
1.163004500000000031e-02
1.168725479999999962e-02
1.156389610000000019e-02
1.137406239999999916e-02
1.163999500000000020e-02
1.161745850000000038e-02
1.160327809999999946e-02
1.162482090000000086e-02
1.155073220000000025e-02
1.168490349999999969e-02
1.163006630000000020e-02
1.180187769999999949e-02
1.167624849999999992e-02
1.166210789999999956e-02
1.173096199999999929e-02
1.178891789999999933e-02
1.162311679999999958e-02
1.188312340000000078e-02
1.165502130000000032e-02
1.168043549999999917e-02
1.180174579999999918e-02
1.182013070000000055e-02
1.193907039999999968e-02
1.161130129999999976e-02
1.183550600000000085e-02
1.169930999999999922e-02
1.187195660000000055e-02
1.193383479999999934e-02
1.168287730000000003e-02
1.178818260000000055e-02
1.191921840000000066e-02
1.175154750000000081e-02
1.193929890000000084e-02
1.174193890000000025e-02
1.182388889999999929e-02
1.171223579999999993e-02
1.189091490000000056e-02
1.186347079999999950e-02
1.183436640000000081e-02
1.191660569999999919e-02
1.188642489999999947e-02
1.198583819999999960e-02
1.198215120000000085e-02
1.217520729999999919e-02
1.199800309999999974e-02
1.194795059999999992e-02
1.198648910000000081e-02
1.203452810000000053e-02
1.211383469999999934e-02
1.203373930000000043e-02
1.200258600000000085e-02
1.188307650000000083e-02
1.198552949999999971e-02
1.205033770000000018e-02
1.213197639999999931e-02
1.213649529999999942e-02
1.205269580000000069e-02
1.209380219999999992e-02
1.195368649999999956e-02
1.207873450000000043e-02
1.210189509999999927e-02
1.214732179999999939e-02
1.194779810000000039e-02
1.207069160000000078e-02
1.211999700000000041e-02
1.214995439999999940e-02
1.226995389999999998e-02
1.226383189999999922e-02
1.199198119999999972e-02
1.219846230000000073e-02
1.213631109999999992e-02
1.204720370000000006e-02
1.208468359999999991e-02
1.218481679999999963e-02
1.212715959999999954e-02
1.227300180000000067e-02
1.228496989999999962e-02
1.229896450000000051e-02
1.226496929999999937e-02
1.219534910000000076e-02
1.229019230000000067e-02
1.226408220000000000e-02
1.228392489999999976e-02
1.228776479999999990e-02
1.240760710000000065e-02
1.225206080000000065e-02
1.232748250000000045e-02
1.246699549999999955e-02
1.235900179999999994e-02
1.242881810000000080e-02
1.240616230000000063e-02
1.229263960000000037e-02
1.229247540000000076e-02
1.245889499999999935e-02
1.243845170000000035e-02
1.256813839999999967e-02
1.249654639999999914e-02
1.234565420000000024e-02
1.254530159999999936e-02
1.247374069999999946e-02
1.257716920000000009e-02
1.256208420000000034e-02
1.233854789999999993e-02
1.260126559999999972e-02
1.249504849999999966e-02
1.258187409999999944e-02
1.227611760000000066e-02
1.255039959999999961e-02
1.246801820000000005e-02
1.244337820000000067e-02
1.238501409999999935e-02
1.236606110000000071e-02
1.244770989999999938e-02
1.261981050000000014e-02
1.237851430000000072e-02
1.256365369999999995e-02
1.253302629999999973e-02
1.262274050000000009e-02
1.239721470000000082e-02
1.260133119999999954e-02
1.271835120000000020e-02
1.260891490000000045e-02
1.273854360000000081e-02
1.255198149999999999e-02
1.277050560000000078e-02
1.270115919999999926e-02
1.273432019999999956e-02
1.263799229999999947e-02
1.278307249999999923e-02
1.257100849999999957e-02
1.276226639999999968e-02
1.268924329999999989e-02
1.278519480000000000e-02
1.273864350000000062e-02
1.274823580000000040e-02
1.296563220000000044e-02
1.287200110000000057e-02
1.281014379999999980e-02
1.289766659999999968e-02
1.292842620000000074e-02
1.284460490000000066e-02
1.268034070000000069e-02
1.288096510000000076e-02
1.293396900000000002e-02
1.300754940000000033e-02
1.284332810000000068e-02
1.282073790000000033e-02
1.285823950000000021e-02
1.281779620000000029e-02
1.277836589999999974e-02
1.273970460000000034e-02
1.293197859999999956e-02
1.287051019999999914e-02
1.293643560000000067e-02
1.299152209999999974e-02
1.299021229999999978e-02
1.281221790000000062e-02
1.295740029999999966e-02
1.284561629999999947e-02
1.298805159999999979e-02
1.285464400000000014e-02
1.303137359999999995e-02
1.295019160000000086e-02
1.293422569999999952e-02
1.301717519999999982e-02
1.299305580000000016e-02
1.308099650000000072e-02
1.314235740000000048e-02
1.315999059999999922e-02
1.312668139999999956e-02
1.313939889999999992e-02
1.303340809999999940e-02
1.317806520000000016e-02
1.321686589999999939e-02
1.304880830000000082e-02
1.320202390000000010e-02
1.318972879999999979e-02
1.314551060000000021e-02
1.331522549999999971e-02
1.325213429999999928e-02
1.299291959999999968e-02
1.318521259999999931e-02
1.320335150000000006e-02
1.301849950000000082e-02
1.346917509999999950e-02
1.317004630000000003e-02
1.334251279999999935e-02
1.315332389999999962e-02
1.333151020000000048e-02
1.335752899999999993e-02
1.314686049999999953e-02
1.325068979999999980e-02
1.332133289999999984e-02
1.328857500000000039e-02
1.342212670000000017e-02
1.345655569999999919e-02
1.336761889999999939e-02
1.326165470000000013e-02
1.341820929999999919e-02
1.345247580000000047e-02
1.353518480000000072e-02
1.331036799999999951e-02
1.332428329999999980e-02
1.353812180000000046e-02
1.335972870000000021e-02
1.346953730000000071e-02
1.336937199999999916e-02
1.344886669999999923e-02
1.349849820000000034e-02
1.336915649999999983e-02
1.342491869999999990e-02
1.329741379999999952e-02
1.358832320000000031e-02
1.360742900000000075e-02
1.351072579999999974e-02
1.364814980000000032e-02
1.343169079999999987e-02
1.367225390000000040e-02
1.354102509999999954e-02
1.352734910000000061e-02
1.371079839999999987e-02
1.368131430000000051e-02
1.369416130000000037e-02
1.356517879999999919e-02
1.383376449999999987e-02
1.386264790000000038e-02
1.375219400000000057e-02
1.366636830000000045e-02
1.397429340000000061e-02
1.373926680000000025e-02
1.372008230000000030e-02
1.362551409999999963e-02
1.349901440000000029e-02
1.381089519999999932e-02
1.380247180000000046e-02
1.385627740000000031e-02
1.362446519999999973e-02
1.390280059999999922e-02
1.372972230000000030e-02
1.369451139999999963e-02
1.374355210000000049e-02
1.357148440000000011e-02
1.356955339999999996e-02
1.368031129999999936e-02
1.371921029999999958e-02
1.361402819999999944e-02
1.387903419999999936e-02
1.409272360000000078e-02
1.395442220000000025e-02
1.378319780000000078e-02
1.415751430000000005e-02
1.391280230000000069e-02
1.405143610000000008e-02
1.408691660000000075e-02
1.405383760000000065e-02
1.370845889999999963e-02
1.416443700000000021e-02
1.400235329999999917e-02
1.397802339999999928e-02
1.403741430000000033e-02
1.385519330000000056e-02
1.390210130000000058e-02
1.401007270000000082e-02
1.397423989999999928e-02
1.406986300000000016e-02
1.410805210000000073e-02
1.418261250000000043e-02
1.406287569999999966e-02
1.412844570000000056e-02
1.435557659999999944e-02
1.403286259999999945e-02
1.412197249999999973e-02
1.419417190000000009e-02
1.408901360000000026e-02
1.425361280000000085e-02
1.386498889999999984e-02
1.412942629999999929e-02
1.419804099999999979e-02
1.412707220000000014e-02
1.413887949999999977e-02
1.414851200000000024e-02
1.413173830000000013e-02
1.430507370000000042e-02
1.412381750000000005e-02
1.426459199999999955e-02
1.404886200000000050e-02
1.429299669999999946e-02
1.418371390000000044e-02
1.421534259999999994e-02
1.435799859999999963e-02
1.453705689999999946e-02
1.422731659999999961e-02
1.457674230000000071e-02
1.456220079999999938e-02
1.432375670000000066e-02
1.439006489999999916e-02
1.419655149999999970e-02
1.437638360000000060e-02
1.436200259999999979e-02
1.436749000000000012e-02
1.445601430000000021e-02
1.454552469999999958e-02
1.457559070000000005e-02
1.462983300000000007e-02
1.452176460000000058e-02
1.449681830000000039e-02
1.449491259999999976e-02
1.449277220000000019e-02
1.462551550000000013e-02
1.461808319999999967e-02
1.429164410000000052e-02
1.439360290000000001e-02
1.454180050000000030e-02
1.465611009999999957e-02
1.455549090000000066e-02
1.442266809999999920e-02
1.464910730000000029e-02
1.470670309999999939e-02
1.467277500000000075e-02
1.454932209999999955e-02
1.464402530000000029e-02
1.483112399999999935e-02
1.478820970000000075e-02
1.470720529999999977e-02
1.445083620000000083e-02
1.461239790000000080e-02
1.456485289999999953e-02
1.461488950000000044e-02
1.477843849999999938e-02
1.470272180000000047e-02
1.470419149999999987e-02
1.469083969999999961e-02
1.485470749999999972e-02
1.490780239999999965e-02
1.494092110000000070e-02
1.493301799999999929e-02
1.484908539999999985e-02
1.481372379999999940e-02
1.485994679999999915e-02
1.491643770000000008e-02
1.511391079999999977e-02
1.488785630000000020e-02
1.494058070000000085e-02
1.461483759999999965e-02
1.459358449999999946e-02
1.494291340000000051e-02
1.468494090000000037e-02
1.481937879999999964e-02
1.512852420000000003e-02
1.519404459999999964e-02
1.501372360000000072e-02
1.475046269999999958e-02
1.509562199999999951e-02
1.525799540000000003e-02
1.496371709999999924e-02
1.486048050000000030e-02
1.485701300000000051e-02
1.498399639999999956e-02
1.504888570000000036e-02
1.488489429999999974e-02
1.513095220000000053e-02
1.509408809999999990e-02
1.518925619999999914e-02
1.471045129999999992e-02
1.504359320000000014e-02
1.512662359999999984e-02
1.492345030000000010e-02
1.529424560000000079e-02
1.493605559999999950e-02
1.498924729999999948e-02
1.538354639999999982e-02
1.504911679999999981e-02
1.541311279999999992e-02
1.519692299999999933e-02
1.492006950000000082e-02
1.503543859999999927e-02
1.510171400000000046e-02
1.529112889999999919e-02
1.518393789999999965e-02
1.514723140000000072e-02
1.551464689999999987e-02
1.533896250000000086e-02
1.518130309999999976e-02
1.514254930000000048e-02
1.532704860000000044e-02
1.523555700000000027e-02
1.556756809999999998e-02
1.544050850000000009e-02
1.555746709999999977e-02
1.573766019999999974e-02
1.545757570000000011e-02
1.516805820000000082e-02
1.550561959999999934e-02
1.563938479999999950e-02
1.548511470000000015e-02
1.575266059999999926e-02
1.555267549999999992e-02
1.520404940000000087e-02
1.579793900000000043e-02
1.545511110000000014e-02
1.560766279999999985e-02
1.544125470000000042e-02
1.548858699999999984e-02
1.551785370000000053e-02
1.552060260000000073e-02
1.564530189999999849e-02
1.545301649999999971e-02
1.576101320000000000e-02
1.563972450000000042e-02
1.581980009999999978e-02
1.561971439999999996e-02
1.569501759999999968e-02
1.554943919999999917e-02
1.553483070000000014e-02
1.552573829999999953e-02
1.541364310000000078e-02
1.571882770000000012e-02
1.578775370000000053e-02
1.604070720000000047e-02
1.587453880000000081e-02
1.590028019999999848e-02
1.606395979999999946e-02
1.596724979999999960e-02
1.569859889999999925e-02
1.589882479999999917e-02
1.591783739999999905e-02
1.602627220000000033e-02
1.562137930000000001e-02
1.604550570000000051e-02
1.576373290000000066e-02
1.592977640000000153e-02
1.602720549999999897e-02
1.564588899999999963e-02
1.587788370000000129e-02
1.604250130000000121e-02
1.589182169999999936e-02
1.588851919999999945e-02
1.606353829999999927e-02
1.611553749999999896e-02
1.575736009999999937e-02
1.600083479999999878e-02
1.586008759999999948e-02
1.594101770000000071e-02
1.583864429999999948e-02
1.608845550000000124e-02
1.622927080000000077e-02
1.594472049999999877e-02
1.586026540000000026e-02
1.592248920000000068e-02
1.617158230000000085e-02
1.608744499999999883e-02
1.621802459999999863e-02
1.649169470000000012e-02
1.623237820000000137e-02
1.611252310000000146e-02
1.615631860000000045e-02
1.576696719999999899e-02
1.583764110000000086e-02
1.625016660000000099e-02
1.627632650000000042e-02
1.653077349999999834e-02
1.604302039999999999e-02
1.639618500000000062e-02
1.630195149999999829e-02
1.618207979999999879e-02
1.646848149999999983e-02
1.633097260000000023e-02
1.613413660000000138e-02
1.610253979999999932e-02
1.635313099999999992e-02
1.668767150000000088e-02
1.614784169999999852e-02
1.621288770000000115e-02
1.641230750000000072e-02
1.624521920000000091e-02
1.645689900000000053e-02
1.638711320000000096e-02
1.651647649999999842e-02
1.642895490000000069e-02
1.639370409999999986e-02
1.654872549999999998e-02
1.676989239999999992e-02
1.640664949999999858e-02
1.694854120000000020e-02
1.629704870000000042e-02
1.661369149999999961e-02
1.648086550000000053e-02
1.660478389999999957e-02
1.679865200000000072e-02
1.638080399999999881e-02
1.674236709999999892e-02
1.687663149999999931e-02
1.651356240000000086e-02
1.660772489999999893e-02
1.712358530000000073e-02
1.670929109999999898e-02
1.689311370000000020e-02
1.684245540000000110e-02
1.644971760000000019e-02
1.677501309999999968e-02
1.669638500000000109e-02
1.694279879999999877e-02
1.676657219999999962e-02
1.670598800000000148e-02
1.682004050000000112e-02
1.699517119999999909e-02
1.670177230000000068e-02
1.666562920000000045e-02
1.667961219999999911e-02
1.671547259999999965e-02
1.675273219999999855e-02
1.688582519999999934e-02
1.685088909999999870e-02
1.688849460000000149e-02
1.658443089999999884e-02
1.690606910000000060e-02
1.713952440000000160e-02
1.703810050000000020e-02
1.697152659999999827e-02
1.685791010000000159e-02
1.730973820000000080e-02
1.687009990000000112e-02
1.692047730000000028e-02
1.679539019999999952e-02
1.680400879999999902e-02
1.706245290000000039e-02
1.680747689999999989e-02
1.675358240000000137e-02
1.733265599999999837e-02
1.701388670000000131e-02
1.711980459999999996e-02
1.691308960000000028e-02
1.723584670000000152e-02
1.701371949999999980e-02
1.739599760000000092e-02
1.703739989999999982e-02
1.696565649999999884e-02
1.704998209999999959e-02
1.729311229999999991e-02
1.726294069999999986e-02
1.743953209999999851e-02
1.754805519999999910e-02
1.725245729999999936e-02
1.745352899999999888e-02
1.722622379999999911e-02
1.730005130000000085e-02
1.727016090000000129e-02
1.732368280000000024e-02
1.694991579999999970e-02
1.702750769999999969e-02
1.698957809999999957e-02
1.757442920000000172e-02
1.712530160000000010e-02
1.715538299999999974e-02
1.693404700000000068e-02
1.776185599999999948e-02
1.712999650000000124e-02
1.749093950000000022e-02
1.740445310000000162e-02
1.755137039999999857e-02
1.755704640000000163e-02
1.736628529999999920e-02
1.743625919999999829e-02
1.765619779999999875e-02
1.747342229999999941e-02
1.730491279999999896e-02
1.737232260000000014e-02
1.730725749999999924e-02
1.769740040000000042e-02
1.766761890000000113e-02
1.753239610000000004e-02
1.736667949999999919e-02
1.775842399999999835e-02
1.749742370000000047e-02
1.781165739999999997e-02
1.738132499999999955e-02
1.787195509999999973e-02
1.762514050000000068e-02
1.806523319999999919e-02
1.753904909999999887e-02
1.778856649999999845e-02
1.782955309999999932e-02
1.750458770000000094e-02
1.771881809999999863e-02
1.781450700000000026e-02
1.770998530000000154e-02
1.787561929999999938e-02
1.741576959999999868e-02
1.758345390000000050e-02
1.750656760000000173e-02
1.773235540000000013e-02
1.823155929999999841e-02
1.756566580000000141e-02
1.786068600000000062e-02
1.758070470000000149e-02
1.761082619999999876e-02
1.810813870000000173e-02
1.795673100000000008e-02
1.789464099999999933e-02
1.809326309999999965e-02
1.832019450000000119e-02
1.759769369999999999e-02
1.801469730000000019e-02
1.855772810000000037e-02
1.804223649999999943e-02
1.787867779999999934e-02
1.777489460000000049e-02
1.790583020000000025e-02
1.788513460000000152e-02
1.805377730000000056e-02
1.832603069999999904e-02
1.826051539999999987e-02
1.796191899999999980e-02
1.786066830000000022e-02
1.820499089999999889e-02
1.796449539999999886e-02
1.815097289999999947e-02
1.826556719999999912e-02
1.821867760000000017e-02
1.862048750000000127e-02
1.812038590000000088e-02
1.793361109999999994e-02
1.801198130000000036e-02
1.819850179999999915e-02
1.845924649999999834e-02
1.822462650000000045e-02
1.833600079999999841e-02
1.818013959999999901e-02
1.844616870000000131e-02
1.836044189999999979e-02
1.821829109999999891e-02
1.871093370000000145e-02
1.848167709999999977e-02
1.841132679999999897e-02
1.839664870000000049e-02
1.828926659999999954e-02
1.835242470000000153e-02
1.855978009999999928e-02
1.832374449999999919e-02
1.850617029999999941e-02
1.827776659999999845e-02
1.848783160000000078e-02
1.901867800000000067e-02
1.816663090000000119e-02
1.811848229999999879e-02
1.828284510000000029e-02
1.873522769999999907e-02
1.864883690000000011e-02
1.847755140000000018e-02
1.844939669999999879e-02
1.874767039999999940e-02
1.865700370000000080e-02
1.835665590000000111e-02
1.909710259999999882e-02
1.857920490000000008e-02
1.850699949999999941e-02
1.897661260000000141e-02
1.858391090000000023e-02
1.912432379999999890e-02
1.895908019999999888e-02
1.904004290000000169e-02
1.877125140000000109e-02
1.897781080000000148e-02
1.873093030000000034e-02
1.873357499999999884e-02
1.900390080000000093e-02
1.893807880000000082e-02
1.919354569999999829e-02
1.834824150000000098e-02
1.862973990000000094e-02
1.861770700000000070e-02
1.930362979999999951e-02
1.881284890000000168e-02
1.924694550000000115e-02
1.902377859999999921e-02
1.858798810000000107e-02
1.876011179999999973e-02
1.900481570000000023e-02
1.916735149999999888e-02
1.946776500000000146e-02
1.921715410000000152e-02
1.899324729999999836e-02
1.902977399999999930e-02
1.907277530000000068e-02
1.904538730000000096e-02
1.872524240000000145e-02
1.879836439999999984e-02
1.919049739999999921e-02
1.905737490000000006e-02
1.928509169999999967e-02
1.918450149999999937e-02
1.945113050000000024e-02
1.870835350000000022e-02
1.874102139999999847e-02
1.901089289999999959e-02
1.941631889999999999e-02
1.907066560000000160e-02
1.933851950000000167e-02
1.955427729999999892e-02
1.934391579999999999e-02
1.952861969999999947e-02
1.941127490000000080e-02
1.925848709999999908e-02
1.925607370000000096e-02
1.939088309999999898e-02
1.913902379999999834e-02
1.947396159999999904e-02
1.943126959999999862e-02
1.950002600000000016e-02
1.918035850000000125e-02
1.960756160000000012e-02
1.914689199999999869e-02
1.927722109999999850e-02
1.919874850000000133e-02
1.974998219999999846e-02
1.964562870000000072e-02
1.958220780000000105e-02
1.959617779999999962e-02
1.975043760000000023e-02
1.983161660000000090e-02
1.989357840000000044e-02
1.978139110000000020e-02
1.989785319999999927e-02
1.998450930000000153e-02
1.972909159999999829e-02
1.964023460000000054e-02
1.978569640000000032e-02
1.960693950000000005e-02
1.976913079999999961e-02
1.990246700000000007e-02
2.006430790000000158e-02
1.955301079999999941e-02
2.015661449999999952e-02
1.979962739999999860e-02
1.986145920000000065e-02
1.974011690000000013e-02
1.981781900000000041e-02
1.984074569999999885e-02
2.007371399999999945e-02
1.983573029999999987e-02
1.983146549999999925e-02
2.019692290000000071e-02
1.985481919999999845e-02
1.962438229999999978e-02
2.019093209999999958e-02
2.003488029999999850e-02
1.981865990000000050e-02
2.021760189999999985e-02
1.992126409999999889e-02
2.019840919999999970e-02
1.975846510000000070e-02
2.006022819999999859e-02
2.034680960000000149e-02
2.003702809999999973e-02
1.996455670000000029e-02
2.020109510000000011e-02
2.012823269999999831e-02
1.995716750000000109e-02
1.996421849999999859e-02
2.055195649999999943e-02
2.041839709999999919e-02
2.051571270000000086e-02
2.033582839999999864e-02
2.065435839999999953e-02
2.024744670000000121e-02
2.029448370000000099e-02
2.031215650000000109e-02
2.005116930000000117e-02
2.015499499999999847e-02
2.021255660000000065e-02
2.051400000000000098e-02
2.001738980000000029e-02
2.058756969999999895e-02
2.082491460000000100e-02
2.057503880000000063e-02
2.042254430000000134e-02
2.070755690000000010e-02
2.085124899999999878e-02
2.062301420000000121e-02
2.032299519999999915e-02
2.093709460000000092e-02
2.043494709999999978e-02
2.028686860000000064e-02
2.004563479999999995e-02
2.077908079999999866e-02
2.087340370000000112e-02
2.103211199999999864e-02
2.137379550000000072e-02
2.039354770000000039e-02
2.060795600000000019e-02
2.120175839999999950e-02
2.035366270000000047e-02
2.070232749999999927e-02
2.052363819999999950e-02
2.021045390000000136e-02
2.086850339999999845e-02
2.088868080000000002e-02
2.038499989999999901e-02
2.092525159999999995e-02
2.109017620000000134e-02
2.110340659999999924e-02
2.079941020000000002e-02
2.053238120000000153e-02
2.056206400000000142e-02
2.063930970000000045e-02
2.110537960000000157e-02
2.016704039999999906e-02
2.063392530000000141e-02
2.093327440000000011e-02
2.089649489999999971e-02
2.074569440000000042e-02
2.129690580000000166e-02
2.121565270000000045e-02
2.121321840000000084e-02
2.101169870000000120e-02
2.086917099999999886e-02
2.127183659999999990e-02
2.110686109999999893e-02
2.115939899999999887e-02
2.147918450000000160e-02
2.170229499999999992e-02
2.075760969999999872e-02
2.122795150000000158e-02
2.096594250000000104e-02
2.099561089999999949e-02
2.096986450000000099e-02
2.128536890000000056e-02
2.117121489999999884e-02
2.111841199999999960e-02
2.130111770000000029e-02
2.130745590000000106e-02
2.148633230000000088e-02
2.126833350000000011e-02
2.137551370000000117e-02
2.101367869999999985e-02
2.187346639999999953e-02
2.154977770000000153e-02
2.137195849999999966e-02
2.164423139999999829e-02
2.126682079999999905e-02
2.116454749999999857e-02
2.215149309999999913e-02
2.087571660000000009e-02
2.134920640000000092e-02
2.174824150000000123e-02
2.135167370000000051e-02
2.163367739999999886e-02
2.102245549999999866e-02
2.160495470000000154e-02
2.157233880000000020e-02
2.205638219999999858e-02
2.188728309999999830e-02
2.238796220000000003e-02
2.191162669999999896e-02
2.195157370000000094e-02
2.214635360000000164e-02
2.165900889999999857e-02
2.187064379999999891e-02
2.183244759999999896e-02
2.255683249999999862e-02
2.160869990000000018e-02
2.202556870000000125e-02
2.208666529999999892e-02
2.214422309999999894e-02
2.230278559999999966e-02
2.188591399999999937e-02
2.190026449999999889e-02
2.204069759999999906e-02
2.205050089999999879e-02
2.173804160000000069e-02
2.231099240000000011e-02
2.216907729999999938e-02
2.204631669999999877e-02
2.182629250000000035e-02
2.258579689999999987e-02
2.163640260000000010e-02
2.189535620000000044e-02
2.197139570000000014e-02
2.220398850000000063e-02
2.226455119999999968e-02
2.226826930000000079e-02
2.206286860000000044e-02
2.227258609999999833e-02
2.202220200000000114e-02
2.213285599999999936e-02
2.260703589999999916e-02
2.234799780000000166e-02
2.199788719999999989e-02
2.236457199999999923e-02
2.262540370000000120e-02
2.258115889999999862e-02
2.291758799999999915e-02
2.237660320000000105e-02
2.255697380000000127e-02
2.275023430000000166e-02
2.273073449999999870e-02
2.175580759999999961e-02
2.213077620000000051e-02
2.243180410000000097e-02
2.254137070000000048e-02
2.285086479999999878e-02
2.277495969999999981e-02
2.258632810000000060e-02
2.280571769999999859e-02
2.267409069999999985e-02
2.268557350000000028e-02
2.202517940000000077e-02
2.273226509999999936e-02
2.265848469999999851e-02
2.230327639999999875e-02
2.241953249999999870e-02
2.308466279999999912e-02
2.226824260000000166e-02
2.298818830000000021e-02
2.283770410000000167e-02
2.313352549999999827e-02
2.248156130000000114e-02
2.244035200000000022e-02
2.292328789999999866e-02
2.275001490000000057e-02
2.283990970000000092e-02
2.295187149999999843e-02
2.280643049999999880e-02
2.356107400000000129e-02
2.263917140000000147e-02
2.323666820000000119e-02
2.318676509999999941e-02
2.295674979999999879e-02
2.404572669999999884e-02
2.297491230000000065e-02
2.358162260000000107e-02
2.328381699999999832e-02
2.320539450000000045e-02
2.282234990000000033e-02
2.269918090000000097e-02
2.253918720000000139e-02
2.293925930000000057e-02
2.329044460000000150e-02
2.365423339999999860e-02
2.326370599999999858e-02
2.370926649999999941e-02
2.316508429999999952e-02
2.334269690000000119e-02
2.310546239999999862e-02
2.316578160000000094e-02
2.346357120000000171e-02
2.284781179999999939e-02
2.295983509999999922e-02
2.313667209999999835e-02
2.378326789999999843e-02
2.404275230000000110e-02
2.307911870000000157e-02
2.347941019999999837e-02
2.268087289999999936e-02
2.392583369999999945e-02
2.325138809999999917e-02
2.366435420000000123e-02
2.378500620000000010e-02
2.325773620000000028e-02
2.357134459999999862e-02
2.368666770000000046e-02
2.351774120000000093e-02
2.361349000000000087e-02
2.346522800000000117e-02
2.370668059999999841e-02
2.386298510000000109e-02
2.396329050000000141e-02
2.359927649999999863e-02
2.339121920000000049e-02
2.369029060000000034e-02
2.330753610000000156e-02
2.309333419999999928e-02
2.390837059999999931e-02
2.384118270000000137e-02
2.399797710000000153e-02
2.384718190000000015e-02
2.370374719999999991e-02
2.265491940000000093e-02
2.360676449999999857e-02
2.344014440000000143e-02
2.387920229999999921e-02
2.385721630000000107e-02
2.383521640000000122e-02
2.460533070000000058e-02
2.414314669999999968e-02
2.485094350000000007e-02
2.428083370000000060e-02
2.472151820000000055e-02
2.472401089999999926e-02
2.394443699999999897e-02
2.420040359999999988e-02
2.404565330000000070e-02
2.377771440000000028e-02
2.371949070000000173e-02
2.343240129999999907e-02
2.481055680000000124e-02
2.441064440000000058e-02
2.436508399999999866e-02
2.409807610000000086e-02
2.394770220000000047e-02
2.410148200000000046e-02
2.398510889999999965e-02
2.476047149999999891e-02
2.413958050000000050e-02
2.420737670000000161e-02
2.451510789999999940e-02
2.424718030000000066e-02
2.406741529999999879e-02
2.403673240000000003e-02
2.446384780000000064e-02
2.543529649999999934e-02
2.453283789999999992e-02
2.414426570000000050e-02
2.465084010000000159e-02
2.413316349999999888e-02
2.500773369999999968e-02
2.472298820000000050e-02
2.443957600000000105e-02
2.440759699999999963e-02
2.472057069999999968e-02
2.449342960000000166e-02
2.424008329999999961e-02
2.497062569999999870e-02
2.444596619999999873e-02
2.486628239999999837e-02
2.437798340000000077e-02
2.525917750000000045e-02
2.491204350000000151e-02
2.477811580000000014e-02
2.425340830000000114e-02
2.420232849999999838e-02
2.399412700000000051e-02
2.513880320000000043e-02
2.480614650000000088e-02
2.573776980000000089e-02
2.577290750000000089e-02
2.461195929999999976e-02
2.440883810000000001e-02
2.501705170000000089e-02
2.453853989999999971e-02
2.480439699999999886e-02
2.481688040000000137e-02
2.453856810000000152e-02
2.494851840000000126e-02
2.477829969999999910e-02
2.461763629999999883e-02
2.474955770000000083e-02
2.523612960000000058e-02
2.568324950000000148e-02
2.455092639999999909e-02
2.575742710000000074e-02
2.461625779999999930e-02
2.528510700000000111e-02
2.488930879999999915e-02
2.468912720000000088e-02
2.499032400000000126e-02
2.503775639999999969e-02
2.548797480000000032e-02
2.578692620000000088e-02
2.546016959999999885e-02
2.574538269999999962e-02
2.567439059999999940e-02
2.523631809999999850e-02
2.619544069999999933e-02
2.526930280000000070e-02
2.505243710000000165e-02
2.530092109999999839e-02
2.589794139999999911e-02
2.565719340000000015e-02
2.469697170000000053e-02
2.613243000000000163e-02
2.507239119999999863e-02
2.498396810000000010e-02
2.579923950000000132e-02
2.506629880000000102e-02
2.505398409999999923e-02
2.567564379999999827e-02
2.506560349999999854e-02
2.575670399999999832e-02
2.563763419999999862e-02
2.503804780000000105e-02
2.519235800000000150e-02
2.539031049999999901e-02
2.557961040000000102e-02
2.556483710000000131e-02
2.599596380000000068e-02
2.619220449999999992e-02
2.541838860000000117e-02
2.601925169999999912e-02
2.613260619999999840e-02
2.688242320000000171e-02
2.642630119999999846e-02
2.613297540000000113e-02
2.722204220000000105e-02
2.592786340000000078e-02
2.589520030000000070e-02
2.634366609999999956e-02
2.618416839999999912e-02
2.580532290000000020e-02
2.625809579999999893e-02
2.622565509999999836e-02
2.571510310000000091e-02
2.548719909999999991e-02
2.551451830000000046e-02
2.660099100000000091e-02
2.557616429999999899e-02
2.595365479999999989e-02
2.634223070000000014e-02
2.574085790000000054e-02
2.618258500000000127e-02
2.652675469999999855e-02
2.630105199999999838e-02
2.619088489999999922e-02
2.566587249999999903e-02
2.642763409999999979e-02
2.623189570000000054e-02
2.667634820000000170e-02
2.626499319999999957e-02
2.610198229999999980e-02
2.652247870000000105e-02
2.675846590000000025e-02
2.680521989999999979e-02
2.613064760000000097e-02
2.674309969999999828e-02
2.603301480000000043e-02
2.639059590000000094e-02
2.619005599999999975e-02
2.689278590000000052e-02
2.697609299999999960e-02
2.558504799999999912e-02
2.748227989999999996e-02
2.644594210000000140e-02
2.621137230000000068e-02
2.595780320000000072e-02
2.787863999999999967e-02
2.646426299999999829e-02
2.697059190000000023e-02
2.604495180000000049e-02
2.644010059999999870e-02
2.717894109999999946e-02
2.717566620000000030e-02
2.704704679999999847e-02
2.701386890000000152e-02
2.645706009999999886e-02
2.773788760000000034e-02
2.773804870000000020e-02
2.827575330000000123e-02
2.766371800000000034e-02
2.705248960000000008e-02
2.757105879999999926e-02
2.751552330000000060e-02
2.685728340000000103e-02
2.678891350000000074e-02
2.700504410000000022e-02
2.743010090000000054e-02
2.725632080000000082e-02
2.723466119999999949e-02
2.682184619999999908e-02
2.685519199999999995e-02
2.684860049999999998e-02
2.795759780000000097e-02
2.682649750000000097e-02
2.730472039999999948e-02
2.618013459999999834e-02
2.791531690000000065e-02
2.677860810000000022e-02
2.754168809999999953e-02
2.728155930000000090e-02
2.737529509999999874e-02
2.745625410000000072e-02
2.641904159999999835e-02
2.842161240000000075e-02
2.779096030000000050e-02
2.755236390000000146e-02
2.722548220000000144e-02
2.655772309999999969e-02
2.819234229999999924e-02
2.745625410000000072e-02
2.757680419999999910e-02
2.655511340000000012e-02
2.729916829999999919e-02
2.834642039999999905e-02
2.743721719999999906e-02
2.702004049999999838e-02
2.700090939999999842e-02
2.799934969999999870e-02
2.753722410000000037e-02
2.752836909999999832e-02
2.776324549999999863e-02
2.790318049999999939e-02
2.863949539999999933e-02
2.768256120000000056e-02
2.750614490000000134e-02
2.797831159999999984e-02
2.813037289999999885e-02
2.824800859999999914e-02
2.768886370000000000e-02
2.783654210000000018e-02
2.853361490000000042e-02
2.736571600000000173e-02
2.770864740000000132e-02
2.769084189999999890e-02
2.856047520000000103e-02
2.769708720000000138e-02
2.857525129999999997e-02
2.859366719999999890e-02
2.922989449999999906e-02
2.844717199999999974e-02
2.861096360000000074e-02
2.806070459999999989e-02
2.854472649999999917e-02
2.934178269999999922e-02
2.811468459999999850e-02
2.829708540000000147e-02
2.822986599999999929e-02
2.823794270000000092e-02
2.900062869999999945e-02
2.770772670000000090e-02
2.865770449999999886e-02
2.885060349999999871e-02
2.841167840000000111e-02
2.868323819999999899e-02
2.884910300000000094e-02
2.871815429999999975e-02
2.795614280000000007e-02
2.837913499999999978e-02
2.802309869999999870e-02
2.929414409999999899e-02
2.816118219999999908e-02
2.901565320000000156e-02
2.898077439999999921e-02
2.873803860000000154e-02
2.830621360000000128e-02
2.829967190000000007e-02
2.849654310000000051e-02
2.903119289999999894e-02
2.930967580000000058e-02
2.916075140000000052e-02
2.857843050000000162e-02
2.948993639999999972e-02
3.029116230000000048e-02
2.882066310000000117e-02
2.855670949999999930e-02
2.875620170000000100e-02
2.890017840000000046e-02
2.881970669999999943e-02
2.805760129999999852e-02
2.938416359999999894e-02
2.907663179999999889e-02
2.939195080000000029e-02
2.847663240000000012e-02
2.924054619999999841e-02
2.922753590000000054e-02
2.920914800000000075e-02
2.935107340000000023e-02
2.948003769999999954e-02
2.915675230000000159e-02
2.955931469999999867e-02
2.916101030000000163e-02
2.972200200000000084e-02
3.018651749999999925e-02
2.965403410000000059e-02
2.965316440000000109e-02
2.882386569999999953e-02
2.949969859999999888e-02
3.006860589999999986e-02
2.929019639999999938e-02
2.972518840000000148e-02
2.999814149999999874e-02
2.948152310000000040e-02
3.074176949999999839e-02
2.966796210000000045e-02
2.973978060000000145e-02
3.010072769999999967e-02
2.976209889999999886e-02
3.046165630000000069e-02
3.060228879999999860e-02
2.999563610000000047e-02
3.062057760000000059e-02
2.963677090000000139e-02
3.037050050000000140e-02
3.068588469999999901e-02
3.030505959999999985e-02
3.003264430000000124e-02
2.990592450000000013e-02
3.031455879999999867e-02
2.944480179999999989e-02
2.928253030000000159e-02
2.990333740000000046e-02
2.985993779999999986e-02
3.080505979999999949e-02
2.971312679999999970e-02
3.033046110000000087e-02
2.849806200000000109e-02
3.138192690000000257e-02
2.980695729999999904e-02
2.955350279999999913e-02
3.021304060000000111e-02
3.029029700000000075e-02
3.018955229999999851e-02
3.106945880000000146e-02
2.981183659999999888e-02
3.122812399999999947e-02
3.127614480000000252e-02
3.108461289999999919e-02
3.157016599999999673e-02
3.135248420000000258e-02
3.096115970000000092e-02
3.097741370000000119e-02
3.031679519999999975e-02
2.983113769999999956e-02
3.021980009999999939e-02
3.035522319999999982e-02
3.096131959999999864e-02
2.996415930000000116e-02
3.030525920000000026e-02
2.983563939999999901e-02
3.054146580000000055e-02
3.036234559999999999e-02
3.079629000000000047e-02
3.092443729999999960e-02
2.981577059999999946e-02
3.137041089999999949e-02
3.157459569999999938e-02
3.133266030000000230e-02
3.094329919999999970e-02
3.085757379999999953e-02
3.053521340000000042e-02
3.201747590000000171e-02
3.152285149999999730e-02
3.144270670000000323e-02
3.101815130000000129e-02
3.138396470000000271e-02
3.053752139999999990e-02
3.094419489999999939e-02
3.032993130000000148e-02
3.151929409999999765e-02
3.144207990000000286e-02
3.130591419999999986e-02
3.138192690000000257e-02
3.092048569999999996e-02
3.209763160000000254e-02
3.160248060000000331e-02
3.181321709999999914e-02
3.112637580000000154e-02
3.127273020000000125e-02
3.067684970000000150e-02
3.190509920000000194e-02
3.249670810000000049e-02
3.128732929999999968e-02
3.137077939999999981e-02
3.042685479999999998e-02
3.118686479999999844e-02
3.216899959999999781e-02
3.170373640000000159e-02
3.185300299999999779e-02
3.114738619999999833e-02
3.125413610000000314e-02
3.202713449999999851e-02
3.237226270000000128e-02
3.202158279999999663e-02
3.163501650000000165e-02
3.076332030000000078e-02
3.113518770000000060e-02
3.269900149999999811e-02
3.165196599999999666e-02
3.316172490000000167e-02
3.269446220000000319e-02
3.140915679999999738e-02
3.181381939999999853e-02
3.173490939999999705e-02
3.165012529999999824e-02
3.281534819999999686e-02
3.134585770000000021e-02
3.111662850000000008e-02
3.246350960000000258e-02
3.372021969999999813e-02
3.246718660000000312e-02
3.318929340000000006e-02
3.217964899999999767e-02
3.241583070000000205e-02
3.278318410000000127e-02
3.237541380000000246e-02
3.257392890000000013e-02
3.098419319999999935e-02
3.065880879999999947e-02
3.261800720000000015e-02
3.265563689999999991e-02
3.163032090000000157e-02
3.141571370000000030e-02
3.263272789999999840e-02
3.244207200000000235e-02
3.197719759999999994e-02
3.195198679999999847e-02
3.223053289999999738e-02
3.264448670000000274e-02
3.270695359999999802e-02
3.260509939999999690e-02
3.246142710000000237e-02
3.392469370000000123e-02
3.219492749999999792e-02
3.236226889999999773e-02
3.298088180000000036e-02
3.281223219999999940e-02
3.311230889999999816e-02
3.269317620000000008e-02
3.323856640000000251e-02
3.220003999999999922e-02
3.227170099999999986e-02
3.236226889999999773e-02
3.374297820000000253e-02
3.277277779999999974e-02
3.334811740000000191e-02
3.284748660000000320e-02
3.324621879999999779e-02
3.227715789999999890e-02
3.446496150000000203e-02
3.378163389999999655e-02
3.340808430000000162e-02
3.326033059999999875e-02
3.280195720000000231e-02
3.530152229999999891e-02
3.169215100000000174e-02
3.365207309999999896e-02
3.489482740000000166e-02
3.187653809999999727e-02
3.375369240000000021e-02
3.277412550000000091e-02
3.326555939999999850e-02
3.154589950000000198e-02
3.330504470000000133e-02
3.436139159999999915e-02
3.290908199999999922e-02
3.364445559999999780e-02
3.311866969999999882e-02
3.315265469999999909e-02
3.448594809999999677e-02
3.237874859999999994e-02
3.491499459999999888e-02
3.348901700000000287e-02
3.389861749999999868e-02
3.281101730000000188e-02
3.363772959999999923e-02
3.448303199999999680e-02
3.499920069999999661e-02
3.460294319999999979e-02
3.498381589999999958e-02
3.327022500000000049e-02
3.359595530000000080e-02
3.450056230000000251e-02
3.274546710000000166e-02
3.495262620000000320e-02
3.477678680000000078e-02
3.380277880000000235e-02
3.405484880000000242e-02
3.465617199999999898e-02
3.322784840000000267e-02
3.471943119999999772e-02
3.424162959999999672e-02
3.400260630000000173e-02
3.487287919999999819e-02
3.326685139999999846e-02
3.477771930000000261e-02
3.414201570000000019e-02
3.480148059999999682e-02
3.444756969999999974e-02
3.318929340000000006e-02
3.420549430000000002e-02
3.412956610000000141e-02
3.371095520000000345e-02
3.532613329999999968e-02
3.309937789999999741e-02
3.448594809999999677e-02
3.382791019999999843e-02
3.410252660000000213e-02
3.458566119999999938e-02
3.507793819999999868e-02
3.514047299999999846e-02
3.526717029999999753e-02
3.480148059999999682e-02
3.461764509999999684e-02
3.570928930000000223e-02
3.493813829999999759e-02
3.411563530000000233e-02
3.568184299999999781e-02
3.342951799999999835e-02
3.604506560000000220e-02
3.518910110000000174e-02
3.641832720000000301e-02
3.471049229999999958e-02
3.505784740000000149e-02
3.443213829999999809e-02
3.666418779999999766e-02
3.591771879999999806e-02
3.489288909999999772e-02
3.503998540000000106e-02
3.486019080000000298e-02
3.582111980000000223e-02
3.576432920000000015e-02
3.706024780000000129e-02
3.498589839999999979e-02
3.399103199999999741e-02
3.451496450000000188e-02
3.540927370000000046e-02
3.582922530000000327e-02
3.514770119999999914e-02
3.574087060000000204e-02
3.507454289999999836e-02
3.769675840000000222e-02
3.577889349999999885e-02
3.523501519999999720e-02
3.610865180000000230e-02
3.571536270000000290e-02
3.531091840000000204e-02
3.419330730000000318e-02
3.557731229999999689e-02
3.562309639999999833e-02
3.517850680000000202e-02
3.508441379999999860e-02
3.771565179999999962e-02
3.594952199999999765e-02
3.704150049999999778e-02
3.649802750000000207e-02
3.567839090000000241e-02
3.618246120000000177e-02
3.587554639999999961e-02
3.801197810000000316e-02
3.658967789999999914e-02
3.455340989999999834e-02
3.780950999999999756e-02
3.651797629999999767e-02
3.737597809999999854e-02
3.684148410000000207e-02
3.659605159999999857e-02
3.599495829999999758e-02
3.680924929999999928e-02
3.613749069999999675e-02
3.520165509999999970e-02
3.706816649999999935e-02
3.689915509999999732e-02
3.755050399999999844e-02
3.725041080000000143e-02
3.749122889999999958e-02
3.644794390000000162e-02
3.705254770000000059e-02
3.607316390000000345e-02
3.574660150000000258e-02
3.675518979999999741e-02
3.795142440000000283e-02
3.531091840000000204e-02
3.574987179999999931e-02
3.937818960000000201e-02
3.655965459999999806e-02
3.833375609999999795e-02
3.623044949999999764e-02
3.588383269999999986e-02
3.673119569999999667e-02
3.781353240000000226e-02
3.590413850000000184e-02
3.890458539999999688e-02
3.632816170000000011e-02
3.740963010000000061e-02
3.638650610000000035e-02
3.750174810000000275e-02
3.646415819999999919e-02
3.697873909999999792e-02
3.764042170000000270e-02
3.936718589999999712e-02
3.807230340000000018e-02
3.711949939999999865e-02
3.865519259999999901e-02
3.765969239999999996e-02
3.653765249999999659e-02
3.762071720000000064e-02
3.625573239999999725e-02
3.733112040000000076e-02
3.696951980000000304e-02
3.628219139999999676e-02
3.758259170000000093e-02
3.738542770000000126e-02
3.967435219999999874e-02
3.872029450000000206e-02
3.792517709999999875e-02
3.605629390000000128e-02
3.779282739999999946e-02
3.779578859999999790e-02
3.725893670000000185e-02
3.748223550000000237e-02
3.879156909999999930e-02
3.908468560000000203e-02
3.709457840000000145e-02
3.712419119999999656e-02
3.931413839999999688e-02
3.788745050000000281e-02
3.927048910000000004e-02
3.715983550000000191e-02
3.860397830000000113e-02
3.739167119999999706e-02
3.938335910000000106e-02
3.949945080000000219e-02
3.946858980000000211e-02
3.821269409999999978e-02
3.915461590000000186e-02
3.800289579999999862e-02
3.941275589999999884e-02
3.696712490000000212e-02
4.043769039999999676e-02
3.775835620000000253e-02
3.851002299999999740e-02
3.915236610000000228e-02
3.848101999999999773e-02
3.833392099999999997e-02
3.863008319999999829e-02
3.917617670000000246e-02
3.917510800000000015e-02
3.830830090000000160e-02
3.899161789999999739e-02
3.832822570000000290e-02
3.863974340000000257e-02
4.188833210000000168e-02
3.779509489999999944e-02
4.040039599999999814e-02
3.952877569999999757e-02
3.699480129999999783e-02
3.882036559999999664e-02
3.862408700000000139e-02
3.814130260000000300e-02
3.952677229999999875e-02
3.884218720000000291e-02
3.752878309999999745e-02
4.073622679999999718e-02
3.939437070000000041e-02
3.855660570000000315e-02
4.115440210000000099e-02
3.766711989999999705e-02
3.886938000000000198e-02
3.946582199999999763e-02
4.063921580000000311e-02
3.967617820000000212e-02
3.779541189999999912e-02
3.996317709999999690e-02
3.948019409999999757e-02
3.949945080000000219e-02
4.287050399999999678e-02
3.891485330000000326e-02
4.036045860000000290e-02
3.938521200000000277e-02
4.082071079999999991e-02
4.052976619999999752e-02
3.882514410000000027e-02
3.895913930000000081e-02
4.224689479999999692e-02
3.852371699999999899e-02
4.050536829999999699e-02
4.047598749999999773e-02
4.064847469999999935e-02
4.046081850000000230e-02
4.129292440000000008e-02
3.831458339999999768e-02
3.875256609999999657e-02
4.038883060000000164e-02
4.162969700000000023e-02
3.929206360000000314e-02
3.973786669999999910e-02
4.160199679999999900e-02
4.078274920000000275e-02
4.318880110000000022e-02
3.921630959999999888e-02
3.963176160000000253e-02
4.129190049999999917e-02
3.945725199999999822e-02
3.978605839999999755e-02
4.040355959999999969e-02
3.951376770000000066e-02
4.030205619999999850e-02
4.002384600000000181e-02
4.179807259999999969e-02
4.084164829999999830e-02
3.862203439999999793e-02
4.135582110000000228e-02
4.146140780000000248e-02
3.949011630000000272e-02
4.040445239999999882e-02
4.017940660000000191e-02
3.981693919999999831e-02
4.050457200000000257e-02
3.887065680000000023e-02
4.030399180000000109e-02
4.239402939999999814e-02
4.064131630000000078e-02
4.215857180000000259e-02
4.113290630000000087e-02
4.162426989999999660e-02
4.162384389999999879e-02
4.179756750000000048e-02
4.318558110000000200e-02
4.074437389999999853e-02
3.949735749999999657e-02
4.148552910000000149e-02
4.204929429999999801e-02
4.147302819999999779e-02
4.210161169999999953e-02
3.935025190000000089e-02
4.232611680000000071e-02
4.252562129999999663e-02
4.188908880000000168e-02
4.316940019999999933e-02
3.973863729999999733e-02
4.133449420000000207e-02
3.937081750000000213e-02
4.043095010000000156e-02
4.164999390000000135e-02
4.383799490000000326e-02
4.128891159999999866e-02
4.160601259999999885e-02
4.019196829999999859e-02
4.179403069999999831e-02
4.055963259999999931e-02
4.166233169999999930e-02
4.225741789999999665e-02
4.155968899999999688e-02
4.085102379999999700e-02
4.108293179999999989e-02
4.261818879999999810e-02
4.267026069999999699e-02
4.264076659999999769e-02
4.309325640000000179e-02
4.085455229999999938e-02
4.179020540000000228e-02
4.292099249999999783e-02
4.240427000000000085e-02
4.368247110000000183e-02
4.375286999999999926e-02
4.165497519999999954e-02
4.454085869999999808e-02
4.172391930000000221e-02
4.553675609999999901e-02
4.275097409999999848e-02
4.234504070000000286e-02
4.391698770000000002e-02
4.456764629999999949e-02
4.303193689999999794e-02
4.300941839999999905e-02
4.249453350000000074e-02
4.198888850000000172e-02
4.445018519999999890e-02
4.274562309999999782e-02
4.233773910000000057e-02
4.280474480000000248e-02
4.175288490000000213e-02
4.349169349999999767e-02
4.424531219999999765e-02
4.471614749999999749e-02
4.203843570000000140e-02
4.397770599999999835e-02
4.391886190000000162e-02
4.376141070000000299e-02
4.387529250000000297e-02
4.467823290000000336e-02
4.251381960000000237e-02
4.428897749999999994e-02
4.360672439999999789e-02
4.386833269999999840e-02
4.456564269999999800e-02
4.216199400000000125e-02
4.545588989999999746e-02
4.354580429999999752e-02
4.229739109999999802e-02
4.276076360000000132e-02
4.366330560000000055e-02
4.382414040000000288e-02
4.311189890000000080e-02
4.458449870000000259e-02
4.212449060000000162e-02
4.452366590000000207e-02
4.172705310000000140e-02
4.373611880000000118e-02
4.253336010000000056e-02
4.427532120000000210e-02
4.607759010000000294e-02
4.407163210000000081e-02
4.318668989999999847e-02
4.261800250000000179e-02
4.342665579999999831e-02
4.244504379999999855e-02
4.477437699999999715e-02
4.557706670000000182e-02
4.441562909999999947e-02
4.382475899999999785e-02
4.541550729999999786e-02
4.253176599999999863e-02
4.309255230000000325e-02
4.292365940000000130e-02
4.346914899999999859e-02
4.499407040000000246e-02
4.622404570000000074e-02
4.468284659999999936e-02
4.494466679999999797e-02
4.522145050000000305e-02
4.291439500000000101e-02
4.656063059999999976e-02
4.642480820000000064e-02
4.275493689999999847e-02
4.591950919999999992e-02
4.321974060000000062e-02
4.550597659999999767e-02
4.479650400000000088e-02
4.633336329999999947e-02
4.580265879999999984e-02
4.595725099999999758e-02
4.355691429999999920e-02
4.489686519999999681e-02
4.542146820000000224e-02
4.409384599999999904e-02
4.789523279999999966e-02
4.555989910000000226e-02
4.480343180000000147e-02
4.530140779999999867e-02
4.508371189999999668e-02
4.484396040000000055e-02
4.317401319999999987e-02
4.424531219999999765e-02
4.757740490000000183e-02
4.977814070000000091e-02
4.733143060000000180e-02
4.428661779999999715e-02
4.493287730000000008e-02
4.451002560000000274e-02
4.493146189999999707e-02
4.725044209999999800e-02
4.696595480000000100e-02
4.563184409999999913e-02
4.497006259999999922e-02
4.554543020000000053e-02
4.432455989999999763e-02
4.629956109999999736e-02
4.367426549999999658e-02
4.386191450000000158e-02
4.808783590000000052e-02
4.440311720000000156e-02
4.511310179999999947e-02
4.399065180000000241e-02
4.428420300000000115e-02
4.718419389999999741e-02
4.568861440000000079e-02
4.586628260000000235e-02
4.822386220000000195e-02
4.639655119999999688e-02
4.634685659999999985e-02
4.530734220000000312e-02
4.691683060000000072e-02
4.578042449999999985e-02
4.630322769999999782e-02
4.735807449999999974e-02
4.550140639999999959e-02
5.225663240000000265e-02
4.872066130000000245e-02
4.590276270000000214e-02
4.548606129999999831e-02
4.697852009999999717e-02
4.546081159999999788e-02
4.528380650000000257e-02
4.752796759999999843e-02
4.643857359999999795e-02
5.140311050000000159e-02
4.685128969999999976e-02
4.626565600000000222e-02
4.716165729999999973e-02
4.688643010000000111e-02
4.631011339999999837e-02
4.629505350000000241e-02
4.827376080000000264e-02
4.749584269999999886e-02
4.797493869999999716e-02
5.059301659999999867e-02
5.046133550000000273e-02
4.955606960000000227e-02
4.662100279999999847e-02
4.788857170000000024e-02
4.747661019999999815e-02
4.808899040000000347e-02
4.788191950000000169e-02
4.817173810000000000e-02
4.664937360000000199e-02
4.741841740000000277e-02
4.653521690000000238e-02
4.806562649999999992e-02
4.842305110000000301e-02
4.747587450000000098e-02
4.684749679999999916e-02
4.786935140000000283e-02
4.720970879999999981e-02
4.820970709999999881e-02
4.809625299999999853e-02
4.600749419999999867e-02
5.007079009999999830e-02
4.732748479999999980e-02
4.987389009999999845e-02
4.562522909999999765e-02
4.955606960000000227e-02
4.745610470000000136e-02
5.043066930000000142e-02
5.252426019999999890e-02
4.693721940000000065e-02
4.998281019999999825e-02
4.830357980000000301e-02
4.855817269999999908e-02
4.744488949999999677e-02
4.781525109999999745e-02
4.927574939999999903e-02
4.723984819999999668e-02
4.775746530000000295e-02
5.076386010000000226e-02
5.207951770000000119e-02
5.007708500000000035e-02
4.726504170000000310e-02
5.154884879999999808e-02
5.267872929999999759e-02
4.956003560000000335e-02
4.801813039999999755e-02
5.053514309999999898e-02
4.815789499999999917e-02
4.914638419999999702e-02
4.908104640000000157e-02
5.118761599999999828e-02
4.935773499999999980e-02
5.139157340000000129e-02
5.168915260000000317e-02
4.859218159999999925e-02
5.317846059999999792e-02
5.002649089999999799e-02
5.139576330000000109e-02
5.144960679999999870e-02
5.063947640000000111e-02
4.864725050000000273e-02
4.905911329999999848e-02
4.630618320000000343e-02
4.879426099999999850e-02
4.927961790000000286e-02
4.783706969999999836e-02
4.724357459999999759e-02
4.863011069999999963e-02
4.807239330000000199e-02
4.982714320000000002e-02
4.796961229999999882e-02
4.888795209999999974e-02
5.163423939999999684e-02
4.792357390000000217e-02
4.880382309999999751e-02
4.972543990000000136e-02
5.061066119999999696e-02
4.799131060000000337e-02
5.048927859999999962e-02
5.078793990000000230e-02
4.983422039999999692e-02
4.771212560000000213e-02
4.990409999999999985e-02
4.887156229999999740e-02
5.114626130000000243e-02
5.215943990000000002e-02
5.082091700000000017e-02
5.054941510000000165e-02
4.966780400000000290e-02
4.984043490000000104e-02
5.175309799999999738e-02
5.087885670000000249e-02
5.163546840000000221e-02
5.033269239999999672e-02
4.975492229999999710e-02
5.050053449999999944e-02
5.225124889999999828e-02
5.051421269999999825e-02
5.200766130000000070e-02
5.183314430000000167e-02
5.012456900000000076e-02
5.438187130000000230e-02
5.193164630000000198e-02
5.314989059999999932e-02
5.354007589999999761e-02
5.067453150000000156e-02
5.182267780000000129e-02
5.141475110000000293e-02
5.079077939999999958e-02
5.189401030000000137e-02
5.319309900000000063e-02
5.432168779999999725e-02
5.263497770000000187e-02
5.146756460000000144e-02
5.132215190000000149e-02
4.958871470000000142e-02
4.983516889999999727e-02
5.229331809999999969e-02
5.388906489999999855e-02
4.931695219999999991e-02
5.130944710000000242e-02
5.259140260000000344e-02
5.311225339999999656e-02
5.024824690000000149e-02
5.243077680000000212e-02
5.323311979999999916e-02
5.352756620000000132e-02
5.521039640000000026e-02
5.224451170000000283e-02
5.411171800000000309e-02
5.346126500000000087e-02
5.296355999999999981e-02
5.396887139999999999e-02
5.170117660000000254e-02
5.332237170000000276e-02
5.138416500000000248e-02
5.447391439999999668e-02
5.282578050000000247e-02
5.094149010000000033e-02
5.144633509999999715e-02
5.325620190000000115e-02
5.655307960000000023e-02
5.178100189999999825e-02
5.356878240000000069e-02
5.402559760000000266e-02
5.755633739999999748e-02
5.299330569999999990e-02
5.400104060000000122e-02
5.443582289999999990e-02
5.408519590000000071e-02
5.073710740000000191e-02
5.328824160000000115e-02
5.644881279999999779e-02
5.602783199999999963e-02
5.448866029999999833e-02
5.357963379999999831e-02
5.534604779999999918e-02
5.274280509999999811e-02
5.366054149999999884e-02
5.629265070000000204e-02
5.383595830000000027e-02
5.532250479999999832e-02
5.757571949999999716e-02
5.281474989999999925e-02
5.405390610000000012e-02
5.302846890000000035e-02
5.644986920000000241e-02
5.250933280000000258e-02
5.282263579999999653e-02
5.790570839999999858e-02
5.500651439999999781e-02
5.301166499999999948e-02
5.423525230000000169e-02
5.276404479999999980e-02
5.477590920000000030e-02
5.520923910000000157e-02
5.544650009999999712e-02
5.764749510000000132e-02
5.312340129999999772e-02
5.278907759999999783e-02
5.462055970000000149e-02
5.699878089999999703e-02
5.742706630000000284e-02
5.576249739999999955e-02
5.600775680000000256e-02
5.715164130000000009e-02
5.535871719999999746e-02
5.642987420000000059e-02
5.292283779999999715e-02
5.003618239999999689e-02
5.534180999999999823e-02
5.417699580000000237e-02
5.656253390000000325e-02
6.010702689999999904e-02
5.469103019999999732e-02
5.692927550000000114e-02
5.483517129999999906e-02
5.415426940000000328e-02
5.549882669999999657e-02
5.552997359999999744e-02
5.895932200000000151e-02
5.512810270000000068e-02
5.505902449999999781e-02
5.895108439999999922e-02
5.988424739999999996e-02
5.498165180000000318e-02
5.833780789999999661e-02
5.450281559999999720e-02
5.800186040000000071e-02
5.570679259999999910e-02
6.100591140000000134e-02
6.046340289999999756e-02
5.414174749999999675e-02
5.410722879999999707e-02
5.510835869999999859e-02
5.415146400000000332e-02
5.761217770000000293e-02
5.852210039999999891e-02
6.058709820000000162e-02
5.501041799999999843e-02
5.462991930000000301e-02
6.028718730000000303e-02
5.750832699999999797e-02
6.028263600000000055e-02
5.677429479999999973e-02
5.752772309999999722e-02
5.308086070000000295e-02
5.783014439999999839e-02
5.700050680000000314e-02
5.588167980000000035e-02
5.806351769999999746e-02
5.710079569999999827e-02
5.591816559999999992e-02
5.810977190000000264e-02
6.081490209999999841e-02
5.794604899999999947e-02
5.701787190000000283e-02
5.664122700000000232e-02
5.961881900000000345e-02
5.540318069999999873e-02
5.422909489999999666e-02
5.898875600000000330e-02
6.117122829999999817e-02
5.624371940000000292e-02
5.485537489999999655e-02
5.728337680000000071e-02
5.714647739999999948e-02
5.804475869999999732e-02
5.752925450000000163e-02
5.779703270000000059e-02
5.496334399999999731e-02
5.628087960000000001e-02
5.878891680000000036e-02
5.768546279999999665e-02
6.037974200000000013e-02
5.527383880000000249e-02
5.528486290000000219e-02
6.285484239999999945e-02
5.801237580000000171e-02
5.751618170000000196e-02
5.647974299999999892e-02
5.792333029999999910e-02
6.074397530000000267e-02
5.836724930000000006e-02
6.190020059999999658e-02
5.581999249999999857e-02
5.829311789999999660e-02
5.636997779999999847e-02
5.761716129999999714e-02
5.772863780000000306e-02
5.979487070000000237e-02
6.077418629999999794e-02
6.122590399999999766e-02
5.837235600000000024e-02
6.030721409999999921e-02
6.312364230000000465e-02
5.613003729999999775e-02
5.932688409999999773e-02
5.974631429999999882e-02
5.755210730000000219e-02
5.698256749999999760e-02
5.773079460000000301e-02
5.896398030000000318e-02
5.933837990000000173e-02
5.826966590000000334e-02
6.421233390000000152e-02
5.726385099999999756e-02
5.531452690000000089e-02
6.052112719999999668e-02
6.105116199999999910e-02
6.362471100000000046e-02
6.209303070000000285e-02
6.317875709999999645e-02
6.076510009999999684e-02
6.292323569999999644e-02
5.938282169999999777e-02
6.362962110000000560e-02
6.656385039999999920e-02
6.368355009999999983e-02
6.021440410000000049e-02
5.884938060000000082e-02
6.042241940000000339e-02
5.999148039999999821e-02
6.277858729999999388e-02
6.013898300000000002e-02
5.966932900000000012e-02
6.024915299999999974e-02
6.558129869999999861e-02
6.257640849999999977e-02
6.148071759999999830e-02
6.066207789999999989e-02
6.258954690000000098e-02
6.735816669999999950e-02
6.299131650000000526e-02
6.229638839999999955e-02
6.039043749999999794e-02
7.032118119999999917e-02
6.118523900000000237e-02
6.018151110000000137e-02
6.386512910000000098e-02
6.033760419999999874e-02
6.435575999999999797e-02
6.173773529999999898e-02
6.559552280000000013e-02
5.994846880000000156e-02
6.627960750000000401e-02
6.298225420000000407e-02
6.805362759999999955e-02
6.136175750000000262e-02
6.058035090000000317e-02
5.644786930000000175e-02
6.194687089999999924e-02
5.927838500000000288e-02
6.378467869999999984e-02
6.283978960000000114e-02
5.936737319999999679e-02
6.235420650000000203e-02
5.517214849999999698e-02
6.599506689999999620e-02
5.783957010000000121e-02
6.565201079999999356e-02
6.822693239999999548e-02
6.269265329999999803e-02
6.474350469999999580e-02
6.143648930000000091e-02
5.850953450000000167e-02
6.518639219999999845e-02
6.240084220000000070e-02
6.155444420000000250e-02
6.065011389999999669e-02
5.847932439999999760e-02
6.075482720000000003e-02
6.374511809999999778e-02
6.003453200000000156e-02
6.624373249999999935e-02
6.304267049999999484e-02
6.660502329999999638e-02
6.119096770000000129e-02
5.857854669999999764e-02
6.557254949999999361e-02
6.276509040000000095e-02
6.234390320000000180e-02
6.259152619999999723e-02
6.609110619999999936e-02
6.568178970000000672e-02
6.037962589999999741e-02
6.936838680000000090e-02
6.191673870000000135e-02
6.138944439999999975e-02
6.805603809999999365e-02
6.448169430000000313e-02
6.785116260000000066e-02
6.517910220000000532e-02
6.363148329999999964e-02
6.775685989999999381e-02
6.640175700000000569e-02
6.104703040000000053e-02
6.746545669999999550e-02
6.605050510000000374e-02
6.388437090000000096e-02
7.184142239999999346e-02
6.445989809999999598e-02
6.420702709999999425e-02
6.330358369999999901e-02
6.582593239999999513e-02
6.859011750000000573e-02
6.378828159999999636e-02
6.021102059999999812e-02
6.929482239999999738e-02
6.498805909999999519e-02
6.536692639999999721e-02
5.824897980000000308e-02
6.258526690000000559e-02
6.438129820000000614e-02
7.197243550000000101e-02
6.933860029999999730e-02
6.744867279999999798e-02
6.709361719999999696e-02
6.242993539999999730e-02
7.221437399999999784e-02
6.231101709999999766e-02
6.493586149999999724e-02
6.252833600000000380e-02
6.784655289999999561e-02
6.591143389999999658e-02
6.586828440000000451e-02
7.180477840000000500e-02
7.110247819999999941e-02
6.808640069999999378e-02
7.110247819999999941e-02
6.362830519999999879e-02
6.401984930000000074e-02
6.400636160000000574e-02
6.255426309999999324e-02
7.080114590000000097e-02
7.619925430000000499e-02
6.127007880000000239e-02
6.963037249999999567e-02
7.110545710000000519e-02
6.948969770000000545e-02
6.509577830000000398e-02
6.486925309999999611e-02
6.878824249999999918e-02
6.969043469999999796e-02
6.602024739999999559e-02
6.971442880000000564e-02
7.051518360000000318e-02
6.682701759999999658e-02
6.966188689999999739e-02
6.741736759999999995e-02
7.376790769999999609e-02
6.837220939999999469e-02
6.618894370000000249e-02
6.998434520000000603e-02
6.570117649999999976e-02
6.644254569999999416e-02
6.594205779999999517e-02
7.525440399999999697e-02
6.739126380000000360e-02
7.451528329999999867e-02
7.168099090000000506e-02
6.901683349999999939e-02
7.142856079999999885e-02
7.279297910000000205e-02
6.711563069999999798e-02
6.757225540000000308e-02
6.750997579999999665e-02
7.321488789999999747e-02
7.061658249999999692e-02
6.864135870000000195e-02
6.533487559999999472e-02
7.454146840000000496e-02
6.791067620000000582e-02
7.221063689999999979e-02
7.057152560000000407e-02
7.033381739999999827e-02
6.917899060000000377e-02
7.011268119999999882e-02
7.577618040000000388e-02
7.386239129999999653e-02
6.887675309999999329e-02
7.464746769999999754e-02
6.843171430000000166e-02
7.608447290000000529e-02
7.057700919999999878e-02
6.559200789999999892e-02
