8.619331100000000509e-03
8.556647840000000671e-03
8.676798410000000419e-03
8.635546100000000488e-03
8.713033619999999493e-03
8.614793000000000797e-03
8.630067800000000219e-03
8.764459849999999691e-03
8.886504680000000683e-03
8.884275000000000505e-03
8.856613359999999588e-03
8.838010000000000310e-03
8.986728200000000319e-03
9.028730960000000069e-03
8.983470650000000349e-03
8.976107440000000506e-03
9.166894700000000756e-03
9.150984969999999621e-03
9.141689030000000465e-03
9.030558229999999242e-03
9.100079549999999171e-03
9.055301490000000619e-03
9.169266170000000757e-03
9.114132420000000540e-03
9.059966330000000442e-03
9.135006459999999232e-03
9.182860580000000439e-03
9.127811560000000796e-03
9.235169329999999219e-03
9.154185750000000052e-03
9.232119040000000276e-03
9.231587529999999917e-03
9.232399299999999309e-03
9.183244700000000801e-03
9.191726140000000198e-03
9.148643819999999899e-03
9.166744450000000044e-03
9.267437200000000833e-03
9.162111560000000057e-03
9.235162700000000557e-03
9.226924259999999892e-03
9.227575179999999294e-03
9.170030390000000198e-03
9.319389529999999588e-03
9.212822429999999868e-03
9.204261479999999856e-03
9.311323689999999667e-03
9.226396370000000680e-03
9.396202260000000028e-03
9.214709930000000368e-03
9.242012339999999479e-03
9.326521480000000627e-03
9.322184009999999812e-03
9.293979009999999916e-03
9.453208759999999836e-03
9.323700719999999595e-03
9.355321609999999941e-03
9.523391659999999939e-03
9.498057929999999607e-03
9.382992490000000366e-03
9.343485639999999509e-03
9.364190600000000739e-03
9.337197630000000290e-03
9.471766269999999308e-03
9.451001000000000540e-03
9.419967879999999530e-03
9.518332200000000076e-03
9.520743950000000455e-03
9.522939560000000594e-03
9.576022179999999287e-03
9.392378150000000106e-03
9.521607499999999377e-03
9.508747910000000386e-03
9.305424220000000496e-03
9.405110529999999996e-03
9.431544749999999644e-03
9.582427609999999429e-03
9.601950970000000182e-03
9.592203869999999660e-03
9.532783799999999808e-03
9.531329970000000304e-03
9.514804769999999495e-03
9.444564639999999955e-03
9.546857149999999140e-03
9.491753570000000667e-03
9.637246210000000382e-03
9.521240380000000475e-03
9.526875170000000809e-03
9.560980440000000150e-03
9.612876060000000861e-03
9.635739600000000141e-03
9.645034920000000039e-03
9.534637460000000217e-03
9.589337099999999461e-03
9.767712660000000408e-03
9.662349230000000580e-03
9.596049460000000489e-03
9.550734039999999800e-03
9.724170920000000523e-03
9.689723390000000089e-03
9.725449849999999799e-03
9.677290660000000683e-03
9.714599089999999618e-03
9.679541660000000672e-03
9.735538250000000046e-03
9.711992220000000009e-03
9.751919090000000026e-03
9.813449150000000398e-03
9.793862380000000617e-03
9.629787670000000688e-03
9.840058279999999366e-03
9.829428819999999623e-03
9.771159640000000660e-03
9.794328030000000462e-03
9.815395390000000372e-03
9.790595140000000335e-03
9.668422850000000374e-03
9.905520450000000060e-03
9.780715909999999555e-03
9.855338789999999391e-03
9.828954149999999390e-03
9.851982889999999493e-03
9.918044040000000700e-03
9.831008739999999232e-03
9.891787549999999513e-03
9.980163270000000017e-03
1.003956439999999922e-02
9.776355789999999907e-03
9.959774569999999688e-03
1.002076000000000008e-02
9.925160770000000104e-03
9.902074049999999225e-03
9.866703779999999591e-03
9.903154989999999464e-03
9.879078059999999231e-03
9.904380489999999732e-03
1.005165539999999975e-02
9.974643300000000587e-03
1.011347280000000036e-02
9.880997460000000635e-03
1.017512299999999946e-02
1.000368840000000030e-02
9.930048970000000808e-03
9.999336509999999859e-03
9.976423820000000081e-03
1.006478339999999916e-02
1.009840459999999940e-02
9.981368359999999440e-03
1.009675489999999932e-02
9.979208010000000656e-03
9.869339109999999970e-03
1.005977930000000013e-02
1.005481649999999914e-02
1.007115809999999979e-02
1.012859479999999972e-02
1.014180299999999958e-02
1.020792839999999993e-02
1.002121419999999971e-02
1.022765590000000030e-02
1.015791469999999946e-02
1.011963930000000025e-02
1.013766890000000059e-02
1.014314810000000074e-02
1.008736829999999987e-02
1.018848330000000045e-02
1.021276269999999917e-02
1.027831679999999942e-02
1.028915279999999960e-02
1.017190200000000003e-02
1.009546600000000086e-02
1.021638000000000060e-02
1.011695309999999931e-02
1.028733109999999985e-02
1.022998429999999979e-02
1.006407810000000021e-02
1.023121989999999960e-02
1.020528809999999946e-02
1.028659860000000030e-02
1.021251199999999998e-02
1.031094869999999927e-02
1.039921800000000000e-02
1.036093679999999968e-02
1.037880490000000003e-02
1.041912899999999920e-02
1.042078159999999983e-02
1.032087010000000069e-02
1.021655160000000014e-02
1.031631310000000017e-02
1.040024890000000070e-02
1.040179500000000014e-02
1.036443939999999973e-02
1.031427870000000031e-02
1.045462030000000007e-02
1.045812150000000051e-02
1.039257640000000073e-02
1.044117649999999967e-02
1.039276960000000069e-02
1.048126790000000058e-02
1.047518899999999933e-02
1.049337030000000066e-02
1.036018449999999945e-02
1.053745030000000082e-02
1.057756550000000031e-02
1.048693709999999960e-02
1.033621449999999956e-02
1.047211869999999968e-02
1.050730889999999980e-02
1.053344630000000066e-02
1.053097119999999928e-02
1.061158360000000016e-02
1.055600869999999934e-02
1.037988089999999919e-02
1.054906119999999940e-02
1.050621210000000048e-02
1.052727820000000022e-02
1.052910640000000002e-02
1.055916970000000087e-02
1.064128699999999927e-02
1.059105150000000037e-02
1.050173100000000026e-02
1.073531550000000022e-02
1.054538780000000009e-02
1.065779650000000037e-02
1.069696250000000057e-02
1.059891230000000080e-02
1.078812179999999975e-02
1.054249869999999978e-02
1.083117119999999975e-02
1.067364030000000040e-02
1.075875729999999954e-02
1.066643479999999922e-02
1.088678170000000056e-02
1.069412469999999997e-02
1.084368999999999958e-02
1.070342500000000079e-02
1.062113439999999923e-02
1.072064120000000044e-02
1.071096239999999936e-02
1.062775430000000021e-02
1.081619699999999962e-02
1.076601760000000033e-02
1.072492549999999947e-02
1.085200199999999948e-02
1.076649680000000067e-02
1.078747730000000071e-02
1.080325269999999997e-02
1.083308910000000021e-02
1.060288860000000062e-02
1.073999760000000046e-02
1.085178529999999975e-02
1.078269459999999999e-02
1.082857599999999948e-02
1.079624660000000000e-02
1.075898479999999949e-02
1.098066890000000059e-02
1.100923810000000065e-02
1.095676070000000009e-02
1.090621500000000035e-02
1.099345330000000079e-02
1.084397729999999997e-02
1.081247469999999967e-02
1.088788090000000069e-02
1.093765480000000005e-02
1.096582980000000013e-02
1.107549759999999946e-02
1.107445620000000082e-02
1.094537349999999930e-02
1.101048500000000041e-02
1.104291540000000051e-02
1.110019999999999930e-02
1.097976150000000081e-02
1.106317639999999936e-02
1.094394530000000060e-02
1.102604540000000008e-02
1.101016829999999953e-02
1.107998640000000014e-02
1.103068970000000044e-02
1.102259440000000028e-02
1.102377069999999938e-02
1.107133109999999983e-02
1.104051359999999940e-02
1.109903140000000066e-02
1.122471019999999979e-02
1.124296489999999926e-02
1.105978860000000029e-02
1.117122780000000086e-02
1.104183880000000027e-02
1.119217009999999915e-02
1.115598460000000007e-02
1.116692900000000079e-02
1.109284439999999941e-02
1.117609789999999929e-02
1.116560330000000018e-02
1.116943549999999986e-02
1.120936039999999995e-02
1.122764560000000071e-02
1.125742490000000012e-02
1.113299939999999946e-02
1.120683119999999963e-02
1.123386210000000031e-02
1.114056539999999998e-02
1.131648759999999941e-02
1.138164340000000045e-02
1.129458090000000012e-02
1.128464529999999993e-02
1.132141249999999918e-02
1.145602800000000004e-02
1.124363660000000063e-02
1.133554919999999952e-02
1.123934799999999970e-02
1.139844389999999930e-02
1.119701990000000064e-02
1.137358999999999939e-02
1.143976529999999985e-02
1.147427890000000082e-02
1.130558140000000045e-02
1.133010400000000056e-02
1.134345580000000082e-02
1.142648660000000066e-02
1.154453660000000041e-02
1.144803060000000074e-02
1.149488870000000065e-02
1.150274549999999972e-02
1.142402820000000020e-02
1.133815760000000082e-02
1.151479189999999979e-02
1.137859580000000030e-02
1.138874779999999969e-02
1.152931400000000058e-02
1.146149550000000010e-02
1.149926130000000074e-02
1.145514270000000043e-02
1.122179000000000058e-02
1.157636429999999925e-02
1.163205460000000038e-02
1.134531190000000016e-02
1.158917530000000071e-02
1.164437360000000060e-02
1.156433729999999972e-02
1.153137350000000075e-02
1.153807930000000023e-02
1.153282880000000045e-02
1.147625069999999928e-02
1.164729060000000045e-02
1.172106510000000060e-02
1.162698420000000087e-02
1.168057420000000006e-02
1.163866260000000034e-02
1.177661779999999991e-02
1.156695980000000019e-02
1.167186880000000045e-02
1.172288860000000009e-02
1.156341370000000049e-02
1.173420380000000061e-02
1.172357190000000021e-02
1.163960389999999998e-02
1.181390650000000049e-02
1.178853359999999968e-02
1.174906619999999992e-02
1.179176489999999959e-02
1.190254500000000049e-02
1.167636139999999982e-02
1.189835179999999999e-02
1.170936369999999935e-02
1.178780259999999934e-02
1.175861549999999978e-02
1.189389079999999925e-02
1.183135350000000079e-02
1.188514509999999934e-02
1.188273190000000042e-02
1.174859210000000001e-02
1.182279580000000080e-02
1.195650940000000072e-02
1.170395419999999999e-02
1.179964330000000082e-02
1.189704790000000074e-02
1.202897770000000040e-02
1.180705060000000056e-02
1.198208010000000046e-02
1.198982990000000033e-02
1.191220299999999968e-02
1.212773070000000043e-02
1.177352299999999928e-02
1.200923050000000068e-02
1.189165040000000027e-02
1.199084129999999915e-02
1.198212669999999987e-02
1.217347549999999931e-02
1.214503370000000020e-02
1.196137279999999990e-02
1.207133919999999958e-02
1.223558869999999930e-02
1.205768810000000003e-02
1.205616309999999955e-02
1.203056930000000017e-02
1.207777280000000078e-02
1.223783909999999996e-02
1.196238669999999914e-02
1.209650250000000003e-02
1.190244459999999921e-02
1.208300269999999961e-02
1.215079820000000005e-02
1.220363609999999994e-02
1.222330339999999974e-02
1.213995659999999970e-02
1.226320210000000042e-02
1.214307690000000078e-02
1.231399799999999961e-02
1.227778780000000035e-02
1.239862450000000019e-02
1.237463249999999973e-02
1.229974479999999988e-02
1.220260580000000032e-02
1.231229200000000072e-02
1.230167920000000033e-02
1.209706800000000075e-02
1.221303919999999939e-02
1.234204369999999940e-02
1.202470320000000037e-02
1.228314670000000067e-02
1.231279260000000056e-02
1.246514779999999961e-02
1.215893049999999982e-02
1.238370289999999978e-02
1.246540420000000031e-02
1.244308990000000080e-02
1.232244369999999957e-02
1.237257649999999945e-02
1.238563649999999995e-02
1.245383629999999991e-02
1.241479730000000052e-02
1.249941279999999995e-02
1.247167769999999939e-02
1.232071920000000001e-02
1.248797140000000062e-02
1.235674049999999947e-02
1.242948519999999973e-02
1.251411589999999914e-02
1.263514510000000000e-02
1.248037069999999998e-02
1.236738819999999919e-02
1.233130560000000008e-02
1.244654799999999999e-02
1.219013010000000001e-02
1.240779510000000058e-02
1.245463089999999939e-02
1.252601119999999929e-02
1.247714660000000080e-02
1.223224250000000055e-02
1.261994559999999981e-02
1.252601289999999944e-02
1.253727980000000040e-02
1.257390320000000006e-02
1.266234039999999950e-02
1.272203719999999948e-02
1.284261390000000086e-02
1.272090279999999948e-02
1.262505090000000038e-02
1.262660910000000004e-02
1.279702360000000046e-02
1.245003639999999953e-02
1.270260209999999994e-02
1.275432569999999932e-02
1.269190149999999996e-02
1.272436589999999951e-02
1.275959940000000008e-02
1.268390600000000000e-02
1.284794220000000028e-02
1.273335060000000026e-02
1.282252159999999926e-02
1.271971189999999974e-02
1.275404630000000032e-02
1.264704399999999965e-02
1.263837550000000004e-02
1.278661390000000037e-02
1.262010189999999976e-02
1.298260199999999934e-02
1.279479220000000021e-02
1.290595140000000071e-02
1.274629889999999953e-02
1.284488089999999937e-02
1.286102970000000019e-02
1.297605289999999995e-02
1.285711439999999949e-02
1.302677229999999950e-02
1.299543730000000084e-02
1.295977849999999966e-02
1.296868659999999944e-02
1.296972679999999940e-02
1.292269149999999978e-02
1.284218309999999967e-02
1.305208459999999959e-02
1.298574280000000004e-02
1.312498420000000020e-02
1.297811660000000068e-02
1.301668490000000046e-02
1.291399309999999995e-02
1.317215700000000031e-02
1.295424920000000021e-02
1.319732049999999997e-02
1.321976220000000042e-02
1.313482220000000006e-02
1.307165010000000023e-02
1.322226079999999984e-02
1.316987940000000079e-02
1.318480829999999979e-02
1.317132279999999947e-02
1.299555810000000040e-02
1.325487279999999941e-02
1.336018280000000023e-02
1.299871080000000040e-02
1.306766309999999980e-02
1.329238450000000057e-02
1.329009320000000029e-02
1.322351580000000019e-02
1.320809329999999941e-02
1.336156139999999937e-02
1.323331030000000040e-02
1.337605939999999931e-02
1.347445530000000030e-02
1.324410030000000051e-02
1.299954660000000005e-02
1.331832789999999947e-02
1.334892109999999930e-02
1.319128370000000050e-02
1.311481890000000018e-02
1.331822929999999967e-02
1.339409010000000046e-02
1.317117800000000040e-02
1.332692589999999976e-02
1.350964990000000018e-02
1.316987889999999932e-02
1.344073020000000063e-02
1.339739690000000052e-02
1.332946049999999931e-02
1.341477819999999967e-02
1.354163669999999993e-02
1.336036619999999946e-02
1.339256110000000034e-02
1.308361459999999969e-02
1.350907709999999914e-02
1.361015940000000028e-02
1.342938680000000003e-02
1.347544170000000013e-02
1.341290090000000004e-02
1.341543830000000055e-02
1.344826879999999961e-02
1.339541399999999959e-02
1.354467810000000057e-02
1.357831240000000050e-02
1.349710749999999924e-02
1.359321890000000053e-02
1.353790220000000016e-02
1.341625370000000018e-02
1.345939550000000047e-02
1.369220839999999925e-02
1.354240070000000025e-02
1.345013129999999939e-02
1.337783160000000082e-02
1.355829409999999985e-02
1.394118660000000058e-02
1.365580840000000032e-02
1.383081910000000074e-02
1.390727769999999981e-02
1.349551170000000064e-02
1.357421429999999991e-02
1.340501889999999932e-02
1.374628139999999922e-02
1.376196430000000033e-02
1.376653700000000057e-02
1.389652270000000037e-02
1.380716549999999945e-02
1.377207679999999969e-02
1.368645989999999965e-02
1.369522190000000035e-02
1.370416619999999946e-02
1.366061139999999972e-02
1.390018730000000015e-02
1.401986139999999992e-02
1.400073349999999932e-02
1.391382239999999944e-02
1.390941889999999966e-02
1.376212620000000046e-02
1.402757590000000033e-02
1.373231530000000068e-02
1.373503180000000025e-02
1.391486699999999917e-02
1.428370300000000002e-02
1.409016960000000068e-02
1.404577000000000082e-02
1.386348289999999976e-02
1.392188429999999949e-02
1.401636350000000017e-02
1.398184260000000061e-02
1.393217149999999988e-02
1.382510789999999955e-02
1.414861679999999955e-02
1.416149260000000056e-02
1.421149830000000003e-02
1.413849420000000065e-02
1.401274570000000073e-02
1.402148890000000023e-02
1.412272219999999995e-02
1.410112959999999978e-02
1.402670970000000072e-02
1.401236510000000018e-02
1.397462860000000043e-02
1.419809500000000085e-02
1.409764439999999959e-02
1.427854349999999918e-02
1.408400379999999973e-02
1.430570679999999990e-02
1.415001949999999953e-02
1.416119300000000074e-02
1.437212440000000015e-02
1.428283009999999943e-02
1.425790849999999943e-02
1.402643249999999987e-02
1.424325920000000037e-02
1.393259630000000075e-02
1.420624170000000033e-02
1.428717030000000061e-02
1.439200700000000006e-02
1.434309289999999987e-02
1.416344549999999994e-02
1.419194539999999935e-02
1.435703770000000025e-02
1.438470759999999939e-02
1.429013519999999988e-02
1.433647279999999968e-02
1.418155349999999926e-02
1.419440299999999953e-02
1.426011309999999921e-02
1.454547309999999934e-02
1.444579009999999962e-02
1.441459789999999935e-02
1.451226450000000015e-02
1.436346139999999938e-02
1.438441149999999946e-02
1.440362159999999947e-02
1.458125719999999945e-02
1.433078479999999946e-02
1.429742900000000039e-02
1.449650289999999953e-02
1.431414959999999931e-02
1.463201960000000065e-02
1.465753799999999947e-02
1.452764640000000010e-02
1.445299750000000015e-02
1.475740990000000072e-02
1.468638360000000011e-02
1.439075109999999984e-02
1.453668580000000085e-02
1.451121910000000015e-02
1.463645750000000002e-02
1.456122410000000068e-02
1.480696199999999990e-02
1.462916019999999963e-02
1.472486620000000059e-02
1.459486500000000027e-02
1.485042630000000044e-02
1.451189729999999983e-02
1.480529549999999930e-02
1.454560499999999965e-02
1.502409440000000013e-02
1.500788890000000035e-02
1.480646830000000025e-02
1.464501680000000056e-02
1.481893909999999932e-02
1.503686670000000010e-02
1.470788850000000030e-02
1.484755660000000067e-02
1.474256200000000072e-02
1.494082319999999985e-02
1.509261850000000009e-02
1.489509749999999924e-02
1.484522249999999967e-02
1.510187129999999989e-02
1.492542149999999922e-02
1.494089359999999957e-02
1.497056719999999980e-02
1.480097980000000084e-02
1.483342160000000048e-02
1.495043270000000028e-02
1.506811790000000054e-02
1.482635849999999929e-02
1.500194959999999987e-02
1.515183510000000025e-02
1.492850740000000072e-02
1.503393020000000010e-02
1.518526629999999988e-02
1.505071040000000027e-02
1.496265249999999963e-02
1.505691160000000028e-02
1.500191340000000054e-02
1.517693250000000035e-02
1.518372649999999956e-02
1.506205929999999971e-02
1.511137220000000059e-02
1.500817379999999993e-02
1.510560619999999979e-02
1.512651999999999920e-02
1.547393080000000060e-02
1.522321389999999920e-02
1.520872730000000055e-02
1.514101940000000049e-02
1.511507590000000026e-02
1.503968500000000055e-02
1.502780459999999985e-02
1.528506280000000057e-02
1.513471570000000065e-02
1.541536060000000055e-02
1.515503160000000044e-02
1.527368569999999932e-02
1.527059459999999952e-02
1.529459780000000033e-02
1.548331940000000073e-02
1.521060790000000086e-02
1.513484950000000030e-02
1.540706860000000053e-02
1.531977680000000050e-02
1.513021319999999920e-02
1.556946690000000043e-02
1.557178889999999948e-02
1.543229439999999932e-02
1.564743089999999850e-02
1.559263280000000064e-02
1.533460319999999967e-02
1.555585280000000049e-02
1.539200049999999917e-02
1.531015269999999942e-02
1.538736060000000030e-02
1.530394319999999961e-02
1.514501270000000004e-02
1.547994039999999946e-02
1.544885120000000049e-02
1.530583729999999976e-02
1.537782820000000057e-02
1.560668590000000022e-02
1.570195690000000116e-02
1.537788500000000086e-02
1.551751659999999963e-02
1.566721780000000092e-02
1.547956439999999961e-02
1.556646429999999914e-02
1.571702189999999930e-02
1.541694360000000000e-02
1.564876789999999906e-02
1.576319190000000092e-02
1.575000810000000070e-02
1.569424419999999876e-02
1.587305359999999915e-02
1.588653870000000107e-02
1.553626649999999970e-02
1.578193569999999935e-02
1.559781699999999993e-02
1.602374599999999844e-02
1.561849419999999933e-02
1.548622690000000038e-02
1.603600670000000089e-02
1.578639009999999870e-02
1.585312469999999863e-02
1.565885839999999959e-02
1.586660939999999867e-02
1.595603719999999850e-02
1.600569179999999925e-02
1.587214819999999832e-02
1.589669789999999944e-02
1.583248329999999843e-02
1.598870900000000025e-02
1.571258039999999870e-02
1.602042349999999865e-02
1.545607979999999958e-02
1.621182919999999972e-02
1.591186160000000044e-02
1.602245149999999979e-02
1.621794739999999832e-02
1.607532409999999981e-02
1.632371120000000037e-02
1.598764600000000119e-02
1.633005179999999848e-02
1.608159500000000061e-02
1.578614310000000034e-02
1.582637199999999827e-02
1.598271750000000019e-02
1.593041629999999986e-02
1.607615329999999981e-02
1.629083179999999895e-02
1.606069099999999847e-02
1.587699830000000034e-02
1.598024680000000031e-02
1.648014800000000002e-02
1.606896699999999997e-02
1.597162200000000129e-02
1.602142809999999862e-02
1.616798820000000039e-02
1.648630059999999994e-02
1.623590709999999868e-02
1.585320860000000165e-02
1.630132509999999979e-02
1.617173109999999955e-02
1.617488840000000025e-02
1.634532260000000001e-02
1.623261629999999886e-02
1.643790089999999995e-02
1.618183789999999914e-02
1.633318870000000089e-02
1.647811839999999833e-02
1.620268299999999898e-02
1.627981140000000007e-02
1.641689420000000052e-02
1.625444239999999929e-02
1.641982250000000032e-02
1.628347930000000054e-02
1.639810189999999987e-02
1.663489450000000050e-02
1.621510199999999860e-02
1.654001930000000009e-02
1.678605069999999921e-02
1.665095280000000039e-02
1.658966980000000160e-02
1.623012449999999829e-02
1.674629110000000129e-02
1.647675989999999868e-02
1.641628560000000028e-02
1.637081270000000088e-02
1.647033750000000130e-02
1.648383739999999958e-02
1.646431829999999916e-02
1.649081219999999973e-02
1.680511349999999973e-02
1.658637060000000066e-02
1.695266609999999952e-02
1.667579079999999964e-02
1.651352409999999951e-02
1.665609919999999980e-02
1.692496519999999935e-02
1.646244070000000073e-02
1.662549749999999923e-02
1.676640719999999973e-02
1.655937979999999934e-02
1.699336809999999962e-02
1.681884339999999839e-02
1.693173549999999958e-02
1.666708949999999925e-02
1.647255179999999875e-02
1.716010449999999868e-02
1.675886119999999910e-02
1.675831859999999882e-02
1.689057750000000011e-02
1.693644370000000135e-02
1.652474660000000095e-02
1.683484010000000156e-02
1.680580480000000085e-02
1.676327000000000025e-02
1.688857410000000128e-02
1.692826320000000162e-02
1.683364009999999827e-02
1.675039110000000123e-02
1.676107010000000078e-02
1.682293359999999932e-02
1.696700179999999919e-02
1.694291629999999937e-02
1.698998230000000123e-02
1.702731919999999829e-02
1.704404069999999882e-02
1.693523690000000095e-02
1.664329120000000023e-02
1.704239789999999893e-02
1.721570290000000100e-02
1.712398080000000072e-02
1.686217989999999958e-02
1.734856560000000089e-02
1.711888439999999928e-02
1.724186739999999940e-02
1.687932530000000111e-02
1.686486270000000023e-02
1.727035869999999848e-02
1.700896970000000119e-02
1.681910699999999981e-02
1.759926040000000039e-02
1.745051469999999924e-02
1.711911420000000045e-02
1.727268560000000050e-02
1.724806129999999910e-02
1.743732779999999927e-02
1.736438120000000085e-02
1.732798389999999980e-02
1.780561770000000169e-02
1.735565650000000029e-02
1.737068309999999921e-02
1.700566109999999964e-02
1.733971039999999963e-02
1.769865690000000172e-02
1.715617280000000106e-02
1.748923809999999857e-02
1.733402770000000079e-02
1.723027109999999973e-02
1.761891679999999863e-02
1.744230379999999955e-02
1.769629049999999967e-02
1.743336090000000005e-02
1.755390949999999922e-02
1.750434949999999865e-02
1.747327980000000155e-02
1.760665289999999855e-02
1.747284290000000045e-02
1.762027600000000069e-02
1.736388720000000066e-02
1.733507919999999897e-02
1.745170370000000137e-02
1.764356090000000071e-02
1.778923530000000100e-02
1.765838759999999868e-02
1.756333959999999833e-02
1.782857540000000116e-02
1.760362840000000151e-02
1.785412410000000033e-02
1.747751219999999980e-02
1.750481920000000052e-02
1.782569460000000064e-02
1.769229929999999867e-02
1.789461640000000048e-02
1.767977100000000037e-02
1.760571879999999964e-02
1.799529139999999847e-02
1.808937009999999831e-02
1.791217999999999977e-02
1.755030659999999923e-02
1.804375139999999864e-02
1.751382090000000100e-02
1.778989950000000111e-02
1.779176299999999863e-02
1.782092979999999952e-02
1.815154789999999865e-02
1.758960429999999880e-02
1.799035770000000090e-02
1.800967159999999900e-02
1.805465490000000145e-02
1.771158349999999923e-02
1.804363549999999858e-02
1.795521389999999926e-02
1.804927099999999868e-02
1.750847219999999982e-02
1.809753600000000087e-02
1.794807559999999844e-02
1.802491510000000033e-02
1.846261529999999873e-02
1.814398409999999975e-02
1.849149979999999832e-02
1.827128169999999927e-02
1.813369689999999937e-02
1.822014530000000063e-02
1.825120389999999870e-02
1.819016600000000067e-02
1.789238250000000155e-02
1.833976450000000119e-02
1.843364000000000114e-02
1.843898739999999883e-02
1.829716760000000067e-02
1.836492940000000046e-02
1.848229750000000143e-02
1.809800250000000166e-02
1.831004019999999885e-02
1.837641510000000145e-02
1.799994590000000144e-02
1.850059940000000139e-02
1.805281779999999905e-02
1.856417360000000086e-02
1.851873739999999879e-02
1.836177749999999900e-02
1.852263919999999967e-02
1.862858040000000062e-02
1.853790530000000089e-02
1.865606750000000161e-02
1.864775570000000091e-02
1.827116889999999896e-02
1.882896170000000063e-02
1.818915000000000115e-02
1.853305939999999943e-02
1.864281610000000089e-02
1.865384230000000088e-02
1.892314919999999942e-02
1.834057440000000025e-02
1.852382519999999991e-02
1.887117090000000122e-02
1.833928040000000134e-02
1.855065380000000055e-02
1.871788419999999981e-02
1.915861229999999901e-02
1.889117640000000098e-02
1.849062640000000146e-02
1.859664860000000142e-02
1.866367060000000133e-02
1.919905770000000095e-02
1.865217879999999870e-02
1.871070030000000078e-02
1.892552089999999937e-02
1.836457420000000076e-02
1.864598359999999899e-02
1.932788779999999873e-02
1.850813420000000167e-02
1.889657889999999882e-02
1.899743720000000163e-02
1.861225760000000118e-02
1.900298040000000105e-02
1.918501679999999945e-02
1.889218200000000042e-02
1.895678859999999979e-02
1.903733170000000002e-02
1.895596219999999901e-02
1.884973969999999971e-02
1.904327860000000136e-02
1.927134600000000170e-02
1.923329799999999937e-02
1.846541679999999866e-02
1.907851949999999838e-02
1.893609820000000110e-02
1.903185660000000085e-02
1.957142129999999910e-02
1.892585570000000078e-02
1.890137789999999859e-02
1.901460469999999986e-02
1.893991860000000110e-02
1.912587890000000054e-02
1.897435949999999941e-02
1.876477039999999846e-02
1.881857899999999847e-02
1.897435949999999941e-02
1.918417260000000041e-02
1.943319649999999954e-02
1.914242450000000137e-02
1.920300689999999977e-02
1.888953939999999873e-02
1.944213599999999875e-02
1.887461760000000086e-02
1.932764359999999959e-02
1.897260209999999947e-02
1.938016320000000153e-02
1.927650430000000040e-02
1.934809369999999917e-02
1.926953500000000083e-02
1.919136999999999926e-02
1.941589310000000138e-02
1.940961620000000026e-02
1.960248469999999882e-02
1.959403610000000004e-02
1.969837040000000164e-02
1.993305360000000026e-02
1.952173080000000130e-02
1.969754779999999955e-02
1.978886209999999868e-02
1.945540830000000096e-02
1.975357050000000128e-02
1.970400669999999854e-02
1.994639780000000140e-02
1.967204460000000071e-02
2.000730800000000142e-02
1.939658470000000037e-02
1.945791040000000027e-02
1.973826940000000113e-02
1.994398110000000085e-02
2.005232050000000169e-02
1.952800799999999948e-02
1.978959400000000063e-02
1.970012599999999836e-02
1.974997989999999898e-02
1.984949639999999960e-02
1.965805060000000090e-02
1.953056970000000003e-02
1.976296619999999907e-02
1.994950750000000148e-02
1.959178309999999937e-02
2.017921389999999954e-02
2.037864119999999862e-02
2.044250859999999920e-02
1.974173410000000170e-02
1.974522390000000086e-02
1.938484630000000125e-02
2.037065039999999896e-02
2.026537839999999896e-02
2.025602669999999883e-02
2.045307530000000165e-02
2.008982369999999865e-02
1.953430290000000152e-02
1.996062839999999949e-02
2.010547400000000165e-02
2.047159299999999973e-02
1.996940770000000046e-02
1.961855579999999960e-02
2.036262230000000090e-02
2.034570479999999945e-02
2.023301240000000001e-02
2.030026539999999977e-02
1.977847049999999912e-02
1.987746719999999856e-02
2.007570280000000110e-02
2.008744590000000052e-02
2.017223779999999939e-02
1.969224799999999900e-02
2.006649140000000067e-02
2.024060819999999941e-02
2.082102989999999945e-02
2.052724239999999950e-02
2.075619059999999835e-02
2.042069679999999887e-02
2.054846839999999869e-02
2.043343649999999900e-02
2.038467299999999899e-02
2.051183239999999908e-02
2.041887839999999982e-02
2.007117300000000118e-02
2.047351849999999931e-02
2.077953979999999992e-02
2.027371639999999905e-02
2.048002410000000079e-02
2.072840629999999837e-02
2.097709450000000142e-02
2.023756360000000115e-02
2.084096220000000027e-02
2.061062339999999993e-02
2.052609799999999957e-02
2.048504079999999977e-02
2.051501260000000021e-02
2.075176239999999839e-02
2.060321359999999977e-02
2.071770330000000104e-02
2.043746089999999918e-02
2.053843699999999967e-02
2.058114299999999966e-02
2.038727809999999960e-02
2.056637009999999835e-02
2.013670399999999833e-02
2.084794339999999913e-02
2.032131289999999924e-02
2.040919639999999938e-02
2.076596600000000029e-02
2.068175369999999957e-02
2.064423110000000033e-02
2.095662209999999900e-02
2.080145369999999994e-02
2.116664390000000048e-02
2.152834299999999840e-02
2.111431470000000102e-02
2.054435350000000104e-02
2.099410269999999953e-02
2.126300470000000095e-02
2.082384060000000078e-02
2.094299460000000057e-02
2.098556700000000011e-02
2.121963270000000110e-02
2.122669339999999974e-02
2.103791610000000159e-02
2.167737850000000036e-02
2.080696560000000125e-02
2.113891660000000172e-02
2.110034270000000003e-02
2.159930649999999841e-02
2.134851349999999925e-02
2.074139510000000061e-02
2.076385019999999956e-02
2.147653880000000015e-02
2.104294270000000092e-02
2.098194759999999839e-02
2.092029800000000037e-02
2.093258660000000063e-02
2.158276329999999840e-02
2.147776859999999885e-02
2.139001360000000046e-02
2.110222089999999953e-02
2.144887960000000163e-02
2.104644779999999965e-02
2.128627859999999983e-02
2.117740770000000119e-02
2.134043069999999945e-02
2.134133920000000004e-02
2.148592330000000106e-02
2.072118079999999904e-02
2.149940579999999948e-02
2.137018079999999931e-02
2.153331309999999971e-02
2.173786009999999908e-02
2.090348280000000128e-02
2.085047069999999836e-02
2.089497800000000155e-02
2.120497699999999985e-02
2.168992200000000037e-02
2.144802260000000169e-02
2.139055210000000151e-02
2.190264650000000105e-02
2.149967690000000042e-02
2.151635060000000113e-02
2.137813690000000058e-02
2.185955830000000169e-02
2.182604540000000065e-02
2.153317579999999842e-02
2.206420590000000154e-02
2.185189889999999968e-02
2.167773439999999899e-02
2.202520120000000040e-02
2.172241139999999890e-02
2.144864360000000095e-02
2.195672120000000116e-02
2.138226699999999994e-02
2.159187250000000127e-02
2.218182830000000119e-02
2.153977600000000006e-02
2.172073290000000115e-02
2.217581340000000095e-02
2.210922950000000081e-02
2.174635509999999980e-02
2.169744079999999867e-02
2.185985810000000071e-02
2.254313720000000049e-02
2.207534140000000020e-02
2.221778040000000135e-02
2.222110279999999979e-02
2.201973960000000105e-02
2.189602969999999982e-02
2.247784939999999954e-02
2.208964030000000120e-02
2.255410869999999873e-02
2.198509829999999859e-02
2.232437090000000124e-02
2.207528939999999981e-02
2.208795189999999964e-02
2.197478699999999910e-02
2.160125480000000056e-02
2.216663560000000158e-02
2.207521520000000140e-02
2.222909169999999837e-02
2.269456229999999852e-02
2.265765620000000091e-02
2.241886480000000043e-02
2.205072809999999994e-02
2.256248900000000154e-02
2.227667679999999900e-02
2.285076289999999830e-02
2.321609180000000147e-02
2.216776360000000112e-02
2.269977239999999841e-02
2.284311309999999956e-02
2.310538900000000048e-02
2.259510819999999837e-02
2.283875349999999957e-02
2.297918820000000029e-02
2.240608170000000024e-02
2.261878540000000076e-02
2.313776340000000056e-02
2.225140009999999890e-02
2.247293540000000131e-02
2.246391340000000042e-02
2.314571279999999912e-02
2.210784160000000068e-02
2.255900920000000059e-02
2.231952350000000057e-02
2.236085670000000081e-02
2.297086710000000032e-02
2.275672030000000165e-02
2.230197919999999875e-02
2.277315850000000141e-02
2.237631660000000133e-02
2.275764590000000157e-02
2.247593739999999979e-02
2.245474080000000108e-02
2.288479259999999862e-02
2.224885459999999954e-02
2.293643039999999911e-02
2.258217800000000136e-02
2.322844350000000113e-02
2.302967510000000079e-02
2.318425110000000081e-02
2.259908050000000029e-02
2.247407900000000097e-02
2.301107780000000158e-02
2.272919990000000015e-02
2.325351109999999888e-02
2.304236250000000000e-02
2.343588229999999870e-02
2.299867670000000155e-02
2.359084310000000156e-02
2.309926959999999974e-02
2.311040940000000030e-02
2.271140240000000046e-02
2.304670610000000147e-02
2.316631809999999958e-02
2.322632880000000122e-02
2.331550040000000129e-02
2.297032679999999952e-02
2.303253410000000168e-02
2.354478180000000101e-02
2.347604090000000171e-02
2.373571390000000017e-02
2.289365380000000019e-02
2.285526690000000069e-02
2.350456689999999918e-02
2.375217190000000062e-02
2.348818589999999984e-02
2.286749789999999866e-02
2.351062439999999920e-02
2.341272499999999882e-02
2.363159910000000100e-02
2.370926799999999862e-02
2.312243630000000022e-02
2.408425289999999858e-02
2.326735200000000156e-02
2.326970689999999925e-02
2.424604420000000052e-02
2.392616690000000032e-02
2.434089039999999884e-02
2.348481729999999865e-02
2.365815879999999885e-02
2.393126660000000072e-02
2.383083550000000134e-02
2.347965620000000073e-02
2.313615150000000037e-02
2.395888809999999897e-02
2.411628589999999933e-02
2.379051399999999872e-02
2.323058479999999884e-02
2.417367919999999920e-02
2.344344209999999970e-02
2.394124109999999986e-02
2.333622949999999974e-02
2.382106159999999861e-02
2.395316089999999926e-02
2.431466389999999839e-02
2.457759370000000068e-02
2.323899700000000082e-02
2.414331189999999877e-02
2.352149369999999989e-02
2.401856299999999972e-02
2.385008240000000002e-02
2.383002730000000069e-02
2.384434729999999891e-02
2.426154590000000055e-02
2.459230759999999835e-02
2.401094429999999988e-02
2.398359569999999885e-02
2.420624399999999829e-02
2.438602340000000160e-02
2.343654590000000121e-02
2.368795840000000041e-02
2.460819250000000069e-02
2.414205189999999931e-02
2.441193740000000001e-02
2.449934700000000118e-02
2.507484069999999995e-02
2.404253019999999866e-02
2.453840180000000162e-02
2.449430130000000011e-02
2.439024230000000001e-02
2.431175489999999953e-02
2.463926019999999883e-02
2.435148649999999831e-02
2.459193910000000149e-02
2.440291909999999995e-02
2.400538790000000117e-02
2.444003510000000018e-02
2.419649739999999924e-02
2.452153940000000032e-02
2.409816559999999885e-02
2.459991510000000131e-02
2.467820760000000169e-02
2.498101150000000062e-02
2.424260630000000041e-02
2.462424989999999897e-02
2.471350920000000076e-02
2.453141350000000165e-02
2.511525460000000112e-02
2.486483160000000150e-02
2.461724939999999917e-02
2.535496279999999852e-02
2.559826119999999983e-02
2.493732619999999844e-02
2.439059240000000101e-02
2.461108110000000126e-02
2.511142939999999948e-02
2.497948789999999974e-02
2.425693279999999868e-02
2.448382279999999911e-02
2.517233309999999946e-02
2.448869139999999833e-02
2.473045789999999897e-02
2.471561889999999984e-02
2.561081499999999858e-02
2.513347269999999939e-02
2.540561569999999839e-02
2.512876290000000054e-02
2.507252379999999961e-02
2.491897230000000157e-02
2.564300679999999971e-02
2.473987370000000144e-02
2.439927680000000126e-02
2.603045660000000150e-02
2.494406089999999868e-02
2.447076070000000006e-02
2.510579599999999967e-02
2.534263960000000121e-02
2.534214519999999915e-02
2.564842529999999954e-02
2.573912869999999894e-02
2.510146729999999937e-02
2.564808730000000050e-02
2.550681109999999863e-02
2.542417690000000133e-02
2.575233370000000119e-02
2.557007530000000167e-02
2.546052470000000068e-02
2.547286450000000105e-02
2.487799070000000154e-02
2.520457270000000041e-02
2.526535549999999949e-02
2.541720589999999988e-02
2.591761579999999829e-02
2.584165620000000024e-02
2.557189619999999941e-02
2.545013369999999872e-02
2.525450300000000106e-02
2.578286379999999989e-02
2.528202029999999934e-02
2.566636129999999918e-02
2.603319150000000040e-02
2.575861299999999965e-02
2.588373960000000043e-02
2.578402930000000051e-02
2.508003959999999949e-02
2.677492349999999882e-02
2.563790089999999980e-02
2.546987859999999895e-02
2.513002770000000163e-02
2.614172359999999973e-02
2.689388339999999877e-02
2.554754149999999974e-02
2.614044130000000091e-02
2.586991749999999896e-02
2.539150589999999985e-02
2.554032499999999914e-02
2.640274769999999965e-02
2.517305540000000161e-02
2.602076180000000016e-02
2.625212790000000171e-02
2.638170730000000130e-02
2.591779879999999911e-02
2.563853439999999942e-02
2.619296239999999859e-02
2.598217549999999945e-02
2.605563019999999896e-02
2.654592880000000016e-02
2.623167309999999836e-02
2.566932020000000161e-02
2.640632119999999916e-02
2.582687259999999832e-02
2.572022129999999851e-02
2.565713260000000023e-02
2.587469839999999993e-02
2.641352229999999884e-02
2.640849669999999899e-02
2.675504999999999897e-02
2.608882100000000162e-02
2.626316019999999987e-02
2.614140829999999846e-02
2.719342589999999837e-02
2.666590500000000016e-02
2.642219000000000165e-02
2.665516089999999880e-02
2.649610139999999947e-02
2.592366750000000067e-02
2.658582899999999832e-02
2.714574460000000050e-02
2.641354309999999900e-02
2.609254429999999930e-02
2.631822040000000168e-02
2.685985239999999843e-02
2.669415909999999989e-02
2.676556860000000107e-02
2.681289380000000111e-02
2.688460380000000025e-02
2.607777929999999939e-02
2.695377389999999845e-02
2.639908960000000165e-02
2.690706420000000057e-02
2.679849999999999940e-02
2.705343379999999853e-02
2.719513490000000089e-02
2.676272999999999846e-02
2.589255089999999843e-02
2.699483969999999858e-02
2.696161349999999859e-02
2.625093179999999846e-02
2.650690519999999994e-02
2.648412959999999969e-02
2.823056300000000018e-02
2.694738780000000000e-02
2.776222240000000147e-02
2.709059249999999988e-02
2.673715330000000015e-02
2.689855119999999891e-02
2.702082230000000043e-02
2.681868379999999968e-02
2.702575210000000144e-02
2.673046459999999999e-02
2.692061449999999870e-02
2.692486289999999893e-02
2.745588170000000036e-02
2.835834040000000111e-02
2.739590459999999977e-02
2.819272429999999940e-02
2.848751500000000145e-02
2.746462529999999999e-02
2.818959739999999867e-02
2.737214069999999860e-02
2.802176779999999978e-02
2.810131810000000147e-02
2.883480139999999858e-02
2.633465249999999980e-02
2.722642369999999853e-02
2.704326920000000092e-02
2.712754920000000000e-02
2.691871490000000144e-02
2.878644849999999894e-02
2.783928689999999942e-02
2.665195490000000014e-02
2.713425179999999839e-02
2.809426069999999831e-02
2.845641700000000121e-02
2.695529099999999928e-02
2.701010150000000137e-02
2.748854740000000046e-02
2.827663999999999872e-02
2.790710559999999910e-02
2.737475519999999982e-02
2.762887730000000014e-02
2.751356229999999889e-02
2.859072569999999980e-02
2.758721219999999905e-02
2.750723789999999849e-02
2.824818889999999860e-02
2.792641770000000093e-02
2.827485169999999909e-02
2.831375300000000053e-02
2.789039269999999890e-02
2.860693450000000027e-02
2.912129219999999921e-02
2.864411240000000122e-02
2.843730709999999981e-02
2.865388170000000151e-02
2.705813209999999996e-02
2.793649700000000111e-02
2.877857439999999961e-02
2.846294289999999963e-02
2.876179079999999916e-02
2.777433420000000042e-02
2.831872220000000023e-02
2.824608229999999928e-02
2.793134270000000030e-02
2.863179080000000098e-02
2.803005520000000084e-02
2.803086130000000120e-02
2.819960549999999885e-02
2.865036090000000132e-02
2.893938830000000045e-02
2.862801909999999894e-02
2.930324659999999914e-02
2.804288519999999924e-02
2.899170519999999876e-02
2.845360439999999880e-02
2.846554589999999996e-02
2.884398620000000121e-02
2.857535309999999912e-02
2.834415579999999962e-02
2.912680750000000082e-02
2.859936310000000051e-02
2.882944299999999974e-02
2.919107409999999875e-02
2.755092890000000044e-02
2.896730130000000139e-02
2.864572810000000011e-02
2.894853429999999853e-02
2.952051049999999954e-02
2.806547640000000080e-02
2.857770709999999867e-02
2.952177049999999900e-02
2.937716099999999886e-02
2.901894920000000141e-02
2.920886389999999971e-02
2.867085800000000045e-02
2.898270849999999912e-02
2.781892669999999970e-02
2.862476770000000129e-02
2.919498369999999968e-02
2.908009760000000027e-02
3.000788319999999829e-02
2.889461529999999903e-02
2.983925759999999858e-02
2.953848840000000003e-02
2.965746509999999878e-02
2.819544239999999952e-02
2.942934750000000127e-02
2.919686820000000002e-02
2.916794270000000119e-02
2.897666249999999999e-02
2.938651420000000167e-02
3.001198700000000039e-02
3.001271720000000046e-02
2.904710510000000148e-02
3.003903029999999835e-02
2.833285030000000024e-02
2.907033740000000005e-02
2.917187339999999934e-02
2.992215079999999833e-02
2.988191239999999846e-02
2.955141710000000130e-02
2.951075549999999936e-02
2.921534649999999941e-02
2.879579349999999982e-02
2.940345230000000060e-02
2.919999189999999967e-02
2.947876519999999972e-02
2.948911619999999845e-02
2.985667059999999942e-02
2.873793560000000025e-02
2.995645759999999991e-02
3.079153260000000100e-02
2.984875920000000168e-02
2.972609500000000099e-02
3.024414070000000163e-02
3.142436550000000245e-02
2.990381549999999999e-02
3.087825660000000083e-02
2.935942260000000067e-02
2.990729729999999989e-02
3.073674350000000013e-02
2.948284829999999954e-02
2.920419150000000061e-02
2.948630350000000164e-02
3.005830879999999913e-02
3.043148010000000167e-02
3.018536800000000062e-02
3.076895300000000166e-02
3.034199480000000088e-02
2.942788509999999871e-02
3.051113110000000170e-02
2.956349349999999945e-02
3.013519890000000007e-02
2.977871060000000097e-02
3.005344050000000045e-02
2.999343239999999883e-02
3.131219329999999912e-02
3.018331759999999878e-02
2.995843769999999989e-02
2.962623619999999944e-02
2.875315830000000142e-02
3.077473429999999857e-02
3.025607680000000008e-02
3.001515210000000114e-02
3.063147999999999913e-02
3.107856330000000056e-02
3.120492700000000036e-02
2.993246960000000081e-02
2.923979239999999896e-02
3.094819260000000044e-02
3.118277399999999991e-02
3.037530540000000015e-02
3.116876780000000027e-02
2.975635189999999847e-02
2.970394759999999898e-02
3.027098519999999945e-02
2.984296989999999858e-02
3.094735040000000034e-02
3.044535989999999984e-02
3.150847250000000238e-02
3.002284380000000072e-02
3.012342159999999852e-02
3.140894600000000009e-02
3.023402240000000116e-02
3.122924800000000112e-02
3.161404109999999684e-02
3.208903610000000267e-02
3.164503059999999868e-02
3.008729970000000031e-02
3.115391420000000050e-02
3.141619739999999827e-02
3.110769440000000011e-02
3.168530609999999775e-02
3.200912079999999882e-02
3.116978299999999952e-02
3.099264870000000005e-02
3.090510479999999949e-02
3.262575580000000308e-02
3.058527479999999937e-02
3.065926960000000048e-02
3.144077199999999878e-02
3.111109639999999968e-02
3.066186840000000025e-02
3.021336980000000061e-02
3.109513959999999841e-02
3.116876780000000027e-02
3.137651589999999879e-02
3.276737619999999657e-02
3.210703119999999688e-02
3.170862559999999830e-02
3.285443400000000180e-02
3.055672200000000144e-02
3.120750469999999943e-02
3.088316630000000063e-02
3.134328370000000197e-02
3.110962219999999917e-02
3.185564540000000028e-02
3.049964380000000017e-02
3.134206650000000149e-02
3.113460700000000164e-02
3.136658330000000050e-02
3.127640350000000097e-02
3.191998680000000116e-02
3.237911859999999947e-02
3.178711249999999905e-02
3.176216390000000112e-02
3.141897069999999986e-02
3.224674140000000078e-02
3.299888179999999754e-02
3.208984250000000010e-02
3.254528029999999988e-02
3.222505159999999869e-02
3.204392410000000274e-02
3.173037890000000166e-02
3.177731079999999986e-02
3.316011609999999776e-02
3.229823980000000316e-02
3.292777580000000315e-02
3.264488069999999659e-02
3.214768049999999766e-02
3.232555260000000152e-02
3.295333639999999814e-02
3.292480589999999957e-02
3.154877350000000191e-02
3.270456909999999717e-02
3.243592969999999770e-02
3.229030819999999941e-02
3.316520530000000022e-02
3.178675670000000175e-02
3.088097739999999883e-02
3.278565440000000275e-02
3.317171459999999905e-02
3.301406750000000084e-02
3.218940029999999702e-02
3.286612309999999842e-02
3.253274849999999996e-02
3.244433330000000282e-02
3.400770420000000238e-02
3.316770969999999902e-02
3.234228909999999763e-02
3.404469300000000087e-02
3.195409319999999859e-02
3.167680710000000260e-02
3.269427219999999912e-02
3.243119359999999812e-02
3.225476549999999748e-02
3.260583859999999917e-02
3.290727269999999677e-02
3.402123580000000064e-02
3.325955750000000183e-02
3.268252869999999782e-02
3.363600709999999688e-02
3.342303499999999677e-02
3.247992830000000219e-02
3.382586349999999742e-02
3.348734149999999660e-02
3.321920529999999872e-02
3.386051429999999834e-02
3.433539260000000037e-02
3.338637319999999964e-02
3.277203940000000121e-02
3.255983519999999798e-02
3.284861609999999849e-02
3.428788039999999815e-02
3.349890679999999871e-02
3.346484599999999948e-02
3.381476199999999821e-02
3.336935929999999828e-02
3.403176890000000204e-02
3.390648100000000220e-02
3.367550689999999902e-02
3.378331799999999968e-02
3.414014989999999972e-02
3.456644159999999744e-02
3.381476199999999821e-02
3.485570240000000070e-02
3.439119139999999991e-02
3.318320279999999872e-02
3.443191810000000019e-02
3.294012080000000009e-02
3.594509889999999985e-02
3.282962910000000040e-02
3.284633850000000244e-02
3.437699329999999859e-02
3.298403149999999673e-02
3.383800969999999769e-02
3.433100270000000176e-02
3.288599829999999669e-02
3.387277109999999730e-02
3.430846729999999928e-02
3.404650459999999934e-02
3.458530690000000130e-02
3.424144529999999936e-02
3.343103919999999840e-02
3.428710480000000255e-02
3.459587730000000111e-02
3.335645329999999825e-02
3.374955479999999786e-02
3.474379460000000253e-02
3.448144840000000322e-02
3.470969170000000326e-02
3.384318869999999868e-02
3.287359900000000335e-02
3.489880730000000097e-02
3.360667249999999689e-02
3.411702240000000219e-02
3.515680620000000145e-02
3.552299820000000274e-02
3.458366730000000250e-02
3.413852609999999677e-02
3.419221580000000177e-02
3.644584049999999992e-02
3.401587670000000285e-02
3.493497920000000062e-02
3.330019790000000174e-02
3.534361250000000315e-02
3.538886609999999933e-02
3.523592100000000338e-02
3.475369419999999737e-02
3.521807180000000037e-02
3.407428400000000329e-02
3.436977410000000011e-02
3.440679759999999698e-02
3.380328490000000102e-02
3.540518630000000222e-02
3.548943110000000317e-02
3.543636850000000255e-02
3.433837370000000083e-02
3.558045490000000255e-02
3.495244799999999707e-02
3.656346449999999665e-02
3.601062569999999990e-02
3.423096669999999703e-02
3.430803989999999665e-02
3.508179589999999709e-02
3.465405330000000117e-02
3.490761369999999947e-02
3.544367400000000140e-02
3.471188499999999788e-02
3.706092980000000314e-02
3.588655649999999975e-02
3.550896369999999996e-02
3.656979939999999846e-02
3.474379460000000253e-02
3.792037959999999819e-02
3.581714720000000324e-02
3.580916809999999673e-02
3.612639659999999919e-02
3.631359800000000249e-02
3.453429320000000330e-02
3.535904160000000185e-02
3.727700290000000166e-02
3.431358240000000059e-02
3.333223409999999665e-02
3.400091250000000093e-02
3.497292490000000059e-02
3.429680379999999751e-02
3.593577700000000208e-02
3.604025179999999912e-02
3.672904639999999971e-02
3.552522150000000239e-02
3.791382389999999741e-02
3.549840159999999994e-02
3.526238090000000103e-02
3.580572280000000190e-02
3.589916349999999756e-02
3.603849630000000026e-02
3.471392520000000231e-02
3.587419709999999790e-02
3.520306730000000162e-02
3.773740760000000166e-02
3.671120010000000072e-02
3.646596509999999736e-02
3.667963459999999676e-02
3.658220709999999987e-02
3.643021949999999953e-02
3.590340129999999852e-02
3.616548879999999938e-02
3.623618709999999743e-02
3.721827429999999964e-02
3.581610159999999710e-02
3.833106730000000045e-02
3.672236079999999930e-02
3.548016939999999730e-02
3.740311980000000230e-02
3.501558259999999756e-02
3.563296559999999669e-02
3.831537809999999850e-02
3.666659190000000346e-02
3.655166099999999918e-02
3.654682060000000177e-02
3.613271240000000273e-02
3.792015099999999916e-02
3.652810110000000166e-02
3.696512390000000065e-02
3.860893259999999966e-02
3.629745229999999795e-02
3.639741850000000056e-02
3.814156910000000150e-02
3.603080749999999777e-02
3.605926200000000165e-02
3.790057320000000257e-02
3.822527519999999873e-02
3.789810080000000081e-02
3.830640230000000035e-02
3.676675459999999979e-02
3.762820210000000082e-02
3.474668730000000233e-02
3.642203000000000107e-02
3.567520639999999937e-02
3.630327540000000131e-02
3.663593829999999690e-02
3.583017649999999804e-02
3.690891810000000023e-02
3.692960139999999780e-02
3.731945500000000138e-02
3.874731039999999849e-02
3.618948329999999852e-02
3.842403610000000302e-02
3.633996280000000023e-02
3.670854700000000109e-02
3.795012040000000225e-02
3.747131039999999913e-02
3.706310420000000216e-02
3.828513420000000111e-02
3.717883350000000114e-02
3.667337620000000326e-02
3.844503149999999730e-02
3.641514089999999676e-02
3.741338889999999695e-02
3.808600980000000080e-02
3.660580690000000276e-02
3.983435629999999839e-02
3.948430530000000133e-02
3.843651580000000123e-02
3.722155989999999942e-02
3.828775410000000157e-02
3.843030590000000302e-02
3.820988329999999711e-02
3.680197629999999720e-02
3.866949299999999923e-02
3.731913469999999927e-02
3.951557509999999857e-02
3.692809910000000029e-02
3.814390909999999801e-02
3.887560739999999793e-02
4.103105409999999870e-02
3.766347390000000100e-02
3.877453389999999805e-02
3.905142610000000153e-02
3.902123259999999705e-02
3.913511170000000261e-02
3.871283159999999723e-02
3.895513750000000053e-02
3.727311629999999903e-02
3.921576539999999805e-02
3.920892730000000159e-02
3.813190720000000228e-02
3.826360050000000151e-02
3.926903520000000342e-02
3.683155330000000005e-02
3.850374320000000267e-02
3.866750149999999969e-02
3.785441920000000293e-02
3.857309059999999845e-02
3.879609170000000024e-02
3.784364700000000109e-02
4.022909439999999837e-02
3.752700390000000136e-02
3.920061550000000089e-02
3.957103160000000064e-02
3.802166190000000334e-02
3.970495160000000329e-02
3.987935349999999907e-02
4.186207740000000288e-02
3.773782340000000207e-02
3.926981160000000276e-02
4.066083100000000145e-02
3.821260440000000258e-02
3.961964020000000031e-02
4.033437229999999735e-02
3.824973499999999998e-02
3.907156509999999694e-02
3.784994140000000340e-02
3.827289939999999752e-02
4.108824810000000216e-02
3.751047080000000089e-02
3.938548850000000295e-02
3.812286260000000149e-02
3.726793590000000017e-02
3.961361740000000214e-02
3.887414869999999967e-02
4.014992430000000057e-02
3.855161020000000272e-02
3.963495639999999737e-02
3.906278359999999783e-02
3.984863880000000247e-02
4.008097050000000022e-02
4.006183420000000023e-02
4.036763449999999920e-02
3.930463940000000073e-02
4.064483690000000177e-02
3.987730879999999700e-02
3.935275750000000183e-02
4.016903200000000035e-02
4.024902360000000290e-02
3.949770030000000071e-02
3.893993459999999657e-02
4.000316160000000343e-02
3.999356390000000094e-02
3.975547830000000088e-02
4.153701750000000220e-02
3.955485260000000253e-02
3.976620959999999788e-02
4.069877549999999927e-02
3.913877469999999664e-02
4.067139289999999879e-02
3.981832910000000086e-02
3.970727710000000049e-02
4.077955910000000128e-02
4.113541479999999889e-02
3.913031410000000071e-02
4.098404979999999836e-02
3.954894889999999857e-02
3.997730409999999956e-02
4.124988880000000219e-02
4.148191519999999688e-02
4.053907510000000214e-02
4.104706360000000276e-02
4.046595459999999950e-02
4.158447850000000084e-02
4.117064170000000328e-02
3.719176999999999900e-02
4.390677679999999833e-02
4.056367250000000174e-02
4.133171540000000338e-02
4.070364180000000248e-02
3.960934330000000225e-02
4.098664879999999733e-02
4.125863109999999834e-02
4.102730229999999867e-02
4.097877960000000097e-02
4.361000260000000295e-02
4.127360979999999957e-02
4.299270169999999669e-02
4.158317470000000293e-02
4.167507549999999866e-02
3.971389880000000122e-02
3.875363059999999832e-02
4.001306429999999803e-02
4.142644670000000112e-02
4.076211180000000045e-02
4.157232760000000027e-02
4.335825249999999964e-02
4.215887360000000056e-02
4.102377849999999659e-02
4.047070929999999761e-02
4.187389939999999755e-02
4.275724830000000171e-02
4.243443899999999741e-02
4.272972970000000342e-02
4.041365339999999917e-02
4.057463160000000096e-02
4.287279399999999879e-02
4.012526949999999787e-02
4.334473540000000069e-02
3.969518930000000279e-02
4.196327130000000044e-02
4.159285439999999695e-02
4.280971799999999661e-02
4.202228410000000136e-02
4.200105350000000320e-02
4.248667779999999727e-02
4.156286549999999719e-02
4.502262810000000337e-02
4.200661440000000302e-02
4.316711379999999681e-02
4.173475520000000105e-02
4.411375129999999672e-02
4.279728540000000275e-02
4.414280760000000026e-02
4.343825199999999664e-02
4.394190840000000015e-02
4.156286549999999719e-02
4.243443899999999741e-02
4.182803680000000274e-02
4.216000999999999777e-02
4.240120299999999842e-02
4.101914529999999698e-02
4.222820170000000234e-02
4.671073409999999815e-02
4.081912129999999694e-02
4.345602259999999800e-02
4.414293229999999985e-02
4.226318479999999905e-02
4.299063799999999769e-02
4.225185430000000242e-02
4.394512799999999997e-02
4.282411600000000235e-02
4.369505060000000024e-02
4.337074409999999713e-02
4.154246999999999801e-02
4.232042949999999942e-02
4.389446410000000243e-02
4.118170379999999686e-02
4.281229589999999835e-02
4.345653060000000123e-02
4.358618830000000194e-02
4.317006389999999971e-02
4.271577490000000310e-02
4.376775609999999928e-02
4.287279399999999879e-02
4.355684469999999975e-02
4.345483609999999802e-02
4.181620960000000109e-02
4.230886579999999786e-02
4.300579129999999861e-02
4.358618830000000194e-02
4.214078549999999979e-02
4.374440500000000009e-02
4.276114770000000176e-02
4.442492459999999865e-02
4.468705259999999901e-02
4.509227140000000161e-02
4.608073060000000137e-02
4.545828770000000241e-02
4.164518130000000040e-02
4.374743810000000094e-02
4.324494570000000232e-02
4.178129240000000300e-02
4.568040529999999738e-02
4.579937220000000059e-02
4.201871930000000005e-02
4.352273310000000228e-02
4.387811660000000280e-02
4.359536600000000345e-02
4.416951050000000184e-02
4.067612629999999702e-02
4.459608319999999737e-02
4.481777089999999797e-02
4.550988710000000020e-02
4.443202620000000214e-02
4.334688500000000166e-02
4.394647549999999847e-02
4.490432860000000137e-02
4.680039870000000241e-02
4.264905399999999874e-02
4.558327019999999785e-02
4.317207509999999859e-02
4.290836259999999958e-02
4.434516749999999757e-02
4.284344140000000134e-02
4.558327019999999785e-02
4.402203760000000105e-02
4.460975009999999796e-02
4.193976530000000091e-02
4.442516199999999721e-02
4.618068790000000312e-02
4.510147109999999848e-02
4.581900450000000319e-02
4.599290140000000110e-02
4.333604290000000331e-02
4.595162950000000052e-02
4.469393950000000171e-02
4.274236520000000011e-02
4.318425339999999724e-02
4.581557289999999699e-02
4.352804309999999677e-02
4.553092210000000278e-02
4.636918679999999654e-02
4.684311449999999794e-02
4.554463579999999678e-02
4.283387909999999965e-02
4.603113340000000026e-02
4.690262679999999962e-02
4.413440619999999676e-02
4.349175770000000135e-02
4.400816629999999841e-02
4.449117090000000163e-02
4.647550990000000326e-02
4.364026180000000338e-02
4.697072730000000085e-02
4.425822730000000121e-02
4.840433329999999784e-02
4.478048230000000046e-02
4.593352199999999746e-02
4.656701430000000086e-02
4.511289720000000170e-02
4.490800899999999873e-02
4.445901399999999809e-02
4.549834839999999936e-02
4.653928250000000100e-02
4.884218399999999682e-02
4.729342269999999709e-02
4.750609279999999657e-02
4.732907609999999904e-02
4.631341209999999958e-02
4.715283189999999736e-02
4.809107480000000129e-02
4.715323529999999874e-02
4.641136679999999931e-02
4.409661740000000302e-02
4.653648049999999786e-02
4.451153540000000325e-02
4.434398860000000192e-02
4.632323669999999921e-02
4.744557929999999868e-02
4.520167769999999807e-02
4.834672629999999666e-02
4.644093870000000346e-02
4.595909299999999947e-02
4.684728319999999918e-02
4.850265880000000085e-02
5.098600629999999745e-02
4.733454420000000190e-02
4.590776900000000105e-02
4.744443529999999715e-02
5.056376979999999827e-02
4.844468639999999909e-02
4.617182830000000210e-02
4.447659080000000015e-02
5.033243519999999749e-02
4.606907600000000047e-02
4.594523880000000310e-02
4.713613099999999778e-02
4.679933389999999666e-02
4.679876379999999697e-02
4.836293400000000325e-02
4.730980509999999778e-02
4.857388309999999959e-02
4.629175659999999748e-02
4.862606180000000194e-02
4.868620369999999975e-02
4.830053229999999725e-02
4.590485539999999975e-02
4.783512890000000267e-02
4.821093580000000017e-02
4.773616239999999705e-02
4.828215150000000205e-02
4.903552500000000341e-02
4.819282519999999737e-02
4.853944820000000160e-02
4.763010510000000031e-02
5.041379260000000001e-02
4.963292190000000159e-02
4.768344199999999949e-02
5.056527770000000116e-02
4.633854209999999779e-02
4.905236679999999683e-02
4.664381189999999844e-02
4.676812780000000336e-02
5.098596340000000060e-02
4.783516160000000211e-02
4.637108200000000097e-02
4.795524210000000342e-02
4.811231109999999922e-02
5.042717000000000033e-02
5.065690049999999750e-02
4.552011529999999695e-02
5.092938159999999687e-02
4.852206829999999860e-02
4.951261170000000045e-02
4.981366730000000298e-02
4.816573629999999773e-02
5.022777750000000097e-02
4.778568109999999786e-02
4.660276199999999897e-02
4.897211759999999664e-02
4.697932309999999778e-02
4.844700400000000184e-02
4.696530389999999805e-02
4.625564000000000064e-02
5.130641489999999971e-02
5.052643670000000337e-02
4.780543999999999766e-02
4.671915559999999940e-02
4.893445949999999933e-02
4.826443180000000027e-02
5.185715330000000012e-02
4.962198810000000015e-02
5.079306070000000339e-02
4.884143829999999797e-02
4.642935110000000198e-02
5.124553720000000340e-02
4.977648739999999961e-02
4.761273380000000111e-02
4.793202829999999859e-02
4.696574929999999815e-02
4.841748359999999834e-02
5.208698920000000288e-02
5.161064010000000063e-02
5.208751699999999984e-02
4.863432220000000333e-02
5.064164439999999795e-02
4.889452689999999879e-02
5.016500370000000208e-02
5.242711039999999739e-02
5.113230779999999864e-02
4.945989729999999973e-02
4.833656649999999722e-02
4.981640770000000246e-02
5.058455600000000274e-02
4.908995690000000217e-02
5.298691660000000303e-02
5.251691399999999788e-02
5.038860800000000140e-02
4.867229630000000085e-02
4.853739110000000051e-02
5.205960319999999864e-02
4.738866070000000152e-02
5.010258909999999732e-02
4.734043179999999906e-02
5.157246100000000000e-02
5.170543589999999912e-02
5.084602230000000167e-02
5.191034569999999904e-02
4.811231109999999922e-02
4.848200989999999766e-02
4.849316170000000231e-02
5.067462130000000009e-02
4.931044450000000162e-02
4.709086059999999935e-02
5.354105280000000244e-02
5.302473609999999726e-02
5.159176509999999910e-02
5.255229480000000314e-02
5.317184040000000333e-02
5.418411719999999959e-02
4.989127609999999963e-02
4.960053429999999874e-02
5.319198320000000091e-02
4.958327509999999744e-02
5.276253849999999745e-02
5.391708130000000265e-02
5.094765479999999874e-02
4.936729370000000200e-02
5.325668620000000020e-02
4.979023560000000320e-02
5.055280510000000060e-02
5.034370199999999712e-02
5.269187480000000340e-02
5.280950670000000152e-02
5.123055779999999976e-02
4.961578860000000202e-02
5.114275769999999943e-02
4.992862079999999675e-02
5.097109279999999937e-02
5.242232439999999771e-02
5.271246260000000267e-02
5.119617950000000112e-02
5.453417430000000177e-02
5.164222759999999995e-02
5.041786560000000028e-02
5.220727029999999713e-02
5.148008080000000125e-02
5.087395339999999794e-02
5.184001600000000265e-02
4.760835819999999913e-02
5.435175860000000109e-02
5.057600400000000079e-02
5.064070560000000221e-02
5.194034849999999703e-02
5.122236749999999755e-02
5.042290690000000158e-02
5.298226329999999873e-02
5.333087009999999684e-02
5.064036830000000211e-02
5.445811980000000302e-02
5.109318510000000063e-02
5.423156939999999870e-02
5.417850460000000340e-02
5.734329450000000272e-02
5.568597410000000053e-02
5.320956970000000064e-02
5.494727989999999979e-02
5.273650490000000163e-02
5.816046030000000117e-02
5.386913150000000039e-02
5.418477270000000151e-02
5.155796509999999860e-02
5.439777280000000076e-02
5.366730799999999690e-02
5.241905890000000262e-02
5.569108600000000076e-02
5.010231789999999852e-02
5.191086229999999913e-02
5.414500230000000164e-02
5.830841350000000312e-02
5.703171159999999990e-02
5.366730799999999690e-02
5.162407799999999686e-02
5.329351100000000174e-02
5.305532870000000123e-02
5.337387419999999744e-02
5.088440789999999769e-02
5.386087249999999688e-02
5.449738500000000235e-02
5.255906300000000309e-02
5.576800660000000298e-02
5.551711260000000148e-02
5.712955520000000120e-02
5.700978319999999711e-02
5.366756770000000176e-02
5.151861189999999702e-02
5.560422289999999990e-02
5.707929510000000345e-02
5.588704199999999789e-02
5.260358080000000075e-02
5.605414219999999698e-02
5.377390420000000004e-02
5.410323809999999928e-02
5.937335789999999974e-02
5.644613069999999955e-02
5.500418210000000002e-02
5.648546289999999831e-02
5.557185810000000309e-02
5.315003609999999906e-02
5.395962540000000252e-02
5.525957530000000228e-02
5.602939400000000320e-02
5.588124299999999711e-02
5.455293010000000081e-02
5.753401600000000032e-02
5.293712949999999917e-02
5.438218400000000008e-02
5.374165119999999712e-02
5.572635840000000201e-02
5.417576429999999832e-02
5.360094499999999706e-02
4.910230329999999699e-02
5.427610540000000344e-02
6.142982200000000198e-02
5.763125100000000139e-02
5.770862410000000137e-02
5.540296749999999715e-02
5.803107839999999823e-02
5.527846060000000256e-02
5.805823780000000239e-02
5.526129159999999818e-02
5.484890359999999854e-02
5.384515580000000246e-02
5.360609379999999730e-02
5.417576429999999832e-02
5.664647529999999875e-02
5.419595590000000213e-02
5.882272580000000306e-02
5.756641679999999900e-02
5.519089049999999913e-02
5.605141539999999867e-02
5.906331070000000322e-02
5.274247559999999807e-02
5.784356050000000193e-02
6.079361960000000120e-02
5.708039790000000308e-02
5.347372780000000242e-02
5.405042480000000343e-02
5.502597260000000046e-02
5.805550870000000113e-02
5.870262889999999789e-02
5.575944940000000100e-02
5.676706189999999874e-02
5.655119690000000310e-02
5.649195139999999699e-02
5.959776170000000151e-02
5.619637370000000326e-02
5.792255209999999654e-02
5.672005489999999706e-02
5.864281360000000304e-02
5.467526799999999909e-02
5.621007320000000196e-02
5.777544739999999901e-02
5.999848519999999991e-02
5.755129009999999934e-02
6.026199869999999958e-02
6.012889650000000086e-02
5.725099539999999737e-02
5.918783949999999877e-02
5.578589650000000122e-02
5.763684699999999800e-02
5.806669429999999910e-02
6.045967829999999987e-02
5.581457100000000032e-02
6.031228980000000184e-02
5.840981910000000304e-02
5.388215159999999726e-02
5.490001569999999886e-02
5.642538290000000123e-02
6.056931289999999829e-02
6.336942800000000542e-02
5.754405390000000287e-02
5.275078030000000112e-02
5.994266339999999860e-02
5.766747330000000088e-02
5.765222019999999975e-02
5.911426480000000344e-02
5.702366999999999853e-02
5.539825109999999692e-02
5.882800149999999756e-02
6.087327730000000048e-02
5.935968929999999727e-02
6.239563360000000003e-02
5.932329749999999680e-02
6.164443900000000226e-02
5.955397359999999723e-02
5.854266389999999987e-02
6.102319459999999696e-02
5.815234410000000298e-02
6.094408600000000148e-02
5.670007729999999857e-02
5.989759990000000089e-02
5.481068900000000271e-02
6.248351419999999962e-02
6.108170379999999788e-02
5.868690540000000289e-02
5.594540259999999932e-02
5.788268059999999993e-02
5.943222670000000013e-02
6.108003490000000341e-02
6.258372339999999923e-02
6.025656160000000122e-02
5.771250829999999971e-02
5.485614710000000227e-02
6.027074849999999873e-02
6.023727360000000197e-02
5.856638499999999858e-02
6.082943329999999926e-02
6.203266889999999728e-02
5.878340480000000118e-02
6.418145199999999995e-02
6.035916379999999720e-02
5.803167160000000102e-02
6.212766780000000127e-02
5.910606110000000274e-02
6.500920089999999429e-02
5.586821449999999911e-02
5.982790679999999695e-02
6.122911069999999872e-02
6.117406110000000313e-02
5.860685849999999752e-02
5.579972550000000114e-02
6.098750580000000115e-02
6.097755600000000220e-02
6.391361460000000161e-02
6.018720820000000166e-02
6.303054280000000564e-02
5.606441699999999834e-02
5.784170310000000259e-02
5.809920429999999858e-02
6.116904959999999725e-02
6.096855739999999801e-02
6.459525630000000074e-02
6.103446059999999979e-02
5.794931009999999827e-02
6.200240280000000187e-02
6.568844179999999700e-02
6.116015229999999941e-02
6.018351639999999780e-02
6.076748979999999772e-02
6.380306450000000629e-02
5.971024459999999673e-02
6.064936919999999732e-02
6.563111489999999548e-02
6.362610320000000597e-02
6.334333790000000464e-02
6.012173839999999936e-02
6.190568810000000172e-02
6.461316779999999593e-02
6.133129519999999668e-02
6.351940640000000582e-02
5.756140619999999819e-02
6.750955009999999590e-02
5.448611319999999841e-02
6.540988309999999639e-02
6.406639240000000513e-02
6.333545840000000260e-02
6.101065950000000154e-02
5.998178140000000325e-02
5.855654839999999833e-02
6.322713419999999307e-02
6.271408080000000218e-02
6.030881710000000201e-02
6.158015780000000022e-02
6.413633520000000532e-02
6.027684619999999771e-02
6.832522480000000065e-02
6.391584899999999680e-02
6.560890199999999672e-02
6.482355180000000383e-02
6.786489869999999536e-02
6.056931289999999829e-02
6.425679049999999393e-02
6.244726899999999969e-02
6.526155729999999489e-02
7.085458769999999906e-02
6.543382039999999511e-02
6.239063460000000144e-02
6.451525180000000637e-02
6.502099090000000581e-02
6.103638730000000151e-02
6.299723470000000158e-02
6.359682229999999437e-02
6.435449120000000245e-02
6.582793200000000566e-02
6.554000799999999682e-02
6.213874760000000219e-02
5.883200699999999866e-02
6.422830940000000266e-02
6.072210289999999816e-02
6.028975849999999859e-02
6.665871360000000245e-02
6.387552670000000432e-02
6.802110059999999514e-02
6.199243320000000224e-02
6.182014630000000344e-02
6.277908660000000585e-02
6.589739830000000687e-02
6.670535049999999633e-02
6.854379820000000567e-02
6.514954339999999566e-02
6.544694930000000133e-02
6.453538890000000416e-02
6.615001299999999362e-02
6.959003060000000518e-02
6.334687569999999934e-02
6.724258889999999711e-02
6.357861080000000442e-02
6.730452050000000630e-02
6.962486530000000506e-02
6.462841179999999353e-02
7.016383360000000291e-02
6.723535090000000436e-02
6.614049719999999521e-02
6.365690609999999361e-02
7.016161960000000253e-02
6.811220449999999538e-02
6.079067689999999996e-02
6.401763530000000035e-02
6.371907820000000111e-02
6.663343870000000557e-02
6.774324260000000320e-02
6.364842330000000659e-02
7.147427450000000404e-02
6.624511589999999839e-02
6.591063960000000110e-02
6.953757800000000266e-02
6.565310389999999552e-02
6.411432350000000058e-02
6.572704020000000313e-02
6.476608120000000579e-02
6.708034849999999771e-02
6.822382890000000533e-02
7.131938679999999531e-02
6.656397760000000441e-02
6.423768689999999337e-02
6.842754280000000466e-02
6.110119519999999971e-02
6.790817690000000573e-02
7.139308249999999634e-02
6.760076789999999725e-02
6.440801220000000327e-02
6.764604459999999653e-02
6.844812479999999588e-02
6.448180689999999382e-02
6.462790620000000152e-02
6.522446410000000416e-02
7.170958369999999582e-02
6.954699279999999872e-02
6.302036560000000287e-02
6.822898709999999922e-02
6.233348090000000175e-02
7.127772159999999635e-02
6.795840120000000428e-02
6.825423899999999433e-02
6.977641160000000453e-02
6.676900099999999449e-02
7.049072150000000592e-02
6.490761130000000101e-02
6.167852110000000138e-02
7.054962189999999800e-02
6.667139419999999761e-02
7.124036079999999937e-02
7.170586180000000642e-02
6.649029360000000000e-02
6.805948150000000474e-02
6.997906539999999842e-02
6.941800920000000541e-02
6.964617219999999498e-02
6.609292690000000137e-02
6.834738819999999770e-02
6.657832210000000361e-02
7.285228970000000304e-02
6.972575259999999608e-02
6.476031799999999727e-02
6.489602810000000277e-02
6.324684399999999651e-02
6.981583500000000664e-02
6.692987620000000193e-02
7.265757990000000499e-02
7.369750399999999702e-02
6.410074620000000278e-02
6.720815049999999402e-02
7.080795539999999721e-02
6.968550919999999538e-02
6.644072550000000577e-02
6.628419979999999878e-02
7.221462160000000075e-02
6.787673249999999492e-02
6.843438279999999874e-02
6.782808229999999494e-02
6.877719879999999453e-02
6.884826199999999341e-02
6.703789440000000599e-02
6.939236629999999406e-02
7.257636330000000191e-02
6.973789299999999525e-02
7.134815170000000095e-02
7.108548950000000144e-02
7.181422649999999464e-02
7.139293439999999658e-02
7.056307600000000235e-02
6.952786719999999587e-02
7.465724579999999388e-02
6.939656049999999576e-02
6.858236980000000094e-02
6.271860849999999488e-02
6.776004759999999794e-02
6.991527220000000320e-02
7.048811990000000693e-02
6.969467990000000057e-02
7.274899949999999449e-02
7.494206080000000159e-02
6.596061470000000315e-02
7.776372410000000068e-02
7.069282509999999520e-02
7.659697880000000680e-02
7.459811119999999740e-02
7.124694750000000465e-02
6.720596780000000214e-02
7.270294189999999823e-02
6.917880199999999757e-02
6.488547960000000392e-02
6.979977789999999849e-02
6.410770440000000681e-02
6.685256400000000321e-02
7.066736939999999911e-02
6.554118250000000312e-02
6.824435630000000308e-02
7.290865209999999874e-02
7.646028450000000309e-02
7.227602340000000014e-02
7.241785459999999786e-02
7.361142310000000355e-02
7.341613710000000070e-02
7.033786849999999757e-02
8.000402030000000608e-02
7.541942499999999827e-02
7.895668640000000349e-02
7.283738750000000317e-02
7.895417520000000411e-02
6.586562129999999626e-02
6.746029970000000375e-02
7.677109579999999434e-02
7.377797730000000553e-02
7.382725360000000348e-02
6.729554020000000358e-02
8.219591440000000027e-02
7.103002819999999773e-02
7.448680920000000372e-02
7.165017930000000534e-02
7.140055260000000015e-02
6.564394249999999653e-02
7.155283889999999869e-02
7.699967959999999556e-02
8.382812000000000596e-02
7.221374769999999721e-02
7.241328630000000433e-02
7.493741499999999334e-02
7.134457760000000037e-02
6.967182269999999678e-02
7.253646939999999765e-02
8.425591590000000575e-02
8.196606750000000330e-02
7.652978030000000265e-02
7.723998270000000110e-02
7.494920419999999417e-02
7.268942159999999819e-02
7.477386040000000289e-02
7.569231460000000467e-02
7.262240339999999350e-02
7.663236010000000487e-02
6.601128550000000261e-02
7.501682010000000622e-02
7.762016110000000135e-02
7.056793079999999774e-02
6.889397969999999649e-02
8.231210919999999709e-02
7.275776909999999431e-02
7.101783909999999367e-02
7.802743330000000421e-02
8.016712800000000416e-02
7.136443550000000358e-02
7.379360929999999319e-02
7.862722119999999981e-02
7.469906469999999798e-02
7.413219100000000006e-02
7.272052330000000619e-02
8.068246079999999432e-02
8.064603559999999893e-02
7.591287169999999529e-02
7.890639859999999672e-02
7.639373189999999758e-02
7.073087070000000365e-02
7.315501900000000168e-02
7.581379629999999981e-02
6.813606340000000205e-02
8.023462929999999882e-02
7.581611250000000468e-02
7.922521370000000507e-02
7.597099879999999472e-02
7.069201279999999532e-02
7.953320980000000429e-02
7.427414109999999625e-02
7.267377649999999523e-02
8.001155829999999358e-02
7.068959040000000194e-02
8.384018090000000534e-02
7.422170729999999494e-02
7.465442040000000445e-02
8.155896209999999313e-02
8.041940679999999564e-02
7.999441100000000138e-02
7.558452690000000418e-02
7.443446789999999536e-02
8.394109410000000215e-02
7.194090279999999782e-02
9.264334039999999604e-02
7.779136709999999455e-02
7.324569300000000061e-02
7.979183850000000355e-02
8.536331969999999547e-02
7.434079570000000359e-02
7.389220430000000006e-02
8.130300799999999606e-02
8.392489849999999751e-02
8.277002429999999467e-02
7.951345660000000426e-02
9.063243059999999407e-02
7.368665350000000447e-02
8.103666210000000369e-02
8.121286499999999520e-02
8.929613320000000243e-02
8.258494819999999403e-02
7.774395439999999546e-02
8.723329659999999597e-02
9.133698519999999821e-02
7.520336449999999451e-02
8.104017099999999418e-02
9.205534740000000105e-02
7.859864850000000680e-02
8.114107519999999574e-02
7.801163090000000355e-02
7.972667460000000539e-02
8.599253110000000533e-02
8.213387519999999775e-02
8.154352950000000322e-02
8.243991019999999392e-02
8.252501730000000313e-02
7.509333599999999664e-02
8.269053610000000332e-02
7.496272169999999846e-02
8.467425450000000409e-02
9.674112729999999327e-02
7.325410350000000070e-02
8.652080360000000137e-02
7.590052310000000579e-02
7.749089469999999313e-02
8.155928129999999443e-02
8.235773890000000486e-02
8.855491779999999369e-02
7.553154880000000071e-02
7.875009659999999967e-02
8.018862449999999975e-02
7.949046299999999732e-02
9.266648349999999368e-02
8.471325990000000417e-02
8.677531950000000327e-02
7.410070959999999485e-02
7.841344779999999404e-02
9.054644409999999810e-02
8.274946969999999458e-02
7.465724579999999388e-02
8.222207939999999493e-02
8.452546889999999757e-02
9.092707640000000091e-02
7.674731340000000290e-02
8.253382770000000646e-02
9.608264580000000499e-02
7.913733109999999960e-02
8.526713449999999417e-02
8.025931179999999665e-02
7.967546220000000512e-02
7.781323490000000009e-02
8.095047580000000464e-02
8.429797980000000579e-02
8.093614570000000341e-02
9.124057369999999390e-02
7.889903689999999692e-02
8.671378659999999516e-02
8.067612999999999868e-02
9.516357070000000529e-02
8.159384579999999498e-02
8.524247840000000187e-02
7.753485599999999922e-02
7.847297170000000488e-02
8.962318129999999328e-02
8.952188699999999444e-02
8.185351500000000169e-02
8.691781780000000512e-02
8.677682289999999465e-02
9.422405550000000074e-02
8.321711399999999481e-02
8.538675480000000595e-02
8.355664299999999989e-02
8.945778560000000601e-02
8.618873870000000326e-02
8.736950189999999339e-02
8.306235260000000009e-02
8.530828220000000184e-02
8.887415619999999850e-02
7.846818560000000387e-02
8.483790289999999790e-02
8.298778069999999951e-02
9.009869700000000536e-02
8.735401069999999824e-02
7.898769469999999959e-02
9.746700120000000023e-02
8.270310760000000594e-02
8.847164679999999781e-02
8.815557979999999461e-02
8.382091699999999479e-02
8.708737630000000507e-02
8.582430250000000482e-02
8.099783430000000173e-02
9.207926449999999374e-02
8.248867540000000276e-02
7.702611510000000050e-02
8.835925949999999529e-02
8.739740830000000682e-02
7.856974790000000042e-02
8.306578709999999643e-02
8.978237760000000456e-02
9.783382520000000193e-02
8.088164870000000284e-02
8.104329629999999784e-02
8.124776479999999690e-02
7.981004499999999613e-02
9.061446049999999364e-02
9.259570089999999420e-02
8.062484129999999971e-02
7.874857909999999350e-02
8.619411579999999851e-02
8.883977640000000064e-02
9.634427830000000248e-02
8.859316339999999401e-02
9.396148649999999658e-02
8.505543770000000003e-02
8.806675329999999469e-02
8.176426159999999888e-02
8.253122070000000476e-02
9.301307189999999392e-02
8.181148800000000165e-02
8.998126150000000656e-02
9.311462660000000002e-02
9.486066529999999386e-02
9.253768989999999750e-02
8.896281600000000012e-02
9.086399000000000559e-02
9.001542839999999990e-02
8.953856820000000161e-02
9.499012160000000482e-02
9.002876469999999964e-02
8.935092649999999692e-02
8.704772719999999409e-02
9.344648880000000490e-02
9.620781230000000073e-02
8.675413270000000010e-02
8.689365390000000633e-02
8.388933739999999972e-02
9.604833270000000256e-02
8.731876689999999719e-02
8.582316719999999455e-02
9.525619089999999567e-02
8.687237700000000062e-02
9.386861800000000089e-02
8.308717279999999761e-02
8.861681829999999704e-02
8.703631500000000298e-02
9.613848279999999413e-02
7.856091860000000149e-02
9.202976799999999791e-02
9.294177339999999676e-02
9.258219920000000658e-02
9.757273219999999803e-02
9.253768989999999750e-02
9.253449340000000078e-02
9.451301550000000551e-02
8.954864740000000045e-02
9.753867169999999587e-02
8.252737390000000617e-02
9.800122399999999789e-02
9.292601590000000578e-02
9.088483760000000411e-02
9.377023569999999586e-02
8.770575320000000008e-02
9.307294630000000069e-02
1.014120710000000064e-01
9.881890869999999938e-02
1.015750809999999976e-01
9.902425139999999903e-02
9.557511250000000347e-02
9.026038420000000173e-02
9.199264190000000507e-02
8.166902830000000169e-02
9.121080950000000354e-02
8.449424930000000444e-02
9.558607040000000055e-02
8.770228310000000027e-02
9.622430999999999346e-02
8.282972389999999907e-02
9.349092039999999659e-02
8.663630240000000371e-02
8.792026399999999797e-02
9.148060099999999473e-02
9.885539070000000372e-02
9.905184009999999650e-02
9.601725680000000596e-02
8.996857490000000068e-02
1.210310160000000052e-01
9.808176100000000341e-02
9.297632120000000333e-02
1.058772870000000005e-01
9.700311670000000275e-02
9.114052609999999388e-02
8.726099489999999959e-02
9.268005070000000234e-02
8.821151630000000077e-02
9.434909519999999661e-02
1.017037719999999978e-01
9.980092740000000295e-02
1.142090070000000013e-01
9.092502140000000010e-02
9.753212980000000587e-02
9.161414019999999936e-02
9.385556259999999762e-02
1.041691339999999966e-01
9.205058609999999808e-02
9.831639250000000219e-02
9.619710619999999324e-02
9.556804870000000507e-02
9.420340889999999356e-02
8.949202620000000497e-02
1.039867629999999959e-01
1.018066809999999961e-01
9.443694240000000129e-02
1.162695210000000007e-01
8.640577530000000117e-02
9.581556989999999441e-02
1.052010629999999974e-01
9.208150190000000124e-02
1.103144239999999943e-01
9.782490900000000156e-02
1.047448049999999964e-01
1.008886860000000052e-01
9.543361990000000239e-02
1.002636940000000004e-01
9.542903449999999566e-02
8.985223359999999770e-02
9.361108569999999907e-02
1.021460210000000035e-01
9.947313110000000069e-02
1.006933539999999988e-01
9.033679490000000312e-02
9.585463589999999867e-02
9.928202419999999917e-02
1.074583620000000017e-01
1.085761650000000023e-01
9.192468010000000300e-02
1.049503680000000022e-01
9.183816999999999675e-02
1.155288069999999973e-01
9.629058679999999426e-02
9.889819639999999912e-02
9.813576849999999796e-02
9.593938659999999563e-02
9.985066480000000244e-02
1.044301950000000034e-01
1.081923870000000010e-01
1.020197870000000007e-01
1.022833880000000029e-01
9.854451540000000453e-02
1.015252360000000048e-01
1.026057279999999933e-01
1.076136869999999995e-01
9.152084470000000638e-02
1.025539230000000052e-01
1.109587820000000058e-01
9.258191679999999701e-02
9.557090570000000007e-02
1.011131039999999953e-01
8.673264579999999391e-02
1.194701440000000003e-01
1.010853589999999996e-01
1.174252090000000026e-01
1.111253819999999948e-01
1.021352860000000057e-01
1.028039989999999931e-01
1.238422549999999983e-01
1.012139680000000014e-01
9.934453179999999661e-02
1.137027629999999984e-01
8.926111670000000387e-02
1.040024830000000067e-01
1.071314399999999945e-01
1.117615130000000068e-01
1.086374870000000048e-01
9.272555080000000061e-02
9.894617270000000131e-02
9.869427159999999422e-02
9.864147550000000597e-02
9.468007900000000032e-02
1.230740429999999941e-01
1.031145079999999936e-01
9.936389460000000229e-02
