2.286862582400297772e-01
2.282604690287878269e-01
2.278355747324876113e-01
2.274116457569220484e-01
2.269887700599421965e-01
2.265670486254673099e-01
2.261465903090151552e-01
2.257275063470605136e-01
2.253099048094319434e-01
2.248938852780336117e-01
2.244795340198426359e-01
2.240669198925057670e-01
2.236560911787798533e-01
2.232470734940524837e-01
2.228398688522971460e-01
2.224344559134477650e-01
2.220307913728553628e-01
2.216288123946609512e-01
2.212284399387703659e-01
2.208295827883710594e-01
2.204321420537142251e-01
2.200360159096105273e-01
2.196411043193943202e-01
2.192473135068475076e-01
2.188545599588307411e-01
2.184627737735607977e-01
2.180719012104327670e-01
2.176819063444497826e-01
2.172927717788399882e-01
2.169044984204092641e-01
2.165171043707570520e-01
2.161306230795166927e-01
2.157451005962682800e-01
2.153605928237639633e-01
2.149771619616336893e-01
2.145948730687894102e-01
2.142137906302868100e-01
2.138339753483286254e-01
2.134554813064854784e-01
2.130783536283281931e-01
2.127026267188928399e-01
2.123283231418167383e-01
2.119554531487115034e-01
2.115840148424105449e-01
2.112139949239824066e-01
2.108453699463788689e-01
2.104781079764687368e-01
2.101121705527669581e-01
2.097475148187440408e-01
2.093840957111186840e-01
2.090218680885389257e-01
2.086607886977394355e-01
2.083008178905792762e-01
2.079419210250623429e-01
2.075840695051878459e-01
2.072272414369180638e-01
2.068714218993911169e-01
2.065166028506058571e-01
2.061627827041898342e-01
2.058099656278144229e-01
2.054581606238553848e-01
2.051073804588080529e-01
2.047576405097831231e-01
2.044089575944048054e-01
2.040613488450563062e-01
2.037148306802792075e-01
2.033694179159389326e-01
2.030251230472718826e-01
2.026819557208928702e-01
2.023399224039762190e-01
2.019990262467710185e-01
2.016592671248945978e-01
2.013206418398705844e-01
2.009831444503960007e-01
2.006467667029596946e-01
2.003114985286791050e-01
1.999773285734409989e-01
1.996442447304023760e-01
1.993122346473235884e-01
1.989812861857166437e-01
1.986513878140273859e-01
1.983225289226523691e-01
1.979947000541762980e-01
1.976678930474889684e-01
1.973421010991500690e-01
1.970173187493209632e-01
1.966935418026477533e-01
1.963707671965984891e-01
1.960489928309313012e-01
1.957282173722478258e-01
1.954084400470746941e-01
1.950896604357356401e-01
1.947718782775886004e-01
1.944550932961616185e-01
1.941393050504922613e-01
1.938245128167060405e-01
1.935107155016907166e-01
1.931979115887494935e-01
1.928860991134234981e-01
1.925752756663204612e-01
1.922654384188031973e-01
1.919565841667738859e-01
1.916487093875275105e-01
1.913418103046981289e-01
1.910358829566390082e-01
1.907309232641035690e-01
1.904269270937686276e-01
1.901238903149022330e-01
1.898218088472722609e-01
1.895206786991666670e-01
1.892204959951113152e-01
1.889212569934980435e-01
1.886229580948464157e-01
1.883255958418163512e-01
1.880291669123507481e-01
1.877336681074741609e-01
1.874390963353075867e-01
1.871454485928036593e-01
1.868527219465740130e-01
1.865609135139942587e-01
1.862700204455521868e-01
1.859800399091675605e-01
1.856909690769743826e-01
1.854028051148354228e-01
1.851155451746579195e-01
1.848291863894133691e-01
1.845437258706321693e-01
1.842591607080477367e-01
1.839754879710065183e-01
1.836927047112320022e-01
1.834108079665337232e-01
1.831297947650753488e-01
1.828496621298586200e-01
1.825704070831330461e-01
1.822920266505012876e-01
1.820145178645519723e-01
1.817378777679105051e-01
1.814621034156536916e-01
1.811871918770793233e-01
1.809131402368614472e-01
1.806399455956496092e-01
1.803676050701909228e-01
1.800961157930641154e-01
1.798254749121197538e-01
1.795556795897166602e-01
1.792867270018394799e-01
1.790186143371691463e-01
1.787513387961682798e-01
1.784848975902273982e-01
1.782192879409053576e-01
1.779545070792858952e-01
1.776905522454585717e-01
1.774274206881258920e-01
1.771651096643283574e-01
1.769036164392761845e-01
1.766429382862711450e-01
1.763830724867014865e-01
1.761240163300913375e-01
1.758657671141886647e-01
1.756083221450751020e-01
1.753516787372847441e-01
1.750958342139220247e-01
1.748407859067690473e-01
1.745865311563773725e-01
1.743330673121415708e-01
1.740803917323511807e-01
1.738285017842228775e-01
1.735773948439131298e-01
1.733270682965140919e-01
1.730775195360345353e-01
1.728287459653699565e-01
1.725807449962633577e-01
1.723335140492607831e-01
1.720870505536624961e-01
1.718413519474737139e-01
1.715964156773545635e-01
1.713522391985721760e-01
1.711088199749544736e-01
1.708661554788472037e-01
1.706242431910733881e-01
1.703830806008962417e-01
1.701426652059844224e-01
1.699029945123800012e-01
1.696640660344683471e-01
1.694258772949498171e-01
1.691884258248124717e-01
1.689517091633062074e-01
1.687157248579169710e-01
1.684804704643413920e-01
1.682459435464618847e-01
1.680121416763213360e-01
1.677790624340978198e-01
1.675467034080790063e-01
1.673150621946363492e-01
1.670841363981991901e-01
1.668539236312283347e-01
1.666244215141898521e-01
1.663956276755282626e-01
1.661675397516400310e-01
1.659401553868468937e-01
1.657134722333691301e-01
1.654874879512987507e-01
1.652622002085729902e-01
1.650376066809479125e-01
1.648137050519715985e-01
1.645904930129581389e-01
1.643679682629612671e-01
1.641461285087484345e-01
1.639249714647744716e-01
1.637044948531562460e-01
1.634846964036463790e-01
1.632655738536080148e-01
1.630471249479891194e-01
1.628293474392970841e-01
1.626122390875732182e-01
1.623957976603678244e-01
1.621800209327147746e-01
1.619649066871065024e-01
1.617504527134690506e-01
1.615366568091372024e-01
1.613235167788294455e-01
1.611110304346234923e-01
1.608991955959314935e-01
1.606880100894753083e-01
1.604774717492622738e-01
1.602675784165605577e-01
1.600583279398749836e-01
1.598497181749226059e-01
1.596417469846085901e-01
1.594344122390022322e-01
1.592277118153125892e-01
1.590216435978650256e-01
1.588162054780768995e-01
1.586113953544340816e-01
1.584072111324671128e-01
1.582036507247275570e-01
1.580007120507646301e-01
1.577983930371014976e-01
1.575966916172120424e-01
1.573956057314974954e-01
1.571951333272633977e-01
1.569952723586960364e-01
1.567960207868398237e-01
1.565973765795739547e-01
1.563993377115897310e-01
1.562019021643675787e-01
1.560050679261542617e-01
1.558088329919403991e-01
1.556131953634376230e-01
1.554181530490560681e-01
1.552237040638821119e-01
1.550298464296557266e-01
1.548365781747483294e-01
1.546438973341404399e-01
1.544518019493997252e-01
1.542602900686586842e-01
1.540693597465926379e-01
1.538790090443980241e-01
1.536892360297702209e-01
1.535000387768820918e-01
1.533114153663619472e-01
1.531233638852720624e-01
1.529358824270871109e-01
1.527489690916725429e-01
1.525626219852633803e-01
1.523768392204426503e-01
1.521916189161200972e-01
1.520069591975111711e-01
1.518228581961156287e-01
1.516393140496966885e-01
1.514563249022598257e-01
1.512738889040319834e-01
1.510920042114407280e-01
1.509106689870932938e-01
1.507298813997560161e-01
1.505496396243335699e-01
1.503699418418485423e-01
1.501907862394207538e-01
1.500121710102468864e-01
1.498340943535800829e-01
1.496565544747096299e-01
1.494795495849408906e-01
1.493030779015747656e-01
1.491271376478879584e-01
1.489517270531127147e-01
1.487768443524169759e-01
1.486024877868843685e-01
1.484286556034944693e-01
1.482553460551028768e-01
1.480825574004218104e-01
1.479102879040001262e-01
1.477385358362039713e-01
1.475672994731971055e-01
1.473965770969217215e-01
1.472263669950787945e-01
1.470566674611089308e-01
1.468874767941729942e-01
1.467187932991331489e-01
1.465506152865335143e-01
1.463829410725811797e-01
1.462157689791272475e-01
1.460490973336480147e-01
1.458829244692257943e-01
1.457172487245304293e-01
1.455520684438004753e-01
1.453873819768243814e-01
1.452231876789220610e-01
1.450594839109262957e-01
1.448962690391641661e-01
1.447335414354387617e-01
1.445712994770106952e-01
1.444095415465798671e-01
1.442482660322673138e-01
1.440874713275966945e-01
1.439271558314767219e-01
1.437673179481825103e-01
1.436079560873380623e-01
1.434490686638980883e-01
1.432906540981301324e-01
1.431327107651302333e-01
1.429752371968216196e-01
1.428182317786867717e-01
1.426616929520671539e-01
1.425056191635288017e-01
1.423500088648445294e-01
1.421948605129766119e-01
1.420401725700593532e-01
1.418859435033817395e-01
1.417321717853701479e-01
1.415788558935711372e-01
1.414259943106342399e-01
1.412735855242949479e-01
1.411216280273575319e-01
1.409701203176780826e-01
1.408190608981476633e-01
1.406684482766752953e-01
1.405182809661711940e-01
1.403685574845301154e-01
1.402192763546143139e-01
1.400704361042372781e-01
1.399220352661469102e-01
1.397740723780089289e-01
1.396265459823905208e-01
1.394794546267438817e-01
1.393327968633897296e-01
1.391865712495012064e-01
1.390407763470872526e-01
1.388954107229767587e-01
1.387504729488021615e-01
1.386059616009834294e-01
1.384618752607120196e-01
1.383182125139348351e-01
1.381749719513382657e-01
1.380321521683324504e-01
1.378897517650351234e-01
1.377477693462562103e-01
1.376062035214817569e-01
1.374650529048584979e-01
1.373243161151781466e-01
1.371839917758617411e-01
1.370440785149441287e-01
1.369045749650586175e-01
1.367654797634215713e-01
1.366267915518168119e-01
1.364885089765806025e-01
1.363506306885860497e-01
1.362131553432281983e-01
1.360760816004087659e-01
1.359394081245209329e-01
1.358031335844343268e-01
1.356672566534801727e-01
1.355317760094361390e-01
1.353966903345114325e-01
1.352619983153320604e-01
1.351276986429260085e-01
1.349937900127083090e-01
1.348602711244665520e-01
1.347271406823460360e-01
1.345943973948353911e-01
1.344620399747516737e-01
1.343300671392262113e-01
1.341984776096898646e-01
1.340672701118587606e-01
1.339364433757199158e-01
1.338059961355168304e-01
1.336759271297352503e-01
1.335462351010889837e-01
1.334169187965057457e-01
1.332879769671128645e-01
1.331594083682234864e-01
1.330312117593221710e-01
1.329033859040512355e-01
1.327759295701966546e-01
1.326488415296741552e-01
1.325221205585154771e-01
1.323957654368543846e-01
1.322697749489131769e-01
1.321441478829886440e-01
1.320188830314387718e-01
1.318939791906688641e-01
1.317694351611180259e-01
1.316452497472456740e-01
1.315214217575180755e-01
1.313979500043948589e-01
1.312748333043156079e-01
1.311520704776866220e-01
1.310296603488675105e-01
1.309076017461579533e-01
1.307858935017845448e-01
1.306645344518876095e-01
1.305435234365079911e-01
1.304228592995740899e-01
1.303025408888887626e-01
1.301825670561163606e-01
1.300629366567697953e-01
1.299436485501975214e-01
1.298247015995708797e-01
1.297060946718710528e-01
1.295878266378764632e-01
1.294698963721499785e-01
1.293523027530261715e-01
1.292350446625987193e-01
1.291181209867078850e-01
1.290015306149278340e-01
1.288852724405540606e-01
1.287693453605911198e-01
1.286537482757399709e-01
1.285384800903858205e-01
1.284235397125854661e-01
1.283089260540552501e-01
1.281946380301586530e-01
1.280806745598941365e-01
1.279670345658828756e-01
1.278537169743566571e-01
1.277407207151458057e-01
1.276280447216670555e-01
1.275156879309115032e-01
1.274036492834327849e-01
1.272919277233349467e-01
1.271805221982605372e-01
1.270694316593789785e-01
1.269586550613744091e-01
1.268481913624341928e-01
1.267380395242369839e-01
1.266281985119410702e-01
1.265186672941727708e-01
1.264094448430146955e-01
1.263005301339942266e-01
1.261919221460719998e-01
1.260836198616302750e-01
1.259756222664616121e-01
1.258679283497572687e-01
1.257605371040960152e-01
1.256534475254325323e-01
1.255466586130862539e-01
1.254401693697300979e-01
1.253339788013791423e-01
1.252280859173793837e-01
1.251224897303967465e-01
1.250171892564057030e-01
1.249121835146783932e-01
1.248074715277734947e-01
1.247030523215251346e-01
1.245989249250320091e-01
1.244950883706463923e-01
1.243915416939632007e-01
1.242882839338091683e-01
1.241853141322319803e-01
1.240826313344894488e-01
1.239802345890389096e-01
1.238781229475262036e-01
1.237762954647752128e-01
1.236747511987771886e-01
1.235734892106799820e-01
1.234725085647776915e-01
1.233718083284998240e-01
1.232713875724010394e-01
1.231712453701505755e-01
1.230713807985217706e-01
1.229717929373817104e-01
1.228724808696807225e-01
1.227734436814423291e-01
1.226746804617526165e-01
1.225761903027501459e-01
1.224779722996156700e-01
1.223800255505619744e-01
1.222823491568236359e-01
1.221849422226469750e-01
1.220878038552798833e-01
1.219909331649618039e-01
1.218943292649136839e-01
1.217979912713279822e-01
1.217019183033586777e-01
1.216061094831113881e-01
1.215105639356335310e-01
1.214152807889041924e-01
1.213202591738246627e-01
1.212254982242084028e-01
1.211309970767712185e-01
1.210367548711218377e-01
1.209427707497519183e-01
1.208490438580264448e-01
1.207555733441742080e-01
1.206623583592780630e-01
1.205693980572654644e-01
1.204766915948989187e-01
1.203842381317663801e-01
1.202920368302717868e-01
1.202000868556258456e-01
1.201083873758362758e-01
1.200169375616986778e-01
1.199257365867871378e-01
1.198347836274448464e-01
1.197440778627748559e-01
1.196536184746308101e-01
1.195634046476077433e-01
1.194734355690329070e-01
1.193837104289565687e-01
1.192942284201427838e-01
1.192049887380605966e-01
1.191159905808746311e-01
1.190272331494362790e-01
1.189387156472745122e-01
1.188504372805871262e-01
1.187623972582316223e-01
1.186745947917162980e-01
1.185870290951914346e-01
1.184996993854404018e-01
1.184126048818708310e-01
1.183257448065057754e-01
1.182391183839750226e-01
1.181527248415062403e-01
1.180665634089164834e-01
1.179806333186031869e-01
1.178949338055357982e-01
1.178094641072469917e-01
1.177242234638241902e-01
1.176392111179008493e-01
1.175544263146480611e-01
1.174698683017660339e-01
1.173855363294754595e-01
1.173014296505092563e-01
1.172175475201040207e-01
1.171338891959916723e-01
1.170504539383911552e-01
1.169672410099999033e-01
1.168842496759858046e-01
1.168014792039786531e-01
1.167189288640620159e-01
1.166365979287651289e-01
1.165544856730544171e-01
1.164725913743255570e-01
1.163909143123951773e-01
1.163094537694929348e-01
1.162282090302531878e-01
1.161471793817070858e-01
1.160663641132744783e-01
1.159857625167559636e-01
1.159053738863248390e-01
1.158251975185191490e-01
1.157452327122337338e-01
1.156654787687125263e-01
1.155859349915403372e-01
1.155066006866353190e-01
1.154274751622409445e-01
1.153485577289182773e-01
1.152698476995382137e-01
1.151913443892737254e-01
1.151130471155921431e-01
1.150349551982474544e-01
1.149570679592726297e-01
1.148793847229720305e-01
1.148019048159136662e-01
1.147246275669217552e-01
1.146475523070691754e-01
1.145706783696696790e-01
1.144940050902706757e-01
1.144175318066455588e-01
1.143412578587863077e-01
1.142651825888960221e-01
1.141893053413815945e-01
1.141136254628461189e-01
1.140381423020817853e-01
1.139628552100623582e-01
1.138877635399359045e-01
1.138128666470175354e-01
1.137381638887820928e-01
1.136636546248570023e-01
1.135893382170148763e-01
1.135152140291665612e-01
1.134412814273537129e-01
1.133675397797418716e-01
1.132939884566132177e-01
1.132206268303594804e-01
1.131474542754749152e-01
1.130744701685492126e-01
1.130016738882605037e-01
1.129290648153683380e-01
1.128566423327066748e-01
1.127844058251770004e-01
1.127123546797413056e-01
1.126404882854153272e-01
1.125688060332614288e-01
1.124973073163819531e-01
1.124259915299122836e-01
1.123548580710140160e-01
1.122839063388682557e-01
1.122131357346687203e-01
1.121425456616150507e-01
1.120721355249061635e-01
1.120019047317333677e-01
1.119318526912738698e-01
1.118619788146840016e-01
1.117922825150926003e-01
1.117227632075944721e-01
1.116534203092436478e-01
1.115842532390469571e-01
1.115152614179574508e-01
1.114464442688678225e-01
1.113778012166039416e-01
1.113093316879183309e-01
1.112410351114837964e-01
1.111729109178869052e-01
1.111049585396215872e-01
1.110371774110827936e-01
1.109695669685600294e-01
1.109021266502310532e-01
1.108348558961555347e-01
1.107677541482688099e-01
1.107008208503755253e-01
1.106340554481432814e-01
1.105674573890965962e-01
1.105010261226105073e-01
1.104347610999044660e-01
1.103686617740360781e-01
1.103027275998949841e-01
1.102369580341967387e-01
1.101713525354766215e-01
1.101059105640835867e-01
1.100406315821741560e-01
1.099755150537063964e-01
1.099105604444338274e-01
1.098457672218994402e-01
1.097811348554296879e-01
1.097166628161284907e-01
1.096523505768712825e-01
1.095881976122990986e-01
1.095242033988125807e-01
1.094603674145662037e-01
1.093966891394622665e-01
1.093331680551451052e-01
1.092698036449952226e-01
1.092065953941234874e-01
1.091435427893653332e-01
1.090806453192749020e-01
1.090179024741194380e-01
1.089553137458733889e-01
1.088928786282127165e-01
1.088305966165093036e-01
1.087684672078251119e-01
1.087064899009066166e-01
1.086446641961791165e-01
1.085829895957411001e-01
1.085214656033586800e-01
1.084600917244599588e-01
1.083988674661294782e-01
1.083377923371026258e-01
1.082768658477601537e-01
1.082160875101226549e-01
1.081554568378449988e-01
1.080949733462109597e-01
1.080346365521276664e-01
1.079744459741201895e-01
1.079144011323261015e-01
1.078545015484901198e-01
1.077947467459586944e-01
1.077351362496745540e-01
1.076756695861715019e-01
1.076163462835689894e-01
1.075571658715667317e-01
1.074981278814396285e-01
1.074392318460322959e-01
1.073804772997537793e-01
1.073218637785724600e-01
1.072633908200107816e-01
1.072050579631399214e-01
1.071468647485747105e-01
1.070888107184684995e-01
1.070308954165077736e-01
1.069731183879073511e-01
1.069154791794050263e-01
1.068579773392564353e-01
1.068006124172300730e-01
1.067433839646022981e-01
1.066862915341520446e-01
1.066293346801559655e-01
1.065725129583833947e-01
1.065158259260912121e-01
1.064592731420190425e-01
1.064028541663841337e-01
1.063465685608765143e-01
1.062904158886539274e-01
1.062343957143370016e-01
1.061785076040044073e-01
1.061227511251877781e-01
1.060671258468670192e-01
1.060116313394653675e-01
1.059562671748445345e-01
1.059010329262999595e-01
1.058459281685558973e-01
1.057909524777607829e-01
1.057361054314822774e-01
1.056813866087026044e-01
1.056267955898138322e-01
1.055723319566130858e-01
1.055179952922978698e-01
1.054637851814613642e-01
1.054097012100877195e-01
1.053557429655474637e-01
1.053019100365927413e-01
1.052482020133528456e-01
1.051946184873294166e-01
1.051411590513919442e-01
1.050878232997732031e-01
1.050346108280646173e-01
1.049815212332116943e-01
1.049285541135095839e-01
1.048757090685984578e-01
1.048229856994590259e-01
1.047703836084080686e-01
1.047179023990939123e-01
1.046655416764920438e-01
1.046133010469005309e-01
1.045611801179356509e-01
1.045091784985276162e-01
1.044572957989158973e-01
1.044055316306450182e-01
1.043538856065601567e-01
1.043023573408027038e-01
1.042509464488060589e-01
1.041996525472911189e-01
1.041484752542621017e-01
1.040974141890022159e-01
1.040464689720693170e-01
1.039956392252916889e-01
1.039449245717637693e-01
1.038943246358418754e-01
1.038438390431400127e-01
1.037934674205256702e-01
1.037432093961155599e-01
1.036930645992714534e-01
1.036430326605960739e-01
1.035931132119287529e-01
1.035433058863415440e-01
1.034936103181348654e-01
1.034440261428335311e-01
1.033945529971824623e-01
1.033451905191428571e-01
1.032959383478879306e-01
1.032467961237988341e-01
1.031977634884607281e-01
1.031488400846586606e-01
1.031000255563735424e-01
1.030513195487782058e-01
1.030027217082333107e-01
1.029542316822834591e-01
1.029058491196531561e-01
1.028575736702428550e-01
1.028094049851250857e-01
1.027613427165404575e-01
1.027133865178937594e-01
1.026655360437500331e-01
1.026177909498307422e-01
1.025701508930098593e-01
1.025226155313099796e-01
1.024751845238985187e-01
1.024278575310838546e-01
1.023806342143114279e-01
1.023335142361601335e-01
1.022864972603382411e-01
1.022395829516798554e-01
1.021927709761409481e-01
1.021460610007958042e-01
1.020994526938330538e-01
1.020529457245520633e-01
1.020065397633592025e-01
1.019602344817641254e-01
1.019140295523760509e-01
1.018679246489000434e-01
1.018219194461334465e-01
1.017760136199621496e-01
1.017302068473568827e-01
1.016844988063696914e-01
1.016388891761302871e-01
1.015933776368423275e-01
1.015479638697799752e-01
1.015026475572841924e-01
1.014574283827592016e-01
1.014123060306689472e-01
1.013672801865334316e-01
1.013223505369253985e-01
1.012775167694665301e-01
1.012327785728241447e-01
1.011881356367076018e-01
1.011435876518647220e-01
1.010991343100785950e-01
1.010547753041636937e-01
1.010105103279627659e-01
1.009663390763432395e-01
1.009222612451937673e-01
1.008782765314208824e-01
1.008343846329454868e-01
1.007905852486995907e-01
1.007468780786227452e-01
1.007032628236588095e-01
1.006597391857525364e-01
1.006163068678461864e-01
1.005729655738761968e-01
1.005297150087699209e-01
1.004865548784421442e-01
1.004434848897919896e-01
1.004005047506994069e-01
1.003576141700220359e-01
1.003148128575918341e-01
1.002721005242118713e-01
1.002294768816530263e-01
1.001869416426507953e-01
1.001444945209020304e-01
1.001021352310616508e-01
1.000598634887395755e-01
1.000176790104973928e-01
9.997558151384525194e-02
9.993357071723857343e-02
9.989164634007501042e-02
9.984980810269124263e-02
9.980805572635977063e-02
9.976638893328590441e-02
9.972480744660444651e-02
9.968331099037679166e-02
9.964189928958762377e-02
9.960057207014196001e-02
9.955932905886206996e-02
9.951816998348421428e-02
9.947709457265582755e-02
9.943610255593231251e-02
9.939519366377397303e-02
9.935436762754315532e-02
9.931362417950101440e-02
9.927296305280461364e-02
9.923238398150391326e-02
9.919188670053878665e-02
9.915147094573596720e-02
9.911113645380612014e-02
9.907088296234095592e-02
9.903071020981009387e-02
9.899061793555832822e-02
9.895060587980251954e-02
9.891067378362874973e-02
9.887082138898944939e-02
9.883104843870038625e-02
9.879135467643788970e-02
9.875173984673583927e-02
9.871220369498290292e-02
9.867274596741962278e-02
9.863336641113551462e-02
9.859406477406632008e-02
9.855484080499106458e-02
9.851569425352933729e-02
9.847662487013837673e-02
9.843763240611030918e-02
9.839871661356937305e-02
9.835987724546907396e-02
9.832111405558939532e-02
9.828242679853410602e-02
9.824381522972798486e-02
9.820527910541396177e-02
9.816681818265048098e-02
9.812843221930876714e-02
9.809012097407000808e-02
9.805188420642275970e-02
9.801372167666015656e-02
9.797563314587721950e-02
9.793761837596820508e-02
9.789967712962391322e-02
9.786180917032896720e-02
9.782401426235926012e-02
9.778629217077917934e-02
9.774864266143905300e-02
9.771106550097247156e-02
9.767356045679366494e-02
9.763612729709489346e-02
9.759876579084385273e-02
9.756147570778105071e-02
9.752425681841722649e-02
9.748710889403074120e-02
9.745003170666508008e-02
9.741302502912620176e-02
9.737608863498002643e-02
9.733922229854986841e-02
9.730242579491393817e-02
9.726569889990274720e-02
9.722904139009663771e-02
9.719245304282322917e-02
9.715593363615497580e-02
9.711948294890655753e-02
9.708310076063253469e-02
9.704678685162478058e-02
9.701054100290998350e-02
9.697436299624723199e-02
9.693825261412560013e-02
9.690220963976158008e-02
9.686623385709676459e-02
9.683032505079533503e-02
9.679448300624171608e-02
9.675870750953800836e-02
9.672299834750183734e-02
9.668735530766366104e-02
9.665177817826461903e-02
9.661626674825400662e-02
9.658082080728697116e-02
9.654544014572212507e-02
9.651012455461917272e-02
9.647487382573655124e-02
9.643968775152914064e-02
9.640456612514591850e-02
9.636950874042754522e-02
9.633451539190414359e-02
9.629958587479299503e-02
9.626471998499613880e-02
9.622991751909815150e-02
9.619517827436384338e-02
9.616050204873598239e-02
9.612588864083301821e-02
9.609133784994677852e-02
9.605684947604027635e-02
9.602242331974542022e-02
9.598805918236077983e-02
9.595375686584935171e-02
9.591951617283633880e-02
9.588533690660688835e-02
9.585121887110396866e-02
9.581716187092609305e-02
9.578316571132508561e-02
9.574923019820401338e-02
9.571535513811488260e-02
9.568154033825655713e-02
9.564778560647252403e-02
9.561409075124871482e-02
9.558045558171147926e-02
9.554687990762526784e-02
9.551336353939063328e-02
9.547990628804198243e-02
9.544650796524553615e-02
9.541316838329723382e-02
9.537988735512047123e-02
9.534666469426421320e-02
9.531350021490063440e-02
9.528039373182331517e-02
9.524734506044495175e-02
9.521435401679535782e-02
9.518142041751939675e-02
9.514854407987487217e-02
9.511572482173052956e-02
9.508296246156404397e-02
9.505025681845981345e-02
9.501760771210715495e-02
9.498501496279802836e-02
9.495247839142526014e-02
9.491999781948032289e-02
9.488757306905146183e-02
9.485520396282164091e-02
9.482289032406655827e-02
9.479063197665268947e-02
9.475842874503517810e-02
9.472628045425605936e-02
9.469418692994217845e-02
9.466214799830320603e-02
9.463016348612972306e-02
9.459823322079131958e-02
9.456635703023456851e-02
9.453453474298113834e-02
9.450276618812586404e-02
9.447105119533477646e-02
9.443938959484331208e-02
9.440778121745424523e-02
9.437622589453589783e-02
9.434472345802019655e-02
9.431327374040078537e-02
9.428187657473117989e-02
9.425053179462282438e-02
9.421923923424328773e-02
9.418799872831436215e-02
9.415681011211018969e-02
9.412567322145545812e-02
9.409458789272352741e-02
9.406355396283461179e-02
9.403257126925387843e-02
9.400163964998971278e-02
9.397075894359183112e-02
9.393992898914949041e-02
9.390914962628971185e-02
9.387842069517540744e-02
9.384774203650363134e-02
9.381711349150377577e-02
9.378653490193576692e-02
9.375600611008839957e-02
9.372552695877733875e-02
9.369509729134360698e-02
9.366471695165162759e-02
9.363438578408755930e-02
9.360410363355758934e-02
9.357387034548604599e-02
9.354368576581377492e-02
9.351354974099648776e-02
9.348346211800276362e-02
9.345342274431263363e-02
9.342343146791563802e-02
9.339348813730923016e-02
9.336359260149713901e-02
9.333374470998745398e-02
9.330394431279115386e-02
9.327419126042031661e-02
9.324448540388641238e-02
9.321482659469874921e-02
9.318521468486268278e-02
9.315564952687799272e-02
9.312613097373721727e-02
9.309665887892409897e-02
9.306723309641172504e-02
9.303785348066115346e-02
9.300851988661952563e-02
9.297923216971860916e-02
9.294999018587310480e-02
9.292079379147902274e-02
9.289164284341211442e-02
9.286253719902622106e-02
9.283347671615163610e-02
9.280446125309363414e-02
9.277549066863072236e-02
9.274656482201323882e-02
9.271768357296150675e-02
9.268884678166458557e-02
9.266005430877838345e-02
9.263130601542432507e-02
9.260260176318767245e-02
9.257394141411602606e-02
9.254532483071772897e-02
9.251675187596034022e-02
9.248822241326909444e-02
9.245973630652541686e-02
9.243129342006529969e-02
9.240289361867784490e-02
9.237453676760370991e-02
9.234622273253366431e-02
9.231795137960695230e-02
9.228972257540996038e-02
9.226153618697451042e-02
9.223339208177655513e-02
9.220529012773460986e-02
9.217723019320825384e-02
9.214921214699667296e-02
9.212123585833718875e-02
9.209330119690375960e-02
9.206540803280557905e-02
9.203755623658556317e-02
9.200974567921890723e-02
9.198197623211167018e-02
9.195424776709923420e-02
9.192656015644498635e-02
9.189891327283884748e-02
9.187130698939580120e-02
9.184374117965445061e-02
9.181621571757569988e-02
9.178873047754125547e-02
9.176128533435225221e-02
9.173388016322785166e-02
9.170651483980375718e-02
9.167918924013093718e-02
9.165190324067419569e-02
9.162465671831068748e-02
9.159744955032869673e-02
9.157028161442617997e-02
9.154315278870935046e-02
9.151606295169131822e-02
9.148901198229088261e-02
9.146199975983092256e-02
9.143502616403723082e-02
9.140809107503711228e-02
9.138119437335798234e-02
9.135433593992606238e-02
9.132751565606513078e-02
9.130073340349502409e-02
9.127398906433042969e-02
9.124728252107955351e-02
9.122061365664270449e-02
9.119398235431111499e-02
9.116738849776553910e-02
9.114083197107497591e-02
9.111431265869536500e-02
9.108783044546828189e-02
9.106138521661967522e-02
9.103497685775856219e-02
9.100860525487565467e-02
9.098227029434230451e-02
9.095597186290893532e-02
9.092970984770404330e-02
9.090348413623276780e-02
9.087729461637562844e-02
9.085114117638738718e-02
9.082502370489561883e-02
9.079894209089968415e-02
9.077289622376920331e-02
9.074688599324312599e-02
9.072091128942819105e-02
9.069497200279795501e-02
9.066906802419139044e-02
9.064319924481170632e-02
9.061736555622512679e-02
9.059156685035979484e-02
9.056580301950428735e-02
9.054007395630668531e-02
9.051437955377319988e-02
9.048871970526702058e-02
9.046309430450716338e-02
9.043750324556718012e-02
9.041194642287408989e-02
9.038642373120707452e-02
9.036093506569635447e-02
9.033548032182207865e-02
9.031005939541299210e-02
9.028467218264543681e-02
9.025931858004204722e-02
9.023399848447072324e-02
9.020871179314331190e-02
9.018345840361459420e-02
9.015823821378110559e-02
9.013305112187995627e-02
9.010789702648762389e-02
9.008277582651903759e-02
9.005768742122620407e-02
9.003263171019716682e-02
9.000760859335493747e-02
8.998261797095628844e-02
8.995765974359071215e-02
8.993273381217919971e-02
8.990784007797321398e-02
8.988297844255360713e-02
8.985814880782941327e-02
8.983335107603680758e-02
8.980858514973803775e-02
8.978385093182027210e-02
8.975914832549454492e-02
8.973447723429467393e-02
8.970983756207615012e-02
8.968522921301509687e-02
8.966065209160715976e-02
8.963610610266646572e-02
8.961159115132452668e-02
8.958710714302922651e-02
8.956265398354362750e-02
8.953823157894512386e-02
8.951383983562422042e-02
8.948947866028356124e-02
8.946514795993680547e-02
8.944084764190769754e-02
8.941657761382895697e-02
8.939233778364125138e-02
8.936812805959212791e-02
8.934394835023506953e-02
8.931979856442841259e-02
8.929567861133436146e-02
8.927158840041789223e-02
8.924752784144582285e-02
8.922349684448577234e-02
8.919949531990513381e-02
8.917552317837007525e-02
8.915158033084460976e-02
8.912766668858945751e-02
8.910378216316117150e-02
8.907992666641105506e-02
8.905610011048432917e-02
8.903230240781892513e-02
8.900853347114467962e-02
8.898479321348225224e-02
8.896108154814226510e-02
8.893739838872417869e-02
8.891374364911544537e-02
8.889011724349052401e-02
8.886651908630985308e-02
8.884294909231894855e-02
8.881940717654744633e-02
8.879589325430814473e-02
8.877240724119600523e-02
8.874894905308731985e-02
8.872551860613862862e-02
8.870211581678592860e-02
8.867874060174357753e-02
8.865539287800351664e-02
8.863207256283418822e-02
8.860877957377978620e-02
8.858551382865913204e-02
8.856227524556492536e-02
8.853906374286270309e-02
8.851587923919004841e-02
8.849272165345552221e-02
8.846959090483789978e-02
8.844648691278521324e-02
8.842340959701375236e-02
8.840035887750737065e-02
8.837733467451638902e-02
8.835433690855684641e-02
8.833136550040948665e-02
8.830842037111898135e-02
8.828550144199295846e-02
8.826260863460121120e-02
8.823974187077475440e-02
8.821690107260488078e-02
8.819408616244248100e-02
8.817129706289700275e-02
8.814853369683567363e-02
8.812579598738252973e-02
8.810308385791777719e-02
8.808039723207664040e-02
8.805773603374876524e-02
8.803510018707716434e-02
8.801248961645753710e-02
8.798990424653731213e-02
8.796734400221481454e-02
8.794480880863848882e-02
8.792229859120599678e-02
8.789981327556344037e-02
8.787735278760441804e-02
8.785491705346933078e-02
8.783250599954452176e-02
8.781011955246129097e-02
8.778775763909536789e-02
8.776542018656585675e-02
8.774310712223448716e-02
8.772081837370482305e-02
8.769855386882144388e-02
8.767631353566915364e-02
8.765409730257209264e-02
8.763190509809302975e-02
8.760973685103255748e-02
8.758759249042824546e-02
8.756547194555386326e-02
8.754337514591854774e-02
8.752130202126616465e-02
8.749925250157432333e-02
8.747722651705371055e-02
8.745522399814734116e-02
8.743324487552965596e-02
8.741128908010581400e-02
8.738935654301094313e-02
8.736744719560939065e-02
8.734556096949377957e-02
8.732369779648452290e-02
8.730185760862881061e-02
8.728004033819998508e-02
8.725824591769675009e-02
8.723647427984239366e-02
8.721472535758405253e-02
8.719299908409201827e-02
8.717129539275887684e-02
8.714961421719880086e-02
8.712795549124693895e-02
8.710631914895844430e-02
8.708470512460790569e-02
8.706311335268855645e-02
8.704154376791156666e-02
8.701999630520529383e-02
8.699847089971450564e-02
8.697696748679975554e-02
8.695548600203660550e-02
8.693402638121490444e-02
8.691258856033802493e-02
8.689117247562230806e-02
8.686977806349610587e-02
8.684840526059926791e-02
8.682705400378239180e-02
8.680572423010605998e-02
8.678441587684018743e-02
8.676312888146327229e-02
8.674186318166168808e-02
8.672061871532918409e-02
8.669939542056587234e-02
8.667819323567775569e-02
8.665701209917593684e-02
8.663585194977603543e-02
8.661471272639741092e-02
8.659359436816248257e-02
8.657249681439607714e-02
8.655142000462479057e-02
8.653036387857621081e-02
8.650932837617834881e-02
8.648831343755891687e-02
8.646731900304457930e-02
8.644634501316046660e-02
8.642539140862939839e-02
8.640445813037116174e-02
8.638354511950198378e-02
8.636265231733385173e-02
8.634177966537370796e-02
8.632092710532299207e-02
8.630009457907686365e-02
8.627928202872361951e-02
8.625848939654398584e-02
8.623771662501054924e-02
8.621696365678706286e-02
8.619623043472776636e-02
8.617551690187683078e-02
8.615482300146773409e-02
8.613414867692248400e-02
8.611349387185116000e-02
8.609285853005113620e-02
8.607224259550660950e-02
8.605164601238780853e-02
8.603106872505046632e-02
8.601051067803523742e-02
8.598997181606692075e-02
8.596945208405401551e-02
8.594895142708802727e-02
8.592846979044281575e-02
8.590800711957409519e-02
8.588756336011867110e-02
8.586713845789402388e-02
8.584673235889749010e-02
8.582634500930584609e-02
8.580597635547462798e-02
8.578562634393745168e-02
8.576529492140559652e-02
8.574498203476728364e-02
8.572468763108710699e-02
8.570441165760538105e-02
8.568415406173772453e-02
8.566391479107432483e-02
8.564369379337936905e-02
8.562349101659047501e-02
8.560330640881819164e-02
8.558313991834529122e-02
8.556299149362625589e-02
8.554286108328670868e-02
8.552274863612283062e-02
8.550265410110075015e-02
8.548257742735604348e-02
8.546251856419311010e-02
8.544247746108471486e-02
8.542245406767118299e-02
8.540244833376009481e-02
8.538246020932563352e-02
8.536248964450796062e-02
8.534253658961277189e-02
8.532260099511063123e-02
8.530268281163651267e-02
8.528278198998921755e-02
8.526289848113079162e-02
8.524303223618601155e-02
8.522318320644184375e-02
8.520335134334686145e-02
8.518353659851081450e-02
8.516373892370387999e-02
8.514395827085635693e-02
8.512419459205797234e-02
8.510444783955740944e-02
8.508471796576178026e-02
8.506500492323607054e-02
8.504530866470259853e-02
8.502562914304052921e-02
8.500596631128529146e-02
8.498632012262817559e-02
8.496669053041563946e-02
8.494707748814893378e-02
8.492748094948344983e-02
8.490790086822835869e-02
8.488833719834597280e-02
8.486878989395128803e-02
8.484925890931147019e-02
8.482974419884528605e-02
8.481024571712270088e-02
8.479076341886426782e-02
8.477129725894071155e-02
8.475184719237235931e-02
8.473241317432864128e-02
8.471299516012767428e-02
8.469359310523563722e-02
8.467420696526638257e-02
8.465483669598088123e-02
8.463548225328673680e-02
8.461614359323774148e-02
8.459682067203332101e-02
8.457751344601804888e-02
8.455822187168125781e-02
8.453894590565642908e-02
8.451968550472074848e-02
8.450044062579471771e-02
8.448121122594148824e-02
8.446199726236658378e-02
8.444279869241730352e-02
8.442361547358225027e-02
8.440444756349088640e-02
8.438529491991306197e-02
8.436615750075855680e-02
8.434703526407659469e-02
8.432792816805532998e-02
8.430883617102147287e-02
8.428975923143974813e-02
8.427069730791247881e-02
8.425165035917912826e-02
8.423261834411577276e-02
8.421360122173472684e-02
8.419459895118405757e-02
8.417561149174715429e-02
8.415663880284214582e-02
8.413768084402162284e-02
8.411873757497213833e-02
8.409980895551369406e-02
8.408089494559931043e-02
8.406199550531462394e-02
8.404311059487747093e-02
8.402424017463733241e-02
8.400538420507498716e-02
8.398654264680205372e-02
8.396771546056047697e-02
8.394890260722226438e-02
8.393010404778879219e-02
8.391131974339066657e-02
8.389254965528707142e-02
8.387379374486537975e-02
8.385505197364084840e-02
8.383632430325599350e-02
8.381761069548035459e-02
8.379891111220992561e-02
8.378022551546676633e-02
8.376155386739871089e-02
8.374289613027867396e-02
8.372425226650452579e-02
8.370562223859848161e-02
8.368700600920676858e-02
8.366840354109915390e-02
8.364981479716861179e-02
8.363123974043078224e-02
8.361267833402370731e-02
8.359413054120738706e-02
8.357559632536321059e-02
8.355707564999377557e-02
8.353856847872238867e-02
8.352007477529259372e-02
8.350159450356785251e-02
8.348312762753115623e-02
8.346467411128451197e-02
8.344623391904872067e-02
8.342780701516283592e-02
8.340939336408376148e-02
8.339099293038595984e-02
8.337260567876100814e-02
8.335423157401719574e-02
8.333587058107909395e-02
8.331752266498729242e-02
8.329918779089785785e-02
8.328086592408211197e-02
8.326255702992600705e-02
8.324426107393004259e-02
8.322597802170864090e-02
8.320770783898982781e-02
8.318945049161498295e-02
8.317120594553825685e-02
8.315297416682630727e-02
8.313475512165792447e-02
8.311654877632361493e-02
8.309835509722529601e-02
8.308017405087579632e-02
8.306200560389861987e-02
8.304384972302748802e-02
8.302570637510602036e-02
8.300757552708733222e-02
8.298945714603368773e-02
8.297135119911611123e-02
8.295325765361409587e-02
8.293517647691506234e-02
8.291710763651424787e-02
8.289905110001415112e-02
8.288100683512425459e-02
8.286297480966064999e-02
8.284495499154563569e-02
8.282694734880748089e-02
8.280895184957995370e-02
8.279096846210198812e-02
8.277299715471740649e-02
8.275503789587446146e-02
8.273709065412558628e-02
8.271915539812695062e-02
8.270123209663819697e-02
8.268332071852201037e-02
8.266542123274391030e-02
8.264753360837172325e-02
8.262965781457538850e-02
8.261179382062652787e-02
8.259394159589815432e-02
8.257610110986432495e-02
8.255827233209979410e-02
8.254045523227962478e-02
8.252264978017898045e-02
8.250485594567266712e-02
8.248707369873481410e-02
8.246930300943866587e-02
8.245154384795609637e-02
8.243379618455728974e-02
8.241605998961056001e-02
8.239833523358186529e-02
8.238062188703453026e-02
8.236291992062895473e-02
8.234522930512228056e-02
8.232755001136796147e-02
8.230988201031561036e-02
8.229222527301054135e-02
8.227457977059358940e-02
8.225694547430058290e-02
8.223932235546220493e-02
8.222171038550363242e-02
8.220410953594417536e-02
8.218651977839695755e-02
8.216894108456875012e-02
8.215137342625940253e-02
8.213381677536174541e-02
8.211627110386116035e-02
8.209873638383539951e-02
8.208121258745409987e-02
8.206369968697857509e-02
8.204619765476153792e-02
8.202870646324675330e-02
8.201122608496867750e-02
8.199375649255226384e-02
8.197629765871261576e-02
8.195884955625462598e-02
8.194141215807274059e-02
8.192398543715072312e-02
8.190656936656116882e-02
8.188916391946532425e-02
8.187176906911285135e-02
8.185438478884145275e-02
8.183701105207649706e-02
8.181964783233090788e-02
8.180229510320471964e-02
8.178495283838488339e-02
8.176762101164489205e-02
8.175029959684458614e-02
8.173298856792975131e-02
8.171568789893192408e-02
8.169839756396805874e-02
8.168111753724029145e-02
8.166384779303553776e-02
8.164658830572538162e-02
8.162933904976563126e-02
8.161209999969609719e-02
8.159487113014038395e-02
8.157765241580548776e-02
8.156044383148158827e-02
8.154324535204177105e-02
8.152605695244168060e-02
8.150887860771935389e-02
8.149171029299487334e-02
8.147455198347007543e-02
8.145740365442834252e-02
8.144026528123424202e-02
8.142313683933341539e-02
8.140601830425203689e-02
8.138890965159688295e-02
8.137181085705472161e-02
8.135472189639228469e-02
8.133764274545596251e-02
8.132057338017141535e-02
8.130351377654343459e-02
8.128646391065560972e-02
8.126942375867012014e-02
8.125239329682740208e-02
8.123537250144595434e-02
8.121836134892200521e-02
8.120135981572934591e-02
8.118436787841898372e-02
8.116738551361890597e-02
8.115041269803385804e-02
8.113344940844506581e-02
8.111649562170995809e-02
8.109955131476193069e-02
8.108261646461012440e-02
8.106569104833905026e-02
8.104877504310852021e-02
8.103186842615325847e-02
8.101497117478266563e-02
8.099808326638066602e-02
8.098120467840531911e-02
8.096433538838862520e-02
8.094747537393635894e-02
8.093062461272770847e-02
8.091378308251509499e-02
8.089695076112388139e-02
8.088012762645219178e-02
8.086331365647059233e-02
8.084650882922189696e-02
8.082971312282094534e-02
8.081292651545426975e-02
8.079614898537999801e-02
8.077938051092743710e-02
8.076262107049700378e-02
8.074587064255991931e-02
8.072912920565789019e-02
8.071239673840301110e-02
8.069567321947743177e-02
8.067895862763320436e-02
8.066225294169192261e-02
8.064555614054465249e-02
8.062886820315157133e-02
8.061218910854174580e-02
8.059551883581302090e-02
8.057885736413161748e-02
8.056220467273204899e-02
8.054556074091680229e-02
8.052892554805615721e-02
8.051229907358793680e-02
8.049568129701727137e-02
8.047907219791643196e-02
8.046247175592451117e-02
8.044587995074732600e-02
8.042929676215700152e-02
8.041272216999197087e-02
8.039615615415665606e-02
8.037959869462110718e-02
8.036304977142109951e-02
8.034650936465757842e-02
8.032997745449668714e-02
8.031345402116940591e-02
8.029693904497139934e-02
8.028043250626278049e-02
8.026393438546787495e-02
8.024744466307508206e-02
8.023096331963658345e-02
8.021449033576813492e-02
8.019802569214883048e-02
8.018156936952104685e-02
8.016512134869004103e-02
8.014868161052381146e-02
8.013225013595293156e-02
8.011582690597025824e-02
8.009941190163077929e-02
8.008300510405137740e-02
8.006660649441069144e-02
8.005021605394879725e-02
8.003383376396708271e-02
8.001745960582799799e-02
8.000109356095491675e-02
7.998473561083185857e-02
7.996838573700330854e-02
7.995204392107402303e-02
7.993571014470886305e-02
7.991938438963248903e-02
7.990306663762929140e-02
7.988675687054312691e-02
7.987045507027705493e-02
7.985416121879325424e-02
7.983787529811277317e-02
7.982159729031532147e-02
7.980532717753911764e-02
7.978906494198058363e-02
7.977281056589434483e-02
7.975656403159281371e-02
7.974032532144613439e-02
7.972409441788197437e-02
7.970787130338534421e-02
7.969165596049827827e-02
7.967544837181984863e-02
7.965924852000579037e-02
7.964305638776839058e-02
7.962687195787639116e-02
7.961069521315454478e-02
7.959452613648373975e-02
7.957836471080058371e-02
7.956221091909730647e-02
7.954606474442155184e-02
7.952992616987621111e-02
7.951379517861922874e-02
7.949767175386340812e-02
7.948155587887624496e-02
7.946544753697976082e-02
7.944934671155023942e-02
7.943325338601815722e-02
7.941716754386790589e-02
7.940108916863766741e-02
7.938501824391923367e-02
7.936895475335779826e-02
7.935289868065177610e-02
7.933685000955267852e-02
7.932080872386486348e-02
7.930477480744539676e-02
7.928874824420389933e-02
7.927272901810232530e-02
7.925671711315478152e-02
7.924071251342744426e-02
7.922471520303824011e-02
7.920872516615680425e-02
7.919274238700421686e-02
7.917676684985290592e-02
7.916079853902639740e-02
7.914483743889921818e-02
7.912888353389663232e-02
7.911293680849462717e-02
7.909699724721958036e-02
7.908106483464813485e-02
7.906513955540711569e-02
7.904922139417323856e-02
7.903331033567306818e-02
7.901740636468272683e-02
7.900150946602782498e-02
7.898561962458323926e-02
7.896973682527297367e-02
7.895386105306997915e-02
7.893799229299604259e-02
7.892213053012150925e-02
7.890627574956526891e-02
7.889042793649445051e-02
7.887458707612433895e-02
7.885875315371823624e-02
7.884292615458722564e-02
7.882710606409007448e-02
7.881129286763305375e-02
7.879548655066974383e-02
7.877968709870095121e-02
7.876389449727447256e-02
7.874810873198499761e-02
7.873232978847394259e-02
7.871655765242921432e-02
7.870079230958516858e-02
7.868503374572245745e-02
7.866928194666769625e-02
7.865353689829351902e-02
7.863779858651832877e-02
7.862206699730617254e-02
7.860634211666651938e-02
7.859062393065421870e-02
7.857491242536926435e-02
7.855920758695668360e-02
7.854350940160634287e-02
7.852781785555287830e-02
7.851213293507544599e-02
7.849645462649766647e-02
7.848078291618738878e-02
7.846511779055663494e-02
7.844945923606136406e-02
7.843380723920136133e-02
7.841816178652015468e-02
7.840252286460473730e-02
7.838689046008551209e-02
7.837126455963616678e-02
7.835564514997343799e-02
7.834003221785705573e-02
7.832442575008953523e-02
7.830882573351606590e-02
7.829323215502442812e-02
7.827764500154466010e-02
7.826206426004915506e-02
7.824648991755235594e-02
7.823092196111068597e-02
7.821536037782236828e-02
7.819980515482732875e-02
7.818425627930701560e-02
7.816871373848428839e-02
7.815317751962326531e-02
7.813764761002918446e-02
7.812212399704829280e-02
7.810660666806766572e-02
7.809109561051513770e-02
7.807559081185901084e-02
7.806009225960816589e-02
7.804459994131168754e-02
7.802911384455890609e-02
7.801363395697911984e-02
7.799816026624156740e-02
7.798269276005527495e-02
7.796723142616886204e-02
7.795177625237049990e-02
7.793632722648767552e-02
7.792088433638716394e-02
7.790544756997482001e-02
7.789001691519550907e-02
7.787459236003291263e-02
7.785917389250941734e-02
7.784376150068604561e-02
7.782835517266226133e-02
7.781295489657584497e-02
7.779756066060275477e-02
7.778217245295708515e-02
7.776679026189085853e-02
7.775141407569388652e-02
7.773604388269368670e-02
7.772067967125534382e-02
7.770532142978141266e-02
7.768996914671173759e-02
7.767462281052335549e-02
7.765928240973038466e-02
7.764394793288383056e-02
7.762861936857164136e-02
7.761329670541833314e-02
7.759797993208504552e-02
7.758266903726940278e-02
7.756736400970527801e-02
7.755206483816284857e-02
7.753677151144831858e-02
7.752148401840384950e-02
7.750620234790747687e-02
7.749092648887297152e-02
7.747565643024968696e-02
7.746039216102247604e-02
7.744513367021153838e-02
7.742988094687233702e-02
7.741463398009550134e-02
7.739939275900660498e-02
7.738415727276622136e-02
7.736892751056956286e-02
7.735370346164666122e-02
7.733848511526196512e-02
7.732327246071442339e-02
7.730806548733731853e-02
7.729286418449810014e-02
7.727766854159831555e-02
7.726247854807348492e-02
7.724729419339300407e-02
7.723211546705997799e-02
7.721694235861122080e-02
7.720177485761696434e-02
7.718661295368096920e-02
7.717145663644020548e-02
7.715630589556483898e-02
7.714116072075817565e-02
7.712602110175643955e-02
7.711088702832868957e-02
7.709575849027675010e-02
7.708063547743511379e-02
7.706551797967077511e-02
7.705040598688311926e-02
7.703529948900388058e-02
7.702019847599700375e-02
7.700510293785846339e-02
7.699001286461631954e-02
7.697492824633041242e-02
7.695984907309240397e-02
7.694477533502559752e-02
7.692970702228492386e-02
7.691464412505671921e-02
7.689958663355862811e-02
7.688453453803963111e-02
7.686948782877978115e-02
7.685444649609020351e-02
7.683941053031292934e-02
7.682437992182085396e-02
7.680935466101758424e-02
7.679433473833729984e-02
7.677932014424482254e-02
7.676431086923525549e-02
7.674930690383412191e-02
7.673430823859710148e-02
7.671931486411003032e-02
7.670432677098870666e-02
7.668934394987890479e-02
7.667436639145619459e-02
7.665939408642581665e-02
7.664442702552266840e-02
7.662946519951117919e-02
7.661450859918515766e-02
7.659955721536773621e-02
7.658461103891127386e-02
7.656967006069725912e-02
7.655473427163622668e-02
7.653980366266761870e-02
7.652487822475965984e-02
7.650995794890941282e-02
7.649504282614251471e-02
7.648013284751313534e-02
7.646522800410394949e-02
7.645032828702592875e-02
7.643543368741834154e-02
7.642054419644858654e-02
7.640565980531215107e-02
7.639078050523256946e-02
7.637590628746109001e-02
7.636103714327689695e-02
7.634617306398684689e-02
7.633131404092535766e-02
7.631646006545435290e-02
7.630161112896323428e-02
7.628676722286870104e-02
7.627192833861466681e-02
7.625709446767224564e-02
7.624226560153951615e-02
7.622744173174164639e-02
7.621262284983056079e-02
7.619780894738505117e-02
7.618300001601056859e-02
7.616819604733915394e-02
7.615339703302942409e-02
7.613860296476632206e-02
7.612381383426125581e-02
7.610902963325177906e-02
7.609425035350171618e-02
7.607947598680082912e-02
7.606470652496499785e-02
7.604994195983595662e-02
7.603518228328122464e-02
7.602042748719410603e-02
7.600567756349350945e-02
7.599093250412392031e-02
7.597619230105530364e-02
7.596145694628296530e-02
7.594672643182760752e-02
7.593200074973505131e-02
7.591727989207627814e-02
7.590256385094737435e-02
7.588785261846936470e-02
7.587314618678810130e-02
7.585844454807429138e-02
7.584374769452337239e-02
7.582905561835538710e-02
7.581436831181490033e-02
7.579968576717101281e-02
7.578500797671718081e-02
7.577033493277118836e-02
7.575566662767496684e-02
7.574100305379469211e-02
7.572634420352059026e-02
7.571169006926678491e-02
7.569704064347136663e-02
7.568239591859630966e-02
7.566775588712720824e-02
7.565312054157338761e-02
7.563848987446777916e-02
7.562386387836675383e-02
7.560924254585014992e-02
7.559462586952121754e-02
7.558001384200635497e-02
7.556540645595523353e-02
7.555080370404061718e-02
7.553620557895833476e-02
7.552161207342712734e-02
7.550702318018871761e-02
7.549243889200750457e-02
7.547785920167070228e-02
7.546328410198818726e-02
7.544871358579241516e-02
7.543414764593828203e-02
7.541958627530319370e-02
7.540502946678688534e-02
7.539047721331135210e-02
7.537592950782084911e-02
7.536138634328169716e-02
7.534684771268231052e-02
7.533231360903309970e-02
7.531778402536634665e-02
7.530325895473624631e-02
7.528873839021867076e-02
7.527422232491122467e-02
7.525971075193316207e-02
7.524520366442521979e-02
7.523070105554968690e-02
7.521620291849019646e-02
7.520170924645172561e-02
7.518722003266053999e-02
7.517273527036406888e-02
7.515825495283086355e-02
7.514377907335055562e-02
7.512930762523370443e-02
7.511484060181182476e-02
7.510037799643726197e-02
7.508591980248312259e-02
7.507146601334317715e-02
7.505701662243190186e-02
7.504257162318422880e-02
7.502813100905575405e-02
7.501369477352230752e-02
7.499926291008020274e-02
7.498483541224598703e-02
7.497041227355645543e-02
7.495599348756855351e-02
7.494157904785928026e-02
7.492716894802571581e-02
7.491276318168481330e-02
7.489836174247346823e-02
7.488396462404840748e-02
7.486957182008606437e-02
7.485518332428257871e-02
7.484079913035372733e-02
7.482641923203479928e-02
7.481204362308065126e-02
7.479767229726548561e-02
7.478330524838290583e-02
7.476894247024579165e-02
7.475458395668629907e-02
7.474022970155570766e-02
7.472587969872440672e-02
7.471153394208182585e-02
7.469719242553636562e-02
7.468285514301541139e-02
7.466852208846505579e-02
7.465419325585033461e-02
7.463986863915486603e-02
7.462554823238105872e-02
7.461123202954980660e-02
7.459692002470062755e-02
7.458261221189148305e-02
7.456830858519872263e-02
7.455400913871708390e-02
7.453971386655955378e-02
7.452542276285743783e-02
7.451113582176011052e-02
7.449685303743507070e-02
7.448257440406795549e-02
7.446829991586227659e-02
7.445402956703954522e-02
7.443976335183909165e-02
7.442550126451809300e-02
7.441124329935144832e-02
7.439698945063179247e-02
7.438273971266931572e-02
7.436849407979184701e-02
7.435425254634470127e-02
7.434001510669065171e-02
7.432578175520986041e-02
7.431155248629982280e-02
7.429732729437533989e-02
7.428310617386840731e-02
7.426888911922822911e-02
7.425467612492103742e-02
7.424046718543024503e-02
7.422626229525608466e-02
7.421206144891588641e-02
7.419786464094380030e-02
7.418367186589076845e-02
7.416948311832452512e-02
7.415529839282952729e-02
7.414111768400691305e-02
7.412694098647436280e-02
7.411276829486615481e-02
7.409859960383299859e-02
7.408443490804209053e-02
7.407027420217701663e-02
7.405611748093762770e-02
7.404196473904012255e-02
7.402781597121683987e-02
7.401367117221635539e-02
7.399953033680328751e-02
7.398539345975836679e-02
7.397126053587828320e-02
7.395713155997570010e-02
7.394300652687917086e-02
7.392888543143309732e-02
7.391476826849763260e-02
7.390065503294873661e-02
7.388654571967796791e-02
7.387244032359259471e-02
7.385833883961545610e-02
7.384424126268483712e-02
7.383014758775459374e-02
7.381605780979397236e-02
7.380197192378758209e-02
7.378788992473536701e-02
7.377381180765253677e-02
7.375973756756953881e-02
7.374566719953193350e-02
7.373160069860050514e-02
7.371753805985097052e-02
7.370347927837418711e-02
7.368942434927587548e-02
7.367537326767677197e-02
7.366132602871242052e-02
7.364728262753318655e-02
7.363324305930424307e-02
7.361920731920541805e-02
7.360517540243127765e-02
7.359114730419097361e-02
7.357712301970822932e-02
7.356310254422131212e-02
7.354908587298296385e-02
7.353507300126030377e-02
7.352106392433492565e-02
7.350705863750266189e-02
7.349305713607369450e-02
7.347905941537238861e-02
7.346506547073734794e-02
7.345107529752128994e-02
7.343708889109103188e-02
7.342310624682743536e-02
7.340912736012535078e-02
7.339515222639365899e-02
7.338118084105500760e-02
7.336721319954603304e-02
7.335324929731713850e-02
7.333928912983246617e-02
7.332533269256995279e-02
7.331137998102113529e-02
7.329743099069124801e-02
7.328348571709907000e-02
7.326954415577689728e-02
7.325560630227062608e-02
7.324167215213947535e-02
7.322774170095616708e-02
7.321381494430673209e-02
7.319989187779053774e-02
7.318597249702020469e-02
7.317205679762162074e-02
7.315814477523382986e-02
7.314423642550900440e-02
7.313033174411243120e-02
7.311643072672245613e-02
7.310253336903041466e-02
7.308863966674065960e-02
7.307474961557036686e-02
7.306086321124970195e-02
7.304698044952157021e-02
7.303310132614175554e-02
7.301922583687876778e-02
7.300535397751373168e-02
7.299148574384062282e-02
7.297762113166587905e-02
7.296376013680859474e-02
7.294990275510038202e-02
7.293604898238539858e-02
7.292219881452016716e-02
7.290835224737370057e-02
7.289450927682736281e-02
7.288066989877486912e-02
7.286683410912217496e-02
7.285300190378755925e-02
7.283917327870148561e-02
7.282534822980650524e-02
7.281152675305742339e-02
7.279770884442107737e-02
7.278389449987632265e-02
7.277008371541408838e-02
7.275627648703722472e-02
7.274247281076051674e-02
7.272867268261064277e-02
7.271487609862614665e-02
7.270108305485736833e-02
7.268729354736637449e-02
7.267350757222706958e-02
7.265972512552495988e-02
7.264594620335720898e-02
7.263217080183262397e-02
7.261839891707159989e-02
7.260463054520602255e-02
7.259086568237932413e-02
7.257710432474637208e-02
7.256334646847345526e-02
7.254959210973822847e-02
7.253584124472975403e-02
7.252209386964833526e-02
7.250834998070559978e-02
7.249460957412436068e-02
7.248087264613864433e-02
7.246713919299366258e-02
7.245340921094572950e-02
7.243968269626220591e-02
7.242595964522158258e-02
7.241224005411328601e-02
7.239852391923774777e-02
7.238481123690634900e-02
7.237110200344133715e-02
7.235739621517585374e-02
7.234369386845386496e-02
7.232999495963012004e-02
7.231629948507013739e-02
7.230260744115012128e-02
7.228891882425703130e-02
7.227523363078842966e-02
7.226155185715245344e-02
7.224787349976791173e-02
7.223419855506410525e-02
7.222052701948079856e-02
7.220685888946834496e-02
7.219319416148743673e-02
7.217953283200920223e-02
7.216587489751515039e-02
7.215222035449711524e-02
7.213856919945722812e-02
7.212492142890791769e-02
7.211127703937178501e-02
7.209763602738168686e-02
7.208399838948058302e-02
7.207036412222163346e-02
7.205673322216808729e-02
7.204310568589317176e-02
7.202948150998025878e-02
7.201586069102264287e-02
7.200224322562358281e-02
7.198862911039632939e-02
7.197501834196394499e-02
7.196141091695941461e-02
7.194780683202554872e-02
7.193420608381494163e-02
7.192060866898994376e-02
7.190701458422266157e-02
7.189342382619492988e-02
7.187983639159814531e-02
7.186625227713346054e-02
7.185267147951159006e-02
7.183909399545279628e-02
7.182551982168693117e-02
7.181194895495329744e-02
7.179838139200071800e-02
7.178481712958745264e-02
7.177125616448115641e-02
7.175769849345892126e-02
7.174414411330710950e-02
7.173059302082149258e-02
7.171704521280705680e-02
7.170350068607808658e-02
7.168995943745809507e-02
7.167642146377979639e-02
7.166288676188503626e-02
7.164935532862484746e-02
7.163582716085935276e-02
7.162230225545769546e-02
7.160878060929815048e-02
7.159526221926795775e-02
7.158174708226337779e-02
7.156823519518958066e-02
7.155472655496071532e-02
7.154122115849975705e-02
7.152771900273861838e-02
7.151422008461802426e-02
7.150072440108751204e-02
7.148723194910536205e-02
7.147374272563866704e-02
7.146025672766317949e-02
7.144677395216340876e-02
7.143329439613245457e-02
7.141981805657209026e-02
7.140634493049272113e-02
7.139287501491324572e-02
7.137940830686125004e-02
7.136594480337268842e-02
7.135248450149205002e-02
7.133902739827240047e-02
7.132557349077506270e-02
7.131212277606990835e-02
7.129867525123512184e-02
7.128523091335725592e-02
7.127178975953116224e-02
7.125835178686004689e-02
7.124491699245531773e-02
7.123148537343668152e-02
7.121805692693199130e-02
7.120463165007738515e-02
7.119120954001706414e-02
7.117779059390338947e-02
7.116437480889688250e-02
7.115096218216605817e-02
7.113755271088753607e-02
7.112414639224597102e-02
7.111074322343396981e-02
7.109734320165213284e-02
7.108394632410901248e-02
7.107055258802107145e-02
7.105716199061269667e-02
7.104377452911610213e-02
7.103039020077132892e-02
7.101700900282627293e-02
7.100363093253657387e-02
7.099025598716574015e-02
7.097688416398488520e-02
7.096351546027286628e-02
7.095014987331627054e-02
7.093678740040934572e-02
7.092342803885393065e-02
7.091007178595948313e-02
7.089671863904307980e-02
7.088336859542929136e-02
7.087002165245027963e-02
7.085667780744571431e-02
7.084333705776271750e-02
7.082999940075590528e-02
7.081666483378724897e-02
7.080333335422625551e-02
7.079000495944973159e-02
7.077667964684185298e-02
7.076335741379412292e-02
7.075003825770538601e-02
7.073672217598180045e-02
7.072340916603667149e-02
7.071009922529071512e-02
7.069679235117168337e-02
7.068348854111465573e-02
7.067018779256181715e-02
7.065689010296249961e-02
7.064359546977318216e-02
7.063030389045742152e-02
7.061701536248579658e-02
7.060372988333604716e-02
7.059044745049287972e-02
7.057716806144795352e-02
7.056389171369997770e-02
7.055061840475460033e-02
7.053734813212440835e-02
7.052408089332885821e-02
7.051081668589437301e-02
7.049755550735414822e-02
7.048429735524829043e-02
7.047104222712366473e-02
7.045779012053403345e-02
7.044454103303979253e-02
7.043129496220820740e-02
7.041805190561323258e-02
7.040481186083552556e-02
7.039157482546240518e-02
7.037834079708790713e-02
7.036510977331265904e-02
7.035188175174394987e-02
7.033865672999560503e-02
7.032543470568809740e-02
7.031221567644838077e-02
7.029899963991000089e-02
7.028578659371298443e-02
7.027257653550385286e-02
7.025936946293559471e-02
7.024616537366761004e-02
7.023296426536579373e-02
7.021976613570236891e-02
7.020657098235598415e-02
7.019337880301165788e-02
7.018018959536069523e-02
7.016700335710075731e-02
7.015382008593580576e-02
7.014063977957608886e-02
7.012746243573803051e-02
7.011428805214441062e-02
7.010111662652415698e-02
7.008794815661234523e-02
7.007478264015033764e-02
7.006162007488553334e-02
7.004846045857157644e-02
7.003530378896809239e-02
7.002215006384093776e-02
7.000899928096192271e-02
6.999585143810897747e-02
6.998270653306605527e-02
6.996956456362311838e-02
6.995642552757606880e-02
6.994328942272687311e-02
6.993015624688336818e-02
6.991702599785941386e-02
6.990389867347462927e-02
6.989077427155471200e-02
6.987765278993109119e-02
6.986453422644113564e-02
6.985141857892800121e-02
6.983830584524068630e-02
6.982519602323397634e-02
6.981208911076838830e-02
6.979898510571029557e-02
6.978588400593174756e-02
6.977278580931049745e-02
6.975969051373002994e-02
6.974659811707953350e-02
6.973350861725381711e-02
6.972042201215333801e-02
6.970733829968418782e-02
6.969425747775810642e-02
6.968117954429235705e-02
6.966810449720979570e-02
6.965503233443887110e-02
6.964196305391349984e-02
6.962889665357314961e-02
6.961583313136281148e-02
6.960277248523287497e-02
6.958971471313929458e-02
6.957665981304336777e-02
6.956360778291190150e-02
6.955055862071703177e-02
6.953751232443634855e-02
6.952446889205279867e-02
6.951142832155465801e-02
6.949839061093553150e-02
6.948535575819442256e-02
6.947232376133551102e-02
6.945929461836833352e-02
6.944626832730771415e-02
6.943324488617366730e-02
6.942022429299150865e-02
6.940720654579164706e-02
6.939419164260983430e-02
6.938117958148688758e-02
6.936817036046885598e-02
6.935516397760689566e-02
6.934216043095733917e-02
6.932915971858154280e-02
6.931616183854602542e-02
6.930316678892237126e-02
6.929017456778722994e-02
6.927718517322228875e-02
6.926419860331424483e-02
6.925121485615480521e-02
6.923823392984071456e-02
6.922525582247365805e-02
6.921228053216030296e-02
6.919930805701222931e-02
6.918633839514599926e-02
6.917337154468299054e-02
6.916040750374960466e-02
6.914744627047704484e-02
6.913448784300138539e-02
6.912153221946355786e-02
6.910857939800932326e-02
6.909562937678924432e-02
6.908268215395872713e-02
6.906973772767792397e-02
6.905679609611174719e-02
6.904385725742991087e-02
6.903092120980679203e-02
6.901798795142158327e-02
6.900505748045809851e-02
6.899212979510485622e-02
6.897920489355512108e-02
6.896628277400672358e-02
6.895336343466219875e-02
6.894044687372868907e-02
6.892753308941794443e-02
6.891462207994632216e-02
6.890171384353474537e-02
6.888880837840877236e-02
6.887590568279841619e-02
6.886300575493828346e-02
6.885010859306749109e-02
6.883721419542969400e-02
6.882432256027296025e-02
6.881143368584997921e-02
6.879854757041772850e-02
6.878566421223775151e-02
6.877278360957601866e-02
6.875990576070285798e-02
6.874703066389306616e-02
6.873415831742578364e-02
6.872128871958459173e-02
6.870842186865736001e-02
6.869555776293631566e-02
6.868269640071809901e-02
6.866983778030355534e-02
6.865698189999790146e-02
6.864412875811067016e-02
6.863127835295557144e-02
6.861843068285067293e-02
6.860558574611823335e-02
6.859274354108482741e-02
6.857990406608110989e-02
6.856706731944207933e-02
6.855423329950682820e-02
6.854140200461869559e-02
6.852857343312517002e-02
6.851574758337784787e-02
6.850292445373251660e-02
6.849010404254907147e-02
6.847728634819148785e-02
6.846447136902789055e-02
6.845165910343044280e-02
6.843884954977540180e-02
6.842604270644307707e-02
6.841323857181783041e-02
6.840043714428799271e-02
6.838763842224600265e-02
6.837484240408829572e-02
6.836204908821517934e-02
6.834925847303106872e-02
6.833647055694427874e-02
6.832368533836712110e-02
6.831090281571579326e-02
6.829812298741042009e-02
6.828534585187512329e-02
6.827257140753779929e-02
6.825979965283031359e-02
6.824703058618838969e-02
6.823426420605159526e-02
6.822150051086336986e-02
6.820873949907095557e-02
6.819598116912545249e-02
6.818322551948176324e-02
6.817047254859857908e-02
6.815772225493835212e-02
6.814497463696736479e-02
6.813222969315563260e-02
6.811948742197689033e-02
6.810674782190866139e-02
6.809401089143216068e-02
6.808127662903228072e-02
6.806854503319774430e-02
6.805581610242078527e-02
6.804308983519744003e-02
6.803036623002732541e-02
6.801764528541380528e-02
6.800492699986378231e-02
6.799221137188786457e-02
6.797949840000019894e-02
6.796678808271860994e-02
6.795408041856450254e-02
6.794137540606277892e-02
6.792867304374200499e-02
6.791597333013429938e-02
6.790327626377523629e-02
6.789058184320401201e-02
6.787789006696329230e-02
6.786520093359929562e-02
6.785251444166173762e-02
6.783983058970372015e-02
6.782714937628198104e-02
6.781447079995660265e-02
6.780179485929117844e-02
6.778912155285270191e-02
6.777645087921159439e-02
6.776378283694177440e-02
6.775111742462047726e-02
6.773845464082837997e-02
6.772579448414954573e-02
6.771313695317138226e-02
6.770048204648466961e-02
6.768782976268356011e-02
6.767518010036553677e-02
6.766253305813142715e-02
6.764988863458536172e-02
6.763724682833473223e-02
6.762460763799033048e-02
6.761197106216616792e-02
6.759933709947951730e-02
6.758670574855098201e-02
6.757407700800435735e-02
6.756145087646671377e-02
6.754882735256832749e-02
6.753620643494276377e-02
6.752358812222672424e-02
6.751097241306011632e-02
6.749835930608610868e-02
6.748574879995097864e-02
6.747314089330420928e-02
6.746053558479844781e-02
6.744793287308946395e-02
6.743533275683616379e-02
6.742273523470061758e-02
6.741014030534803192e-02
6.739754796744661103e-02
6.738495821966779264e-02
6.737237106068601211e-02
6.735978648917882727e-02
6.734720450382684909e-02
6.733462510331372775e-02
6.732204828632620819e-02
6.730947405155401908e-02
6.729690239768998383e-02
6.728433332342988182e-02
6.727176682747250391e-02
6.725920290851966632e-02
6.724664156527619674e-02
6.723408279644985108e-02
6.722152660075135511e-02
6.720897297689443217e-02
6.719642192359576160e-02
6.718387343957489544e-02
6.717132752355438330e-02
6.715878417425964753e-02
6.714624339041909418e-02
6.713370517076394650e-02
6.712116951402834208e-02
6.710863641894937448e-02
6.709610588426688504e-02
6.708357790872368498e-02
6.707105249106540268e-02
6.705852963004046985e-02
6.704600932440026029e-02
6.703349157289886784e-02
6.702097637429327293e-02
6.700846372734321765e-02
6.699595363081127519e-02
6.698344608346276652e-02
6.697094108406588531e-02
6.695843863139147589e-02
6.694593872421326919e-02
6.693344136130763289e-02
6.692094654145375188e-02
6.690845426343354496e-02
6.689596452603162324e-02
6.688347732803535950e-02
6.687099266823480492e-02
6.685851054542268912e-02
6.684603095839451725e-02
6.683355390594838963e-02
6.682107938688509885e-02
6.680860740000815756e-02
6.679613794412367356e-02
6.678367101804043304e-02
6.677120662056987288e-02
6.675874475052599732e-02
6.674628540672551680e-02
6.673382858798769524e-02
6.672137429313446111e-02
6.670892252099024089e-02
6.669647327038216722e-02
6.668402654013988462e-02
6.667158232909560500e-02
6.665914063608414930e-02
6.664670145994279482e-02
6.663426479951152503e-02
6.662183065363271040e-02
6.660939902115133038e-02
6.659696990091487634e-02
6.658454329177333764e-02
6.657211919257920163e-02
6.655969760218749531e-02
6.654727851945570205e-02
6.653486194324376157e-02
6.652244787241415325e-02
6.651003630583177118e-02
6.649762724236396583e-02
6.648522068088055792e-02
6.647281662025382454e-02
6.646041505935844362e-02
6.644801599707150785e-02
6.643561943227253852e-02
6.642322536384349940e-02
6.641083379066874126e-02
6.639844471163496020e-02
6.638605812563132258e-02
6.637367403154927070e-02
6.636129242828271713e-02
6.634891331472787812e-02
6.633653668978335693e-02
6.632416255235007441e-02
6.631179090133129672e-02
6.629942173563260766e-02
6.628705505416201960e-02
6.627469085582970987e-02
6.626232913954824277e-02
6.624996990423250021e-02
6.623761314879962614e-02
6.622525887216908214e-02
6.621290707326256408e-02
6.620055775100407158e-02
6.618821090431986631e-02
6.617586653213845815e-02
6.616352463339063295e-02
6.615118520700936922e-02
6.613884825192997696e-02
6.612651376708983397e-02
6.611418175142871889e-02
6.610185220388853367e-02
6.608952512341331742e-02
6.607720050894949626e-02
6.606487835944549469e-02
6.605255867385204094e-02
6.604024145112202815e-02
6.602792669021047278e-02
6.601561439007458398e-02
6.600330454967373583e-02
6.599099716796943960e-02
6.597869224392538534e-02
6.596638977650734481e-02
6.595408976468324080e-02
6.594179220742310554e-02
6.592949710369916394e-02
6.591720445248562543e-02
6.590491425275890602e-02
6.589262650349748951e-02
6.588034120368187196e-02
6.586805835229475603e-02
6.585577794832085663e-02
6.584349999074692872e-02
6.583122447856183668e-02
6.581895141075648492e-02
6.580668078632379014e-02
6.579441260425880622e-02
6.578214686355851604e-02
6.576988356322199802e-02
6.575762270225031514e-02
6.574536427964655649e-02
6.573310829441583736e-02
6.572085474556528528e-02
6.570860363210395683e-02
6.569635495304297634e-02
6.568410870739541108e-02
6.567186489417628503e-02
6.565962351240264838e-02
6.564738456109349418e-02
6.563514803926974450e-02
6.562291394595427818e-02
6.561068228017198634e-02
6.559845304094960583e-02
6.558622622731587193e-02
6.557400183830139340e-02
6.556177987293874965e-02
6.554956033026243523e-02
6.553734320930876267e-02
6.552512850911608455e-02
6.551291622872451592e-02
6.550070636717614248e-02
6.548849892351493729e-02
6.547629389678671918e-02
6.546409128603916661e-02
6.545189109032184538e-02
6.543969330868618095e-02
6.542749794018545839e-02
6.541530498387478076e-02
6.540311443881112463e-02
6.539092630405327067e-02
6.537874057866187305e-02
6.536655726169937619e-02
6.535437635223002861e-02
6.534219784931992459e-02
6.533002175203693473e-02
6.531784805945078931e-02
6.530567677063292553e-02
6.529350788465664024e-02
6.528134140059697887e-02
6.526917731753073548e-02
6.525701563453656373e-02
6.524485635069479650e-02
6.523269946508758466e-02
6.522054497679877216e-02
6.520839288491403485e-02
6.519624318852071387e-02
6.518409588670794064e-02
6.517195097856651187e-02
6.515980846318907005e-02
6.514766833966982584e-02
6.513553060710484954e-02
6.512339526459182126e-02
6.511126231123016972e-02
6.509913174612100284e-02
6.508700356836712164e-02
6.507487777707304799e-02
6.506275437134499684e-02
6.505063335029073746e-02
6.503851471301987097e-02
6.502639845864356671e-02
6.501428458627467322e-02
6.500217309502773211e-02
6.499006398401890872e-02
6.497795725236599207e-02
6.496585289918840878e-02
6.495375092360729241e-02
6.494165132474533086e-02
6.492955410172686348e-02
6.491745925367785330e-02
6.490536677972585933e-02
6.489327667900006424e-02
6.488118895063124669e-02
6.486910359375179513e-02
6.485702060749566622e-02
6.484493999099844030e-02
6.483286174339725205e-02
6.482078586383084595e-02
6.480871235143947917e-02
6.479664120536503258e-02
6.478457242475095523e-02
6.477250600874219499e-02
6.476044195648529567e-02
6.474838026712835537e-02
6.473632093982101265e-02
6.472426397371440487e-02
6.471220936796125145e-02
6.470015712171578448e-02
6.468810723413370711e-02
6.467605970437234619e-02
6.466401453159047186e-02
6.465197171494835304e-02
6.463993125360779912e-02
6.462789314673211827e-02
6.461585739348607582e-02
6.460382399303596368e-02
6.459179294454954479e-02
6.457976424719608088e-02
6.456773790014626313e-02
6.455571390257228148e-02
6.454369225364781082e-02
6.453167295254795544e-02
6.451965599844929067e-02
6.450764139052984902e-02
6.449562912796912018e-02
6.448361920994800933e-02
6.447161163564883724e-02
6.445960640425545118e-02
6.444760351495303075e-02
6.443560296692824041e-02
6.442360475936911857e-02
6.441160889146513302e-02
6.439961536240723650e-02
6.438762417138767236e-02
6.437563531760014113e-02
6.436364880023973112e-02
6.435166461850297392e-02
6.433968277158770566e-02
6.432770325869320571e-02
6.431572607902012739e-02
6.430375123177044239e-02
6.429177871614757955e-02
6.427980853135630002e-02
6.426784067660268329e-02
6.425587515109422443e-02
6.424391195403973687e-02
6.423195108464946346e-02
6.421999254213484054e-02
6.420803632570877550e-02
6.419608243458548025e-02
6.418413086798045730e-02
6.417218162511059698e-02
6.416023470519408023e-02
6.414829010745042026e-02
6.413634783110040705e-02
6.412440787536620446e-02
6.411247023947123924e-02
6.410053492264024266e-02
6.408860192409930601e-02
6.407667124307574180e-02
6.406474287879813934e-02
6.405281683049644792e-02
6.404089309740187974e-02
6.402897167874690987e-02
6.401705257376524849e-02
6.400513578169196582e-02
6.399322130176333945e-02
6.398130913321688207e-02
6.396939927529143866e-02
6.395749172722708931e-02
6.394558648826512148e-02
6.393368355764805777e-02
6.392178293461979466e-02
6.390988461842531110e-02
6.389798860831090443e-02
6.388609490352406550e-02
6.387420350331352026e-02
6.386231440692928529e-02
6.385042761362251518e-02
6.383854312264557185e-02
6.382666093325206624e-02
6.381478104469683055e-02
6.380290345623589043e-02
6.379102816712642343e-02
6.377915517662691158e-02
6.376728448399686389e-02
6.375541608849716324e-02
6.374354998938976113e-02
6.373168618593778867e-02
6.371982467740562595e-02
6.370796546305877717e-02
6.369610854216392615e-02
6.368425391398889468e-02
6.367240157780273968e-02
6.366055153287561441e-02
6.364870377847882399e-02
6.363685831388489478e-02
6.362501513836743561e-02
6.361317425120122104e-02
6.360133565166212199e-02
6.358949933902727225e-02
6.357766531257480480e-02
6.356583357158403225e-02
6.355400411533540517e-02
6.354217694311052600e-02
6.353035205419205189e-02
6.351852944786376409e-02
6.350670912341060959e-02
6.349489108011861782e-02
6.348307531727490072e-02
6.347126183416769429e-02
6.345945063008634479e-02
6.344764170432126704e-02
6.343583505616397222e-02
6.342403068490710949e-02
6.341222858984431332e-02
6.340042877027039780e-02
6.338863122548121787e-02
6.337683595477368315e-02
6.336504295744581350e-02
6.335325223279665574e-02
6.334146378012633916e-02
6.332967759873611713e-02
6.331789368792818673e-02
6.330611204700585526e-02
6.329433267527351248e-02
6.328255557203654735e-02
6.327078073660143132e-02
6.325900816827563500e-02
6.324723786636771150e-02
6.323546983018721312e-02
6.322370405904480239e-02
6.321194055225201613e-02
6.320017930912155690e-02
6.318842032896714034e-02
6.317666361110338413e-02
6.316490915484607171e-02
6.315315695951191632e-02
6.314140702441861652e-02
6.312965934888496722e-02
6.311791393223070701e-02
6.310617077377653206e-02
6.309442987284423487e-02
6.308269122875655166e-02
6.307095484083720394e-02
6.305922070841092630e-02
6.304748883080341093e-02
6.303575920734132143e-02
6.302403183735233450e-02
6.301230672016512602e-02
6.300058385510924619e-02
6.298886324151531380e-02
6.297714487871489131e-02
6.296542876604044325e-02
6.295371490282550275e-02
6.294200328840444947e-02
6.293029392211270390e-02
6.291858680328657472e-02
6.290688193126336980e-02
6.289517930538131296e-02
6.288347892497958558e-02
6.287178078939828496e-02
6.286008489797847987e-02
6.284839125006214111e-02
6.283669984499221095e-02
6.282501068211251982e-02
6.281332376076782797e-02
6.280163908030383935e-02
6.278995664006715993e-02
6.277827643940535329e-02
6.276659847766682954e-02
6.275492275420095634e-02
6.274324926835798955e-02
6.273157801948911483e-02
6.271990900694641990e-02
6.270824223008281129e-02
6.269657768825222244e-02
6.268491538080941949e-02
6.267325530711000126e-02
6.266159746651059348e-02
6.264994185836857132e-02
6.263828848204223976e-02
6.262663733689084744e-02
6.261498842227442019e-02
6.260334173755395526e-02
6.259169728209122707e-02
6.258005505524895373e-02
6.256841505639069989e-02
6.255677728488086287e-02
6.254514174008476979e-02
6.253350842136852494e-02
6.252187732809914855e-02
6.251024845964450738e-02
6.249862181537330086e-02
6.248699739465506109e-02
6.247537519686022223e-02
6.246375522136000946e-02
6.245213746752653616e-02
6.244052193473270673e-02
6.242890862235227906e-02
6.241729752975985757e-02
6.240568865633087242e-02
6.239408200144156563e-02
6.238247756446899800e-02
6.237087534479112544e-02
6.235927534178662551e-02
6.234767755483503621e-02
6.233608198331675593e-02
6.232448862661291861e-02
6.231289748410549084e-02
6.230130855517728578e-02
6.228972183921189371e-02
6.227813733559370984e-02
6.226655504370792044e-02
6.225497496294053745e-02
6.224339709267833615e-02
6.223182143230890362e-02
6.222024798122061801e-02
6.220867673880263460e-02
6.219710770444492748e-02
6.218554087753821319e-02
6.217397625747397849e-02
6.216241384364457750e-02
6.215085363544300967e-02
6.213929563226318342e-02
6.212773983349965945e-02
6.211618623854785193e-02
6.210463484680391055e-02
6.209308565766474830e-02
6.208153867052806224e-02
6.206999388479225721e-02
6.205845129985654990e-02
6.204691091512089252e-02
6.203537272998597973e-02
6.202383674385329726e-02
6.201230295612502469e-02
6.200077136620410490e-02
6.198924197349425791e-02
6.197771477739989765e-02
6.196618977732621519e-02
6.195466697267912326e-02
6.194314636286524928e-02
6.193162794729203252e-02
6.192011172536752289e-02
6.190859769650058908e-02
6.189708586010078673e-02
6.188557621557843474e-02
6.187406876234451819e-02
6.186256349981073682e-02
6.185106042738961613e-02
6.183955954449427833e-02
6.182806085053859507e-02
6.181656434493717350e-02
6.180507002710530773e-02
6.179357789645897880e-02
6.178208795241492413e-02
6.177060019439054028e-02
6.175911462180393857e-02
6.174763123407394499e-02
6.173615003062003087e-02
6.172467101086241692e-02
6.171319417422199000e-02
6.170171952012034472e-02
6.169024704797974185e-02
6.167877675722310132e-02
6.166730864727411332e-02
6.165584271755705087e-02
6.164437896749695028e-02
6.163291739651945156e-02
6.162145800405093021e-02
6.161000078951841402e-02
6.159854575234956914e-02
6.158709289197277642e-02
6.157564220781707592e-02
6.156419369931215302e-02
6.155274736588836615e-02
6.154130320697672601e-02
6.152986122200894414e-02
6.151842141041735657e-02
6.150698377163490993e-02
6.149554830509529335e-02
6.148411501023277881e-02
6.147268388648233911e-02
6.146125493327955769e-02
6.144982815006067023e-02
6.143840353626254386e-02
6.142698109132273959e-02
6.141556081467940825e-02
6.140414270577132516e-02
6.139272676403795953e-02
6.138131298891937732e-02
6.136990137985627591e-02
6.135849193628999804e-02
6.134708465766251784e-02
6.133567954341641315e-02
6.132427659299487938e-02
6.131287580584176417e-02
6.130147718140155355e-02
6.129008071911926786e-02
6.127868641844064906e-02
6.126729427881200118e-02
6.125590429968024581e-02
6.124451648049289432e-02
6.123313082069811036e-02
6.122174731974466128e-02
6.121036597708184868e-02
6.119898679215970277e-02
6.118760976442875338e-02
6.117623489334016867e-02
6.116486217834572747e-02
6.115349161889778451e-02
6.114212321444931209e-02
6.113075696445383067e-02
6.111939286836550606e-02
6.110803092563909383e-02
6.109667113572988389e-02
6.108531349809374900e-02
6.107395801218728354e-02
6.106260467746750520e-02
6.105125349339205615e-02
6.103990445941922388e-02
6.102855757500780243e-02
6.101721283961717562e-02
6.100587025270731711e-02
6.099452981373878341e-02
6.098319152217268613e-02
6.097185537747067813e-02
6.096052137909505064e-02
6.094918952650858063e-02
6.093785981917469036e-02
6.092653225655727395e-02
6.091520683812090553e-02
6.090388356333059638e-02
6.089256243165196147e-02
6.088124344255124720e-02
6.086992659549510937e-02
6.085861188995087684e-02
6.084729932538639197e-02
6.083598890127002445e-02
6.082468061707074075e-02
6.081337447225797915e-02
6.080207046630180939e-02
6.079076859867278693e-02
6.077946886884200151e-02
6.076817127628116738e-02
6.075687582046242902e-02
6.074558250085852762e-02
6.073429131694271094e-02
6.072300226818881652e-02
6.071171535407114683e-02
6.070043057406457332e-02
6.068914792764448785e-02
6.067786741428680269e-02
6.066658903346799914e-02
6.065531278466498172e-02
6.064403866735529336e-02
6.063276668101693495e-02
6.062149682512844862e-02
6.061022909916886914e-02
6.059896350261778641e-02
6.058770003495528300e-02
6.057643869566194800e-02
6.056517948421889092e-02
6.055392240010776250e-02
6.054266744281065760e-02
6.053141461181026084e-02
6.052016390658967321e-02
6.050891532663258549e-02
6.049766887142313948e-02
6.048642454044599048e-02
6.047518233318630032e-02
6.046394224912973042e-02
6.045270428776244875e-02
6.044146844857107431e-02
6.043023473104278120e-02
6.041900313466522926e-02
6.040777365892650852e-02
6.039654630331529883e-02
6.038532106732062699e-02
6.037409795043218591e-02
6.036287695214002935e-02
6.035165807193468984e-02
6.034044130930728278e-02
6.032922666374930520e-02
6.031801413475283702e-02
6.030680372181031201e-02
6.029559542441473297e-02
6.028438924205956756e-02
6.027318517423870675e-02
6.026198322044660355e-02
6.025078338017810647e-02
