xData0, data0, errData0, xTheory0, theory0
0.00581054687, 0.232600346, 0.00388592027, 0.00385742187, 0.231794134
0.0136230469, 0.227312446, 0.00391087222, 0.00483398437, 0.231100634
0.0214355469, 0.214122504, 0.00391339647, 0.00581054687, 0.230374098
0.0292480469, 0.207924113, 0.00394680625, 0.00678710937, 0.229615167
0.0370605469, 0.189997867, 0.0039776868, 0.00776367187, 0.228824556
0.0448730469, 0.178301975, 0.00401067054, 0.00874023437, 0.22800298
0.0526855469, 0.175975829, 0.00403726433, 0.00971679687, 0.22715123
0.0604980469, 0.165954143, 0.00406015576, 0.0106933594, 0.226270109
0.0683105469, 0.161266357, 0.00406695179, 0.0116699219, 0.225360453
0.0761230469, 0.161107168, 0.00408333078, 0.0126464844, 0.22442314
0.0839355469, 0.1466434, 0.00411014408, 0.0136230469, 0.223459095
0.0917480469, 0.148178428, 0.00412257444, 0.0145996094, 0.222469255
0.0995605469, 0.142856985, 0.00411602564, 0.0155761719, 0.221454605
0.107373047, 0.137394577, 0.00415504959, 0.0165527344, 0.220416114
0.115185547, 0.143030256, 0.00415853257, 0.0175292969, 0.219354808
0.122998047, 0.137843326, 0.0041766544, 0.0185058594, 0.218271762
0.130810547, 0.141446963, 0.00414656227, 0.0194824219, 0.217168018
0.138623047, 0.135096923, 0.00416397087, 0.0204589844, 0.216044679
0.146435547, 0.13670066, 0.00418462132, 0.0214355469, 0.214902833
0.154248047, 0.141483769, 0.00417979484, 0.0224121094, 0.213743612
0.162060547, 0.141526446, 0.00420025113, 0.0233886719, 0.212568149
0.169873047, 0.141075298, 0.00422269464, 0.0243652344, 0.211377591
0.177685547, 0.133990034, 0.00422039327, 0.0253417969, 0.21017307
0.185498047, 0.141457498, 0.00420877863, 0.0263183594, 0.20895578
0.193310547, 0.131037086, 0.00423500027, 0.0272949219, 0.207726866
0.201123047, 0.140559807, 0.00423415503, 0.0282714844, 0.206487522
0.208935547, 0.140088081, 0.0042536298, 0.0292480469, 0.205238879
0.216748047, 0.135694399, 0.0042541088, 0.0302246094, 0.203982145
0.224560547, 0.133954674, 0.00427950889, 0.0312011719, 0.202718467
0.232373047, 0.135283113, 0.00427916206, 0.0321777344, 0.201449022
0.240185547, 0.134598941, 0.00426430485, 0.0331542969, 0.200174943
0.247998047, 0.140444234, 0.00428673087, 0.0341308594, 0.198897406
0.255810547, 0.130852655, 0.00430947095, 0.0351074219, 0.197617531
0.263623047, 0.128682822, 0.00430173124, 0.0360839844, 0.196336463
0.271435547, 0.134094134, 0.00432683726, 0.0370605469, 0.195055276
0.279248047, 0.132586613, 0.00431337344, 0.0380371094, 0.193775102
0.287060547, 0.13344723, 0.00433258055, 0.0390136719, 0.192497015
0.294873047, 0.125217855, 0.00434678811, 0.0399902344, 0.191222057
0.302685547, 0.130711168, 0.00434056937, 0.0409667969, 0.189951286
0.310498047, 0.130276307, 0.00434530368, 0.0419433594, 0.188685715
0.318310547, 0.130161852, 0.00436976958, 0.0429199219, 0.187426329
0.326123047, 0.120638117, 0.0043841626, 0.0438964844, 0.186174124
0.333935547, 0.127293661, 0.0044005716, 0.0448730469, 0.184930012
0.341748047, 0.127990529, 0.00438913566, 0.0458496094, 0.183694929
0.349560547, 0.125327468, 0.00440605909, 0.0468261719, 0.18246977
0.357373047, 0.125962749, 0.00441460002, 0.0478027344, 0.18125537
0.365185547, 0.133117616, 0.00440735883, 0.0487792969, 0.180052593
0.372998047, 0.134436578, 0.00440602483, 0.0497558594, 0.178862229
0.380810547, 0.122541413, 0.00443281271, 0.0507324219, 0.177685037
0.388623047, 0.128513411, 0.00442366866, 0.0517089844, 0.176521763
0.396435547, 0.128770694, 0.00446752337, 0.0526855469, 0.175373092
0.404248047, 0.127871946, 0.00446530449, 0.0536621094, 0.174239725
0.412060547, 0.12329983, 0.00446488998, 0.0546386719, 0.173122257
0.419873047, 0.123657711, 0.00447006167, 0.0556152344, 0.172021329
0.427685547, 0.123782791, 0.00447775854, 0.0565917969, 0.170937479
0.435498047, 0.128466636, 0.00448909269, 0.0575683594, 0.169871241
0.443310547, 0.130782709, 0.00449273287, 0.0585449219, 0.168823138
0.451123047, 0.126213834, 0.00451070829, 0.0595214844, 0.167793587
0.458935547, 0.127406538, 0.00450897078, 0.0604980469, 0.16678305
0.466748047, 0.124332227, 0.00450849472, 0.0614746094, 0.165791899
0.474560547, 0.13955842, 0.00451164625, 0.0624511719, 0.164820492
0.482373047, 0.121544138, 0.00455086453, 0.0634277344, 0.163869143
0.490185547, 0.126021624, 0.00455334709, 0.0644042969, 0.162938148
0.497998047, 0.135728806, 0.0045463206, 0.0653808594, 0.162027746
0.505810547, 0.122610182, 0.00456477055, 0.0663574219, 0.161138177
0.513623047, 0.120052196, 0.00458531114, 0.0673339844, 0.160269588
0.521435547, 0.127251476, 0.00458708617, 0.0683105469, 0.159422159
0.529248047, 0.125495955, 0.00460073815, 0.0692871094, 0.158595994
0.537060547, 0.122807525, 0.00461910667, 0.0702636719, 0.157791197
0.544873047, 0.124680266, 0.00461181234, 0.0712402344, 0.157007799
0.552685547, 0.12513952, 0.00461869975, 0.0722167969, 0.156245828
0.560498047, 0.126623109, 0.00462568529, 0.0731933594, 0.155505285
0.568310547, 0.125087798, 0.00462863982, 0.0741699219, 0.15478614
0.576123047, 0.118312329, 0.00464829336, 0.0751464844, 0.154088333
0.583935547, 0.121398285, 0.00464607359, 0.0761230469, 0.153411761
0.591748047, 0.12271066, 0.00464796556, 0.0770996094, 0.152756333
0.599560547, 0.117820323, 0.00466651655, 0.0780761719, 0.152121872
0.607373047, 0.119268723, 0.00466756229, 0.0790527344, 0.151508242
0.615185547, 0.122721322, 0.00467844956, 0.0800292969, 0.15091525
0.622998047, 0.127799705, 0.00467376792, 0.0810058594, 0.150342688
0.630810547, 0.10792619, 0.00472906292, 0.0819824219, 0.149790302
0.638623047, 0.116281927, 0.00471163069, 0.0829589844, 0.149257869
0.646435547, 0.12892285, 0.00469541847, 0.0839355469, 0.14874509
0.654248047, 0.126077801, 0.0047322925, 0.0849121094, 0.148251712
0.662060547, 0.125851512, 0.00472372188, 0.0858886719, 0.147777393
0.669873047, 0.126508743, 0.00473557269, 0.0868652344, 0.14732182
0.677685547, 0.108521394, 0.00477319652, 0.0878417969, 0.14688468
0.685498047, 0.12314076, 0.00477155483, 0.0888183594, 0.1464656
0.693310547, 0.124478258, 0.0047603679, 0.0897949219, 0.146064207
0.701123047, 0.118078522, 0.00479139416, 0.0907714844, 0.145680144
0.708935547, 0.120177612, 0.00482390117, 0.0917480469, 0.145313025
0.716748047, 0.123535536, 0.00480929127, 0.0927246094, 0.144962445
0.724560547, 0.11974144, 0.00480652853, 0.0937011719, 0.144628003
0.732373047, 0.125714734, 0.00481162595, 0.0946777344, 0.144309282
0.740185547, 0.116656534, 0.00481271162, 0.0956542969, 0.14400588
0.747998047, 0.118519098, 0.00484087168, 0.0966308594, 0.143717363
0.755810547, 0.124750942, 0.0048419538, 0.0976074219, 0.143443301
0.763623047, 0.12542367, 0.00485056159, 0.0985839844, 0.143183246
0.771435547, 0.126288772, 0.00484814526, 0.0995605469, 0.142936796
0.779248047, 0.117215388, 0.00484421972, 0.100537109, 0.142703488
0.787060547, 0.123772427, 0.004873349, 0.101513672, 0.142482907
0.794873047, 0.111579731, 0.00490594801, 0.102490234, 0.142274588
0.802685547, 0.121448204, 0.00489531461, 0.103466797, 0.142078102
0.810498047, 0.113158762, 0.00489047496, 0.104443359, 0.141893014
0.818310547, 0.116643541, 0.00492163381, 0.105419922, 0.141718894
0.826123047, 0.123265892, 0.00492483545, 0.106396484, 0.141555294
0.833935547, 0.11286924, 0.00492838169, 0.107373047, 0.141401812
0.841748047, 0.121150643, 0.00493268865, 0.108349609, 0.141258001
0.849560547, 0.118360929, 0.00495837197, 0.109326172, 0.141123444
0.857373047, 0.117429502, 0.00496919711, 0.110302734, 0.140997723
0.865185547, 0.11793597, 0.00496887786, 0.111279297, 0.140880436
0.872998047, 0.113833353, 0.00500185328, 0.112255859, 0.14077118
0.880810547, 0.120601684, 0.0049857841, 0.113232422, 0.140669554
0.888623047, 0.121787943, 0.00499211612, 0.114208984, 0.140575171
0.896435547, 0.1182741, 0.00503053176, 0.115185547, 0.140487641
0.904248047, 0.111597188, 0.00501548124, 0.116162109, 0.140406594
0.912060547, 0.116467439, 0.0050440995, 0.117138672, 0.140331671
0.919873047, 0.119441636, 0.00506597945, 0.118115234, 0.140262514
0.927685547, 0.113612421, 0.00505194787, 0.119091797, 0.140198752
0.935498047, 0.115760684, 0.00506812726, 0.120068359, 0.140140072
0.943310547, 0.116298698, 0.00507443113, 0.121044922, 0.140086129
0.951123047, 0.104968078, 0.00507715521, 0.122021484, 0.140036613
0.958935547, 0.119755432, 0.00508114813, 0.122998047, 0.139991194
0.966748047, 0.118661769, 0.00508438736, 0.123974609, 0.139949575
0.974560547, 0.110477775, 0.00509608967, 0.124951172, 0.139911488
0.982373047, 0.120007642, 0.00508993674, 0.125927734, 0.139876619
0.990185547, 0.116917938, 0.00510474355, 0.126904297, 0.139844716
0.997998047, 0.115423992, 0.00514011442, 0.127880859, 0.139815494
 , , , 0.128857422, 0.139788732
 , , , 0.129833984, 0.13976416
 , , , 0.130810547, 0.13974157
 , , , 0.131787109, 0.139720708
 , , , 0.132763672, 0.139701396
 , , , 0.133740234, 0.139683411
 , , , 0.134716797, 0.139666557
 , , , 0.135693359, 0.139650658
 , , , 0.136669922, 0.139635533
 , , , 0.137646484, 0.139621019
 , , , 0.138623047, 0.139606953
 , , , 0.139599609, 0.139593214
 , , , 0.140576172, 0.139579624
 , , , 0.141552734, 0.139566079
 , , , 0.142529297, 0.139552459
 , , , 0.143505859, 0.139538631
 , , , 0.144482422, 0.139524505
 , , , 0.145458984, 0.139509961
 , , , 0.146435547, 0.139494926
 , , , 0.147412109, 0.139479324
 , , , 0.148388672, 0.139463052
 , , , 0.149365234, 0.13944605
 , , , 0.150341797, 0.139428258
 , , , 0.151318359, 0.139409617
 , , , 0.152294922, 0.139390066
 , , , 0.153271484, 0.139369577
 , , , 0.154248047, 0.139348075
 , , , 0.155224609, 0.139325559
 , , , 0.156201172, 0.139301986
 , , , 0.157177734, 0.139277324
 , , , 0.158154297, 0.13925156
 , , , 0.159130859, 0.139224663
 , , , 0.160107422, 0.139196619
 , , , 0.161083984, 0.139167443
 , , , 0.162060547, 0.139137104
 , , , 0.163037109, 0.139105603
 , , , 0.164013672, 0.13907294
 , , , 0.164990234, 0.139039129
 , , , 0.165966797, 0.139004171
 , , , 0.166943359, 0.138968065
 , , , 0.167919922, 0.138930842
 , , , 0.168896484, 0.138892487
 , , , 0.169873047, 0.138853043
 , , , 0.170849609, 0.138812512
 , , , 0.171826172, 0.138770908
 , , , 0.172802734, 0.138728261
 , , , 0.173779297, 0.138684586
 , , , 0.174755859, 0.138639912
 , , , 0.175732422, 0.138594255
 , , , 0.176708984, 0.138547659
 , , , 0.177685547, 0.138500124
 , , , 0.178662109, 0.138451681
 , , , 0.179638672, 0.138402373
 , , , 0.180615234, 0.138352215
 , , , 0.181591797, 0.138301238
 , , , 0.182568359, 0.138249472
 , , , 0.183544922, 0.13819693
 , , , 0.184521484, 0.138143674
 , , , 0.185498047, 0.138089702
 , , , 0.186474609, 0.138035044
 , , , 0.187451172, 0.137979746
 , , , 0.188427734, 0.137923822
 , , , 0.189404297, 0.137867317
 , , , 0.190380859, 0.137810245
 , , , 0.191357422, 0.137752622
 , , , 0.192333984, 0.137694508
 , , , 0.193310547, 0.137635902
 , , , 0.194287109, 0.137576833
 , , , 0.195263672, 0.137517348
 , , , 0.196240234, 0.137457445
 , , , 0.197216797, 0.13739717
 , , , 0.198193359, 0.137336537
 , , , 0.199169922, 0.137275577
 , , , 0.200146484, 0.137214303
 , , , 0.201123047, 0.137152731
 , , , 0.202099609, 0.137090907
 , , , 0.203076172, 0.137028843
 , , , 0.204052734, 0.136966556
 , , , 0.205029297, 0.136904061
 , , , 0.206005859, 0.136841387
 , , , 0.206982422, 0.136778548
 , , , 0.207958984, 0.136715561
 , , , 0.208935547, 0.136652455
 , , , 0.209912109, 0.136589229
 , , , 0.210888672, 0.136525914
 , , , 0.211865234, 0.136462525
 , , , 0.212841797, 0.13639906
 , , , 0.213818359, 0.136335567
 , , , 0.214794922, 0.136272013
 , , , 0.215771484, 0.13620846
 , , , 0.216748047, 0.136144891
 , , , 0.217724609, 0.136081323
 , , , 0.218701172, 0.13601777
 , , , 0.219677734, 0.135954246
 , , , 0.220654297, 0.135890767
 , , , 0.221630859, 0.135827333
 , , , 0.222607422, 0.135763943
 , , , 0.223583984, 0.135700628
 , , , 0.224560547, 0.135637403
 , , , 0.225537109, 0.135574251
 , , , 0.226513672, 0.13551119
 , , , 0.227490234, 0.135448217
 , , , 0.228466797, 0.135385364
 , , , 0.229443359, 0.13532263
 , , , 0.230419922, 0.135260016
 , , , 0.231396484, 0.13519752
 , , , 0.232373047, 0.135135144
 , , , 0.233349609, 0.135072932
 , , , 0.234326172, 0.135010839
 , , , 0.235302734, 0.134948909
 , , , 0.236279297, 0.134887114
 , , , 0.237255859, 0.134825483
 , , , 0.238232422, 0.134764016
 , , , 0.239208984, 0.134702697
 , , , 0.240185547, 0.134641558
 , , , 0.241162109, 0.134580582
 , , , 0.242138672, 0.134519786
 , , , 0.243115234, 0.134459153
 , , , 0.244091797, 0.134398699
 , , , 0.245068359, 0.134338424
 , , , 0.246044922, 0.134278342
 , , , 0.247021484, 0.134218439
 , , , 0.247998047, 0.134158716
 , , , 0.248974609, 0.134099171
 , , , 0.249951172, 0.134039834
 , , , 0.250927734, 0.133980677
 , , , 0.251904297, 0.133921713
 , , , 0.252880859, 0.133862928
 , , , 0.253857422, 0.133804351
 , , , 0.254833984, 0.133745968
 , , , 0.255810547, 0.133687779
 , , , 0.256787109, 0.133629769
 , , , 0.257763672, 0.133571967
 , , , 0.258740234, 0.13351436
 , , , 0.259716797, 0.13345696
 , , , 0.260693359, 0.13339974
 , , , 0.261669922, 0.133342728
 , , , 0.262646484, 0.13328591
 , , , 0.263623047, 0.133229285
 , , , 0.264599609, 0.133172855
 , , , 0.265576172, 0.133116633
 , , , 0.266552734, 0.133060604
 , , , 0.267529297, 0.13300477
 , , , 0.268505859, 0.132949129
 , , , 0.269482422, 0.132893696
 , , , 0.270458984, 0.132838443
 , , , 0.271435547, 0.132783398
 , , , 0.272412109, 0.132728547
 , , , 0.273388672, 0.132673889
 , , , 0.274365234, 0.132619426
 , , , 0.275341797, 0.132565156
 , , , 0.276318359, 0.132511079
 , , , 0.277294922, 0.132457212
 , , , 0.278271484, 0.132403523
 , , , 0.279248047, 0.132350028
 , , , 0.280224609, 0.132296726
 , , , 0.281201172, 0.132243618
 , , , 0.282177734, 0.132190704
 , , , 0.283154297, 0.132137969
 , , , 0.284130859, 0.132085428
 , , , 0.285107422, 0.13203308
 , , , 0.286083984, 0.131980926
 , , , 0.287060547, 0.131928951
 , , , 0.288037109, 0.131877169
 , , , 0.289013672, 0.131825581
 , , , 0.289990234, 0.131774172
 , , , 0.290966797, 0.131722942
 , , , 0.291943359, 0.131671906
 , , , 0.292919922, 0.131621048
 , , , 0.293896484, 0.131570384
 , , , 0.294873047, 0.131519899
 , , , 0.295849609, 0.131469592
 , , , 0.296826172, 0.131419465
 , , , 0.297802734, 0.131369531
 , , , 0.298779297, 0.131319776
 , , , 0.299755859, 0.131270185
 , , , 0.300732422, 0.131220788
 , , , 0.301708984, 0.131171569
 , , , 0.302685547, 0.13112253
 , , , 0.303662109, 0.131073654
 , , , 0.304638672, 0.131024972
 , , , 0.305615234, 0.130976453
 , , , 0.306591797, 0.130928114
 , , , 0.307568359, 0.130879954
 , , , 0.308544922, 0.130831972
 , , , 0.309521484, 0.130784154
 , , , 0.310498047, 0.130736515
 , , , 0.311474609, 0.13068904
 , , , 0.312451172, 0.130641744
 , , , 0.313427734, 0.130594626
 , , , 0.314404297, 0.130547658
 , , , 0.315380859, 0.130500868
 , , , 0.316357422, 0.130454257
 , , , 0.317333984, 0.13040781
 , , , 0.318310547, 0.130361527
 , , , 0.319287109, 0.130315408
 , , , 0.320263672, 0.130269468
 , , , 0.321240234, 0.130223677
 , , , 0.322216797, 0.130178064
 , , , 0.323193359, 0.130132616
 , , , 0.324169922, 0.130087331
 , , , 0.325146484, 0.130042195
 , , , 0.326123047, 0.129997239
 , , , 0.327099609, 0.129952431
 , , , 0.328076172, 0.129907802
 , , , 0.329052734, 0.129863322
 , , , 0.330029297, 0.129819006
 , , , 0.331005859, 0.129774839
 , , , 0.331982422, 0.12973085
 , , , 0.332958984, 0.129687011
 , , , 0.333935547, 0.129643321
 , , , 0.334912109, 0.129599795
 , , , 0.335888672, 0.129556432
 , , , 0.336865234, 0.129513219
 , , , 0.337841797, 0.12947017
 , , , 0.338818359, 0.129427254
 , , , 0.339794922, 0.129384518
 , , , 0.340771484, 0.129341915
 , , , 0.341748047, 0.129299477
 , , , 0.342724609, 0.129257187
 , , , 0.343701172, 0.129215062
 , , , 0.344677734, 0.12917307
 , , , 0.345654297, 0.129131243
 , , , 0.346630859, 0.129089549
 , , , 0.347607422, 0.12904802
 , , , 0.348583984, 0.129006639
 , , , 0.349560547, 0.128965393
 , , , 0.350537109, 0.12892431
 , , , 0.351513672, 0.128883362
 , , , 0.352490234, 0.128842577
 , , , 0.353466797, 0.128801927
 , , , 0.354443359, 0.128761426
 , , , 0.355419922, 0.128721073
 , , , 0.356396484, 0.128680855
 , , , 0.357373047, 0.128640786
 , , , 0.358349609, 0.128600866
 , , , 0.359326172, 0.12856108
 , , , 0.360302734, 0.128521442
 , , , 0.361279297, 0.128481939
 , , , 0.362255859, 0.128442585
 , , , 0.363232422, 0.128403381
 , , , 0.364208984, 0.128364295
 , , , 0.365185547, 0.128325373
 , , , 0.366162109, 0.12828657
 , , , 0.367138672, 0.128247917
 , , , 0.368115234, 0.128209397
 , , , 0.369091797, 0.128171012
 , , , 0.370068359, 0.128132775
 , , , 0.371044922, 0.128094658
 , , , 0.372021484, 0.12805669
 , , , 0.372998047, 0.128018856
 , , , 0.373974609, 0.127981156
 , , , 0.374951172, 0.12794359
 , , , 0.375927734, 0.127906159
 , , , 0.376904297, 0.127868861
 , , , 0.377880859, 0.127831697
 , , , 0.378857422, 0.127794668
 , , , 0.379833984, 0.127757758
 , , , 0.380810547, 0.127720997
 , , , 0.381787109, 0.127684355
 , , , 0.382763672, 0.127647847
 , , , 0.383740234, 0.127611473
 , , , 0.384716797, 0.127575219
 , , , 0.385693359, 0.127539098
 , , , 0.386669922, 0.127503112
 , , , 0.387646484, 0.127467245
 , , , 0.388623047, 0.127431512
 , , , 0.389599609, 0.127395898
 , , , 0.390576172, 0.127360418
 , , , 0.391552734, 0.127325058
 , , , 0.392529297, 0.127289832
 , , , 0.393505859, 0.127254725
 , , , 0.394482422, 0.127219751
 , , , 0.395458984, 0.127184898
 , , , 0.396435547, 0.127150163
 , , , 0.397412109, 0.127115548
 , , , 0.398388672, 0.127081066
 , , , 0.399365234, 0.127046704
 , , , 0.400341797, 0.127012461
 , , , 0.401318359, 0.126978338
 , , , 0.402294922, 0.126944348
 , , , 0.403271484, 0.126910463
 , , , 0.404248047, 0.126876712
 , , , 0.405224609, 0.126843065
 , , , 0.406201172, 0.126809552
 , , , 0.407177734, 0.126776144
 , , , 0.408154297, 0.126742855
 , , , 0.409130859, 0.1267097
 , , , 0.410107422, 0.126676649
 , , , 0.411083984, 0.126643717
 , , , 0.412060547, 0.126610905
 , , , 0.413037109, 0.126578197
 , , , 0.414013672, 0.126545623
 , , , 0.414990234, 0.126513153
 , , , 0.415966797, 0.126480788
 , , , 0.416943359, 0.126448557
 , , , 0.417919922, 0.12641643
 , , , 0.418896484, 0.126384422
 , , , 0.419873047, 0.126352519
 , , , 0.420849609, 0.126320735
 , , , 0.421826172, 0.126289055
 , , , 0.422802734, 0.126257494
 , , , 0.423779297, 0.126226038
 , , , 0.424755859, 0.126194701
 , , , 0.425732422, 0.126163468
 , , , 0.426708984, 0.126132354
 , , , 0.427685547, 0.126101345
 , , , 0.428662109, 0.12607044
 , , , 0.429638672, 0.126039639
 , , , 0.430615234, 0.126008958
 , , , 0.431591797, 0.12597838
 , , , 0.432568359, 0.125947908
 , , , 0.433544922, 0.125917554
 , , , 0.434521484, 0.12588729
 , , , 0.435498047, 0.125857145
 , , , 0.436474609, 0.125827104
 , , , 0.437451172, 0.125797153
 , , , 0.438427734, 0.12576732
 , , , 0.439404297, 0.125737593
 , , , 0.440380859, 0.125707969
 , , , 0.441357422, 0.12567845
 , , , 0.442333984, 0.125649035
 , , , 0.443310547, 0.125619724
 , , , 0.444287109, 0.125590503
 , , , 0.445263672, 0.125561401
 , , , 0.446240234, 0.125532389
 , , , 0.447216797, 0.12550348
 , , , 0.448193359, 0.125474676
 , , , 0.449169922, 0.125445977
 , , , 0.450146484, 0.125417367
 , , , 0.451123047, 0.125388876
 , , , 0.452099609, 0.125360459
 , , , 0.453076172, 0.125332162
 , , , 0.454052734, 0.125303954
 , , , 0.455029297, 0.12527585
 , , , 0.456005859, 0.125247836
 , , , 0.456982422, 0.125219926
 , , , 0.457958984, 0.125192106
 , , , 0.458935547, 0.12516439
 , , , 0.459912109, 0.125136778
 , , , 0.460888672, 0.125109255
 , , , 0.461865234, 0.125081822
 , , , 0.462841797, 0.125054494
 , , , 0.463818359, 0.125027254
 , , , 0.464794922, 0.125000104
 , , , 0.465771484, 0.124973059
 , , , 0.466748047, 0.124946102
 , , , 0.467724609, 0.124919243
 , , , 0.468701172, 0.124892473
 , , , 0.469677734, 0.1248658
 , , , 0.470654297, 0.124839216
 , , , 0.471630859, 0.12481273
 , , , 0.472607422, 0.124786332
 , , , 0.473583984, 0.124760024
 , , , 0.474560547, 0.124733813
 , , , 0.475537109, 0.124707684
 , , , 0.476513672, 0.124681652
 , , , 0.477490234, 0.124655709
 , , , 0.478466797, 0.124629855
 , , , 0.479443359, 0.124604091
 , , , 0.480419922, 0.124578416
 , , , 0.481396484, 0.124552831
 , , , 0.482373047, 0.124527335
 , , , 0.483349609, 0.124501929
 , , , 0.484326172, 0.124476604
 , , , 0.485302734, 0.124451369
 , , , 0.486279297, 0.124426223
 , , , 0.487255859, 0.124401167
 , , , 0.488232422, 0.124376193
 , , , 0.489208984, 0.124351308
 , , , 0.490185547, 0.124326505
 , , , 0.491162109, 0.124301791
 , , , 0.492138672, 0.12427716
 , , , 0.493115234, 0.12425261
 , , , 0.494091797, 0.12422815
 , , , 0.495068359, 0.124203771
 , , , 0.496044922, 0.124179482
 , , , 0.497021484, 0.124155276
 , , , 0.497998047, 0.124131143
 , , , 0.498974609, 0.1241071
 , , , 0.499951172, 0.124083146
 , , , 0.500927734, 0.124059267
 , , , 0.501904297, 0.12403547
 , , , 0.502880859, 0.124011755
 , , , 0.503857422, 0.123988122
 , , , 0.504833984, 0.12396457
 , , , 0.505810547, 0.123941101
 , , , 0.506787109, 0.123917706
 , , , 0.507763672, 0.123894401
 , , , 0.508740234, 0.12387117
 , , , 0.509716797, 0.123848014
 , , , 0.510693359, 0.123824947
 , , , 0.511669922, 0.123801954
 , , , 0.512646484, 0.123779036
 , , , 0.513623047, 0.1237562
 , , , 0.514599609, 0.123733446
 , , , 0.515576172, 0.123710766
 , , , 0.516552734, 0.123688161
 , , , 0.517529297, 0.123665638
 , , , 0.518505859, 0.12364319
 , , , 0.519482422, 0.123620816
 , , , 0.520458984, 0.123598523
 , , , 0.521435547, 0.123576306
 , , , 0.522412109, 0.123554163
 , , , 0.523388672, 0.123532094
 , , , 0.524365234, 0.1235101
 , , , 0.525341797, 0.12348818
 , , , 0.526318359, 0.123466335
 , , , 0.527294922, 0.123444565
 , , , 0.528271484, 0.123422869
 , , , 0.529248047, 0.123401247
 , , , 0.530224609, 0.1233797
 , , , 0.531201172, 0.123358227
 , , , 0.532177734, 0.123336822
 , , , 0.533154297, 0.123315498
 , , , 0.534130859, 0.123294234
 , , , 0.535107422, 0.123273052
 , , , 0.536083984, 0.123251937
 , , , 0.537060547, 0.123230897
 , , , 0.538037109, 0.123209931
 , , , 0.539013672, 0.123189025
 , , , 0.539990234, 0.1231682
 , , , 0.540966797, 0.123147443
 , , , 0.541943359, 0.123126753
 , , , 0.542919922, 0.123106137
 , , , 0.543896484, 0.123085588
 , , , 0.544873047, 0.123065107
 , , , 0.545849609, 0.123044692
 , , , 0.546826172, 0.123024352
 , , , 0.547802734, 0.123004079
 , , , 0.548779297, 0.12298388
 , , , 0.549755859, 0.122963741
 , , , 0.550732422, 0.12294367
 , , , 0.551708984, 0.122923672
 , , , 0.552685547, 0.122903734
 , , , 0.553662109, 0.122883871
 , , , 0.554638672, 0.122864068
 , , , 0.555615234, 0.122844338
 , , , 0.556591797, 0.122824669
 , , , 0.557568359, 0.122805066
 , , , 0.558544922, 0.122785531
 , , , 0.559521484, 0.122766063
 , , , 0.560498047, 0.122746661
 , , , 0.561474609, 0.12272732
 , , , 0.562451172, 0.122708045
 , , , 0.563427734, 0.122688837
 , , , 0.564404297, 0.122669689
 , , , 0.565380859, 0.122650608
 , , , 0.566357422, 0.122631587
 , , , 0.567333984, 0.122612633
 , , , 0.568310547, 0.122593746
 , , , 0.569287109, 0.122574918
 , , , 0.570263672, 0.12255615
 , , , 0.571240234, 0.122537449
 , , , 0.572216797, 0.122518808
 , , , 0.573193359, 0.122500226
 , , , 0.574169922, 0.122481711
 , , , 0.575146484, 0.122463256
 , , , 0.576123047, 0.122444868
 , , , 0.577099609, 0.122426532
 , , , 0.578076172, 0.122408263
 , , , 0.579052734, 0.122390054
 , , , 0.580029297, 0.122371905
 , , , 0.581005859, 0.122353815
 , , , 0.581982422, 0.122335784
 , , , 0.582958984, 0.122317813
 , , , 0.583935547, 0.122299902
 , , , 0.584912109, 0.122282051
 , , , 0.585888672, 0.122264259
 , , , 0.586865234, 0.122246526
 , , , 0.587841797, 0.122228853
 , , , 0.588818359, 0.12221124
 , , , 0.589794922, 0.122193679
 , , , 0.590771484, 0.122176178
 , , , 0.591748047, 0.122158736
 , , , 0.592724609, 0.122141354
 , , , 0.593701172, 0.122124031
 , , , 0.594677734, 0.122106761
 , , , 0.595654297, 0.12208955
 , , , 0.596630859, 0.122072391
 , , , 0.597607422, 0.122055292
 , , , 0.598583984, 0.122038245
 , , , 0.599560547, 0.122021258
 , , , 0.600537109, 0.12200433
 , , , 0.601513672, 0.121987455
 , , , 0.602490234, 0.121970631
 , , , 0.603466797, 0.121953867
 , , , 0.604443359, 0.121937156
 , , , 0.605419922, 0.121920504
 , , , 0.606396484, 0.121903904
 , , , 0.607373047, 0.121887356
 , , , 0.608349609, 0.121870868
 , , , 0.609326172, 0.121854424
 , , , 0.610302734, 0.121838041
 , , , 0.611279297, 0.121821709
 , , , 0.612255859, 0.121805437
 , , , 0.613232422, 0.12178921
 , , , 0.614208984, 0.121773042
 , , , 0.615185547, 0.121756919
 , , , 0.616162109, 0.121740855
 , , , 0.617138672, 0.121724837
 , , , 0.618115234, 0.121708877
 , , , 0.619091797, 0.12169297
 , , , 0.620068359, 0.121677108
 , , , 0.621044922, 0.121661305
 , , , 0.622021484, 0.121645547
 , , , 0.622998047, 0.121629849
 , , , 0.623974609, 0.121614195
 , , , 0.624951172, 0.121598594
 , , , 0.625927734, 0.121583037
 , , , 0.626904297, 0.12156754
 , , , 0.627880859, 0.121552087
 , , , 0.628857422, 0.121536687
 , , , 0.629833984, 0.121521339
 , , , 0.630810547, 0.121506035
 , , , 0.631787109, 0.121490784
 , , , 0.632763672, 0.121475577
 , , , 0.633740234, 0.121460423
 , , , 0.634716797, 0.121445321
 , , , 0.635693359, 0.121430263
 , , , 0.636669922, 0.121415257
 , , , 0.637646484, 0.121400297
 , , , 0.638623047, 0.121385388
 , , , 0.639599609, 0.121370524
 , , , 0.640576172, 0.121355712
 , , , 0.641552734, 0.121340938
 , , , 0.642529297, 0.121326223
 , , , 0.643505859, 0.121311545
 , , , 0.644482422, 0.12129692
 , , , 0.645458984, 0.121282339
 , , , 0.646435547, 0.12126781
 , , , 0.647412109, 0.121253327
 , , , 0.648388672, 0.121238887
 , , , 0.649365234, 0.121224493
 , , , 0.650341797, 0.121210143
 , , , 0.651318359, 0.121195845
 , , , 0.652294922, 0.121181585
 , , , 0.653271484, 0.121167377
 , , , 0.654248047, 0.121153213
 , , , 0.655224609, 0.121139087
 , , , 0.656201172, 0.121125013
 , , , 0.657177734, 0.121110983
 , , , 0.658154297, 0.121096998
 , , , 0.659130859, 0.121083058
 , , , 0.660107422, 0.121069163
 , , , 0.661083984, 0.121055305
 , , , 0.662060547, 0.121041499
 , , , 0.663037109, 0.12102773
 , , , 0.664013672, 0.121014014
 , , , 0.664990234, 0.121000335
 , , , 0.665966797, 0.1209867
 , , , 0.666943359, 0.12097311
 , , , 0.667919922, 0.120959558
 , , , 0.668896484, 0.12094605
 , , , 0.669873047, 0.120932586
 , , , 0.670849609, 0.120919168
 , , , 0.671826172, 0.120905787
 , , , 0.672802734, 0.12089245
 , , , 0.673779297, 0.120879158
 , , , 0.674755859, 0.120865904
 , , , 0.675732422, 0.120852694
 , , , 0.676708984, 0.120839529
 , , , 0.677685547, 0.120826401
 , , , 0.678662109, 0.12081331
 , , , 0.679638672, 0.120800264
 , , , 0.680615234, 0.120787263
 , , , 0.681591797, 0.120774299
 , , , 0.682568359, 0.120761372
 , , , 0.683544922, 0.12074849
 , , , 0.684521484, 0.120735645
 , , , 0.685498047, 0.120722845
 , , , 0.686474609, 0.120710082
 , , , 0.687451172, 0.120697357
 , , , 0.688427734, 0.120684676
 , , , 0.689404297, 0.120672032
 , , , 0.690380859, 0.120659426
 , , , 0.691357422, 0.120646857
 , , , 0.692333984, 0.120634332
 , , , 0.693310547, 0.120621845
 , , , 0.694287109, 0.120609395
 , , , 0.695263672, 0.120596983
 , , , 0.696240234, 0.120584615
 , , , 0.697216797, 0.120572284
 , , , 0.698193359, 0.120559983
 , , , 0.699169922, 0.120547727
 , , , 0.700146484, 0.120535508
 , , , 0.701123047, 0.120523326
 , , , 0.702099609, 0.120511182
 , , , 0.703076172, 0.120499074
 , , , 0.704052734, 0.120487005
 , , , 0.705029297, 0.120474972
 , , , 0.706005859, 0.120462984
 , , , 0.706982422, 0.120451026
 , , , 0.707958984, 0.120439097
 , , , 0.708935547, 0.120427214
 , , , 0.709912109, 0.120415367
 , , , 0.710888672, 0.120403558
 , , , 0.711865234, 0.120391779
 , , , 0.712841797, 0.120380044
 , , , 0.713818359, 0.120368339
 , , , 0.714794922, 0.120356672
 , , , 0.715771484, 0.120345034
 , , , 0.716748047, 0.120333441
 , , , 0.717724609, 0.120321877
 , , , 0.718701172, 0.120310351
 , , , 0.719677734, 0.120298862
 , , , 0.720654297, 0.120287403
 , , , 0.721630859, 0.120275982
 , , , 0.722607422, 0.120264597
 , , , 0.723583984, 0.120253243
 , , , 0.724560547, 0.120241925
 , , , 0.725537109, 0.120230645
 , , , 0.726513672, 0.120219395
 , , , 0.727490234, 0.120208181
 , , , 0.728466797, 0.120196998
 , , , 0.729443359, 0.120185852
 , , , 0.730419922, 0.120174736
 , , , 0.731396484, 0.120163657
 , , , 0.732373047, 0.120152608
 , , , 0.733349609, 0.120141596
 , , , 0.734326172, 0.120130613
 , , , 0.735302734, 0.120119669
 , , , 0.736279297, 0.120108753
 , , , 0.737255859, 0.120097876
 , , , 0.738232422, 0.120087028
 , , , 0.739208984, 0.120076209
 , , , 0.740185547, 0.120065421
 , , , 0.741162109, 0.12005467
 , , , 0.742138672, 0.120043956
 , , , 0.743115234, 0.120033264
 , , , 0.744091797, 0.12002261
 , , , 0.745068359, 0.120011985
 , , , 0.746044922, 0.120001398
 , , , 0.747021484, 0.119990833
 , , , 0.747998047, 0.119980305
 , , , 0.748974609, 0.119969808
 , , , 0.749951172, 0.119959339
 , , , 0.750927734, 0.119948909
 , , , 0.751904297, 0.1199385
 , , , 0.752880859, 0.119928129
 , , , 0.753857422, 0.119917788
 , , , 0.754833984, 0.119907469
 , , , 0.755810547, 0.119897187
 , , , 0.756787109, 0.119886942
 , , , 0.757763672, 0.11987672
 , , , 0.758740234, 0.119866528
 , , , 0.759716797, 0.119856365
 , , , 0.760693359, 0.119846232
 , , , 0.761669922, 0.119836137
 , , , 0.762646484, 0.119826064
 , , , 0.763623047, 0.11981602
 , , , 0.764599609, 0.119806007
 , , , 0.765576172, 0.119796023
 , , , 0.766552734, 0.119786069
 , , , 0.767529297, 0.119776145
 , , , 0.768505859, 0.11976625
 , , , 0.769482422, 0.119756386
 , , , 0.770458984, 0.119746543
 , , , 0.771435547, 0.119736739
 , , , 0.772412109, 0.119726956
 , , , 0.773388672, 0.119717203
 , , , 0.774365234, 0.11970748
 , , , 0.775341797, 0.119697787
 , , , 0.776318359, 0.119688116
 , , , 0.777294922, 0.119678475
 , , , 0.778271484, 0.119668864
 , , , 0.779248047, 0.119659282
 , , , 0.780224609, 0.119649731
 , , , 0.781201172, 0.119640201
 , , , 0.782177734, 0.119630702
 , , , 0.783154297, 0.119621225
 , , , 0.784130859, 0.119611777
 , , , 0.785107422, 0.11960236
 , , , 0.786083984, 0.119592972
 , , , 0.787060547, 0.119583607
 , , , 0.788037109, 0.119574264
 , , , 0.789013672, 0.119564958
 , , , 0.789990234, 0.119555674
 , , , 0.790966797, 0.119546413
 , , , 0.791943359, 0.119537182
 , , , 0.792919922, 0.119527981
 , , , 0.793896484, 0.119518802
 , , , 0.794873047, 0.119509645
 , , , 0.795849609, 0.119500525
 , , , 0.796826172, 0.119491421
 , , , 0.797802734, 0.119482346
 , , , 0.798779297, 0.119473301
 , , , 0.799755859, 0.119464278
 , , , 0.800732422, 0.119455278
 , , , 0.801708984, 0.119446307
 , , , 0.802685547, 0.119437359
 , , , 0.803662109, 0.119428441
 , , , 0.804638672, 0.119419545
 , , , 0.805615234, 0.119410671
 , , , 0.806591797, 0.119401827
 , , , 0.807568359, 0.119393006
 , , , 0.808544922, 0.119384214
 , , , 0.809521484, 0.119375445
 , , , 0.810498047, 0.119366698
 , , , 0.811474609, 0.119357973
 , , , 0.812451172, 0.119349279
 , , , 0.813427734, 0.119340606
 , , , 0.814404297, 0.119331956
 , , , 0.815380859, 0.119323328
 , , , 0.816357422, 0.11931473
 , , , 0.817333984, 0.119306155
 , , , 0.818310547, 0.119297601
 , , , 0.819287109, 0.11928907
 , , , 0.820263672, 0.119280569
 , , , 0.821240234, 0.119272083
 , , , 0.822216797, 0.119263627
 , , , 0.823193359, 0.119255193
 , , , 0.824169922, 0.119246781
 , , , 0.825146484, 0.119238399
 , , , 0.826123047, 0.119230032
 , , , 0.827099609, 0.119221687
 , , , 0.828076172, 0.119213372
 , , , 0.829052734, 0.119205073
 , , , 0.830029297, 0.119196802
 , , , 0.831005859, 0.119188555
 , , , 0.831982422, 0.119180329
 , , , 0.832958984, 0.119172119
 , , , 0.833935547, 0.119163938
 , , , 0.834912109, 0.119155779
 , , , 0.835888672, 0.119147643
 , , , 0.836865234, 0.11913953
 , , , 0.837841797, 0.119131438
 , , , 0.838818359, 0.119123362
 , , , 0.839794922, 0.119115315
 , , , 0.840771484, 0.119107291
 , , , 0.841748047, 0.119099282
 , , , 0.842724609, 0.119091302
 , , , 0.843701172, 0.119083337
 , , , 0.844677734, 0.119075395
 , , , 0.845654297, 0.119067483
 , , , 0.846630859, 0.119059585
 , , , 0.847607422, 0.11905171
 , , , 0.848583984, 0.119043849
 , , , 0.849560547, 0.119036019
 , , , 0.850537109, 0.119028203
 , , , 0.851513672, 0.119020417
 , , , 0.852490234, 0.119012646
 , , , 0.853466797, 0.119004898
 , , , 0.854443359, 0.118997164
 , , , 0.855419922, 0.11898946
 , , , 0.856396484, 0.118981771
 , , , 0.857373047, 0.118974105
 , , , 0.858349609, 0.11896646
 , , , 0.859326172, 0.118958831
 , , , 0.860302734, 0.118951224
 , , , 0.861279297, 0.118943639
 , , , 0.862255859, 0.118936077
 , , , 0.863232422, 0.118928529
 , , , 0.864208984, 0.118921004
 , , , 0.865185547, 0.118913502
 , , , 0.866162109, 0.118906014
 , , , 0.867138672, 0.118898548
 , , , 0.868115234, 0.118891105
 , , , 0.869091797, 0.118883677
 , , , 0.870068359, 0.118876271
 , , , 0.871044922, 0.11886888
 , , , 0.872021484, 0.118861511
 , , , 0.872998047, 0.118854165
 , , , 0.873974609, 0.118846834
 , , , 0.874951172, 0.118839525
 , , , 0.875927734, 0.118832231
 , , , 0.876904297, 0.118824959
 , , , 0.877880859, 0.118817709
 , , , 0.878857422, 0.118810475
 , , , 0.879833984, 0.118803255
 , , , 0.880810547, 0.118796065
 , , , 0.881787109, 0.118788883
 , , , 0.882763672, 0.118781723
 , , , 0.883740234, 0.118774585
 , , , 0.884716797, 0.118767463
 , , , 0.885693359, 0.118760355
 , , , 0.886669922, 0.118753269
 , , , 0.887646484, 0.118746206
 , , , 0.888623047, 0.118739158
 , , , 0.889599609, 0.118732125
 , , , 0.890576172, 0.118725114
 , , , 0.891552734, 0.118718117
 , , , 0.892529297, 0.118711136
 , , , 0.893505859, 0.118704177
 , , , 0.894482422, 0.118697241
 , , , 0.895458984, 0.118690312
 , , , 0.896435547, 0.118683405
 , , , 0.897412109, 0.118676521
 , , , 0.898388672, 0.118669651
 , , , 0.899365234, 0.118662797
 , , , 0.900341797, 0.118655957
 , , , 0.901318359, 0.11864914
 , , , 0.902294922, 0.118642338
 , , , 0.903271484, 0.11863555
 , , , 0.904248047, 0.118628785
 , , , 0.905224609, 0.118622035
 , , , 0.906201172, 0.118615299
 , , , 0.907177734, 0.118608586
 , , , 0.908154297, 0.118601888
 , , , 0.909130859, 0.118595205
 , , , 0.910107422, 0.118588537
 , , , 0.911083984, 0.118581884
 , , , 0.912060547, 0.118575253
 , , , 0.913037109, 0.118568636
 , , , 0.914013672, 0.118562035
 , , , 0.914990234, 0.118555456
 , , , 0.915966797, 0.118548885
 , , , 0.916943359, 0.118542336
 , , , 0.917919922, 0.118535802
 , , , 0.918896484, 0.118529283
 , , , 0.919873047, 0.118522778
 , , , 0.920849609, 0.118516296
 , , , 0.921826172, 0.118509822
 , , , 0.922802734, 0.118503369
 , , , 0.923779297, 0.118496932
 , , , 0.924755859, 0.11849051
 , , , 0.925732422, 0.118484102
 , , , 0.926708984, 0.11847771
 , , , 0.927685547, 0.118471339
 , , , 0.928662109, 0.118464977
 , , , 0.929638672, 0.118458629
 , , , 0.930615234, 0.118452303
 , , , 0.931591797, 0.118445985
 , , , 0.932568359, 0.118439689
 , , , 0.933544922, 0.118433408
 , , , 0.934521484, 0.118427143
 , , , 0.935498047, 0.118420884
 , , , 0.936474609, 0.118414648
 , , , 0.937451172, 0.118408427
 , , , 0.938427734, 0.11840222
 , , , 0.939404297, 0.118396029
 , , , 0.940380859, 0.118389845
 , , , 0.941357422, 0.118383683
 , , , 0.942333984, 0.118377537
 , , , 0.943310547, 0.118371405
 , , , 0.944287109, 0.118365288
 , , , 0.945263672, 0.118359178
 , , , 0.946240234, 0.118353091
 , , , 0.947216797, 0.118347012
 , , , 0.948193359, 0.118340954
 , , , 0.949169922, 0.118334904
 , , , 0.950146484, 0.118328877
 , , , 0.951123047, 0.118322857
 , , , 0.952099609, 0.118316852
 , , , 0.953076172, 0.118310861
 , , , 0.954052734, 0.118304886
 , , , 0.955029297, 0.118298925
 , , , 0.956005859, 0.11829298
 , , , 0.956982422, 0.118287049
 , , , 0.957958984, 0.118281126
 , , , 0.958935547, 0.118275218
 , , , 0.959912109, 0.118269332
 , , , 0.960888672, 0.118263453
 , , , 0.961865234, 0.11825759
 , , , 0.962841797, 0.118251733
 , , , 0.963818359, 0.1182459
 , , , 0.964794922, 0.118240073
 , , , 0.965771484, 0.118234262
 , , , 0.966748047, 0.118228465
 , , , 0.967724609, 0.118222684
 , , , 0.968701172, 0.118216917
 , , , 0.969677734, 0.118211158
 , , , 0.970654297, 0.118205413
 , , , 0.971630859, 0.118199684
 , , , 0.972607422, 0.118193962
 , , , 0.973583984, 0.118188262
 , , , 0.974560547, 0.11818257
 , , , 0.975537109, 0.118176892
 , , , 0.976513672, 0.118171223
 , , , 0.977490234, 0.118165575
 , , , 0.978466797, 0.118159935
 , , , 0.979443359, 0.118154302
 , , , 0.980419922, 0.118148692
 , , , 0.981396484, 0.118143089
 , , , 0.982373047, 0.118137501
 , , , 0.983349609, 0.118131928
 , , , 0.984326172, 0.118126363
 , , , 0.985302734, 0.118120812
 , , , 0.986279297, 0.118115269
 , , , 0.987255859, 0.118109748
 , , , 0.988232422, 0.118104227
 , , , 0.989208984, 0.118098728
 , , , 0.990185547, 0.118093237
 , , , 0.991162109, 0.118087761
 , , , 0.992138672, 0.118082292
 , , , 0.993115234, 0.118076846
 , , , 0.994091797, 0.1180714
 , , , 0.995068359, 0.118065976
 , , , 0.996044922, 0.118060559
 , , , 0.997021484, 0.11805515
 , , , 0.997998047, 0.118049756
 , , , 0.998974609, 0.118044376
