2.223417460000000068e-01
2.201044560000000039e-01
2.188573629999999992e-01
2.154724450000000124e-01
2.020163540000000091e-01
1.999214290000000116e-01
1.867554780000000025e-01
1.949250700000000058e-01
1.810038830000000043e-01
1.726118180000000002e-01
1.712992489999999868e-01
1.633890719999999963e-01
1.501355769999999923e-01
1.534862519999999897e-01
1.552733480000000055e-01
1.441890449999999879e-01
1.459112320000000018e-01
1.371053309999999970e-01
1.316729640000000034e-01
1.393874439999999992e-01
1.451305149999999877e-01
1.439854949999999911e-01
1.436288059999999978e-01
1.339085849999999966e-01
1.247997210000000023e-01
1.400664299999999918e-01
1.315855529999999940e-01
1.421737670000000064e-01
1.421573160000000058e-01
1.337188330000000092e-01
1.377642450000000074e-01
1.391586210000000101e-01
1.475459040000000055e-01
1.369497929999999863e-01
1.440122279999999921e-01
1.358599359999999867e-01
1.433375030000000050e-01
1.412938830000000090e-01
1.529277860000000100e-01
1.459852610000000050e-01
1.310923989999999983e-01
1.350449920000000026e-01
1.401791129999999941e-01
1.396042700000000025e-01
1.414172649999999865e-01
1.417686489999999966e-01
1.327988360000000034e-01
1.398505720000000063e-01
1.376946270000000139e-01
1.385881160000000112e-01
1.472222659999999905e-01
1.462593229999999966e-01
1.344540569999999879e-01
1.320814190000000055e-01
1.355176120000000095e-01
1.361781509999999973e-01
1.396144029999999980e-01
1.265825630000000090e-01
1.299254149999999886e-01
1.347950990000000016e-01
1.403769549999999977e-01
1.244748460000000001e-01
1.241690669999999941e-01
1.388489750000000134e-01
1.404292880000000132e-01
1.344246119999999989e-01
1.433450129999999934e-01
1.324564370000000102e-01
1.343130019999999869e-01
1.284309180000000050e-01
1.295460160000000138e-01
1.368245329999999982e-01
1.241379900000000036e-01
1.314625289999999946e-01
1.354476510000000022e-01
1.323848370000000052e-01
1.257487539999999904e-01
1.443612720000000127e-01
1.373196100000000086e-01
1.331717070000000003e-01
1.329329910000000003e-01
1.290023180000000047e-01
1.352916210000000008e-01
1.346333769999999985e-01
1.328005640000000098e-01
1.325955090000000003e-01
1.289334450000000076e-01
1.336698679999999972e-01
1.319262240000000086e-01
1.313037430000000005e-01
1.279509659999999993e-01
1.236496569999999962e-01
1.292065079999999977e-01
1.308287979999999961e-01
1.219391449999999988e-01
1.251445559999999901e-01
1.270587589999999933e-01
1.358220129999999914e-01
1.275534480000000137e-01
1.255383939999999976e-01
1.241846900000000004e-01
1.320919389999999916e-01
1.352419410000000044e-01
1.267779019999999979e-01
1.232774630000000038e-01
1.314376439999999924e-01
1.365645829999999894e-01
1.238019910000000001e-01
1.256125419999999937e-01
1.270174530000000024e-01
1.197263670000000002e-01
1.319687370000000026e-01
1.291424039999999884e-01
1.255410160000000053e-01
1.336460110000000090e-01
1.332592959999999993e-01
1.341437550000000034e-01
1.299686730000000068e-01
1.333355900000000038e-01
1.301196520000000023e-01
1.289401500000000034e-01
1.339762660000000105e-01
1.378940640000000106e-01
1.320673970000000030e-01
1.288684900000000022e-01
1.362511519999999865e-01
1.337152120000000000e-01
1.297785039999999890e-01
1.179331690000000044e-01
1.373906430000000067e-01
1.341449170000000024e-01
1.365319490000000135e-01
1.282424480000000089e-01
1.161355149999999947e-01
1.287162749999999911e-01
1.313087340000000103e-01
1.251190010000000075e-01
1.256067899999999959e-01
1.227922590000000008e-01
1.263202579999999908e-01
1.229290370000000049e-01
1.264287380000000127e-01
1.279787269999999866e-01
1.320741470000000028e-01
1.267818360000000089e-01
1.343843040000000100e-01
1.273454129999999906e-01
1.292780189999999940e-01
1.234790310000000030e-01
1.205587610000000004e-01
1.208308339999999981e-01
1.316985489999999981e-01
1.223678509999999997e-01
1.326258780000000026e-01
1.215823070000000006e-01
1.228537710000000005e-01
1.343807730000000089e-01
1.265957799999999911e-01
1.263958809999999877e-01
1.185006200000000010e-01
1.337913269999999877e-01
1.259824780000000088e-01
1.345667839999999948e-01
1.334930209999999895e-01
1.144703249999999978e-01
1.245117859999999993e-01
1.247077060000000015e-01
1.331985290000000099e-01
1.284482329999999950e-01
1.177023950000000013e-01
1.245838030000000068e-01
1.118375360000000013e-01
1.119048599999999949e-01
1.243170049999999943e-01
1.285546419999999967e-01
1.254953149999999962e-01
1.225968149999999979e-01
1.206559539999999958e-01
1.220275610000000066e-01
1.159184199999999942e-01
1.107707400000000064e-01
1.260890510000000075e-01
1.130256500000000053e-01
1.283302749999999937e-01
1.225609109999999946e-01
1.244629029999999997e-01
1.321586220000000034e-01
1.270861919999999867e-01
1.309823840000000073e-01
1.204029769999999944e-01
1.145739699999999972e-01
1.313940439999999876e-01
1.289819329999999931e-01
1.253268720000000058e-01
1.215910020000000036e-01
1.215116229999999992e-01
1.105021830000000038e-01
1.130143849999999950e-01
1.226802099999999979e-01
1.180359269999999988e-01
1.187030820000000014e-01
1.229011120000000068e-01
1.233432140000000066e-01
1.136610210000000010e-01
1.221414799999999967e-01
1.245581510000000058e-01
1.172462779999999954e-01
1.236534269999999963e-01
1.267925500000000039e-01
1.190300730000000001e-01
1.277276430000000018e-01
1.207619310000000029e-01
1.207095759999999990e-01
1.247655149999999935e-01
1.220415160000000027e-01
1.165452599999999977e-01
1.227095569999999969e-01
1.216433789999999959e-01
1.203291120000000020e-01
1.143931670000000039e-01
1.212243139999999997e-01
1.231653240000000066e-01
1.253374220000000039e-01
1.172679959999999993e-01
1.280288250000000128e-01
1.185437220000000041e-01
1.241399120000000050e-01
1.231919679999999989e-01
1.110042930000000039e-01
1.300832929999999887e-01
1.123388109999999968e-01
1.191681770000000001e-01
1.167194319999999980e-01
1.217758280000000026e-01
1.170465869999999936e-01
1.264378579999999863e-01
1.223127170000000014e-01
1.171070190000000066e-01
1.163028549999999967e-01
1.177640709999999979e-01
1.122541580000000067e-01
1.203098449999999986e-01
1.104604750000000024e-01
1.162333710000000020e-01
1.240201439999999988e-01
1.188168750000000023e-01
1.196745109999999973e-01
1.111581620000000048e-01
1.101308909999999947e-01
1.232835429999999954e-01
1.116240549999999998e-01
1.243457719999999933e-01
1.330368070000000069e-01
1.210815160000000001e-01
1.217816470000000068e-01
1.259347500000000120e-01
1.193207649999999953e-01
1.184410679999999966e-01
1.193812860000000031e-01
1.275915059999999934e-01
1.202897730000000026e-01
1.304391179999999928e-01
1.215237900000000065e-01
1.188947860000000023e-01
1.068963930000000062e-01
1.134329889999999980e-01
1.300947670000000000e-01
1.299629509999999932e-01
1.203782479999999933e-01
1.261642279999999894e-01
1.168389019999999945e-01
1.206415150000000047e-01
1.134189290000000017e-01
1.128145900000000063e-01
1.161974669999999987e-01
1.185896770000000044e-01
1.034359190000000012e-01
1.166294519999999946e-01
1.152200179999999935e-01
1.240341070000000046e-01
1.185183300000000051e-01
1.325089929999999916e-01
1.260767130000000069e-01
1.123089570000000009e-01
1.185421569999999952e-01
1.165557950000000037e-01
1.201393459999999941e-01
1.127909420000000051e-01
1.196485159999999964e-01
1.177663510000000052e-01
1.139633210000000063e-01
1.070243270000000024e-01
1.175511330000000021e-01
1.150343489999999941e-01
1.111381649999999971e-01
1.289655120000000044e-01
1.177260059999999942e-01
1.201063319999999962e-01
1.156646090000000016e-01
1.141664089999999965e-01
9.950333090000000602e-02
1.203638689999999983e-01
1.162108179999999935e-01
1.116146969999999988e-01
9.990642959999999906e-02
1.211595679999999953e-01
1.139947619999999995e-01
1.060280499999999987e-01
1.275049450000000084e-01
1.186003459999999954e-01
1.294908369999999975e-01
1.214977200000000035e-01
1.122118160000000059e-01
1.125283690000000031e-01
1.141473280000000062e-01
1.161145340000000054e-01
1.155706050000000068e-01
1.132956970000000008e-01
1.232754590000000039e-01
1.186371370000000036e-01
1.113514079999999989e-01
1.251835079999999989e-01
1.229841190000000029e-01
1.076495130000000022e-01
1.122794230000000032e-01
1.128846329999999981e-01
1.127203400000000022e-01
1.259391009999999977e-01
1.214532180000000017e-01
1.136433329999999992e-01
1.007769929999999953e-01
1.064488289999999948e-01
1.215483170000000029e-01
1.174705100000000002e-01
1.040092999999999990e-01
1.160432619999999942e-01
1.175486589999999998e-01
1.139660549999999967e-01
1.248479559999999960e-01
1.136984899999999993e-01
1.110585030000000029e-01
1.153798770000000057e-01
1.093364129999999934e-01
1.018615590000000043e-01
1.087460440000000000e-01
1.168108509999999933e-01
1.160069110000000042e-01
1.079368889999999942e-01
1.064890700000000051e-01
1.227140580000000009e-01
1.152574789999999960e-01
1.198509479999999988e-01
1.275586780000000087e-01
1.195253359999999959e-01
1.274764840000000010e-01
1.137470530000000007e-01
1.223163679999999948e-01
1.067958920000000034e-01
1.129243669999999977e-01
1.113050510000000021e-01
1.135721209999999981e-01
1.117348370000000035e-01
1.246285740000000059e-01
1.218394119999999942e-01
1.101718250000000010e-01
1.242461879999999935e-01
1.281313299999999877e-01
1.204244349999999963e-01
1.176221370000000016e-01
1.118828510000000054e-01
1.226026189999999960e-01
1.099015770000000003e-01
1.178177740000000001e-01
1.234259610000000007e-01
1.186602259999999937e-01
1.152224089999999979e-01
1.281814870000000106e-01
1.283130939999999887e-01
1.193166519999999953e-01
1.111060009999999959e-01
1.195820269999999935e-01
1.142282039999999999e-01
1.135030310000000042e-01
1.075687260000000034e-01
1.088491379999999981e-01
1.044569760000000069e-01
9.922339019999999732e-02
1.080712449999999963e-01
1.182699279999999964e-01
1.139317749999999990e-01
1.122936979999999974e-01
1.166505889999999990e-01
1.105011999999999939e-01
1.156949399999999961e-01
1.067476940000000041e-01
1.133468519999999979e-01
1.143851800000000030e-01
1.109470050000000013e-01
1.084729209999999999e-01
1.105369779999999941e-01
1.075161320000000004e-01
1.123195959999999938e-01
1.181918980000000036e-01
1.098553689999999944e-01
1.047773210000000066e-01
1.192461699999999986e-01
1.049071099999999979e-01
1.178767460000000045e-01
1.118697000000000025e-01
1.157998890000000031e-01
1.163495779999999952e-01
1.057755350000000039e-01
1.174171720000000002e-01
1.128228010000000003e-01
1.164866239999999969e-01
1.185949149999999952e-01
1.091998520000000000e-01
1.066637339999999962e-01
1.139327509999999988e-01
1.012741550000000046e-01
1.178901789999999977e-01
1.104497910000000055e-01
1.065671069999999943e-01
1.184422670000000039e-01
1.108406710000000017e-01
1.231369380000000013e-01
1.039770770000000011e-01
1.071615139999999994e-01
1.183360289999999954e-01
1.185300950000000020e-01
1.207087859999999985e-01
1.086814849999999943e-01
1.064265890000000020e-01
1.107294630000000002e-01
1.166878640000000023e-01
1.180381550000000057e-01
1.122854130000000006e-01
1.184125840000000013e-01
1.037679239999999975e-01
1.132544949999999967e-01
1.137222279999999947e-01
1.227480769999999971e-01
1.042032989999999992e-01
1.091441880000000031e-01
1.071797310000000003e-01
1.129585129999999965e-01
1.130868200000000046e-01
1.159186960000000016e-01
1.137423739999999933e-01
1.020099740000000033e-01
1.152852619999999995e-01
1.041690190000000016e-01
1.063070150000000047e-01
1.031345050000000013e-01
1.190802680000000030e-01
1.121680810000000028e-01
1.091426459999999959e-01
1.165544689999999939e-01
1.194231659999999973e-01
1.218743989999999944e-01
1.220774869999999984e-01
1.225739869999999954e-01
1.125046090000000054e-01
1.090428680000000011e-01
1.018729210000000052e-01
1.053772570000000020e-01
1.273236570000000067e-01
1.014961229999999937e-01
1.088744400000000029e-01
1.256624460000000110e-01
1.091843990000000014e-01
1.050060389999999955e-01
1.222448500000000021e-01
1.112898660000000012e-01
1.205028149999999992e-01
1.087024580000000018e-01
1.113310899999999937e-01
1.130405659999999951e-01
9.498516469999999934e-02
1.204834800000000039e-01
1.082583589999999985e-01
1.052702219999999966e-01
1.236713160000000034e-01
1.117924970000000046e-01
1.091182160000000040e-01
1.101983859999999954e-01
1.012183130000000042e-01
1.010291729999999999e-01
1.151052419999999965e-01
1.001300960000000018e-01
1.091634850000000045e-01
1.108134310000000039e-01
1.100522500000000042e-01
1.074013709999999955e-01
1.163248119999999997e-01
1.235967129999999969e-01
1.045485589999999992e-01
1.076787859999999986e-01
1.151217219999999958e-01
1.188706010000000063e-01
1.058150380000000002e-01
1.091398150000000011e-01
1.161002889999999954e-01
1.081781160000000047e-01
1.025779250000000004e-01
1.120493860000000008e-01
1.188326479999999991e-01
9.922819580000000195e-02
9.531365329999999525e-02
9.332004189999999755e-02
9.468083830000000034e-02
1.033922060000000004e-01
1.068246360000000006e-01
1.080215419999999982e-01
1.084005009999999963e-01
1.117297039999999991e-01
1.186477910000000024e-01
1.164316759999999978e-01
1.116392459999999975e-01
1.054749710000000007e-01
1.055916030000000061e-01
1.029243620000000053e-01
9.967350960000000148e-02
1.022338639999999937e-01
1.026420219999999994e-01
1.273420899999999911e-01
1.179872230000000022e-01
1.075213180000000046e-01
1.089340669999999955e-01
1.003849430000000043e-01
9.709534050000000194e-02
1.052412540000000063e-01
1.060761439999999972e-01
1.022773309999999991e-01
1.113968189999999941e-01
1.003810089999999933e-01
1.003129259999999967e-01
9.112919869999999700e-02
9.591309729999999978e-02
1.018593609999999955e-01
1.119363230000000042e-01
1.107561660000000031e-01
1.119734349999999962e-01
1.057841409999999982e-01
9.932231900000000613e-02
1.046576050000000008e-01
9.687042240000000304e-02
1.141297220000000029e-01
1.069649460000000052e-01
9.783142059999999640e-02
1.103376370000000023e-01
1.104161889999999979e-01
1.003006470000000067e-01
1.050852979999999937e-01
1.107699570000000022e-01
9.550549090000000352e-02
9.375672039999999319e-02
1.083696039999999944e-01
1.096402330000000036e-01
1.043410669999999957e-01
1.130608320000000000e-01
1.168069090000000004e-01
1.079886560000000023e-01
1.100359040000000038e-01
1.058001070000000043e-01
1.149471999999999994e-01
1.089620139999999959e-01
1.106925829999999972e-01
1.087858230000000037e-01
1.013329770000000046e-01
9.962137790000000215e-02
1.056442560000000058e-01
1.021584199999999998e-01
9.861624239999999819e-02
1.096904350000000028e-01
1.053877919999999940e-01
9.787245840000000086e-02
1.100441520000000062e-01
1.251675640000000089e-01
1.114870909999999965e-01
9.728808699999999532e-02
8.862131089999999989e-02
1.155655829999999995e-01
9.837399419999999506e-02
1.190176010000000006e-01
9.803709389999999690e-02
1.109802720000000048e-01
1.119282919999999987e-01
1.045051590000000002e-01
1.030896159999999950e-01
1.037723120000000054e-01
1.043559460000000050e-01
9.806180750000000057e-02
1.027408320000000042e-01
1.170436960000000026e-01
9.687494489999999570e-02
9.823329000000000089e-02
1.128759010000000007e-01
1.100203919999999946e-01
9.482131900000000113e-02
1.019302230000000004e-01
1.083363440000000011e-01
8.953513209999999778e-02
1.083253470000000024e-01
1.127271499999999982e-01
1.042585000000000039e-01
9.341288359999999624e-02
1.118775530000000046e-01
1.046300160000000062e-01
9.470154349999999888e-02
1.081164550000000002e-01
9.637083859999999447e-02
1.015697049999999962e-01
1.134152560000000060e-01
9.898139540000000514e-02
1.098081399999999985e-01
9.473848340000000368e-02
1.038110109999999947e-01
9.534417839999999311e-02
1.090734530000000008e-01
1.080727799999999933e-01
9.992898259999999366e-02
1.129326749999999963e-01
1.022127200000000069e-01
1.239255959999999990e-01
1.029316559999999964e-01
1.073091780000000051e-01
9.719787539999999448e-02
1.020839510000000061e-01
9.787205609999999334e-02
1.147503480000000020e-01
1.036025510000000011e-01
1.107216850000000002e-01
1.127157210000000048e-01
1.047079040000000044e-01
1.183410960000000067e-01
9.479900450000000589e-02
1.039710489999999959e-01
1.090972570000000030e-01
1.008809509999999965e-01
1.182726620000000006e-01
1.045982319999999993e-01
9.367030110000000576e-02
1.012298539999999941e-01
1.003545970000000037e-01
1.078895029999999977e-01
1.102726009999999979e-01
8.631040900000000460e-02
1.052581149999999993e-01
9.649828820000000418e-02
1.037992239999999955e-01
1.072000339999999996e-01
1.029159129999999978e-01
1.164655690000000049e-01
1.182906999999999986e-01
9.119710329999999865e-02
1.062444599999999989e-01
1.002640580000000031e-01
9.240680190000000183e-02
9.437917919999999627e-02
1.070372019999999980e-01
9.486108270000000176e-02
1.094024029999999953e-01
9.655555339999999376e-02
1.038215680000000030e-01
9.704359619999999853e-02
1.028922419999999949e-01
1.078799889999999956e-01
9.676955639999999803e-02
9.156613800000000525e-02
9.484238920000000184e-02
1.105235670000000031e-01
1.005031839999999954e-01
1.105732400000000032e-01
1.021263599999999994e-01
1.058023119999999956e-01
1.187775429999999993e-01
1.061213389999999951e-01
1.044223459999999992e-01
1.090430919999999942e-01
1.003318500000000002e-01
9.169690310000000455e-02
9.043472260000000318e-02
9.696566310000000188e-02
8.240777250000000387e-02
8.718278999999999612e-02
1.087730150000000007e-01
1.091010570000000013e-01
1.112668069999999954e-01
9.464750439999999876e-02
1.126501629999999976e-01
1.017502019999999979e-01
7.710479200000000533e-02
1.073597450000000064e-01
1.160617919999999970e-01
1.207961659999999965e-01
9.765975920000000143e-02
1.016272530000000007e-01
1.106755729999999993e-01
9.979585559999999689e-02
1.017262709999999931e-01
1.135448740000000040e-01
1.058236210000000066e-01
1.065934669999999973e-01
9.811102600000000395e-02
1.092255040000000010e-01
1.017308610000000058e-01
8.865995710000000585e-02
1.196868489999999979e-01
9.908866139999999989e-02
1.019259539999999992e-01
8.790546659999999568e-02
9.625992179999999510e-02
1.026023330000000039e-01
8.408189559999999785e-02
9.695833180000000551e-02
9.473542120000000288e-02
1.101843859999999953e-01
9.563902019999999393e-02
9.551397709999999430e-02
9.933026879999999614e-02
1.111982910000000047e-01
9.432939440000000231e-02
9.305981550000000380e-02
8.576124910000000601e-02
9.189348669999999886e-02
9.841223059999999745e-02
9.961657229999999752e-02
9.120611100000000637e-02
9.312614800000000581e-02
9.753242880000000115e-02
9.630817170000000038e-02
9.095992149999999887e-02
1.011242720000000012e-01
1.051018090000000044e-01
1.130857019999999963e-01
1.016215909999999972e-01
1.020027030000000001e-01
9.027802199999999944e-02
1.136028020000000027e-01
1.070654389999999984e-01
9.670925140000000142e-02
1.020070539999999998e-01
9.091447290000000125e-02
9.096512939999999714e-02
8.515734229999999405e-02
1.110586519999999938e-01
9.523211419999999539e-02
1.038515269999999990e-01
1.036098300000000000e-01
9.914515170000000321e-02
1.063473449999999959e-01
9.276643399999999484e-02
9.960118680000000502e-02
1.085585949999999938e-01
9.658864139999999432e-02
1.017085310000000048e-01
9.157808130000000268e-02
9.013616289999999698e-02
9.730904549999999653e-02
1.094233770000000022e-01
9.700763229999999349e-02
9.902685880000000607e-02
9.995933619999999853e-02
1.098684520000000053e-01
1.004964190000000035e-01
9.669739010000000246e-02
9.476275000000000670e-02
9.126333150000000283e-02
1.116406399999999993e-01
9.961271289999999723e-02
9.570854160000000221e-02
8.841887860000000043e-02
1.088993399999999973e-01
1.193820830000000000e-01
9.267967189999999633e-02
1.057871950000000005e-01
9.435452519999999732e-02
9.863051770000000329e-02
1.076983140000000033e-01
9.157127889999999715e-02
9.364905950000000645e-02
9.591619669999999764e-02
1.046281079999999974e-01
9.132945539999999529e-02
9.666851910000000270e-02
1.043224479999999982e-01
1.138530150000000019e-01
8.898171039999999699e-02
9.348113090000000069e-02
9.392632539999999641e-02
7.958913589999999649e-02
8.983253689999999569e-02
1.152099669999999965e-01
9.343411029999999784e-02
9.549991789999999481e-02
9.385868910000000342e-02
8.603946120000000031e-02
8.184054490000000626e-02
1.185722570000000003e-01
1.041205230000000065e-01
9.838143739999999360e-02
1.003862019999999938e-01
1.060640739999999943e-01
1.034649160000000040e-01
8.754051479999999663e-02
9.897703680000000115e-02
1.098613370000000033e-01
9.806207570000000096e-02
1.092377380000000009e-01
9.821171310000000043e-02
8.611851189999999989e-02
8.914678539999999762e-02
8.927910769999999885e-02
9.906913339999999513e-02
9.924847629999999921e-02
9.792602059999999664e-02
9.706330300000000355e-02
9.201136229999999638e-02
9.936800599999999484e-02
1.056518030000000025e-01
8.379201590000000255e-02
1.090278699999999990e-01
8.068232979999999388e-02
9.320274000000000614e-02
9.915929290000000118e-02
9.882193799999999806e-02
8.517232539999999852e-02
9.440238030000000502e-02
9.749266510000000052e-02
1.074248629999999954e-01
1.109469530000000009e-01
1.049142480000000016e-01
9.731156380000000050e-02
9.023402630000000590e-02
1.045774589999999976e-01
9.744583819999999563e-02
9.434849019999999586e-02
8.962645380000000550e-02
9.298249329999999646e-02
9.353911880000000123e-02
9.031828490000000376e-02
1.110275389999999945e-01
1.013708930000000036e-01
9.768553820000000498e-02
1.133278090000000016e-01
1.015267890000000062e-01
1.112934129999999938e-01
8.326008919999999813e-02
9.818474950000000145e-02
9.748024489999999875e-02
8.361210669999999401e-02
1.056970660000000062e-01
7.896837589999999851e-02
1.105514390000000013e-01
9.632075580000000470e-02
1.074317250000000057e-01
1.092920230000000020e-01
8.721207829999999550e-02
9.102049469999999587e-02
8.160704370000000651e-02
1.114150289999999988e-01
1.091520710000000033e-01
1.109959560000000067e-01
1.013168470000000015e-01
1.003855319999999995e-01
1.023751870000000064e-01
1.066756400000000021e-01
1.045771840000000036e-01
7.942377779999999776e-02
9.385886790000000368e-02
1.030893029999999932e-01
9.601552780000000009e-02
1.046012709999999957e-01
9.942476449999999855e-02
1.023754699999999962e-01
9.806321560000000326e-02
9.887620060000000544e-02
1.118808760000000041e-01
9.833961730000000123e-02
8.224798739999999997e-02
9.496822950000000096e-02
9.899611029999999534e-02
1.002493799999999990e-01
8.812431989999999771e-02
9.719605000000000605e-02
8.942987019999999732e-02
9.370751680000000139e-02
1.046799939999999984e-01
8.181950450000000097e-02
1.079836339999999950e-01
9.485802799999999702e-02
1.016061010000000042e-01
1.134241220000000022e-01
8.324664830000000348e-02
8.564572039999999997e-02
8.399691430000000292e-02
1.159063879999999991e-01
9.740249809999999842e-02
8.231693510000000213e-02
1.087753999999999943e-01
9.855045380000000688e-02
1.013311219999999957e-01
9.867869320000000055e-02
8.699576559999999681e-02
9.014692159999999899e-02
1.080166250000000050e-01
8.775920419999999611e-02
8.989588169999999934e-02
1.051723289999999950e-01
1.014758870000000007e-01
9.072224800000000533e-02
8.297412099999999791e-02
9.383275359999999898e-02
1.004935349999999949e-01
9.265308079999999558e-02
9.832503650000000428e-02
9.577740730000000591e-02
9.311365339999999602e-02
9.484063090000000029e-02
8.674307169999999345e-02
8.295387769999999772e-02
1.006623430000000013e-01
1.170269699999999941e-01
9.046484529999999913e-02
7.732787730000000026e-02
8.574055880000000518e-02
9.395768490000000472e-02
1.041576790000000030e-01
9.890118239999999561e-02
9.673697500000000282e-02
9.207183119999999554e-02
9.909745309999999641e-02
9.258288150000000549e-02
9.996800869999999950e-02
1.081759630000000000e-01
9.050998089999999496e-02
9.786143149999999846e-02
9.294021130000000575e-02
9.213484819999999409e-02
7.997203619999999902e-02
8.974374089999999360e-02
1.113841089999999950e-01
1.031328960000000017e-01
8.330216999999999483e-02
8.579521630000000454e-02
9.712184220000000257e-02
9.516634050000000178e-02
9.845118969999999692e-02
1.094094810000000029e-01
9.660931679999999744e-02
8.138696099999999378e-02
9.651177380000000583e-02
8.857745679999999566e-02
8.154380320000000071e-02
8.434756100000000145e-02
1.054442899999999961e-01
9.683707360000000375e-02
1.136497330000000028e-01
9.431973840000000553e-02
1.014848569999999978e-01
9.144394100000000081e-02
1.085417490000000068e-01
9.199429300000000476e-02
9.771639849999999572e-02
1.166841760000000006e-01
7.574982199999999444e-02
8.268450950000000299e-02
1.031322630000000018e-01
1.009111109999999978e-01
8.675092460000000116e-02
8.204558489999999593e-02
9.683731199999999484e-02
8.184982089999999488e-02
1.020527330000000066e-01
1.119514330000000030e-01
1.062700079999999991e-01
9.677291659999999462e-02
9.758051480000000388e-02
9.486623110000000358e-02
1.002723429999999999e-01
1.272043290000000049e-01
8.604121210000000020e-02
8.245432380000000672e-02
1.007196830000000043e-01
8.789094540000000344e-02
1.068154570000000025e-01
8.490028980000000058e-02
1.066900570000000048e-01
9.250507500000000605e-02
1.045197920000000003e-01
1.096640150000000036e-01
9.218844769999999522e-02
1.093611200000000061e-01
8.151184020000000474e-02
8.648085590000000045e-02
8.876131469999999635e-02
1.025709810000000055e-01
7.316109540000000078e-02
9.857660529999999477e-02
9.306600689999999787e-02
1.019842249999999978e-01
8.642239120000000385e-02
8.529984209999999512e-02
1.005556140000000015e-01
8.207488059999999697e-02
8.886753769999999886e-02
9.905286130000000300e-02
8.473327009999999382e-02
9.716171769999999708e-02
8.309910450000000670e-02
9.033149479999999509e-02
1.181343720000000014e-01
9.559438380000000179e-02
9.596654770000000167e-02
1.033329959999999964e-01
6.661869589999999675e-02
9.774494170000000426e-02
9.920546410000000148e-02
9.180466830000000300e-02
1.027633030000000003e-01
1.065732020000000058e-01
8.732521529999999477e-02
9.044664350000000685e-02
1.077829819999999994e-01
9.221135079999999429e-02
6.621262429999999477e-02
8.759217710000000157e-02
9.621001780000000558e-02
8.736618610000000673e-02
1.111128480000000002e-01
9.884802249999999346e-02
6.473399700000000145e-02
9.071374679999999469e-02
7.722906770000000087e-02
7.964756339999999601e-02
9.978874029999999784e-02
9.746193139999999311e-02
1.001271229999999984e-01
9.794900569999999418e-02
8.088519419999999627e-02
1.095608319999999969e-01
8.471310880000000598e-02
7.263316960000000544e-02
1.034943309999999950e-01
7.324853539999999497e-02
8.548132329999999501e-02
8.929181099999999871e-02
9.869636599999999371e-02
1.004351379999999933e-01
9.227360040000000263e-02
8.271921429999999631e-02
1.069220230000000049e-01
8.724814649999999838e-02
1.094310430000000056e-01
1.022902059999999946e-01
9.193553029999999848e-02
9.214158359999999326e-02
8.184190839999999634e-02
9.409420189999999351e-02
1.179434580000000010e-01
8.038055149999999427e-02
9.438384319999999772e-02
9.800145030000000090e-02
9.753464909999999544e-02
8.434651790000000093e-02
8.563435819999999643e-02
1.029214340000000061e-01
9.984350949999999669e-02
9.933489560000000052e-02
8.588000390000000150e-02
9.670630839999999617e-02
7.909569889999999714e-02
8.385841550000000533e-02
9.209637340000000061e-02
1.002945600000000048e-01
7.453268770000000265e-02
9.301941839999999795e-02
1.022322700000000001e-01
9.599031510000000100e-02
8.901879190000000497e-02
7.139003280000000284e-02
8.944790069999999926e-02
1.061793709999999946e-01
8.063241840000000271e-02
8.908473699999999718e-02
1.057570280000000029e-01
9.512356669999999514e-02
9.824401889999999360e-02
6.879123299999999330e-02
1.029817829999999934e-01
9.240496160000000181e-02
1.040188219999999969e-01
9.585421530000000356e-02
9.082715210000000261e-02
7.938462500000000033e-02
9.160113329999999832e-02
1.040784869999999973e-01
7.806044819999999329e-02
1.220246549999999958e-01
9.846818450000000000e-02
8.833888169999999651e-02
9.777785090000000456e-02
8.865007760000000181e-02
7.503347100000000436e-02
9.738153959999999720e-02
7.306982580000000171e-02
1.070267260000000026e-01
7.378884400000000621e-02
1.017731500000000067e-01
6.792432069999999877e-02
8.065099269999999321e-02
8.672103289999999465e-02
7.114022970000000168e-02
8.139674369999999604e-02
9.437829259999999665e-02
1.107888669999999992e-01
9.020649640000000247e-02
9.715959429999999897e-02
1.085449529999999996e-01
9.666889160000000092e-02
8.998674149999999483e-02
9.233285489999999707e-02
7.716900860000000528e-02
7.474026079999999961e-02
6.884962320000000136e-02
1.008918429999999949e-01
7.208438220000000507e-02
8.543915300000000379e-02
9.032151850000000315e-02
9.520018099999999484e-02
8.289379630000000276e-02
1.004227030000000020e-01
9.700259569999999942e-02
8.501715960000000294e-02
5.369120089999999956e-02
1.013881040000000067e-01
8.302266149999999734e-02
1.068883090000000008e-01
9.446709600000000040e-02
8.991255609999999898e-02
9.185016159999999374e-02
1.014300360000000012e-01
1.192726340000000024e-01
1.050355580000000011e-01
9.924253819999999393e-02
1.006837559999999993e-01
8.266579359999999543e-02
9.953603889999999843e-02
8.276552709999999979e-02
9.246136990000000666e-02
5.752974379999999804e-02
1.012955160000000021e-01
9.405738859999999979e-02
7.981347290000000150e-02
1.167539060000000045e-01
8.942030369999999506e-02
9.290765230000000430e-02
8.763464540000000247e-02
1.088443030000000034e-01
9.020335229999999760e-02
9.096347539999999343e-02
8.796482529999999356e-02
9.240050610000000164e-02
9.205552190000000634e-02
8.452977239999999448e-02
9.181455519999999482e-02
9.569021310000000446e-02
1.139768359999999980e-01
7.805197690000000021e-02
9.164165709999999576e-02
7.094255829999999985e-02
8.656509969999999499e-02
9.771177920000000128e-02
8.532533050000000452e-02
8.239234239999999876e-02
8.309802410000000084e-02
9.374003109999999583e-02
8.208813519999999531e-02
9.662015740000000352e-02
7.484735550000000404e-02
9.121752530000000470e-02
6.725269559999999536e-02
7.803626360000000262e-02
7.774437219999999482e-02
8.135382089999999844e-02
1.049324799999999946e-01
9.816005079999999550e-02
8.660534770000000160e-02
8.540609479999999865e-02
1.057791490000000029e-01
6.823679800000000129e-02
9.318433700000000597e-02
1.053684879999999963e-01
8.921343090000000142e-02
7.878690210000000027e-02
6.994143129999999542e-02
9.287666529999999421e-02
9.905841199999999847e-02
9.423277530000000179e-02
9.632964430000000300e-02
8.874417839999999835e-02
1.180603949999999985e-01
5.633069949999999770e-02
8.006548139999999925e-02
9.663102029999999509e-02
9.673967209999999317e-02
1.067157690000000020e-01
1.106727789999999989e-01
9.463027120000000458e-02
8.848305049999999339e-02
7.312057169999999773e-02
1.070528919999999967e-01
8.373757449999999491e-02
9.819089620000000240e-02
7.448884840000000174e-02
9.439574929999999808e-02
8.952087910000000592e-02
8.734890069999999562e-02
8.731977639999999319e-02
7.861678299999999564e-02
8.994252980000000397e-02
6.259163469999999563e-02
5.573459339999999734e-02
1.025364099999999945e-01
8.658440409999999809e-02
8.504928650000000145e-02
7.043523340000000521e-02
9.656652809999999310e-02
8.497972040000000005e-02
8.319213239999999343e-02
7.572547350000000121e-02
8.213156459999999826e-02
9.633754190000000384e-02
8.066489550000000008e-02
9.159418199999999621e-02
9.583275770000000693e-02
9.073010830000000082e-02
7.766927780000000558e-02
7.084225859999999930e-02
8.967875690000000344e-02
8.456867190000000312e-02
5.779511849999999923e-02
9.398507329999999937e-02
9.400019049999999710e-02
9.629841890000000182e-02
8.730312440000000118e-02
1.011615170000000063e-01
8.797099440000000214e-02
7.848799970000000514e-02
8.355165270000000644e-02
9.307029840000000109e-02
8.412177860000000229e-02
6.039003280000000001e-02
8.665215969999999490e-02
8.121497179999999372e-02
9.037834409999999374e-02
9.741521629999999599e-02
8.897083249999999943e-02
1.036301699999999937e-01
9.371750800000000492e-02
7.848294079999999784e-02
6.961866469999999918e-02
1.206158179999999996e-01
7.303698359999999390e-02
1.112468540000000061e-01
7.862330970000000474e-02
8.788058910000000334e-02
8.510220050000000258e-02
7.743273679999999881e-02
9.425425530000000607e-02
8.624858409999999753e-02
9.016187489999999416e-02
7.781033219999999861e-02
8.194247629999999727e-02
1.225722360000000011e-01
6.276473400000000258e-02
8.015101400000000653e-02
8.163169030000000381e-02
6.827601049999999783e-02
9.860727190000000142e-02
8.394036439999999488e-02
8.571413899999999475e-02
9.242845330000000470e-02
1.053433940000000069e-01
8.365830779999999800e-02
1.007742429999999995e-01
8.741357919999999393e-02
9.361333400000000637e-02
7.413385059999999527e-02
1.094666120000000048e-01
7.678259910000000132e-02
9.881255780000000599e-02
6.301813570000000531e-02
8.638822290000000570e-02
8.979960530000000163e-02
8.960290249999999790e-02
7.870357479999999517e-02
9.324000030000000050e-02
7.641212640000000222e-02
9.887987380000000381e-02
1.041114699999999976e-01
8.033309880000000236e-02
7.638449969999999700e-02
1.140802800000000061e-01
7.423398639999999327e-02
1.000265699999999952e-01
9.181953969999999410e-02
1.093445720000000010e-01
9.677907819999999328e-02
7.307428870000000354e-02
9.772371500000000266e-02
1.077154500000000042e-01
8.649285140000000094e-02
7.385399189999999892e-02
8.265933390000000658e-02
7.510235160000000576e-02
8.306995030000000058e-02
1.037474270000000032e-01
1.263208690000000023e-01
8.445403719999999836e-02
8.924891799999999653e-02
8.340787139999999988e-02
9.388287369999999410e-02
9.038081770000000459e-02
8.353111150000000484e-02
6.619424370000000224e-02
8.199004830000000688e-02
8.788491789999999804e-02
5.999062580000000255e-02
9.307431430000000228e-02
1.029777679999999973e-01
7.988199590000000239e-02
6.881831589999999610e-02
8.922541139999999593e-02
8.336578309999999326e-02
9.186837080000000155e-02
7.516986130000000155e-02
9.507711979999999841e-02
8.954341709999999455e-02
8.596309269999999336e-02
9.642201659999999341e-02
1.134982330000000039e-01
7.296517489999999884e-02
8.135295659999999818e-02
7.978612929999999437e-02
7.087540629999999897e-02
7.124477619999999845e-02
8.764198419999999490e-02
1.072805520000000012e-01
7.827869060000000601e-02
1.050035879999999949e-01
8.139310029999999307e-02
7.697469740000000005e-02
7.091195879999999396e-02
9.294804930000000187e-02
9.460659329999999978e-02
8.790217340000000545e-02
8.061984179999999445e-02
8.673541989999999924e-02
1.015463320000000030e-01
8.422276380000000284e-02
7.320659609999999318e-02
8.758406339999999513e-02
7.043797520000000256e-02
1.246917099999999973e-01
8.839201180000000324e-02
1.054726390000000069e-01
1.022629290000000024e-01
7.100956890000000021e-02
9.636134650000000024e-02
1.004010439999999948e-01
8.664487299999999725e-02
8.410164709999999599e-02
9.584074469999999402e-02
8.072452989999999440e-02
7.269206640000000497e-02
9.397654980000000324e-02
6.105590240000000057e-02
7.169866560000000277e-02
1.000992660000000062e-01
1.003322229999999982e-01
8.794113990000000658e-02
8.753551539999999964e-02
1.054754849999999938e-01
8.282185350000000057e-02
7.314530010000000471e-02
1.074292059999999993e-01
9.805607800000000485e-02
1.135792510000000061e-01
8.549878750000000638e-02
9.219853579999999493e-02
9.442187850000000049e-02
8.351551740000000279e-02
9.180758149999999895e-02
6.798513230000000074e-02
7.894323020000000579e-02
6.350497900000000306e-02
1.127626449999999947e-01
8.922713990000000206e-02
8.732636269999999312e-02
7.838162029999999614e-02
8.469870690000000368e-02
7.550000399999999556e-02
1.003501039999999955e-01
7.507128270000000547e-02
7.555173340000000126e-02
1.016406489999999996e-01
8.402293919999999361e-02
8.704852309999999704e-02
7.231421770000000249e-02
4.378045349999999669e-02
9.977476300000000242e-02
8.193158359999999640e-02
7.297267020000000604e-02
9.549467270000000507e-02
1.054010239999999959e-01
9.503921869999999716e-02
1.048932969999999965e-01
7.755845790000000239e-02
9.092025460000000003e-02
6.361389909999999592e-02
1.026671529999999971e-01
6.536155189999999504e-02
8.620142190000000537e-02
8.170466129999999494e-02
9.707777200000000661e-02
9.277449549999999823e-02
6.435765329999999784e-02
7.317087799999999476e-02
8.484270419999999369e-02
8.731200549999999783e-02
7.098618149999999516e-02
7.137051969999999579e-02
9.110178050000000693e-02
1.031930070000000033e-01
9.592738750000000258e-02
7.295246419999999732e-02
8.768493680000000179e-02
7.259146119999999869e-02
7.389201219999999570e-02
8.180888740000000214e-02
8.058080080000000478e-02
1.034075250000000001e-01
9.877069289999999835e-02
9.090350569999999797e-02
7.730795440000000351e-02
8.452907950000000670e-02
9.653975069999999603e-02
1.237135679999999960e-01
6.033608320000000136e-02
8.339909460000000108e-02
8.725725110000000229e-02
7.212025669999999611e-02
7.368910310000000019e-02
7.585223759999999704e-02
9.903631359999999495e-02
6.040828300000000012e-02
7.630137350000000540e-02
8.211351190000000522e-02
6.557830420000000660e-02
8.475968239999999432e-02
7.702136040000000239e-02
9.927663209999999794e-02
8.681669829999999477e-02
8.119207620000000458e-02
6.880665569999999676e-02
1.155417789999999972e-01
1.150152910000000056e-01
9.369361399999999451e-02
8.307485280000000138e-02
1.055250989999999972e-01
9.554944190000000392e-02
9.090443700000000460e-02
7.572515309999999777e-02
7.436513159999999512e-02
8.889418100000000267e-02
8.318637310000000229e-02
8.452633019999999942e-02
7.806511970000000467e-02
7.495756450000000404e-02
7.299907510000000488e-02
6.868530059999999882e-02
7.158456739999999319e-02
8.566438410000000447e-02
9.114453940000000198e-02
8.334192629999999380e-02
1.041134370000000031e-01
5.436070640000000009e-02
9.405837209999999560e-02
6.750348209999999793e-02
9.389701490000000594e-02
9.931483859999999664e-02
8.673579250000000573e-02
1.043335799999999952e-01
7.942407579999999356e-02
8.664964140000000481e-02
5.542811379999999788e-02
6.864547729999999348e-02
7.374308999999999725e-02
8.023451269999999635e-02
1.133705899999999933e-01
7.197456060000000100e-02
8.843936769999999337e-02
8.980724219999999813e-02
7.501773539999999352e-02
8.073019239999999763e-02
9.367895129999999349e-02
1.079862709999999948e-01
9.087252619999999781e-02
9.791903940000000472e-02
7.166641949999999484e-02
7.757156340000000150e-02
9.354002770000000022e-02
7.383252680000000623e-02
8.270944650000000564e-02
5.593393740000000142e-02
7.665667680000000372e-02
8.677776160000000294e-02
7.171558590000000344e-02
9.843615440000000327e-02
8.077601339999999908e-02
8.103920520000000571e-02
1.271150560000000040e-01
6.104611609999999883e-02
7.826382669999999708e-02
1.000699550000000021e-01
5.762885880000000183e-02
6.605508920000000006e-02
9.051831069999999313e-02
5.815421419999999841e-02
9.490078690000000594e-02
1.067847539999999956e-01
7.942507420000000096e-02
7.784859839999999642e-02
8.546884359999999681e-02
9.223812820000000523e-02
9.129737320000000378e-02
7.136289029999999534e-02
8.406209200000000492e-02
7.409812509999999519e-02
8.888649199999999750e-02
8.197028189999999714e-02
9.061130139999999666e-02
8.489695190000000335e-02
8.763461559999999317e-02
9.021381289999999553e-02
6.741181020000000523e-02
1.050819379999999997e-01
8.675069359999999785e-02
7.818029079999999631e-02
8.561009170000000168e-02
8.408006279999999388e-02
7.328312100000000662e-02
1.137096209999999968e-01
9.933679550000000524e-02
5.698708069999999792e-02
9.664129470000000499e-02
3.893882039999999739e-02
8.944182100000000468e-02
7.943189890000000586e-02
9.478042270000000546e-02
7.542695110000000036e-02
8.894675970000000265e-02
8.604611460000000100e-02
9.732016179999999905e-02
9.450408820000000265e-02
6.831045450000000629e-02
8.954445269999999901e-02
7.926605640000000674e-02
8.387304839999999706e-02
6.665644049999999710e-02
5.337556820000000091e-02
7.172459359999999728e-02
5.690613390000000271e-02
7.749981429999999727e-02
4.310413820000000285e-02
7.150039819999999546e-02
7.359578460000000544e-02
6.694310900000000064e-02
8.900115640000000328e-02
1.035491080000000008e-01
1.061493829999999999e-01
7.736189659999999357e-02
7.625153660000000277e-02
7.447231560000000528e-02
6.547237929999999428e-02
4.587370159999999697e-02
9.708237649999999774e-02
6.873264910000000116e-02
9.563814099999999596e-02
8.910289409999999632e-02
9.187889100000000420e-02
8.287416400000000016e-02
4.807277399999999867e-02
8.183937519999999466e-02
1.175050960000000033e-01
7.185729590000000666e-02
6.321635840000000561e-02
6.292743979999999848e-02
7.727217670000000038e-02
7.799673079999999703e-02
7.132085409999999737e-02
6.216620650000000137e-02
6.628333029999999848e-02
5.863233660000000125e-02
8.426039670000000370e-02
7.334398479999999776e-02
8.093057569999999312e-02
9.168367830000000163e-02
6.746091690000000085e-02
1.342704740000000008e-01
4.688939079999999981e-02
9.515941890000000070e-02
7.983060179999999784e-02
4.264573750000000274e-02
8.224249629999999534e-02
1.037844640000000068e-01
8.605910840000000062e-02
7.421251389999999892e-02
8.028068389999999666e-02
9.047433729999999896e-02
7.827854900000000282e-02
9.582265469999999563e-02
8.931776140000000086e-02
4.419021680000000118e-02
9.869319199999999903e-02
5.009228739999999763e-02
8.371372520000000539e-02
7.213395089999999343e-02
8.084367219999999410e-02
8.498930929999999606e-02
6.974512339999999755e-02
8.884078260000000116e-02
4.306419189999999980e-02
7.485846429999999663e-02
9.774868940000000506e-02
8.102215829999999397e-02
7.766299690000000311e-02
7.521286609999999762e-02
7.418913389999999553e-02
8.809958399999999468e-02
7.957142590000000626e-02
1.105209510000000062e-01
7.172247769999999523e-02
6.754863260000000535e-02
8.644989879999999405e-02
9.392757710000000648e-02
6.287273760000000600e-02
7.394534349999999645e-02
7.608798890000000037e-02
7.682564849999999612e-02
7.818082719999999708e-02
8.202433589999999497e-02
7.924927769999999538e-02
8.185659350000000500e-02
9.241944550000000258e-02
5.531719329999999768e-02
4.609097909999999854e-02
4.851290209999999797e-02
7.619483019999999385e-02
8.239680530000000058e-02
7.636453960000000318e-02
6.535095720000000385e-02
5.800654739999999698e-02
9.700431669999999562e-02
8.073844759999999898e-02
1.027368460000000067e-01
9.813583639999999553e-02
1.147349180000000052e-01
1.059256870000000045e-01
7.051562520000000112e-02
7.341402019999999917e-02
9.207793329999999776e-02
8.857671170000000482e-02
9.213231500000000629e-02
2.748509680000000080e-02
6.921718270000000450e-02
9.605852510000000011e-02
9.193461390000000344e-02
9.827105699999999500e-02
8.610790969999999878e-02
7.502240690000000489e-02
7.778447119999999659e-02
1.043360609999999938e-01
1.138771920000000021e-01
7.725271579999999638e-02
7.660671319999999562e-02
9.054195140000000086e-02
7.584973420000000466e-02
1.088109760000000037e-01
6.097925829999999853e-02
8.032084999999999919e-02
8.294885609999999576e-02
7.762476059999999511e-02
7.118513440000000247e-02
9.449192879999999961e-02
7.687774299999999839e-02
5.526819449999999939e-02
8.330634239999999691e-02
6.063032150000000065e-02
1.113494780000000017e-01
5.893067639999999968e-02
9.849212320000000354e-02
7.336518170000000394e-02
1.036540569999999939e-01
8.215952660000000463e-02
8.114176989999999368e-02
5.786708000000000129e-02
8.375586570000000119e-02
3.782426569999999821e-02
9.080398829999999921e-02
7.690146570000000459e-02
9.647335860000000318e-02
8.517491069999999498e-02
8.501603450000000395e-02
9.778709709999999777e-02
8.046279850000000178e-02
8.538414539999999997e-02
1.020939950000000068e-01
1.060698850000000026e-01
7.560992240000000142e-02
7.531128080000000502e-02
8.745538440000000246e-02
4.948898780000000192e-02
1.042133420000000005e-01
1.107402739999999997e-01
7.522752139999999699e-02
9.385836120000000393e-02
8.519662170000000256e-02
3.982451559999999890e-02
7.732514290000000456e-02
8.375988900000000403e-02
9.964328999999999548e-02
9.158222380000000107e-02
8.496809750000000605e-02
1.012206969999999984e-01
1.179514229999999997e-01
5.974808339999999884e-02
7.190168650000000605e-02
5.931099129999999747e-02
9.296812120000000346e-02
5.648452789999999779e-02
1.053622740000000058e-01
5.469704789999999678e-02
8.721522989999999642e-02
4.294901339999999956e-02
8.725354820000000289e-02
8.295744659999999826e-02
9.796398879999999865e-02
7.638125869999999595e-02
6.877913330000000325e-02
6.866846980000000655e-02
8.142854269999999506e-02
3.905545550000000254e-02
7.608360050000000097e-02
9.136002510000000576e-02
6.881724300000000016e-02
9.601876880000000114e-02
1.023937689999999956e-01
8.424308899999999323e-02
1.160998339999999990e-01
9.522994610000000415e-02
8.867131920000000112e-02
7.004277409999999648e-02
5.742438510000000274e-02
8.384130900000000275e-02
6.971198319999999393e-02
9.361278269999999402e-02
7.292500879999999630e-02
1.010610829999999960e-01
4.285292329999999816e-02
5.580092970000000152e-02
9.748676420000000620e-02
6.801118700000000072e-02
6.922820209999999697e-02
7.743438330000000647e-02
7.495676730000000454e-02
8.871732649999999887e-02
8.661824460000000503e-02
7.168684150000000088e-02
5.164359510000000181e-02
8.556105940000000021e-02
9.667041899999999355e-02
9.293795380000000050e-02
6.142850589999999944e-02
7.385637609999999575e-02
8.964866400000000290e-02
1.031159829999999944e-01
7.825425269999999878e-02
8.828216049999999815e-02
1.190633549999999957e-01
9.938180450000000388e-02
8.539576079999999791e-02
7.176964730000000292e-02
8.012866970000000200e-02
8.360885830000000518e-02
1.028284730000000036e-01
8.164960150000000194e-02
7.696485520000000136e-02
8.272037660000000625e-02
7.670928539999999352e-02
6.080728400000000311e-02
1.001036170000000058e-01
9.398112449999999896e-02
6.461800630000000267e-02
6.370063870000000628e-02
8.157574389999999731e-02
1.259957549999999871e-01
9.422292559999999317e-02
8.686503019999999853e-02
7.347299159999999552e-02
8.063918350000000290e-02
5.545364319999999958e-02
1.085437689999999983e-01
2.978448009999999993e-02
8.630556609999999462e-02
6.551371509999999454e-02
8.999697859999999938e-02
7.040829210000000560e-02
7.909026739999999722e-02
6.536561999999999928e-02
5.093516409999999939e-02
5.609051140000000102e-02
7.154340300000000541e-02
7.047174870000000313e-02
7.775583860000000180e-02
6.175949049999999996e-02
8.446488530000000050e-02
7.989637550000000532e-02
7.146847250000000484e-02
8.116406950000000509e-02
6.924906370000000200e-02
7.894100989999999762e-02
1.141680109999999998e-01
7.083560530000000688e-02
8.990366010000000463e-02
6.103127450000000315e-02
1.006194430000000029e-01
7.632231709999999503e-02
7.047893850000000460e-02
1.051225890000000024e-01
6.977105890000000199e-02
6.373985109999999454e-02
7.174662499999999443e-02
1.148022640000000011e-01
4.255035890000000154e-02
6.672891229999999840e-02
7.227888700000000000e-02
1.254501490000000108e-01
4.653543229999999864e-02
9.782331439999999989e-02
6.635191290000000408e-02
1.008318359999999941e-01
4.542703180000000340e-02
5.750421809999999717e-02
8.008871970000000506e-02
6.571849439999999376e-02
7.429424669999999675e-02
8.182249219999999934e-02
7.685235140000000464e-02
9.947707499999999814e-02
8.243840189999999957e-02
6.918358060000000254e-02
7.262703030000000615e-02
7.377698269999999336e-02
9.160581230000000574e-02
9.043293450000000622e-02
9.084221720000000555e-02
4.214022679999999965e-02
2.400501069999999917e-02
6.126839669999999821e-02
7.242180410000000068e-02
6.175383549999999971e-02
6.339923290000000489e-02
5.355589460000000079e-02
7.867691670000000193e-02
7.357485589999999964e-02
6.188335269999999805e-02
8.197315039999999997e-02
6.807556750000000323e-02
7.414903489999999375e-02
8.918292819999999732e-02
6.181273240000000058e-02
1.046995369999999953e-01
7.800449430000000461e-02
6.479211149999999919e-02
5.560734500000000247e-02
6.323824079999999792e-02
8.324967319999999893e-02
7.498575000000000379e-02
8.825607600000000275e-02
6.705076249999999960e-02
3.750858080000000344e-02
4.585326459999999882e-02
7.840164010000000294e-02
6.307545300000000355e-02
6.470092389999999860e-02
5.532125379999999759e-02
8.434786649999999331e-02
7.035185400000000533e-02
9.523908790000000513e-02
7.729005070000000144e-02
5.288343499999999947e-02
5.137229709999999866e-02
6.943506750000000283e-02
6.505156310000000108e-02
1.285596380000000004e-02
8.279229700000000081e-02
1.025863659999999983e-01
8.657254279999999913e-02
4.559705780000000014e-02
1.068973319999999977e-01
7.858085630000000155e-02
7.088663430000000099e-02
8.719290790000000513e-02
6.243407730000000155e-02
9.153563530000000115e-02
8.203842490000000376e-02
8.173616979999999421e-02
9.169627730000000365e-02
6.670887020000000611e-02
5.211836839999999665e-02
6.231389939999999739e-02
6.067035350000000299e-02
7.065355780000000252e-02
7.326221469999999458e-02
1.123820249999999965e-01
7.487287369999999498e-02
6.819634880000000066e-02
8.886185289999999626e-02
1.000141719999999984e-01
8.765225109999999487e-02
8.861713109999999616e-02
8.947966250000000121e-02
1.023080499999999976e-01
7.160795479999999824e-02
9.198323640000000134e-02
9.556760640000000473e-02
5.778429659999999995e-02
9.425500779999999856e-02
6.880810110000000479e-02
8.913754670000000047e-02
9.021297100000000291e-02
9.562191370000000523e-02
5.595448239999999823e-02
6.291549650000000105e-02
6.352428350000000057e-02
1.149025780000000052e-01
6.972654909999999318e-02
1.002456919999999974e-01
6.095265219999999873e-02
5.822870509999999999e-02
9.612490240000000352e-02
1.059092279999999942e-01
9.569542859999999318e-02
5.223954100000000045e-02
9.718959030000000332e-02
5.946738270000000159e-02
9.943629800000000629e-02
7.668302949999999951e-02
9.135666489999999529e-02
1.312129570000000051e-02
1.093669609999999986e-01
8.122785389999999384e-02
8.193120360000000213e-02
4.882786420000000127e-02
1.185844689999999979e-01
6.715022029999999365e-02
9.797903149999999395e-02
7.043880969999999353e-02
6.223323570000000027e-02
7.173680509999999511e-02
6.884848329999999905e-02
7.764002679999999768e-02
9.375845639999999537e-02
6.503812970000000249e-02
8.747661860000000011e-02
9.024450929999999760e-02
7.247062029999999655e-02
8.027355369999999990e-02
1.049789559999999983e-01
5.448452010000000290e-02
9.588030729999999502e-02
1.000303629999999971e-01
9.391590950000000548e-02
1.094386209999999998e-01
8.138868209999999825e-02
7.201994959999999391e-02
1.065853830000000058e-01
6.827244159999999729e-02
6.964834030000000009e-02
2.247322350000000024e-02
6.028223409999999838e-02
8.676452930000000396e-02
7.617408779999999824e-02
8.213021610000000028e-02
8.068194989999999400e-02
8.861282469999999523e-02
6.954049319999999756e-02
9.270355850000000508e-02
8.245595540000000279e-02
1.029347030000000024e-01
7.519264520000000507e-02
6.158738209999999741e-02
1.150524619999999942e-01
5.374716969999999983e-02
9.010468419999999312e-02
9.377045929999999752e-02
9.740327299999999855e-02
8.244935420000000514e-02
6.466656919999999587e-02
5.926255510000000282e-02
9.378273040000000005e-02
6.686037779999999542e-02
7.129172239999999328e-02
5.621746930000000309e-02
7.439102229999999816e-02
1.137762810000000069e-01
4.894464459999999656e-02
9.986224770000000361e-02
7.087062299999999371e-02
7.742806520000000692e-02
7.832293960000000221e-02
9.043474499999999694e-02
1.252055470000000004e-01
7.174023990000000239e-02
9.584882109999999511e-02
6.513377280000000324e-02
7.622774690000000408e-02
7.340754569999999313e-02
6.568271670000000451e-02
4.414470119999999720e-02
1.030642989999999981e-01
6.102959069999999708e-02
4.669042300000000173e-02
7.905095069999999724e-02
1.083772850000000038e-01
9.097944950000000364e-02
8.624383060000000156e-02
9.817740319999999909e-02
8.481430260000000221e-02
7.178096470000000506e-02
8.052694800000000097e-02
6.847080590000000078e-02
5.924765020000000160e-02
1.302650720000000095e-01
9.800725429999999905e-02
6.682607529999999574e-02
2.956521139999999936e-02
9.333404900000000226e-02
1.040961670000000033e-01
2.593266779999999980e-02
6.966143099999999588e-02
9.649069609999999519e-02
7.123113420000000418e-02
5.902420359999999838e-02
9.792312979999999445e-02
9.826789800000000630e-02
5.670174959999999681e-02
1.104628440000000045e-01
8.534254880000000099e-02
1.143071499999999963e-01
7.279849800000000315e-02
9.263873849999999799e-02
8.410550649999999628e-02
7.033398750000000033e-02
1.162164660000000044e-01
9.080322829999999679e-02
8.693175020000000475e-02
4.413374140000000251e-02
8.182185890000000239e-02
9.951039400000000201e-02
4.130709920000000257e-02
8.752767740000000352e-02
6.488484140000000400e-02
5.992223690000000186e-02
7.372584190000000537e-02
9.388119729999999663e-02
9.807823599999999920e-02
7.955652480000000026e-02
3.241894769999999898e-02
7.600899789999999989e-02
6.858228149999999468e-02
1.718310270000000112e-02
8.488808570000000442e-02
5.301449820000000285e-02
8.361257610000000229e-02
5.722780529999999671e-02
6.442613149999999733e-02
9.150498360000000608e-02
6.474673000000000234e-02
-2.504909640000000087e-03
6.361207369999999361e-02
8.508484809999999898e-02
5.946568029999999699e-02
7.789631190000000094e-02
3.331127760000000132e-02
7.884050909999999746e-02
5.866322289999999912e-02
8.178737010000000640e-02
2.006756139999999952e-02
9.658313540000000585e-02
5.289337780000000211e-02
1.012539789999999940e-01
7.177601009999999560e-02
6.573175639999999376e-02
4.073820639999999743e-02
8.874286709999999745e-02
3.932681310000000346e-02
7.248118520000000620e-02
8.277388659999999898e-02
6.851100920000000039e-02
1.075893569999999966e-01
4.647729920000000237e-02
5.243211240000000134e-02
6.565264610000000334e-02
5.986328049999999762e-02
7.332826409999999850e-02
5.682908369999999793e-02
5.337102710000000277e-02
8.496763559999999382e-02
6.442599000000000242e-02
5.190105359999999668e-02
8.410054449999999904e-02
6.768335400000000113e-02
9.537108989999999731e-02
5.614779140000000085e-02
6.167771290000000073e-02
1.247422700000000023e-01
6.036431340000000118e-02
7.206206769999999595e-02
7.421811670000000305e-02
9.005227679999999735e-02
1.199400570000000027e-01
6.452531370000000321e-02
6.432813410000000343e-02
9.931381050000000210e-02
1.112988439999999940e-01
5.788026379999999804e-02
9.110241380000000389e-02
7.896405459999999987e-02
4.407627139999999860e-02
8.768548069999999861e-02
4.275133460000000302e-02
4.718084260000000169e-02
1.099127230000000038e-01
5.262714999999999754e-02
2.278267219999999954e-02
9.953454879999999727e-02
7.013302300000000267e-02
8.148576320000000539e-02
4.897911850000000178e-02
4.968996719999999728e-02
1.066423130000000025e-01
1.154495400000000033e-01
9.737662969999999474e-02
8.729454870000000200e-02
5.510177460000000027e-02
9.279149030000000131e-02
8.276734500000000605e-02
8.152357490000000650e-02
3.991767019999999805e-02
4.344648119999999780e-02
8.614730090000000118e-02
8.304938670000000522e-02
1.837440770000000126e-02
1.230153890000000028e-01
9.451904149999999782e-02
7.368610050000000411e-02
1.283918320000000113e-01
9.292366359999999770e-02
8.202613890000000352e-02
5.495077739999999766e-02
6.527624279999999501e-02
6.263436379999999526e-02
9.302030499999999757e-02
5.111182110000000306e-02
7.331010699999999936e-02
7.137105609999999656e-02
9.909131379999999711e-02
8.789773289999999739e-02
6.722536680000000542e-02
5.732088910000000120e-02
6.436046959999999761e-02
1.135364920000000027e-01
8.184167000000000525e-02
5.586344000000000032e-02
5.426295849999999976e-02
4.768372700000000214e-02
4.259794210000000109e-02
7.018046830000000680e-02
5.474985389999999924e-02
7.065884020000000321e-02
8.761513980000000534e-02
1.150320100000000040e-01
3.996831919999999788e-02
6.380335989999999513e-02
6.002330410000000088e-02
8.150108159999999713e-02
1.747075840000000130e-02
8.008842920000000531e-02
7.324085380000000534e-02
3.349547459999999838e-02
8.649090680000000309e-02
9.033583100000000532e-02
6.434412300000000307e-02
8.087669309999999390e-02
9.637075659999999599e-02
5.619524420000000103e-02
6.469278039999999674e-02
5.500745030000000341e-02
9.250236300000000411e-02
5.980940159999999922e-02
7.490833099999999467e-02
7.312152530000000372e-02
7.052659990000000045e-02
1.228383710000000018e-01
1.176600230000000025e-01
7.781255989999999456e-02
8.860031520000000160e-02
5.387727540000000065e-02
5.873057990000000311e-02
7.228206839999999633e-02
8.839989450000000637e-02
1.094949469999999953e-01
7.372470949999999912e-02
9.597808870000000547e-02
1.095232520000000015e-01
6.281145659999999575e-02
3.147174789999999944e-02
9.483166040000000352e-02
3.788284210000000124e-02
6.477612259999999955e-02
4.957480360000000169e-02
8.648366479999999856e-02
6.527836619999999312e-02
1.250743569999999971e-01
7.584126289999999770e-02
5.146499720000000111e-02
8.019798990000000238e-02
2.641146999999999939e-02
4.857764020000000099e-02
1.854183150000000141e-02
1.138236970000000015e-01
9.300494189999999883e-02
7.109666620000000548e-02
7.406655700000000508e-02
4.198277739999999730e-02
8.941119159999999511e-02
3.075091909999999942e-02
9.179355200000000048e-02
9.960962090000000102e-02
1.064527559999999956e-01
1.605620610000000129e-02
6.019858270000000289e-02
5.671890079999999945e-02
9.970588980000000268e-02
6.940609960000000689e-02
7.709966599999999726e-02
6.053633619999999882e-02
9.019022429999999646e-02
3.683506699999999912e-02
6.482931229999999712e-02
1.005870700000000006e-01
1.281482819999999953e-02
7.951693240000000384e-02
5.682288480000000086e-02
1.077577549999999967e-01
1.258760230000000035e-02
9.451115129999999864e-02
3.624295820000000140e-02
7.455337789999999520e-02
8.209387960000000262e-02
6.096829100000000085e-02
1.033422950000000007e-01
9.112989159999999866e-02
8.120023460000000415e-02
5.307893460000000230e-02
4.206134749999999867e-02
5.906997619999999893e-02
7.016966489999999779e-02
1.390772010000000114e-01
1.062303039999999976e-01
5.180833860000000346e-02
1.160582299999999983e-01
3.954813260000000080e-02
3.232299160000000338e-02
2.820614540000000031e-02
1.275123509999999960e-01
7.862441239999999609e-02
4.892017690000000085e-02
5.838990210000000181e-02
7.752314209999999761e-02
4.813448709999999797e-02
4.224231839999999932e-02
5.105018239999999791e-02
6.606564669999999417e-02
7.199183850000000218e-02
1.009951530000000042e-02
8.990602940000000376e-02
9.750483930000000687e-02
8.861312270000000491e-02
5.992067229999999828e-02
4.390744860000000277e-02
8.187974990000000675e-02
8.007561420000000596e-02
1.123198489999999994e-01
7.552795860000000028e-02
9.693437809999999599e-02
7.274321470000000289e-02
7.262719419999999482e-02
1.033190189999999981e-01
7.856687160000000447e-02
3.397290039999999872e-02
8.240181950000000088e-02
1.325244309999999981e-01
3.566527369999999975e-02
8.848821369999999853e-02
8.066091690000000425e-02
5.556107309999999688e-02
1.774224450000000050e-02
5.645274740000000291e-02
5.517176909999999684e-02
7.464513929999999631e-02
6.244477629999999752e-02
9.171770510000000487e-02
3.159840399999999661e-02
4.525450620000000257e-02
9.063595530000000122e-02
8.752302829999999978e-02
3.162304679999999868e-02
3.447243569999999813e-02
9.796122459999999366e-02
9.084302190000000110e-02
4.215827579999999880e-02
6.564292310000000019e-02
7.551490519999999596e-02
2.310643529999999862e-02
4.429885370000000155e-02
7.777776570000000111e-02
9.844508020000000692e-02
6.434497979999999340e-02
1.070441449999999933e-01
2.606449090000000079e-02
3.220023209999999664e-02
6.733312460000000221e-02
2.236589419999999995e-02
9.946271030000000679e-02
4.373246060000000185e-02
8.164770159999999721e-02
5.502374840000000267e-02
5.839141829999999755e-02
7.377303390000000682e-02
2.574541979999999883e-02
3.562773019999999902e-02
1.251291330000000035e-01
1.052713249999999989e-01
8.865065129999999405e-02
4.473576690000000133e-02
1.086063760000000045e-01
6.411969659999999793e-02
8.180313559999999318e-02
8.788412060000000414e-02
8.032328639999999909e-02
1.352785380000000037e-01
7.207451759999999874e-02
7.449704410000000665e-02
4.546404629999999808e-02
5.773148689999999666e-02
3.981550410000000290e-02
5.910865220000000031e-02
5.124908310000000217e-02
6.435619289999999770e-02
5.386493359999999786e-02
6.102368240000000110e-02
9.239085760000000092e-02
9.414616970000000418e-02
5.101459469999999885e-02
7.534197719999999321e-02
1.201622259999999970e-01
5.787774920000000184e-02
9.654577079999999978e-02
6.016995390000000332e-02
5.822454020000000091e-02
5.679797379999999840e-02
7.029601929999999832e-02
9.278648350000000267e-02
4.972263049999999657e-02
5.457264929999999792e-02
7.346804440000000158e-02
1.102802680000000007e-01
9.796122459999999366e-02
5.836901810000000301e-02
8.625748010000000576e-02
4.397229849999999968e-02
5.080118029999999840e-02
6.854852290000000570e-02
1.221370920000000027e-01
6.716080750000000266e-02
9.585082529999999768e-02
4.070616509999999688e-02
7.444952430000000010e-02
8.062924439999999415e-02
5.896896499999999819e-02
4.710809889999999917e-02
2.930191719999999944e-02
8.350194989999999706e-02
5.150109900000000157e-02
3.497244420000000104e-02
9.067554769999999764e-02
8.017312740000000215e-02
3.208798919999999999e-02
5.080341919999999817e-02
4.033867640000000226e-02
5.879138040000000259e-02
5.538198720000000325e-02
8.632626379999999711e-02
8.110360799999999371e-02
5.925920230000000094e-02
9.120885280000000372e-02
8.254268770000000588e-02
9.995962680000000655e-02
4.339295630000000042e-02
7.706196610000000391e-02
5.731733519999999971e-02
6.670894469999999465e-02
5.538198720000000325e-02
3.307401389999999747e-02
7.982592280000000429e-02
5.580189819999999828e-02
8.272378889999999763e-02
8.599768580000000107e-02
9.308537100000000009e-02
9.522572159999999342e-02
1.319966170000000105e-01
7.231707129999999373e-02
5.469253290000000017e-02
7.222184539999999819e-02
9.403977539999999746e-02
2.404909950000000060e-02
6.738062200000000113e-02
6.622203440000000441e-02
8.129103479999999493e-02
5.841891469999999781e-02
9.479659799999999581e-02
1.082593869999999986e-01
1.058408249999999995e-01
7.377865910000000471e-02
7.916416969999999498e-02
2.637951259999999840e-02
7.248087970000000047e-02
5.715897310000000314e-02
9.112852809999999470e-02
1.193582640000000056e-01
5.775120110000000334e-02
2.483071759999999975e-02
3.787682209999999883e-02
9.415135530000000308e-02
6.255314500000000444e-02
8.229161799999999694e-02
1.119197460000000005e-01
7.687967269999999853e-02
8.682952080000000405e-02
8.770779519999999385e-02
6.039762869999999728e-02
6.914325059999999745e-02
2.376509460000000157e-02
6.459475489999999889e-03
1.638699880000000011e-02
9.478072079999999566e-02
9.797571600000000436e-02
4.792576660000000266e-02
7.384138549999999523e-02
5.226994680000000143e-02
9.088583290000000481e-02
8.141966159999999841e-02
8.162321899999999686e-02
9.315335010000000415e-02
5.245574940000000130e-02
8.784228560000000019e-02
4.089851679999999962e-02
8.424693349999999581e-02
5.181882899999999681e-02
4.826594140000000331e-03
7.298005370000000547e-02
3.574648130000000062e-02
1.169065460000000001e-01
5.781255290000000130e-02
7.714699210000000584e-02
4.823429139999999699e-02
1.184250119999999962e-01
7.489164169999999732e-02
4.244270549999999698e-02
6.131000069999999885e-02
1.105394209999999988e-01
6.908629089999999973e-02
1.278937759999999868e-01
8.572632069999999715e-02
8.400100470000000652e-02
6.900069120000000555e-02
4.173095899999999803e-02
4.474713279999999876e-02
6.138721850000000008e-02
5.533867700000000278e-02
7.742610569999999748e-02
8.568386729999999396e-02
6.909564140000000465e-02
5.460694800000000237e-02
1.402798000000000100e-01
2.080294679999999952e-02
1.215629280000000007e-01
8.083136380000000010e-02
6.353385000000000282e-02
5.450589950000000322e-02
1.078607659999999968e-01
3.962314129999999768e-02
4.558175429999999917e-02
1.067061420000000038e-01
3.166826810000000075e-02
7.831230009999999575e-02
9.315335010000000415e-02
9.452802690000000618e-02
7.586053759999999979e-02
9.765063969999999982e-02
5.402643979999999929e-02
7.278843969999999886e-02
4.350462179999999707e-02
1.031854749999999987e-01
9.404413400000000145e-02
9.448532020000000031e-02
5.792116370000000014e-02
1.060466919999999980e-01
3.890080380000000143e-02
1.087144990000000061e-01
2.665381130000000001e-02
4.518737639999999972e-02
1.085375100000000037e-01
9.741576759999999446e-02
5.902254950000000028e-02
4.803745820000000083e-02
8.271709829999999986e-02
3.537236900000000073e-02
5.623092500000000105e-02
7.399480790000000086e-02
7.864289730000000034e-02
1.658515040000000107e-01
1.195106799999999941e-01
2.690119859999999877e-02
-9.604014459999999156e-03
8.610655370000000475e-02
8.031278099999999975e-02
3.097300979999999954e-02
1.365357789999999960e-01
4.193769399999999758e-02
7.581569999999999976e-02
1.039174939999999991e-01
4.187063130000000244e-02
1.112132370000000064e-01
7.039049270000000136e-02
9.259948129999999444e-02
6.857808209999999988e-03
1.035637259999999948e-01
8.856763689999999634e-02
1.365357789999999960e-01
5.408930029999999695e-02
3.060130960000000122e-02
4.553571719999999906e-02
1.003390029999999961e-01
5.495887619999999946e-02
7.372127470000000571e-02
5.088065189999999710e-02
4.385840889999999964e-02
1.225270779999999976e-01
9.221283349999999379e-02
3.950308639999999816e-02
5.713979709999999872e-03
6.209757920000000264e-02
8.510391409999999712e-02
1.011145410000000022e-01
6.644732509999999592e-02
5.473191289999999876e-02
5.903468650000000262e-02
3.232759190000000088e-03
1.148053109999999932e-01
7.106029240000000247e-02
3.100264440000000121e-02
9.611862899999999710e-02
5.751131100000000246e-02
1.079551210000000011e-01
2.360170149999999897e-02
9.866955880000000123e-02
6.090566520000000039e-02
3.964867069999999938e-02
6.540351360000000447e-02
4.737683010000000305e-02
9.305525570000000579e-02
5.187296119999999788e-02
1.337858289999999950e-01
4.013295100000000004e-02
7.118374110000000310e-02
6.086102499999999915e-02
3.519708290000000267e-02
8.124070610000000414e-02
1.095973850000000055e-01
5.545533080000000087e-02
5.409839000000000314e-02
3.544548530000000280e-02
6.801848859999999608e-02
9.067416189999999432e-02
1.074419249999999937e-01
3.735021129999999828e-02
3.103183580000000094e-02
7.832399760000000044e-02
3.522143140000000283e-02
7.167230550000000533e-02
7.652495060000000238e-02
4.226271529999999811e-03
9.720264380000000204e-02
9.165378659999999511e-02
5.789867790000000070e-02
-9.245079130000000145e-04
1.279402970000000084e-01
9.720972930000000567e-02
6.302453580000000333e-02
7.243148980000000021e-03
1.478272529999999918e-01
3.185809779999999869e-02
8.647280929999999477e-02
1.414594800000000020e-02
8.895430710000000463e-02
1.111289409999999950e-01
7.814115289999999658e-02
1.059096900000000008e-01
7.020542770000000321e-02
7.358108459999999906e-02
7.421585919999999781e-02
9.264432830000000549e-03
1.009109019999999968e-01
7.532992210000000188e-02
4.073052480000000086e-02
7.913554459999999624e-02
1.890254319999999932e-01
5.201200400000000057e-02
5.970248210000000250e-02
7.735112310000000213e-02
5.822031939999999794e-02
1.773768510000000020e-01
4.380787540000000146e-02
4.786396400000000190e-02
1.034705189999999969e-01
7.063220439999999545e-02
4.052465040000000074e-02
7.671193029999999469e-02
8.774454149999999508e-02
4.964276029999999812e-02
8.624690029999999841e-02
2.719377729999999938e-02
4.656509679999999707e-02
1.107007120000000067e-01
1.436417100000000058e-01
7.753138240000000125e-02
2.144977080000000022e-02
2.556657420000000083e-02
1.329717040000000065e-02
8.187202359999999624e-02
1.041311699999999951e-01
1.189976779999999956e-01
1.198824349999999955e-01
7.332912830000000437e-02
1.194682420000000023e-01
1.440260710000000055e-01
5.752296750000000097e-02
1.012322210000000076e-02
7.141206410000000560e-02
1.016729249999999973e-01
1.097616780000000014e-01
8.708441999999999572e-02
8.586725589999999464e-02
4.412755740000000315e-02
6.102239339999999956e-02
1.173597720000000011e-01
5.746303130000000176e-02
9.566982840000000377e-02
4.218815270000000200e-02
1.064214779999999999e-01
8.408528569999999813e-02
8.905559030000000098e-02
1.521811190000000036e-01
4.200121019999999983e-02
1.180292589999999975e-01
1.055201890000000003e-01
7.710130510000000326e-02
7.690642959999999771e-03
5.582748349999999693e-02
6.071113799999999783e-02
4.517040030000000345e-02
9.462111439999999762e-02
2.183756229999999840e-02
5.762749539999999920e-02
1.742957159999999894e-02
1.626912499999999887e-02
5.978132779999999896e-02
2.138821039999999965e-02
3.113300730000000127e-02
3.579591590000000267e-02
3.877998100000000156e-03
5.808984860000000056e-02
8.237089960000000544e-02
5.513323099999999782e-02
1.283699269999999948e-01
8.732406800000000469e-02
5.263502519999999768e-02
5.949697269999999760e-02
4.614783449999999843e-02
4.038286950000000153e-02
1.042504759999999947e-01
5.516294389999999888e-03
6.929884109999999431e-02
4.073800150000000259e-02
1.420623209999999914e-01
4.791400950000000020e-02
8.171366900000000266e-02
9.284804019999999547e-02
2.138821039999999965e-02
2.165132200000000062e-02
7.844983040000000352e-02
1.408359780000000006e-02
6.527087839999999586e-02
7.597927000000000153e-02
6.807608160000000463e-02
5.216415969999999708e-02
5.987618859999999793e-02
7.042545829999999341e-02
3.115130030000000036e-02
2.690521629999999970e-02
5.970167369999999918e-02
5.231664330000000002e-02
6.673961130000000130e-02
1.007967139999999956e-01
1.258384730000000062e-01
4.347017410000000165e-02
2.817631140000000090e-02
6.255583469999999313e-02
2.474403199999999914e-02
3.827023129999999884e-02
5.407068129999999945e-02
8.935671300000000428e-02
1.029080379999999934e-01
3.382787849999999846e-02
1.092455239999999966e-01
9.179769459999999326e-02
1.016823129999999964e-01
1.472566869999999972e-01
2.656793220000000164e-03
6.351853159999999721e-02
9.943267699999999709e-02
1.092455239999999966e-01
9.869354959999999954e-02
-2.348725499999999855e-02
1.322887990000000125e-01
-8.177136070000000367e-03
5.997317659999999717e-02
1.423001289999999974e-01
9.571336950000000621e-02
9.617006779999999477e-02
3.640830519999999765e-02
5.278983339999999969e-02
1.211149319999999946e-01
6.144005810000000012e-02
6.892197579999999324e-02
1.068187730000000057e-01
8.527553079999999897e-02
1.188967839999999915e-02
4.108262809999999737e-02
1.019055690000000014e-01
8.635953809999999398e-02
3.942303359999999729e-03
6.277903170000000144e-02
3.864964099999999847e-02
5.565715579999999663e-02
9.507128970000000567e-03
4.786317050000000323e-02
1.009773759999999937e-01
8.131986859999999762e-02
9.633548560000000649e-02
7.982315869999999369e-02
7.952880110000000446e-02
9.779603779999999913e-02
9.128931910000000205e-02
8.899958430000000364e-02
3.681199999999999750e-02
7.127060740000000505e-02
6.034341829999999990e-02
3.884193670000000292e-02
8.441800620000000643e-02
5.041957650000000041e-02
9.989804770000000611e-02
1.248119919999999966e-01
4.127784820000000160e-02
7.019238919999999660e-02
1.139131189999999932e-01
4.901542140000000186e-02
1.087975729999999946e-01
3.873265530000000179e-02
1.228504029999999969e-01
5.382245780000000090e-02
5.915375429999999990e-02
-5.238926970000000113e-03
3.593199329999999941e-02
5.922652040000000312e-02
-1.858009030000000103e-02
8.951075379999999526e-02
8.012790229999999791e-02
5.093018710000000310e-02
1.133155599999999957e-01
4.237114270000000293e-02
9.751884639999999771e-02
4.736405979999999682e-02
6.398747120000000677e-02
8.551292870000000435e-02
1.011617110000000014e-01
3.828249129999999889e-02
6.414484980000000058e-02
8.227796850000000661e-02
5.286876110000000156e-02
2.322199200000000033e-02
8.567702030000000357e-02
4.913698140000000159e-02
1.789558119999999988e-02
1.227607349999999958e-01
8.540192250000000485e-02
1.536576749999999936e-01
1.658976079999999881e-02
1.461939359999999966e-01
1.421765979999999874e-01
7.663447410000000237e-02
7.975742219999999716e-02
5.784557390000000243e-02
6.673420970000000507e-02
8.483057469999999434e-02
8.335468170000000232e-02
1.144337210000000021e-01
7.774640620000000668e-02
5.740005150000000028e-02
1.073204350000000057e-01
6.735298039999999820e-02
1.664776649999999969e-01
5.959646779999999699e-02
2.663934789999999886e-02
5.147596449999999879e-02
1.016933690000000057e-01
1.151778100000000055e-01
1.020699520000000055e-01
6.471296399999999782e-02
4.490873590000000332e-02
9.868630019999999337e-02
8.684884010000000487e-02
9.863658990000000182e-02
7.914134859999999438e-02
5.214199800000000190e-02
4.119398440000000133e-02
1.038492840000000000e-01
1.211113929999999977e-01
1.090959680000000015e-01
3.578102959999999999e-02
4.386521880000000123e-02
1.171453670000000002e-01
2.769925629999999903e-02
1.168329790000000035e-01
1.175902709999999962e-01
2.647626960000000126e-02
3.960086410000000084e-02
2.712357420000000019e-02
5.129704620000000159e-02
1.375287030000000021e-01
2.734141610000000167e-02
4.830650239999999956e-02
5.351453650000000117e-02
2.501546589999999876e-02
1.251887339999999994e-02
6.183731929999999877e-02
1.265437450000000130e-01
1.134555339999999968e-01
4.957664009999999954e-02
9.601206330000000566e-02
3.074766699999999936e-02
7.235977799999999960e-02
5.255791919999999728e-02
1.293285339999999950e-01
7.417750359999999987e-02
1.453604549999999995e-01
3.075062110000000015e-02
8.922737090000000537e-02
8.300471310000000214e-02
2.714676779999999900e-02
-1.960128079999999898e-03
3.371939060000000293e-02
5.622368309999999786e-02
5.080910770000000160e-02
-2.776702629999999901e-03
1.265757230000000011e-01
7.528299089999999916e-02
1.040575369999999916e-02
2.053201010000000118e-02
1.794749309999999973e-02
-3.583579879999999884e-02
7.780360429999999550e-02
4.143830390000000086e-02
6.533306090000000343e-02
6.009311970000000280e-02
1.547363099999999880e-01
8.626794819999999975e-02
1.324724559999999884e-01
5.991872029999999877e-02
1.064868939999999986e-01
6.855891640000000287e-02
7.139861579999999541e-02
7.976032049999999540e-02
5.098576839999999916e-02
-5.414060130000000054e-02
1.304829960000000039e-02
7.114341109999999802e-02
5.057822170000000200e-02
-3.589207309999999790e-02
5.445361879999999905e-02
3.719635679999999667e-02
4.101183270000000047e-02
5.550996209999999736e-02
3.148181740000000062e-02
5.878070739999999988e-02
1.418836860000000089e-01
5.028156190000000053e-02
4.694100469999999692e-02
5.477984620000000276e-02
6.972121450000000331e-02
1.517561669999999974e-01
9.484934059999999834e-02
-2.465973140000000084e-03
1.365353169999999894e-01
5.276842419999999700e-02
1.101144780000000017e-01
3.533507140000000102e-02
2.329584960000000149e-02
2.410934309999999969e-02
6.044830379999999864e-02
9.107614310000000657e-02
7.064858820000000095e-02
6.479351969999999628e-02
9.692256900000000008e-02
-2.260556819999999870e-02
2.802969519999999951e-02
9.055574980000000163e-02
8.725857730000000090e-02
3.859879079999999768e-02
6.914991139999999981e-02
1.148092750000000023e-01
3.463578970000000257e-02
1.429097209999999896e-01
7.104475050000000347e-02
7.290086149999999710e-02
7.147566230000000631e-02
1.925139500000000101e-02
9.498804060000000382e-02
1.552837619999999919e-02
5.055765059999999672e-02
5.409878490000000206e-02
7.992906119999999837e-02
1.734558489999999953e-01
8.616100999999999621e-02
3.792203219999999708e-02
1.444511119999999926e-01
8.658980580000000260e-02
1.087195499999999981e-01
1.234867129999999980e-01
9.580796210000000479e-02
1.770518120000000029e-01
-2.892322839999999801e-03
7.272545249999999573e-02
3.368672729999999671e-02
1.012358139999999934e-01
5.151662979999999809e-02
5.657172950000000089e-02
2.596201750000000016e-02
1.127312109999999978e-01
9.280029680000000114e-02
7.718176390000000553e-02
4.412433880000000280e-02
5.762853849999999972e-02
-6.141606249999999843e-03
9.339936079999999752e-02
6.227150929999999973e-02
8.848622439999999367e-02
1.611560579999999909e-01
3.410798679999999666e-02
4.460445789999999827e-02
9.648977779999999907e-03
3.503483160000000346e-02
8.926038440000000351e-02
-6.610031710000000352e-04
6.012971329999999837e-02
9.812294689999999375e-02
3.225371610000000305e-02
3.519900520000000116e-02
9.372702800000000389e-03
8.945119379999999509e-02
5.267649420000000172e-03
5.100476000000000315e-02
1.401131449999999945e-01
1.203194040000000048e-01
2.016896159999999882e-01
2.737252789999999880e-02
7.333014159999999559e-02
7.658601549999999314e-02
1.888830360000000042e-01
1.774277390000000010e-01
1.006455640000000068e-01
7.541736960000000600e-02
-4.633401699999999904e-04
8.398257939999999311e-02
2.876900140000000078e-02
7.371275870000000563e-02
1.327732799999999935e-01
1.229903999999999997e-01
4.642552140000000271e-02
8.016991619999999652e-02
1.000304669999999979e-01
2.932144329999999965e-02
-3.042087699999999895e-02
-7.782701399999999992e-02
-2.103025279999999955e-02
1.171988399999999986e-01
-4.768639429999999707e-02
7.276718320000000184e-02
5.741458759999999717e-02
5.559699609999999709e-02
5.398769300000000326e-02
7.052016999999999314e-02
1.293905969999999961e-01
8.213929829999999307e-03
1.568566259999999990e-01
9.749921409999999511e-02
6.474769860000000044e-02
9.887948629999999961e-02
7.693839819999999385e-02
7.778840509999999930e-02
4.270868750000000186e-02
8.918184040000000368e-02
-2.041255499999999889e-02
1.306008100000000116e-01
1.045110370000000011e-01
3.571614619999999990e-02
6.342013180000000139e-02
4.174539349999999800e-04
2.338347030000000049e-02
1.710581779999999913e-02
5.054506660000000068e-02
1.504512130000000003e-01
7.087218579999999581e-03
9.266797449999999992e-02
1.208996330000000063e-01
7.801261539999999883e-02
1.007767839999999943e-01
7.095494119999999627e-02
9.960771350000000024e-02
1.028899850000000032e-01
5.692552780000000034e-02
9.221446510000000374e-02
9.985800829999999517e-02
2.664107829999999913e-02
-2.999426050000000149e-02
-9.178038689999999319e-03
1.141840219999999961e-01
9.776396299999999540e-02
9.452348950000000194e-02
2.732566560000000006e-02
-2.281005679999999897e-02
2.223288829999999980e-02
6.771741059999999979e-02
2.383387829999999985e-02
-6.557315589999999916e-02
8.037560430000000034e-02
1.125676330000000003e-01
1.053103580000000067e-01
1.323588039999999966e-01
1.507320699999999958e-01
4.435037079999999687e-02
5.157405880000000276e-02
-2.223704199999999853e-02
2.061716909999999903e-01
4.933590439999999827e-02
-1.787136870000000100e-02
7.854460180000000236e-02
9.852036090000000634e-02
4.837390040000000280e-02
1.158534919999999920e-02
8.563244339999999399e-02
7.952969520000000014e-02
2.138894800000000138e-02
1.136242300000000066e-01
2.204613949999999906e-02
6.320336460000000600e-02
1.106370390000000065e-01
6.486120820000000620e-02
-4.412442449999999863e-03
6.098859379999999747e-02
1.341225799999999913e-01
1.311102209999999990e-01
1.453983130000000012e-02
1.306457520000000039e-01
4.014719280000000196e-02
4.588396100000000088e-02
1.321980660000000030e-01
7.229924199999999967e-02
1.086760910000000024e-01
8.700325339999999408e-02
9.495615960000000633e-02
1.212225779999999975e-01
5.757327009999999717e-02
3.512106839999999675e-02
5.256742980000000259e-02
-2.034490740000000075e-02
1.105579960000000056e-01
8.628857880000000147e-02
1.974900630000000004e-02
1.290227770000000052e-01
1.120937540000000038e-01
1.138982179999999990e-02
-1.126057649999999931e-02
9.503213319999999353e-02
2.313306739999999861e-02
5.544845009999999769e-02
6.922163809999999640e-02
4.816023629999999917e-02
2.174674160000000106e-02
4.719409349999999920e-02
6.467986109999999955e-02
6.425993889999999376e-02
1.183593200000000040e-01
8.758474889999999513e-02
-1.774573509999999993e-02
3.642987460000000205e-02
5.083710699999999943e-02
5.758983639999999682e-02
-3.890641410000000161e-02
