2.417523749687877643e-01
2.407757808804152910e-01
2.396438029484452559e-01
2.383771225154647788e-01
2.370007719732118712e-01
2.355426163931292616e-01
2.340317455866658125e-01
2.324969048975118746e-01
2.309650802836596684e-01
2.294603299800771767e-01
2.280029246559135137e-01
2.266088245747680252e-01
2.252894898620301511e-01
2.240519920282297572e-01
2.228993738667285618e-01
2.218311920372017243e-01
2.208441721820560977e-01
2.199329094051851452e-01
2.190905557443375007e-01
2.183094488714621695e-01
2.175816505829867298e-01
2.168993778367563074e-01
2.162553217073978906e-01
2.156428597244902379e-01
2.150561741932813242e-01
2.144902932823470054e-01
2.139410732341844590e-01
2.134051395550581876e-01
2.128798030943155062e-01
2.123629641396083678e-01
2.118530145565160339e-01
2.113487450536483958e-01
2.108492615458663066e-01
2.103539137791877456e-01
2.098622355033510078e-01
2.093738966285119962e-01
2.088886657733308450e-01
2.084063817387647732e-01
2.079269322997366054e-01
2.074502387925066527e-01
2.069762451537572601e-01
2.065049102854282781e-01
2.060362028412755231e-01
2.055700977350960745e-01
2.051065738455087051e-01
2.046456125345635924e-01
2.041871967085152340e-01
2.037313102326224479e-01
2.032779375726836701e-01
2.028270635790708765e-01
2.023786733586851461e-01
2.019327522001929387e-01
2.014892855309839415e-01
2.010482588926910674e-01
2.006096579273882741e-01
2.001734683698277728e-01
1.997396760430392992e-01
1.993082668557691894e-01
1.988792268009116349e-01
1.984525419544665714e-01
1.980281984747741253e-01
1.976061826018917222e-01
1.971864806570449713e-01
1.967690790421166291e-01
1.963539642391556039e-01
1.959411228098972557e-01
1.955305413952899418e-01
1.951222067150267803e-01
1.947161055670807994e-01
1.943122248272429464e-01
1.939105514486633708e-01
1.935110724613950950e-01
1.931137749719411267e-01
1.927186461628031811e-01
1.923256732920339274e-01
1.919348436927917623e-01
1.915461447728977473e-01
1.911595640143955444e-01
1.907750889731140986e-01
1.903927072782323204e-01
1.900124066318468752e-01
1.896341748085421941e-01
1.892579996549634824e-01
1.888838690893913375e-01
1.885117711013200303e-01
1.881416937510372589e-01
1.877736251692071201e-01
1.874075535564549144e-01
1.870434671829551421e-01
1.866813543880209980e-01
1.863212035796972255e-01
1.859630032343545791e-01
1.856067418962874249e-01
1.852524081773129216e-01
1.848999907563731449e-01
1.845494783791395421e-01
1.842008598576191369e-01
1.838541240697639245e-01
1.835092599590818496e-01
1.831662565342503102e-01
1.828251028687322421e-01
1.824857881003938975e-01
1.821483014311253423e-01
1.818126321264630085e-01
1.814787695152144387e-01
1.811467029890853342e-01
1.808164220023087965e-01
1.804879160712766217e-01
1.801611747741730107e-01
1.798361877506099993e-01
1.795129447012658308e-01
1.791914353875244670e-01
1.788716496311179571e-01
1.785535773137706672e-01
1.782372083768456461e-01
1.779225328209928236e-01
1.776095407057999009e-01
1.772982221494444899e-01
1.769885673283489724e-01
1.766805664768371087e-01
1.763742098867926433e-01
1.760694879073200214e-01
1.757663909444069361e-01
1.754649094605892357e-01
1.751650339746173846e-01
1.748667550611251176e-01
1.745700633502999810e-01
1.742749495275559002e-01
1.739814043332074955e-01
1.736894185621466469e-01
1.733989830635204454e-01
1.731100887404115884e-01
1.728227265495204390e-01
1.725368875008486680e-01
1.722525626573854218e-01
1.719697431347946004e-01
1.716884201011045774e-01
1.714085847763994475e-01
1.711302284325119660e-01
1.708533423927188211e-01
1.705779180314370425e-01
1.703039467739227431e-01
1.700314200959712752e-01
1.697603295236193854e-01
1.694906666328490352e-01
1.692224230492928028e-01
1.689555904479414505e-01
1.686901605528528525e-01
1.684261251368625589e-01
1.681634760212964430e-01
1.679022050756847628e-01
1.676423042174782219e-01
1.673837654117649731e-01
1.671265806709902324e-01
1.668707420546770293e-01
1.666162416691484294e-01
1.663630716672519216e-01
1.661112242480850820e-01
1.658606916567227918e-01
1.656114661839462876e-01
1.653635401659737936e-01
1.651169059841925968e-01
1.648715560648927048e-01
1.646274828790022238e-01
1.643846789418241250e-01
1.641431368127748147e-01
1.639028490951238703e-01
1.636638084357357192e-01
1.634260075248124833e-01
1.631894390956385721e-01
1.629540959243266918e-01
1.627199708295653802e-01
1.624870566723680410e-01
1.622553463558233378e-01
1.620248328248471981e-01
1.617955090659363993e-01
1.615673681069231538e-01
1.613404030167316650e-01
1.611146069051356822e-01
1.608899729225179709e-01
1.606664942596306711e-01
1.604441641473572933e-01
1.602229758564764350e-01
1.600029226974262475e-01
1.597839980200709276e-01
1.595661952134679873e-01
1.593495077056375220e-01
1.591339289633323106e-01
1.589194524918095541e-01
1.587060718346038624e-01
1.584937805733017124e-01
1.582825723273169338e-01
1.580724407536678311e-01
1.578633795467555279e-01
1.576553824381435320e-01
1.574484431963387165e-01
1.572425556265733826e-01
1.570377135705890159e-01
1.568339109064207648e-01
1.566311415481837777e-01
1.564293994458602621e-01
1.562286785850881821e-01
1.560289729869510644e-01
1.558302767077689444e-01
1.556325838388907534e-01
1.554358885064877072e-01
1.552401848713482191e-01
1.550454671286735364e-01
1.548517295078751521e-01
1.546589662723729386e-01
1.544671717193948079e-01
1.542763401797773160e-01
1.540864660177675427e-01
1.538975436308261391e-01
1.537095674494316222e-01
1.535225319368855312e-01
1.533364315891191931e-01
1.531512609345010989e-01
1.529670145336458897e-01
1.527836869792241481e-01
1.526012728957734377e-01
1.524197669395105648e-01
1.522391637981446444e-01
1.520594581906914988e-01
1.518806448672892495e-01
1.517027186090146307e-01
1.515256742277007462e-01
1.513495065657557148e-01
1.511742104959824529e-01
1.509997809213994568e-01
1.508262127750626402e-01
1.506535010198883640e-01
1.504816406484774105e-01
1.503106266829398185e-01
1.501404541747211607e-01
1.499711182044293212e-01
1.498026138816629382e-01
1.496349363448401804e-01
1.494680807610290763e-01
1.493020423257784002e-01
1.491368162629500560e-01
1.489723978245518776e-01
1.488087822905719004e-01
1.486459649688134099e-01
1.484839411947308230e-01
1.483227063312667904e-01
1.481622557686902431e-01
1.480025849244350211e-01
1.478436892429400573e-01
1.476855641954899767e-01
1.475282052800568344e-01
1.473716080211429358e-01
1.472157679696243504e-01
1.470606807025952867e-01
1.469063418232138818e-01
1.467527469605482138e-01
1.465998917694237846e-01
1.464477719302715586e-01
1.462963831489770550e-01
1.461457211567302739e-01
1.459957817098765653e-01
1.458465605897682760e-01
1.456980536026173667e-01
1.455502565793488912e-01
1.454031653754552511e-01
1.452567758708513956e-01
1.451110839697308530e-01
1.449660856004226506e-01
1.448217767152488733e-01
1.446781532903834988e-01
1.445352113257114546e-01
1.443929468446890907e-01
1.442513558942051799e-01
1.441104345444427226e-01
1.439701788887415845e-01
1.438305850434621613e-01
1.436916491478494595e-01
1.435533673638983154e-01
1.434157358762193357e-01
1.432787508919054209e-01
1.431424086403993434e-01
1.430067053733618254e-01
1.428716373645409765e-01
1.427372009096414818e-01
1.426033923261957603e-01
1.424702079534348187e-01
1.423376441521607139e-01
1.422056973046190165e-01
1.420743638143728005e-01
1.419436401061765773e-01
1.418135226258516735e-01
1.416840078401619962e-01
1.415550922366903275e-01
1.414267723237158936e-01
1.412990446300923242e-01
1.411719057051260828e-01
1.410453521184562020e-01
1.409193804599343791e-01
1.407939873395056551e-01
1.406691693870900928e-01
1.405449232524650371e-01
1.404212456051480151e-01
1.402981331342802451e-01
1.401755825485112572e-01
1.400535905758836241e-01
1.399321539637186362e-01
1.398112694785028920e-01
1.396909339057750554e-01
1.395711440500137235e-01
1.394518967345256544e-01
1.393331888013348008e-01
1.392150171110720924e-01
1.390973785428655241e-01
1.389802699942312980e-01
1.388636883809654110e-01
1.387476306370357959e-01
1.386320937144751575e-01
1.385170745832747796e-01
1.384025702312782768e-01
1.382885776276805423e-01
1.381750938686696073e-01
1.380621159584583257e-01
1.379496409552541936e-01
1.378376659345971478e-01
1.377261879892573981e-01
1.376152042291338418e-01
1.375047117811532271e-01
1.373947077891695678e-01
1.372851894138644446e-01
1.371761538326479180e-01
1.370675982395597181e-01
1.369595198451712958e-01
1.368519158764884558e-01
1.367447835768543229e-01
1.366381202058531696e-01
1.365319230392144922e-01
1.364261893687181149e-01
1.363209165020992375e-01
1.362161017629546778e-01
1.361117424906492512e-01
1.360078360402227071e-01
1.359043797822974131e-01
1.358013711029866510e-01
1.356988074038029679e-01
1.355966861015677760e-01
1.354950046283207588e-01
1.353937604312303311e-01
1.352929509725044888e-01
1.351925737293021013e-01
1.350926261936447603e-01
1.349931058723290722e-01
1.348940102868398383e-01
1.347953369732630968e-01
1.346970834822004137e-01
1.345992473786830901e-01
1.345018262420870914e-01
1.344048176660485872e-01
1.343082192583798795e-01
1.342120286409857477e-01
1.341162434497804312e-01
1.340208613346050293e-01
1.339258799591454274e-01
1.338312970008507519e-01
1.337371101508519622e-01
1.336433171138814990e-01
1.335499156081930150e-01
1.334569033654815773e-01
1.333642781308044534e-01
1.332720376625025349e-01
1.331801797321216785e-01
1.330887021243351842e-01
1.329976026368663022e-01
1.329068790804112110e-01
1.328165292785626339e-01
1.327265510677338167e-01
1.326369422970828937e-01
1.325477008284378921e-01
1.324588245362218475e-01
1.323703113073786408e-01
1.322821590412992521e-01
1.321943656497483743e-01
1.321069290567913335e-01
1.320198471987217570e-01
1.319331180239892709e-01
1.318467394931282233e-01
1.317607095786858806e-01
1.316750262651522063e-01
1.315896875488890005e-01
1.315046914380601506e-01
1.314200359525620476e-01
1.313357191239542254e-01
1.312517389953910263e-01
1.311680936215526838e-01
1.310847810685778769e-01
1.310017994139958952e-01
1.309191467466596648e-01
1.308368211666787739e-01
1.307548207853533595e-01
1.306731437251080208e-01
1.305917881194261776e-01
1.305107521127850390e-01
1.304300338605906273e-01
1.303496315291135799e-01
1.302695432954247279e-01
1.301897673473318695e-01
1.301103018833161540e-01
1.300311451124693540e-01
1.299522952544311105e-01
1.298737505393269820e-01
1.297955092077064942e-01
1.297175695104817728e-01
1.296399297088663416e-01
1.295625880743144498e-01
1.294855428884608417e-01
1.294087924430604719e-01
1.293323350399290528e-01
1.292561689908837130e-01
1.291802926176839894e-01
1.291047042519732346e-01
1.290294022352203862e-01
1.289543849186619850e-01
1.288796506632446381e-01
1.288051978395678421e-01
1.287310248278268621e-01
1.286571300177564714e-01
1.285835118085744411e-01
1.285101686089257789e-01
1.284370988368272459e-01
1.283643009196117624e-01
1.282917732938739508e-01
1.282195144054152358e-01
1.281475227091895264e-01
1.280757966692496197e-01
1.280043347586931335e-01
1.279331354596094095e-01
1.278621972630265835e-01
1.277915186688586557e-01
1.277210981858533934e-01
1.276509343315399281e-01
1.275810256321772973e-01
1.275113706227028465e-01
1.274419678466809647e-01
1.273728158562524582e-01
1.273039132120838690e-01
1.272352584833171263e-01
1.271668502475198081e-01
1.270986870906352650e-01
1.270307676069333536e-01
1.269630903989613091e-01
1.268956540774950070e-01
1.268284572614903905e-01
1.267614985780352588e-01
1.266947766623014171e-01
1.266282901574968534e-01
1.265620377148185816e-01
1.264960179934053186e-01
1.264302296602909104e-01
1.263646713903575081e-01
1.262993418662896050e-01
1.262342397785278236e-01
1.261693638252232574e-01
1.261047127121920630e-01
1.260402851528702461e-01
1.259760798682687255e-01
1.259120955869286462e-01
1.258483310448770820e-01
1.257847849855829037e-01
1.257214561599127589e-01
1.256583433260876626e-01
1.255954452496395590e-01
1.255327607033681070e-01
1.254702884672981023e-01
1.254080273286366509e-01
1.253459760817308699e-01
1.252841335280259760e-01
1.252224984760231530e-01
1.251610697412382511e-01
1.250998461461602096e-01
1.250388265202101168e-01
1.249780096997001738e-01
1.249173945277932685e-01
1.248569798544623827e-01
1.247967645364507078e-01
1.247367474372314683e-01
1.246769274269683703e-01
1.246173033824762716e-01
1.245578741871816719e-01
1.244986387310841186e-01
1.244395959107171962e-01
1.243807446291099739e-01
1.243220837957490499e-01
1.242636123265400405e-01
1.242053291437701101e-01
1.241472331760701403e-01
1.240893233583774125e-01
1.240315986318983599e-01
1.239740579440718193e-01
1.239167002485319358e-01
1.238595245050720384e-01
1.238025296796080726e-01
1.237457147441425320e-01
1.236890786767287226e-01
1.236326204614349167e-01
1.235763390883090479e-01
1.235202335533433504e-01
1.234643028584393454e-01
1.234085460113730909e-01
1.233529620257604459e-01
1.232975499210226811e-01
1.232423087223522284e-01
1.231872374606788056e-01
1.231323351726353738e-01
1.230776009005246918e-01
1.230230336922857742e-01
1.229686326014608061e-01
1.229143966871619476e-01
1.228603250140386516e-01
1.228064166522449263e-01
1.227526706774069165e-01
1.226990861705906516e-01
1.226456622182699741e-01
1.225923979122946761e-01
1.225392923498587333e-01
1.224863446334689687e-01
1.224335538709135224e-01
1.223809191752309455e-01
1.223284396646790173e-01
1.222761144627041163e-01
1.222239426979107035e-01
1.221719235040307494e-01
1.221200560198935914e-01
1.220683393893958607e-01
1.220167727614717285e-01
1.219653552900629573e-01
1.219140861340897025e-01
1.218629644574208692e-01
1.218119894288452187e-01
1.217611602220420308e-01
1.217104760155526683e-01
1.216599359927516000e-01
1.216095393418180348e-01
1.215592852557076248e-01
1.215091729321242792e-01
1.214592015734921038e-01
1.214093703869277563e-01
1.213596785842125936e-01
1.213101253817652492e-01
1.212607100006143773e-01
1.212114316663713554e-01
1.211622896092032914e-01
1.211132830638062680e-01
1.210644112693785024e-01
1.210156734695939790e-01
1.209670689125758730e-01
1.209185968508704329e-01
1.208702565414209312e-01
1.208220472455417277e-01
1.207739682288924005e-01
1.207260187614523084e-01
1.206781981174950003e-01
1.206305055755629019e-01
1.205829404184422249e-01
1.205355019331378896e-01
1.204881894108487395e-01
1.204410021469426995e-01
1.203939394409322960e-01
1.203470005964501488e-01
1.203001849212248092e-01
1.202534917270564746e-01
1.202069203297930627e-01
1.201604700493063144e-01
1.201141402094681870e-01
1.200679301381270825e-01
1.200218391670845319e-01
1.199758666320719647e-01
1.199300118727272962e-01
1.198842742325722105e-01
1.198386530589890392e-01
1.197931477031980441e-01
1.197477575202348932e-01
1.197024818689280679e-01
1.196573201118765473e-01
1.196122716154276455e-01
1.195673357496547240e-01
1.195225118883354587e-01
1.194777994089298578e-01
1.194331976925586125e-01
1.193887061239814890e-01
1.193443240915759013e-01
1.193000509873155812e-01
1.192558862067494008e-01
1.192118291489802223e-01
1.191678792166440681e-01
1.191240358158891510e-01
1.190802983563553352e-01
1.190366662511534307e-01
1.189931389168447096e-01
1.189497157734207416e-01
1.189063962442829803e-01
1.188631797562228060e-01
1.188200657394013898e-01
1.187770536273300148e-01
1.187341428568502583e-01
1.186913328681141883e-01
1.186486231045651707e-01
1.186060130129182183e-01
1.185635020431407838e-01
1.185210896484336363e-01
1.184787752852116960e-01
1.184365584130852439e-01
1.183944384948408812e-01
1.183524149964230165e-01
1.183104873869150753e-01
1.182686551385211671e-01
1.182269177265475313e-01
1.181852746293843431e-01
1.181437253284874922e-01
1.181022693083605829e-01
1.180609060565368795e-01
1.180196350635615288e-01
1.179784558229736852e-01
1.179373678312890528e-01
1.178963705879821217e-01
1.178554635954689733e-01
1.178146463590896698e-01
1.177739183870912254e-01
1.177332791906103987e-01
1.176927282836566502e-01
1.176522651830952115e-01
1.176118894086302935e-01
1.175716004827883354e-01
1.175313979309012546e-01
1.174912812810901264e-01
1.174512500642485857e-01
1.174113038140264936e-01
1.173714420668137692e-01
1.173316643617241944e-01
1.172919702405793296e-01
1.172523592478925819e-01
1.172128309308533706e-01
1.171733848393113203e-01
1.171340205257605238e-01
1.170947375453240819e-01
1.170555354557385047e-01
1.170164138173383356e-01
1.169773721930408572e-01
1.169384101483308819e-01
1.168995272512454719e-01
1.168607230723592155e-01
1.168219971847688499e-01
1.167833491640788007e-01
1.167447785883860834e-01
1.167062850382657585e-01
1.166678680967563886e-01
1.166295273493453410e-01
1.165912623839545359e-01
1.165530727909259573e-01
1.165149581630074149e-01
1.164769180953384997e-01
1.164389521854362064e-01
1.164010600331812778e-01
1.163632412408039940e-01
1.163254954128703500e-01
1.162878221562684972e-01
1.162502210801947961e-01
1.162126917961403966e-01
1.161752339178775961e-01
1.161378470614464892e-01
1.161005308451415335e-01
1.160632848894982277e-01
1.160261088172800520e-01
1.159890022534651732e-01
1.159519648252334834e-01
1.159149961619535679e-01
1.158780958951699108e-01
1.158412636585898631e-01
1.158044990880711667e-01
1.157678018216090621e-01
1.157311714993237567e-01
1.156946077634479347e-01
1.156581102583142673e-01
1.156216786303430749e-01
1.155853125280299487e-01
1.155490116019335656e-01
1.155127755046636007e-01
1.154766038908684872e-01
1.154404964172235371e-01
1.154044527424188532e-01
1.153684725271476447e-01
1.153325554340942083e-01
1.152967011279223547e-01
1.152609092752636816e-01
1.152251795447059718e-01
1.151895116067816471e-01
1.151539051339563746e-01
1.151183598006175479e-01
1.150828752830631435e-01
1.150474512594902299e-01
1.150120874099840179e-01
1.149767834165065228e-01
1.149415389628856699e-01
1.149063537348041369e-01
1.148712274197885713e-01
1.148361597071986401e-01
1.148011502882162055e-01
1.147661988558346530e-01
1.147313051048482052e-01
1.146964687318412085e-01
1.146616894351777105e-01
1.146269669149909687e-01
1.145923008731728615e-01
1.145576910133636883e-01
1.145231370409418442e-01
1.144886386630135228e-01
1.144541955884024603e-01
1.144198075276400411e-01
1.143854741929550278e-01
1.143511952982636526e-01
1.143169705591596252e-01
1.142827996929041967e-01
1.142486824184165556e-01
1.142146184562637667e-01
1.141806075286512512e-01
1.141466493594130993e-01
1.141127436740023149e-01
1.140788901994816001e-01
1.140450886645135026e-01
1.140113387993511862e-01
1.139776403358291196e-01
1.139439930073535695e-01
1.139103965488934417e-01
1.138768506969711075e-01
1.138433551896531198e-01
1.138099097665412479e-01
1.137765141687633874e-01
1.137431681389644428e-01
1.137098714212976674e-01
1.136766237614154629e-01
1.136434249064606911e-01
1.136102746050579870e-01
1.135771726073047799e-01
1.135441186647628553e-01
1.135111125304495566e-01
1.134781539588293336e-01
1.134452427058050550e-01
1.134123785287097508e-01
1.133795611862979807e-01
1.133467904387375352e-01
1.133140660476011086e-01
1.132813877758580695e-01
1.132487553878661068e-01
1.132161686493631803e-01
1.131836273274592769e-01
1.131511311906283762e-01
1.131186800087004146e-01
1.130862735528532920e-01
1.130539115956049195e-01
1.130215939108053375e-01
1.129893202736288044e-01
1.129570904605660814e-01
1.129249042494166189e-01
1.128927614192808543e-01
1.128606617505525378e-01
1.128286050249111411e-01
1.127965910253142107e-01
1.127646195359899850e-01
1.127326903424296506e-01
1.127008032313802088e-01
1.126689579908368016e-01
1.126371544100355088e-01
1.126053922794460344e-01
1.125736713907643516e-01
1.125419915369055279e-01
1.125103525119965642e-01
1.124787541113692058e-01
1.124471961315528651e-01
1.124156783702675577e-01
1.123842006264168941e-01
1.123527627000810991e-01
1.123213643925100175e-01
1.122900055061163971e-01
1.122586858444688390e-01
1.122274052122850668e-01
1.121961634154251541e-01
1.121649602608848356e-01
1.121337955567887068e-01
1.121026691123836877e-01
1.120715807380323337e-01
1.120405302452062574e-01
1.120095174464796478e-01
1.119785421555227478e-01
1.119476041870953870e-01
1.119167033570405284e-01
1.118858394822779823e-01
1.118550123807979246e-01
1.118242218716547359e-01
1.117934677749605754e-01
1.117627499118793166e-01
1.117320681046202191e-01
1.117014221764318083e-01
1.116708119515957137e-01
1.116402372554207295e-01
1.116096979142365275e-01
1.115791937553878704e-01
1.115487246072284361e-01
1.115182902991150304e-01
1.114878906614015786e-01
1.114575255254332542e-01
1.114271947235406929e-01
1.113968980890341631e-01
1.113666354561977379e-01
1.113364066602836322e-01
1.113062115375064859e-01
1.112760499250375901e-01
1.112459216609994334e-01
1.112158265844599564e-01
1.111857645354269869e-01
1.111557353548427718e-01
1.111257388845784400e-01
1.110957749674284928e-01
1.110658434471053918e-01
1.110359441682341880e-01
1.110060769763470540e-01
1.109762417178780242e-01
1.109464382401576243e-01
1.109166663914076534e-01
1.108869260207358126e-01
1.108572169781306266e-01
1.108275391144561833e-01
1.107978922814469025e-01
1.107682763317026226e-01
1.107386911186832024e-01
1.107091364967037195e-01
1.106796123209293353e-01
1.106501184473701327e-01
1.106206547328764667e-01
1.105912210351337188e-01
1.105618172126574678e-01
1.105324431247886735e-01
1.105030986316887232e-01
1.104737835943346014e-01
1.104444978745141581e-01
1.104152413348212375e-01
1.103860138386510287e-01
1.103568152501952365e-01
1.103276454344374186e-01
1.102985042571484331e-01
1.102693915848816375e-01
1.102403072849683224e-01
1.102112512255132154e-01
1.101822232753898317e-01
1.101532233042359921e-01
1.101242511824492565e-01
1.100953067811825253e-01
1.100663899723395567e-01
1.100375006285705254e-01
1.100086386232676516e-01
1.099798038305607739e-01
1.099509961253131024e-01
1.099222153831168336e-01
1.098934614802888343e-01
1.098647342938664229e-01
1.098360337016030530e-01
1.098073595819641923e-01
1.097787118141230894e-01
1.097500902779565274e-01
1.097214948540407992e-01
1.096929254236474888e-01
1.096643818687394467e-01
1.096358640719666544e-01
1.096073719166622135e-01
1.095789052868383628e-01
1.095504640671823432e-01
1.095220481430525666e-01
1.094936574004745644e-01
1.094652917261370872e-01
1.094369510073882612e-01
1.094086351322315909e-01
1.093803439893221430e-01
1.093520774679627300e-01
1.093238354581001215e-01
1.092956178503211445e-01
1.092674245358489643e-01
1.092392554065393928e-01
1.092111103548771556e-01
1.091829892739720476e-01
1.091548920575553666e-01
1.091268185999762913e-01
1.090987687961981201e-01
1.090707425417948018e-01
1.090427397329471193e-01
1.090147602664393589e-01
1.089868040396555909e-01
1.089588709505762004e-01
1.089309608977743621e-01
1.089030737804125293e-01
1.088752094982390062e-01
1.088473679515844367e-01
1.088195490413584599e-01
1.087917526690461850e-01
1.087639787367048888e-01
1.087362271469606290e-01
1.087084978030048443e-01
1.086807906085910796e-01
1.086531054680316966e-01
1.086254422861944735e-01
1.085978009684994555e-01
1.085701814209155680e-01
1.085425835499575498e-01
1.085150072626826084e-01
1.084874524666872841e-01
1.084599190701041743e-01
1.084324069815989638e-01
1.084049161103671222e-01
1.083774463661308224e-01
1.083499976591358605e-01
1.083225699001485604e-01
1.082951630004527488e-01
1.082677768718465910e-01
1.082404114266396628e-01
1.082130665776499662e-01
1.081857422382007938e-01
1.081584383221178697e-01
1.081311547437263793e-01
1.081038914178479859e-01
1.080766482597979306e-01
1.080494251853821031e-01
1.080222221108941699e-01
1.079950389531127153e-01
1.079678756292983544e-01
1.079407320571909024e-01
1.079136081550065435e-01
1.078865038414350830e-01
1.078594190356371024e-01
1.078323536572411284e-01
1.078053076263410098e-01
1.077782808634930867e-01
1.077512732897134839e-01
1.077242848264754610e-01
1.076973153957065527e-01
1.076703649197861268e-01
1.076434333215425254e-01
1.076165205242505390e-01
1.075896264516287143e-01
1.075627510278367449e-01
1.075358941774729460e-01
1.075090558255715339e-01
1.074822358976002257e-01
1.074554343194575184e-01
1.074286510174703030e-01
1.074018859183911989e-01
1.073751389493961539e-01
1.073484100380819040e-01
1.073216991124635311e-01
1.072950061009719652e-01
1.072683309324514861e-01
1.072416735361573920e-01
1.072150338417535431e-01
1.071884117793099472e-01
1.071618072793002890e-01
1.071352202725997238e-01
1.071086506904823377e-01
1.070820984646189550e-01
1.070555635270746403e-01
1.070290458103065057e-01
1.070025452471613792e-01
1.069760617708733902e-01
1.069495953150618600e-01
1.069231458137289842e-01
1.068967132012575011e-01
1.068702974124084715e-01
1.068438983823190996e-01
1.068175160465005546e-01
1.067911503408356527e-01
1.067648012015767062e-01
1.067384685653434417e-01
1.067121523691206553e-01
1.066858525502562827e-01
1.066595690464590684e-01
1.066333017957965396e-01
1.066070507366928960e-01
1.065808158079268320e-01
1.065545969486295652e-01
1.065283940982826305e-01
1.065022071967159645e-01
1.064760361841056852e-01
1.064498810009721907e-01
1.064237415881780779e-01
1.063976178869261713e-01
1.063715098387573582e-01
1.063454173855488544e-01
1.063193404695120248e-01
1.062932790331904687e-01
1.062672330194580905e-01
1.062412023715171572e-01
1.062151870328963132e-01
1.061891869474487077e-01
1.061632020593500231e-01
1.061372323130967549e-01
1.061112776535040048e-01
1.060853380257038847e-01
1.060594133751435741e-01
1.060335036475833631e-01
1.060076087890949731e-01
1.059817287460595586e-01
1.059558634651660419e-01
1.059300128934091284e-01
1.059041769780877246e-01
1.058783556668029119e-01
1.058525489074563092e-01
1.058267566482483241e-01
1.058009788376762517e-01
1.057752154245327203e-01
1.057494663579037764e-01
1.057237315871672190e-01
1.056980110619909624e-01
1.056723047323311904e-01
1.056466125484307739e-01
1.056209344608175227e-01
1.055952704203024645e-01
1.055696203779783321e-01
1.055439842852177457e-01
1.055183620936716027e-01
1.054927537552675237e-01
1.054671592222081039e-01
1.054415784469694278e-01
1.054160113822993211e-01
1.053904579812157821e-01
1.053649181970054832e-01
1.053393919832221470e-01
1.053138792936848811e-01
1.052883800824767208e-01
1.052628943039430609e-01
1.052374219126900878e-01
1.052119628635831972e-01
1.051865171117456199e-01
1.051610846125567295e-01
1.051356653216506398e-01
1.051102591949146375e-01
1.050848661884877799e-01
1.050594862587593409e-01
1.050341193623673675e-01
1.050087654561971395e-01
1.049834244973799208e-01
1.049580964432912100e-01
1.049327812515496311e-01
1.049074788800151981e-01
1.048821892867880939e-01
1.048569124302071581e-01
1.048316482688485957e-01
1.048063967615244230e-01
1.047811578672811911e-01
1.047559315453985701e-01
1.047307177553879892e-01
1.047055164569912211e-01
1.046803276101791746e-01
1.046551511751502989e-01
1.046299871123294867e-01
1.046048353823666038e-01
1.045796959461351566e-01
1.045545687647311539e-01
1.045294537994714834e-01
1.045043510118929680e-01
1.044792603637507561e-01
1.044541818170172526e-01
1.044291153338807177e-01
1.044040608767441008e-01
1.043790184082236394e-01
1.043539878911477620e-01
1.043289692885557007e-01
1.043039625636963397e-01
1.042789676800268961e-01
1.042539846012118659e-01
1.042290132911215805e-01
1.042040537138311240e-01
1.041791058336191123e-01
1.041541696149665269e-01
1.041292450225554250e-01
1.041043320212678425e-01
1.040794305761846006e-01
1.040545406525840988e-01
1.040296622159412460e-01
1.040047952319261421e-01
1.039799396664031067e-01
1.039550954854294024e-01
1.039302626552542075e-01
1.039054411423173674e-01
1.038806309132483813e-01
1.038558319348652087e-01
1.038310441741732287e-01
1.038062675983640604e-01
1.037815021748145633e-01
1.037567478710856306e-01
1.037320046549212310e-01
1.037072724942472157e-01
1.036825513571702911e-01
1.036578412119770476e-01
1.036331420271327242e-01
1.036084537712803066e-01
1.035837764132394034e-01
1.035591099220052325e-01
1.035344542667475803e-01
1.035098094168098032e-01
1.034851753417077719e-01
1.034605520111288174e-01
1.034359393949308564e-01
1.034113374631412535e-01
1.033867461859558773e-01
1.033621655337381012e-01
1.033375954770178046e-01
1.033130359864904840e-01
1.032884870330161714e-01
1.032639485876184204e-01
1.032394206214835436e-01
1.032149031059594602e-01
1.031903960125548497e-01
1.031658993129381391e-01
1.031414129789367112e-01
1.031169369825357257e-01
1.030924712958773970e-01
1.030680158912599814e-01
1.030435707411368890e-01
1.030191358181157119e-01
1.029947110949574612e-01
1.029702965445754709e-01
1.029458921400346338e-01
1.029214978545505005e-01
1.028971136614882792e-01
1.028727395343621981e-01
1.028483754468343253e-01
1.028240213727139307e-01
1.027996772859565006e-01
1.027753431606629186e-01
1.027510189710786198e-01
1.027267046915927434e-01
1.027024002967372590e-01
1.026781057611861059e-01
1.026538210597544437e-01
1.026295461673977366e-01
1.026052810592109621e-01
1.025810257104277923e-01
1.025567800964198029e-01
1.025325441926956127e-01
1.025083179749000928e-01
1.024841014188135890e-01
1.024598945003511175e-01
1.024356971955615314e-01
1.024115094806267723e-01
1.023873313318611200e-01
1.023631627257103327e-01
1.023390036387509666e-01
1.023148540476895157e-01
1.022907139293617040e-01
1.022665832607316944e-01
1.022424620188913807e-01
1.022183501810595835e-01
1.021942477245813830e-01
1.021701546269272176e-01
1.021460708656923566e-01
1.021219964185959561e-01
1.020979312634805458e-01
1.020738753783111130e-01
1.020498287411744920e-01
1.020257913302786007e-01
1.020017631239517747e-01
1.019777441006419899e-01
1.019537342389162660e-01
1.019297335174598196e-01
1.019057419150754956e-01
1.018817594106830315e-01
1.018577859833183774e-01
1.018338216121329604e-01
1.018098662763931017e-01
1.017859199554792538e-01
1.017619826288854029e-01
1.017380542762183065e-01
1.017141348771969656e-01
1.016902244116518195e-01
1.016663228595241775e-01
1.016424302008655939e-01
1.016185464158371049e-01
1.015946714847087151e-01
1.015708053878586481e-01
1.015469481057728190e-01
1.015230996190440577e-01
1.014992599083716640e-01
1.014754289545606036e-01
1.014516067385210080e-01
1.014277932412675221e-01
1.014039884439186523e-01
1.013801923276961836e-01
1.013564048739246104e-01
1.013326260640304843e-01
1.013088558795418453e-01
1.012850943020875694e-01
1.012613413133968410e-01
1.012375968952985289e-01
1.012138610297206448e-01
1.011901336986896771e-01
1.011664148843300914e-01
1.011427045688637061e-01
1.011190027346091785e-01
1.010953093639813255e-01
1.010716244394906926e-01
1.010479479437429301e-01
1.010242798594381958e-01
1.010006201693706557e-01
1.009769688564279150e-01
1.009533259035904490e-01
1.009296912939311036e-01
1.009060650106145124e-01
1.008824470368965831e-01
1.008588373561239010e-01
1.008352359517333263e-01
1.008116428072513004e-01
1.007880579062934434e-01
1.007644812325640266e-01
1.007409127698553064e-01
1.007173525020471777e-01
1.006938004131066322e-01
1.006702564870871619e-01
1.006467207081283011e-01
1.006231930604551267e-01
1.005996735283777727e-01
1.005761620962908609e-01
1.005526587486731127e-01
1.005291634700867104e-01
1.005056762451769642e-01
1.004821970586717295e-01
1.004587258953809348e-01
1.004352627401961101e-01
1.004118075780898872e-01
1.003883603941155833e-01
1.003649211734066737e-01
1.003414899011763062e-01
1.003180665627168844e-01
1.002946511433995824e-01
1.002712436286738451e-01
1.002478440040670132e-01
1.002244522551837963e-01
1.002010683677058006e-01
1.001776923273911823e-01
1.001543241200740508e-01
1.001309637316642048e-01
1.001076111481464664e-01
1.000842663555804590e-01
1.000609293401000105e-01
1.000376000879128202e-01
1.000142785852999455e-01
9.999096481861542707e-02
9.996765877428583080e-02
9.994436043880984555e-02
9.992106979875783890e-02
9.989778684077144089e-02
9.987451155156315541e-02
9.985124391791587450e-02
9.982798392668257303e-02
9.980473156478575358e-02
9.978148681921715502e-02
9.975824967703736390e-02
9.973502012537525940e-02
9.971179815142779124e-02
9.968858374245946619e-02
9.966537688580197341e-02
9.964217756885380972e-02
9.961898577907991881e-02
9.959580150401119158e-02
9.957262473124418867e-02
9.954945544844072403e-02
9.952629364332750417e-02
9.950313930369565629e-02
9.947999241740038134e-02
9.945685297236071809e-02
9.943372095655900189e-02
9.941059635804055938e-02
9.938747916491330603e-02
9.936436936534745468e-02
9.934126694757504372e-02
9.931817189988968730e-02
9.929508421064610346e-02
9.927200386825985046e-02
9.924893086120692431e-02
9.922586517802337025e-02
9.920280680730501899e-02
9.917975573770707043e-02
9.915671195794376058e-02
9.913367545678804238e-02
9.911064622307112770e-02
9.908762424568233473e-02
9.906460951356862998e-02
9.904160201573429523e-02
9.901860174124053893e-02
9.899560867920534357e-02
9.897262281880293833e-02
9.894964414926359086e-02
9.892667265987319103e-02
9.890370833997300104e-02
9.888075117895932242e-02
9.885780116628306580e-02
9.883485829144963986e-02
9.881192254401839625e-02
9.878899391360249083e-02
9.876607238986846726e-02
9.874315796253599342e-02
9.872025062137755602e-02
9.869735035621811370e-02
9.867445715693483332e-02
9.865157101345668755e-02
9.862869191576427441e-02
9.860581985388951198e-02
9.858295481791515269e-02
9.856009679797476941e-02
9.853724578425224201e-02
9.851440176698149365e-02
9.849156473644629650e-02
9.846873468297991094e-02
9.844591159696475247e-02
9.842309546883223903e-02
9.840028628906230534e-02
9.837748404818337511e-02
9.835468873677179202e-02
9.833190034545175040e-02
9.830911886489498985e-02
9.828634428582037896e-02
9.826357659899381813e-02
9.824081579522780938e-02
9.821806186538130368e-02
9.819531480035938176e-02
9.817257459111292106e-02
9.814984122863847082e-02
9.812711470397782187e-02
9.810439500821790948e-02
9.808168213249039702e-02
9.805897606797149557e-02
9.803627680588167248e-02
9.801358433748548482e-02
9.799089865409109368e-02
9.796821974705030578e-02
9.794554760775808777e-02
9.792288222765242744e-02
9.790022359821407005e-02
9.787757171096618525e-02
9.785492655747426993e-02
9.783228812934569030e-02
9.780965641822970957e-02
9.778703141581700231e-02
9.776441311383952948e-02
9.774180150407024703e-02
9.771919657832288386e-02
9.769659832845177527e-02
9.767400674635151603e-02
9.765142182395676607e-02
9.762884355324201457e-02
9.760627192622134407e-02
9.758370693494829162e-02
9.756114857151540476e-02
9.753859682805421372e-02
9.751605169673491225e-02
9.749351316976619108e-02
9.747098123939491876e-02
9.744845589790598894e-02
9.742593713762209839e-02
9.740342495090351105e-02
9.738091933014778045e-02
9.735842026778965264e-02
9.733592775630077465e-02
9.731344178818944479e-02
9.729096235600052933e-02
9.726848945231503230e-02
9.724602306975012322e-02
9.722356320095876248e-02
9.720110983862960408e-02
9.717866297548663490e-02
9.715622260428913304e-02
9.713378871783137636e-02
9.711136130894243434e-02
9.708894037048602932e-02
9.706652589536021725e-02
9.704411787649733223e-02
9.702171630686362569e-02
9.699932117945926635e-02
9.697693248731791005e-02
9.695455022350671359e-02
9.693217438112602946e-02
9.690980495330921152e-02
9.688744193322243459e-02
9.686508531406455569e-02
9.684273508906686423e-02
9.682039125149285996e-02
9.679805379463819748e-02
9.677572271183032537e-02
9.675339799642848626e-02
9.673107964182332819e-02
9.670876764143687687e-02
9.668646198872235531e-02
9.666416267716386457e-02
9.664186970027632828e-02
9.661958305160528448e-02
9.659730272472663581e-02
9.657502871324664950e-02
9.655276101080152718e-02
9.653049961105744647e-02
9.650824450771028351e-02
9.648599569448548796e-02
9.646375316513784715e-02
9.644151691345136113e-02
9.641928693323906230e-02
9.639706321834290437e-02
9.637484576263345704e-02
9.635263456000982274e-02
9.633042960439955338e-02
9.630823088975830337e-02
9.628603841006981578e-02
9.626385215934563089e-02
9.624167213162512780e-02
9.621949832097509425e-02
9.619733072148978215e-02
9.617516932729061607e-02
9.615301413252616558e-02
9.613086513137186762e-02
9.610872231802985999e-02
9.608658568672893974e-02
9.606445523172434109e-02
9.604233094729755504e-02
9.602021282775627387e-02
9.599810086743408577e-02
9.597599506069043329e-02
9.595389540191047451e-02
9.593180188550490262e-02
9.590971450590975167e-02
9.588763325758629941e-02
9.586555813502091461e-02
9.584348913272494608e-02
9.582142624523448671e-02
9.579936946711027634e-02
9.577731879293767403e-02
9.575527421732624167e-02
9.573323573490985505e-02
9.571120334034649568e-02
9.568917702831804262e-02
9.566715679353017532e-02
9.564514263071227651e-02
9.562313453461722401e-02
9.560113250002130747e-02
9.557913652172406183e-02
9.555714659454814242e-02
9.553516271333921395e-02
9.551318487296570070e-02
9.549121306831891143e-02
9.546924729431255363e-02
9.544728754588296948e-02
9.542533381798866399e-02
9.540338610561047150e-02
9.538144440375119493e-02
9.535950870743559182e-02
9.533757901171033278e-02
9.531565531164364058e-02
9.529373760232534574e-02
9.527182587886671994e-02
9.524992013640035116e-02
9.522802037007996323e-02
9.520612657508044363e-02
9.518423874659746875e-02
9.516235687984765657e-02
9.514048097006827520e-02
9.511861101251717354e-02
9.509674700247265633e-02
9.507488893523338702e-02
9.505303680611819350e-02
9.503119061046606808e-02
9.500935034363597320e-02
9.498751600100670267e-02
9.496568757797685389e-02
9.494386506996463360e-02
9.492204847240781618e-02
9.490023778076354943e-02
9.487843299050828516e-02
9.485663409713765426e-02
9.483484109616641122e-02
9.481305398312823984e-02
9.479127275357568383e-02
9.476949740308006354e-02
9.474772792723128167e-02
9.472596432163780944e-02
9.470420658192656160e-02
9.468245470374270223e-02
9.466070868274968630e-02
9.463896851462906545e-02
9.461723419508025201e-02
9.459550571982076883e-02
9.457378308458576355e-02
9.455206628512817513e-02
9.453035531721845630e-02
9.450865017664458745e-02
9.448695085921195169e-02
9.446525736074312674e-02
9.444356967707799588e-02
9.442188780407341497e-02
9.440021173760329565e-02
9.437854147355836942e-02
9.435687700784625709e-02
9.433521833639119114e-02
9.431356545513400191e-02
9.429191836003204819e-02
9.427027704705909228e-02
9.424864151220516129e-02
9.422701175147654706e-02
9.420538776089566746e-02
9.418376953650092753e-02
9.416215707434663629e-02
9.414055037050304831e-02
9.411894942105611395e-02
9.409735422210738220e-02
9.407576476977411173e-02
9.405418106018889612e-02
9.403260308949983048e-02
9.401103085387023384e-02
9.398946434947864914e-02
9.396790357251881554e-02
9.394634851919944629e-02
9.392479918574417330e-02
9.390325556839157484e-02
9.388171766339496738e-02
9.386018546702233623e-02
9.383865897555632163e-02
9.381713818529406612e-02
9.379562309254715902e-02
9.377411369364155314e-02
9.375260998491742603e-02
9.373111196272922163e-02
9.370961962344542817e-02
9.368813296344861985e-02
9.366665197913529028e-02
9.364517666691579700e-02
9.362370702321427818e-02
9.360224304446862487e-02
9.358078472713028673e-02
9.355933206766432753e-02
9.353788506254924473e-02
9.351644370827696950e-02
9.349500800135268630e-02
9.347357793829487449e-02
9.345215351563519735e-02
9.343073472991830775e-02
9.340932157770200084e-02
9.338791405555692260e-02
9.336651216006662535e-02
9.334511588782738734e-02
9.332372523544832377e-02
9.330234019955105373e-02
9.328096077676986675e-02
9.325958696375152845e-02
9.323821875715521124e-02
9.321685615365243871e-02
9.319549914992703021e-02
9.317414774267505917e-02
9.315280192860470043e-02
9.313146170443617478e-02
9.311012706690173502e-02
9.308879801274562438e-02
9.306747453872388220e-02
9.304615664160433008e-02
9.302484431816659960e-02
9.300353756520192416e-02
9.298223637951315290e-02
9.296094075791466738e-02
9.293965069723232608e-02
9.291836619430336730e-02
9.289708724597632583e-02
9.287581384911108850e-02
9.285454600057871377e-02
9.283328369726132068e-02
9.281202693605224152e-02
9.279077571385567491e-02
9.276953002758689393e-02
9.274828987417199633e-02
9.272705525054787679e-02
9.270582615366226853e-02
9.268460258047349354e-02
9.266338452795067071e-02
9.264217199307335504e-02
9.262096497283167640e-02
9.259976346422618687e-02
9.257856746426787464e-02
9.255737696997809461e-02
9.253619197838837407e-02
9.251501248654056542e-02
9.249383849148661019e-02
9.247266999028860845e-02
9.245150698001865230e-02
9.243034945775890909e-02
9.240919742060134390e-02
9.238805086564789992e-02
9.236690979001030422e-02
9.234577419081005378e-02
9.232464406517833233e-02
9.230351941025596862e-02
9.228240022319345037e-02
9.226128650115071606e-02
9.224017824129726595e-02
9.221907544081196784e-02
9.219797809688314028e-02
9.217688620670831667e-02
9.215579976749442570e-02
9.213471877645755537e-02
9.211364323082293915e-02
9.209257312782496985e-02
9.207150846470704697e-02
9.205044923872167384e-02
9.202939544713018005e-02
9.200834708720288801e-02
9.198730415621901579e-02
9.196626665146649671e-02
9.194523457024204871e-02
9.192420790985111889e-02
9.190318666760781408e-02
9.188217084083481756e-02
9.186116042686338912e-02
9.184015542303326785e-02
9.181915582669274156e-02
9.179816163519845251e-02
9.177717284591532798e-02
9.175618945621680234e-02
9.173521146348438682e-02
9.171423886510797485e-02
9.169327165848552286e-02
9.167230984102316127e-02
9.165135341013511128e-02
9.163040236324364318e-02
9.160945669777902090e-02
9.158851641117940479e-02
9.156758150089090720e-02
9.154665196436746755e-02
9.152572779907088008e-02
9.150480900247068283e-02
9.148389557204414380e-02
9.146298750527619148e-02
9.144208479965941494e-02
9.142118745269399438e-02
9.140029546188767340e-02
9.137940882475566184e-02
9.135852753882070520e-02
9.133765160161293195e-02
9.131678101066978415e-02
9.129591576353621174e-02
9.127505585776428398e-02
9.125420129091349475e-02
9.123335206055037394e-02
9.121250816424877894e-02
9.119166959958967256e-02
9.117083636416103976e-02
9.115000845555797093e-02
9.112918587138257864e-02
9.110836860924395597e-02
9.108755666675810714e-02
9.106675004154790587e-02
9.104594873124320642e-02
9.102515273348051050e-02
9.100436204590324485e-02
9.098357666616149753e-02
9.096279659191207345e-02
9.094202182081850827e-02
9.092125235055086019e-02
9.090048817878586263e-02
9.087972930320678544e-02
9.085897572150340717e-02
9.083822743137198730e-02
9.081748443051522457e-02
9.079674671664222929e-02
9.077601428746850942e-02
9.075528714071588732e-02
9.073456527411248584e-02
9.071384868539271451e-02
9.069313737229720007e-02
9.067243133257271714e-02
9.065173056397228535e-02
9.063103506425503053e-02
9.061034483118612926e-02
9.058965986253683655e-02
9.056898015608444430e-02
9.054830570961225344e-02
9.052763652090944912e-02
9.050697258777122556e-02
9.048631390799857788e-02
9.046566047939848254e-02
9.044501229978361978e-02
9.042436936697248462e-02
9.040373167878941463e-02
9.038309923306438176e-02
9.036247202763307562e-02
9.034185006033688958e-02
9.032123332902282364e-02
9.030062183154345667e-02
9.028001556575696029e-02
9.025941452952702948e-02
9.023881872072291033e-02
9.021822813721926126e-02
9.019764277689623633e-02
9.017706263763933250e-02
9.015648771733957012e-02
9.013591801389320146e-02
9.011535352520182174e-02
9.009479424917238299e-02
9.007424018371704144e-02
9.005369132675321298e-02
9.003314767620353154e-02
9.001260922999580749e-02
8.999207598606298597e-02
8.997154794234313302e-02
8.995102509677944946e-02
8.993050744732014601e-02
8.990999499191848487e-02
8.988948772853276592e-02
8.986898565512627113e-02
8.984848876966713971e-02
8.982799707012863177e-02
8.980751055448865650e-02
8.978702922073023007e-02
8.976655306684104552e-02
8.974608209081370858e-02
8.972561629064557120e-02
8.970515566433875931e-02
8.968470020990017277e-02
8.966424992534134664e-02
8.964380480867857603e-02
8.962336485793276353e-02
8.960293007112953012e-02
8.958250044629896547e-02
8.956207598147586380e-02
8.954165667469954348e-02
8.952124252401383320e-02
8.950083352746709964e-02
8.948042968311217815e-02
8.946003098900631723e-02
8.943963744321130338e-02
8.941924904379328076e-02
8.939886578882272339e-02
8.937848767637454617e-02
8.935811470452795224e-02
8.933774687136648851e-02
8.931738417497797622e-02
8.929702661345451098e-02
8.927667418489240725e-02
8.925632688739225384e-02
8.923598471905876128e-02
8.921564767800087281e-02
8.919531576233165338e-02
8.917498897016831738e-02
8.915466729963213155e-02
8.913435074884852594e-02
8.911403931594692740e-02
8.909373299906082899e-02
8.907343179632772057e-02
8.905313570588910266e-02
8.903284472589044485e-02
8.901255885448117189e-02
8.899227808981462207e-02
8.897200243004803333e-02
8.895173187334259879e-02
8.893146641786324469e-02
8.891120606177889407e-02
8.889095080326218923e-02
8.887070064048958884e-02
8.885045557164138186e-02
8.883021559490153485e-02
8.880998070845785852e-02
8.878975091050181345e-02
8.876952619922857946e-02
8.874930657283697233e-02
8.872909202952955487e-02
8.870888256751247036e-02
8.868867818499549804e-02
8.866847888019201152e-02
8.864828465131895097e-02
8.862809549659685093e-02
8.860791141424978479e-02
8.858773240250533698e-02
8.856755845959460305e-02
8.854738958375210633e-02
8.852722577321593678e-02
8.850706702622758437e-02
8.848691334103193917e-02
8.846676471587734680e-02
8.844662114901552519e-02
8.842648263870159231e-02
8.840634918319394131e-02
8.838622078075440702e-02
8.836609742964808556e-02
8.834597912814337595e-02
8.832586587451198012e-02
8.830575766702884744e-02
8.828565450397221626e-02
8.826555638362348910e-02
8.824546330426734364e-02
8.822537526419163556e-02
8.820529226168734305e-02
8.818521429504871945e-02
8.816514136257309897e-02
8.814507346256091058e-02
8.812501059331576125e-02
8.810495275314432495e-02
8.808489994035635651e-02
8.806485215326467775e-02
8.804480939018512198e-02
8.802477164943660337e-02
8.800473892934101983e-02
8.798471122822328072e-02
8.796468854441130691e-02
8.794467087623587809e-02
8.792465822203085479e-02
8.790465058013294253e-02
8.788464794888181664e-02
8.786465032661999741e-02
8.784465771169297499e-02
8.782467010244905670e-02
8.780468749723942257e-02
8.778470989441802819e-02
8.776473729234181287e-02
8.774476968937036658e-02
8.772480708386617976e-02
8.770484947419449062e-02
8.768489685872327133e-02
8.766494923582329735e-02
8.764500660386806419e-02
8.762506896123377353e-02
8.760513630629938875e-02
8.758520863744650997e-02
8.756528595305945739e-02
8.754536825152520185e-02
8.752545553123336486e-02
8.750554779057621857e-02
8.748564502794861641e-02
8.746574724174815962e-02
8.744585443037482253e-02
8.742596659223138278e-02
8.740608372572306051e-02
8.738620582925767100e-02
8.736633290124556916e-02
8.734646494009963569e-02
8.732660194423530475e-02
8.730674391207046692e-02
8.728689084202548298e-02
8.726704273252330890e-02
8.724719958198921821e-02
8.722736138885102408e-02
8.720752815153899606e-02
8.718769986848574904e-02
8.716787653812636816e-02
8.714805815889833940e-02
8.712824472924154962e-02
8.710843624759818937e-02
8.708863271241293336e-02
8.706883412213267670e-02
8.704904047520674315e-02
8.702925177008677404e-02
8.700946800522671443e-02
8.698968917908278531e-02
8.696991529011355304e-02
8.695014633677979055e-02
8.693038231754464384e-02
8.691062323087343777e-02
8.689086907523375924e-02
8.687111984909541562e-02
8.685137555093044859e-02
8.683163617921314803e-02
8.681190173241995489e-02
8.679217220902950281e-02
8.677244760752261810e-02
8.675272792638225039e-02
8.673301316409361139e-02
8.671330331914393896e-02
8.669359839002264978e-02
8.667389837522126994e-02
8.665420327323349048e-02
8.663451308255500083e-02
8.661482780168369700e-02
8.659514742911945950e-02
8.657547196336430606e-02
8.655580140292219726e-02
8.653613574629931415e-02
8.651647499200375291e-02
8.649681913854563586e-02
8.647716818443716702e-02
8.645752212819249327e-02
8.643788096832782930e-02
8.641824470336124941e-02
8.639861333181296510e-02
8.637898685220504746e-02
8.635936526306152439e-02
8.633974856290842215e-02
8.632013675027365440e-02
8.630052982368709158e-02
8.628092778168051924e-02
8.626133062278759644e-02
8.624173834554393903e-02
8.622215094848698080e-02
8.620256843015611237e-02
8.618299078909248678e-02
8.616341802383922777e-02
8.614385013294126314e-02
8.612428711494533873e-02
8.610472896840008772e-02
8.608517569185587803e-02
8.606562728386497885e-02
8.604608374298143569e-02
8.602654506776107046e-02
8.600701125676150915e-02
8.598748230854215413e-02
8.596795822166421186e-02
8.594843899469054027e-02
8.592892462618585692e-02
8.590941511471662795e-02
8.588991045885094322e-02
8.587041065715872445e-02
8.585091570821155871e-02
8.583142561058278164e-02
8.581194036284739424e-02
8.579245996358209059e-02
8.577298441136524398e-02
8.575351370477694857e-02
8.573404784239889442e-02
8.571458682281452024e-02
8.569513064460883289e-02
8.567567930636850460e-02
8.565623280668187289e-02
8.563679114413888516e-02
8.561735431733111246e-02
8.559792232485168018e-02
8.557849516529539291e-02
8.555907283725865120e-02
8.553965533933936827e-02
8.552024267013709491e-02
8.550083482825296399e-02
8.548143181228962106e-02
8.546203362085132149e-02
8.544264025254383332e-02
8.542325170597450668e-02
8.540386797975217659e-02
8.538448907248721853e-02
8.536511498279156229e-02
8.534574570927862258e-02
8.532638125056329903e-02
8.530702160526204558e-02
8.528766677199274560e-02
8.526831674937480898e-02
8.524897153602911670e-02
8.522963113057799300e-02
8.521029553164524706e-02
8.519096473785613133e-02
8.517163874783738320e-02
8.515231756021712783e-02
8.513300117362494757e-02
8.511368958669182638e-02
8.509438279805028871e-02
8.507508080633409409e-02
8.505578361017851474e-02
8.503649120822026619e-02
8.501720359909731295e-02
8.499792078144915997e-02
8.497864275391661670e-02
8.495936951514183877e-02
8.494010106376843894e-02
8.492083739844133450e-02
8.490157851780678888e-02
8.488232442051241167e-02
8.486307510520721409e-02
8.484383057054152577e-02
8.482459081516693922e-02
8.480535583773639308e-02
8.478612563690426929e-02
8.476690021132611552e-02
8.474767955965879784e-02
8.472846368056052846e-02
8.470925257269083797e-02
8.469004623471047821e-02
8.467084466528151943e-02
8.465164786306728084e-02
8.463245582673244172e-02
8.461326855494277766e-02
8.459408604636547979e-02
8.457490829966890500e-02
8.455573531352271466e-02
8.453656708659774976e-02
8.451740361756612807e-02
8.449824490510120245e-02
8.447909094787749151e-02
8.445994174457081838e-02
8.444079729385815802e-02
8.442165759441767892e-02
8.440252264492881240e-02
8.438339244407216944e-02
8.436426699052952671e-02
8.434514628298382666e-02
8.432603032011924682e-02
8.430691910062115824e-02
8.428781262317598666e-02
8.426871088647142072e-02
8.424961388919630090e-02
8.423052163004057791e-02
8.421143410769539595e-02
8.419235132085300943e-02
8.417327326820682465e-02
8.415419994845139973e-02
8.413513136028237527e-02
8.411606750239654373e-02
8.409700837349186331e-02
8.407795397226729139e-02
8.405890429742297887e-02
8.403985934766018684e-02
8.402081912168121725e-02
8.400178361818951001e-02
8.398275283588958751e-02
8.396372677348705460e-02
8.394470542968854310e-02
8.392568880320183666e-02
8.390667689273577368e-02
8.388766969700024723e-02
8.386866721470617736e-02
8.384966944456555271e-02
8.383067638529145826e-02
8.381168803559803371e-02
8.379270439420034855e-02
8.377372545981463803e-02
8.375475123115806719e-02
8.373578170694892520e-02
8.371681688590645876e-02
8.369785676675096930e-02
8.367890134820374359e-02
8.365995062898709533e-02
8.364100460782437907e-02
8.362206328343985140e-02
8.360312665455886527e-02
8.358419471990777283e-02
8.356526747821381440e-02
8.354634492820531277e-02
8.352742706861153443e-02
8.350851389816274506e-02
8.348960541559011239e-02
8.347070161962585888e-02
8.345180250900313679e-02
8.343290808245602819e-02
8.341401833871962823e-02
8.339513327652998964e-02
8.337625289462402556e-02
8.335737719173964833e-02
8.333850616661576949e-02
8.331963981799213326e-02
8.330077814460945529e-02
8.328192114520940881e-02
8.326306881853456909e-02
8.324422116332842736e-02
8.322537817833540463e-02
8.320653986230082400e-02
8.318770621397089671e-02
8.316887723209280547e-02
8.315005291541459342e-02
8.313123326268515023e-02
8.311241827265436477e-02
8.309360794407295858e-02
8.307480227569252751e-02
8.305600126626558333e-02
8.303720491454548436e-02
8.301841321928653261e-02
8.299962617924382113e-02
8.298084379317331727e-02
8.296206605983195981e-02
8.294329297797739531e-02
8.292452454636826953e-02
8.290576076376397763e-02
8.288700162892484458e-02
8.286824714061197250e-02
8.284949729758737946e-02
8.283075209861388843e-02
8.281201154245512730e-02
8.279327562787562600e-02
8.277454435364071939e-02
8.275581771851657498e-02
8.273709572127013745e-02
8.271837836066922578e-02
8.269966563548249161e-02
8.268095754447933599e-02
8.266225408643003425e-02
8.264355526010563890e-02
8.262486106427802124e-02
8.260617149771984358e-02
8.258748655920458703e-02
8.256880624750646824e-02
8.255013056140061978e-02
8.253145949966284034e-02
8.251279306106973355e-02
8.249413124439879119e-02
8.247547404842815733e-02
8.245682147193682254e-02
8.243817351370454072e-02
8.241953017251182900e-02
8.240089144713999558e-02
8.238225733637107029e-02
8.236362783898791562e-02
8.234500295377406021e-02
8.232638267951387923e-02
8.230776701499245562e-02
8.228915595899560786e-02
8.227054951030998708e-02
8.225194766772286892e-02
8.223335043002236167e-02
8.221475779599730915e-02
8.219616976443723522e-02
8.217758633413244085e-02
8.215900750387396256e-02
8.214043327245353077e-02
8.212186363866365302e-02
8.210329860129751689e-02
8.208473815914907323e-02
8.206618231101293903e-02
8.204763105568446679e-02
8.202908439195974455e-02
8.201054231863556809e-02
8.199200483450941324e-02
8.197347193837944967e-02
8.195494362904463814e-02
8.193641990530453612e-02
8.191790076595942272e-02
8.189938620981034034e-02
8.188087623565890039e-02
8.186237084230754690e-02
8.184387002855932070e-02
8.182537379321794258e-02
8.180688213508786888e-02
8.178839505297418044e-02
8.176991254568269363e-02
8.175143461201986317e-02
8.173296125079279606e-02
8.171449246080934870e-02
8.169602824087793258e-02
8.167756858980772250e-02
8.165911350640853161e-02
8.164066298949078371e-02
8.162221703786563809e-02
8.160377565034480918e-02
8.158533882574080243e-02
8.156690656286666452e-02
8.154847886053613604e-02
8.153005571756359593e-02
8.151163713276404765e-02
8.149322310495321631e-02
8.147481363294734047e-02
8.145640871556340812e-02
8.143800835161899010e-02
8.141961253993228176e-02
8.140122127932217233e-02
8.138283456860812004e-02
8.136445240661023537e-02
8.134607479214919779e-02
8.132770172404643616e-02
8.130933320112389284e-02
8.129096922220413468e-02
8.127260978611040854e-02
8.125425489166653026e-02
8.123590453769692632e-02
8.121755872302664769e-02
8.119921744648132822e-02
8.118088070688729563e-02
8.116254850307137725e-02
8.114422083386102491e-02
8.112589769808434270e-02
8.110757909456997594e-02
8.108926502214720833e-02
8.107095547964589255e-02
8.105265046589647804e-02
8.103434997973002485e-02
8.101605401997814815e-02
8.099776258547307373e-02
8.097947567504759636e-02
8.096119328753512145e-02
8.094291542176962340e-02
8.092464207658564557e-02
8.090637325081828646e-02
8.088810894330329682e-02
8.086984915287688536e-02
8.085159387837595468e-02
8.083334311863792088e-02
8.081509687250075513e-02
8.079685513880299763e-02
8.077861791638379918e-02
8.076038520408279631e-02
8.074215700074027779e-02
8.072393330519700427e-02
8.070571411629440250e-02
8.068749943287428783e-02
8.066928925377919724e-02
8.065108357785212567e-02
8.063288240393667872e-02
8.061468573087691991e-02
8.059649355751759281e-02
8.057830588270385730e-02
8.056012270528147001e-02
8.054194402409675657e-02
8.052376983799656995e-02
8.050560014582827661e-02
8.048743494643979812e-02
8.046927423867955564e-02
8.045111802139660873e-02
8.043296629344040549e-02
8.041481905366103244e-02
8.039667630090908956e-02
8.037853803403566255e-02
8.036040425189240610e-02
8.034227495333143287e-02
8.032415013720548003e-02
8.030602980236772881e-02
8.028791394767192946e-02
8.026980257197231794e-02
8.025169567412362981e-02
8.023359325298116962e-02
8.021549530740072764e-02
8.019740183623857988e-02
8.017931283835157130e-02
8.016122831259701875e-02
8.014314825783276641e-02
8.012507267291713031e-02
8.010700155670898159e-02
8.008893490806763549e-02
8.007087272585300397e-02
8.005281500892534596e-02
8.003476175614558652e-02
8.001671296637508091e-02
7.999866863847561460e-02
7.998062877130956982e-02
7.996259336373977289e-02
7.994456241462956358e-02
7.992653592284275355e-02
7.990851388724368176e-02
7.989049630669707580e-02
7.987248318006827386e-02
7.985447450622304433e-02
7.983647028402764134e-02
7.981847051234879087e-02
7.980047519005371848e-02
7.978248431601010771e-02
7.976449788908615557e-02
7.974651590815054480e-02
7.972853837207238836e-02
7.971056527972125716e-02
7.969259662996729110e-02
7.967463242168103255e-02
7.965667265373350958e-02
7.963871732499619438e-02
7.962076643434108647e-02
7.960281998064061559e-02
7.958487796276765558e-02
7.956694037959562149e-02
7.954900722999831697e-02
7.953107851285003138e-02
7.951315422702553981e-02
7.949523437140006143e-02
7.947731894484923176e-02
7.945940794624922754e-02
7.944150137447662796e-02
7.942359922840844244e-02
7.940570150692223550e-02
7.938780820889594636e-02
7.936991933320794446e-02
7.935203487873714046e-02
7.933415484436280585e-02
7.931627922896469784e-02
7.929840803142305938e-02
7.928054125061848034e-02
7.926267888543210571e-02
7.924482093474546907e-02
7.922696739744054806e-02
7.920911827239977832e-02
7.919127355850602568e-02
7.917343325464258619e-02
7.915559735969322774e-02
7.913776587254213457e-02
7.911993879207390723e-02
7.910211611717359037e-02
7.908429784672675600e-02
7.906648397961925367e-02
7.904867451473744644e-02
7.903086945096818305e-02
7.901306878719864535e-02
7.899527252231647312e-02
7.897748065520976413e-02
7.895969318476703247e-02
7.894191010987719470e-02
7.892413142942962534e-02
7.890635714231410136e-02
7.888858724742080220e-02
7.887082174364042075e-02
7.885306062986395526e-02
7.883530390498288964e-02
7.881755156788913808e-02
7.879980361747496165e-02
7.878206005263314882e-02
7.876432087225677947e-02
7.874658607523948861e-02
7.872885566047518879e-02
7.871112962685829217e-02
7.869340797328362724e-02
7.867569069864636944e-02
7.865797780184215215e-02
7.864026928176703901e-02
7.862256513731741281e-02
7.860486536739018371e-02
7.858716997088262268e-02
7.856947894669234767e-02
7.855179229371743455e-02
7.853411001085641718e-02
7.851643209700813475e-02
7.849875855107185663e-02
7.848108937194731016e-02
7.846342455853456965e-02
7.844576410973409797e-02
7.842810802444684370e-02
7.841045630157403301e-02
7.839280894001739164e-02
7.837516593867896453e-02
7.835752729646126846e-02
7.833989301226713942e-02
7.832226308499985745e-02
7.830463751356313284e-02
7.828701629686096730e-02
7.826939943379780662e-02
7.825178692327849905e-02
7.823417876420829531e-02
7.821657495549279304e-02
7.819897549603800624e-02
7.818138038475030971e-02
7.816378962053650847e-02
7.814620320230376838e-02
7.812862112895965772e-02
7.811104339941209174e-02
7.809347001256938814e-02
7.807590096734029483e-02
7.805833626263383729e-02
7.804077589735956832e-02
7.802321987042726281e-02
7.800566818074720910e-02
7.798812082722997308e-02
7.797057780878660638e-02
7.795303912432841043e-02
7.793550477276718624e-02
7.791797475301502629e-02
7.790044906398443936e-02
7.788292770458830894e-02
7.786541067373986547e-02
7.784789797035275571e-02
7.783038959334093176e-02
7.781288554161881754e-02
7.779538581410112841e-02
7.777789040970295442e-02
7.776039932733980198e-02
7.774291256592751054e-02
7.772543012438230814e-02
7.770795200162076977e-02
7.769047819655987286e-02
7.767300870811691405e-02
7.765554353520957853e-02
7.763808267675594010e-02
7.762062613167439173e-02
7.760317389888374273e-02
7.758572597730312159e-02
7.756828236585201763e-02
7.755084306345033651e-02
7.753340806901831694e-02
7.751597738147650296e-02
7.749855099974586881e-02
7.748112892274773567e-02
7.746371114940377167e-02
7.744629767863600578e-02
7.742888850936681389e-02
7.741148364051893271e-02
7.739408307101548756e-02
7.737668679977993680e-02
7.735929482573605798e-02
7.734190714780805886e-02
7.732452376492045254e-02
7.730714467599802964e-02
7.728976987996609427e-02
7.727239937575024198e-02
7.725503316227634587e-02
7.723767123847073701e-02
7.722031360325996852e-02
7.720296025557109310e-02
7.718561119433141327e-02
7.716826641846860624e-02
7.715092592691069617e-02
7.713358971858605417e-02
7.711625779242339829e-02
7.709893014735180738e-02
7.708160678230067953e-02
7.706428769619975971e-02
7.704697288797918153e-02
7.702966235656935612e-02
7.701235610090111094e-02
7.699505411990553716e-02
7.697775641251411449e-02
7.696046297765871125e-02
7.694317381427139002e-02
7.692588892128472688e-02
7.690860829763153383e-02
7.689133194224498369e-02
7.687405985405859621e-02
7.685679203200619647e-02
7.683952847502203976e-02
7.682226918204060340e-02
7.680501415199676718e-02
7.678776338382575783e-02
7.677051687646309353e-02
7.675327462884462548e-02
7.673603663990663515e-02
7.671880290858558438e-02
7.670157343381839299e-02
7.668434821454229999e-02
7.666712724969480808e-02
7.664991053821379463e-02
7.663269807903747011e-02
7.661548987110439191e-02
7.659828591335345049e-02
7.658108620472378614e-02
7.656389074415498319e-02
7.654669953058686194e-02
7.652951256295963123e-02
7.651232984021384687e-02
7.649515136129030057e-02
7.647797712513018653e-02
7.646080713067501811e-02
7.644364137686660010e-02
7.642647986264709814e-02
7.640932258695899704e-02
7.639216954874510079e-02
7.637502074694853260e-02
7.635787618051273484e-02
7.634073584838152460e-02
7.632359974949895487e-02
7.630646788280949500e-02
7.628934024725786411e-02
7.627221684178910055e-02
7.625509766534870060e-02
7.623798271688224382e-02
7.622087199533586488e-02
7.620376549965587887e-02
7.618666322878893393e-02
7.616956518168206680e-02
7.615247135728256400e-02
7.613538175453803125e-02
7.611829637239649060e-02
7.610121520980613063e-02
7.608413826571557015e-02
7.606706553907370549e-02
7.604999702882975221e-02
7.603293273393324503e-02
7.601587265333405175e-02
7.599881678598226220e-02
7.598176513082843808e-02
7.596471768682336312e-02
7.594767445291808472e-02
7.593063542806405275e-02
7.591360061121306402e-02
7.589657000131705411e-02
7.587954359732845822e-02
7.586252139819993356e-02
7.584550340288442882e-02
7.582848961033530899e-02
7.581148001950611948e-02
7.579447462935078039e-02
7.577747343882351716e-02
7.576047644687890215e-02
7.574348365247174364e-02
7.572649505455721075e-02
7.570951065209073627e-02
7.569253044402812769e-02
7.567555442932547005e-02
7.565858260693909820e-02
7.564161497582577720e-02
7.562465153494242476e-02
7.560769228324638880e-02
7.559073721969529480e-02
7.557378634324703193e-02
7.555683965285985015e-02
7.553989714749224926e-02
7.552295882610310374e-02
7.550602468765149622e-02
7.548909473109691182e-02
7.547216895539904380e-02
7.545524735951800177e-02
7.543832994241410350e-02
7.542141670304797207e-02
7.540450764038061915e-02
7.538760275337326455e-02
7.537070204098746118e-02
7.535380550218510887e-02
7.533691313592832950e-02
7.532002494117960578e-02
7.530314091690167022e-02
7.528626106205760227e-02
7.526938537561075893e-02
7.525251385652480252e-02
7.523564650376368679e-02
7.521878331629165693e-02
7.520192429307329118e-02
7.518506943307338986e-02
7.516821873525715569e-02
7.515137219859002737e-02
7.513452982203773500e-02
7.511769160456630012e-02
7.510085754514209122e-02
7.508402764273174046e-02
7.506720189630212980e-02
7.505038030482052980e-02
7.503356286725444690e-02
7.501674958257167902e-02
7.499994044974034324e-02
7.498313546772882032e-02
7.496633463550583798e-02
7.494953795204035985e-02
7.493274541630168262e-02
7.491595702725936667e-02
7.489917278388326383e-02
7.488239268514357283e-02
7.486561673001071449e-02
7.484884491745541490e-02
7.483207724644874714e-02
7.481531371596202018e-02
7.479855432496683443e-02
7.478179907243510949e-02
7.476504795733907027e-02
7.474830097865110823e-02
7.473155813534410052e-02
7.471481942639106311e-02
7.469808485076535887e-02
7.468135440744062825e-02
7.466462809539077539e-02
7.464790591359006522e-02
7.463118786101297086e-02
7.461447393663431238e-02
7.459776413942915962e-02
7.458105846837287389e-02
7.456435692244110791e-02
7.454765950060983359e-02
7.453096620185528653e-02
7.451427702515389662e-02
7.449759196948253781e-02
7.448091103381829226e-02
7.446423421713851964e-02
7.444756151842087111e-02
7.443089293664328920e-02
7.441422847078400793e-02
7.439756811982152496e-02
7.438091188273462939e-02
7.436425975850241565e-02
7.434761174610424184e-02
7.433096784451974359e-02
7.431432805272883413e-02
7.429769236971175972e-02
7.428106079444900256e-02
7.426443332592128077e-02
7.424780996310972880e-02
7.423119070499561989e-02
7.421457555056060196e-02
7.419796449878660050e-02
7.418135754865574916e-02
7.416475469915054242e-02
7.414815594925369679e-02
7.413156129794826188e-02
7.411497074421750930e-02
7.409838428704502988e-02
7.408180192541469200e-02
7.406522365831065546e-02
7.404864948471730213e-02
7.403207940361934691e-02
7.401551341400176842e-02
7.399895151484980893e-02
7.398239370514902991e-02
7.396583998388521486e-02
7.394929035004446649e-02
7.393274480261312342e-02
7.391620334057788511e-02
7.389966596292558976e-02
7.388313266864350581e-02
7.386660345671909600e-02
7.385007832614007284e-02
7.383355727589450967e-02
7.381704030497064639e-02
7.380052741235711145e-02
7.378401859704274146e-02
7.376751385801666450e-02
7.375101319426828617e-02
7.373451660478724801e-02
7.371802408856352462e-02
7.370153564458740980e-02
7.368505127184928061e-02
7.366857096933998594e-02
7.365209473605055512e-02
7.363562257097232278e-02
7.361915447309685945e-02
7.360269044141602712e-02
7.358623047492200697e-02
7.356977457260716058e-02
7.355332273346421035e-02
7.353687495648610073e-02
7.352043124066605373e-02
7.350399158499758279e-02
7.348755598847442339e-02
7.347112445009065795e-02
7.345469696884059096e-02
7.343827354371880445e-02
7.342185417372015799e-02
7.340543885783977485e-02
7.338902759507304197e-02
7.337262038441563772e-02
7.335621722486350416e-02
7.333981811541284701e-02
7.332342305506012181e-02
7.330703204280208940e-02
7.329064507763576042e-02
7.327426215855843694e-02
7.325788328456765697e-02
7.324150845466120829e-02
7.322513766783725342e-02
7.320877092309409362e-02
7.319240821943034936e-02
7.317604955584497417e-02
7.315969493133706036e-02
7.314334434490606107e-02
7.312699779555170698e-02
7.311065528227393695e-02
7.309431680407293963e-02
7.307798235994925062e-02
7.306165194890365533e-02
7.304532556993714731e-02
7.302900322205102546e-02
7.301268490424686619e-02
7.299637061552646800e-02
7.298006035489199017e-02
7.296375412134570304e-02
7.294745191389027938e-02
7.293115373152861403e-02
7.291485957326383771e-02
7.289856943809941425e-02
7.288228332503896012e-02
7.286600123308646648e-02
7.284972316124611880e-02
7.283344910852240783e-02
7.281717907392011579e-02
7.280091305644416366e-02
7.278465105509984712e-02
7.276839306889272552e-02
7.275213909682858027e-02
7.273588913791345645e-02
7.271964319115369058e-02
7.270340125555584121e-02
7.268716333012674446e-02
7.267092941387355565e-02
7.265469950580359659e-02
7.263847360492452221e-02
7.262225171024420944e-02
7.260603382077085444e-02
7.258981993551281986e-02
7.257361005347880145e-02
7.255740417367773087e-02
7.254120229511884510e-02
7.252500441681157539e-02
7.250881053776563057e-02
7.249262065699099700e-02
7.247643477349796637e-02
7.246025288629695527e-02
7.244407499439883824e-02
7.242790109681451760e-02
7.241173119255531199e-02
7.239556528063284535e-02
7.237940336005882491e-02
7.236324542984531871e-02
7.234709148900470010e-02
7.233094153654950897e-02
7.231479557149257664e-02
7.229865359284703974e-02
7.228251559962621531e-02
7.226638159084372570e-02
7.225025156551347083e-02
7.223412552264953101e-02
7.221800346126631964e-02
7.220188538037847215e-02
7.218577127900090151e-02
7.216966115614877053e-02
7.215355501083749179e-02
7.213745284208274156e-02
7.212135464890045977e-02
7.210526043030679455e-02
7.208917018531822707e-02
7.207308391295148831e-02
7.205700161222347577e-02
7.204092328215143393e-02
7.202484892175284314e-02
7.200877853004540585e-02
7.199271210604711591e-02
7.197664964877624472e-02
7.196059115725123023e-02
7.194453663049084347e-02
7.192848606751411911e-02
7.191243946734027226e-02
7.189639682898885109e-02
7.188035815147961194e-02
7.186432343383258869e-02
7.184829267506803729e-02
7.183226587420650511e-02
7.181624303026880318e-02
7.180022414227593686e-02
7.178420920924923065e-02
7.176819823021024503e-02
7.175219120418074858e-02
7.173618813018281526e-02
7.172018900723875490e-02
7.170419383437114103e-02
7.168820261060276922e-02
7.167221533495675423e-02
7.165623200645639124e-02
7.164025262412526684e-02
7.162427718698717583e-02
7.160830569406624602e-02
7.159233814438681343e-02
7.157637453697343610e-02
7.156041487085096353e-02
7.154445914504450887e-02
7.152850735857937958e-02
7.151255951048118842e-02
7.149661559977581182e-02
7.148067562548930665e-02
7.146473958664802117e-02
7.144880748227859513e-02
7.143287931140784863e-02
7.141695507306290713e-02
7.140103476627111811e-02
7.138511839006007886e-02
7.136920594345766422e-02
7.135329742549197107e-02
7.133739283519131835e-02
7.132149217158438581e-02
7.130559543369999198e-02
7.128970262056723295e-02
7.127381373121551011e-02
7.125792876467439141e-02
7.124204771997375008e-02
7.122617059614366752e-02
7.121029739221454435e-02
7.119442810721698933e-02
7.117856274018179163e-02
7.116270129014011514e-02
7.114684375612329026e-02
7.113099013716293884e-02
7.111514043229089088e-02
7.109929464053922621e-02
7.108345276094035770e-02
7.106761479252680924e-02
7.105178073433146557e-02
7.103595058538741958e-02
7.102012434472800007e-02
7.100430201138682729e-02
7.098848358439770190e-02
7.097266906279470211e-02
7.095685844561219757e-02
7.094105173188469671e-02
7.092524892064712427e-02
7.090945001093448830e-02
7.089365500178210211e-02
7.087786389222559824e-02
7.086207668130072024e-02
7.084629336804358635e-02
7.083051395149045359e-02
7.081473843067791207e-02
7.079896680464276004e-02
7.078319907242203168e-02
7.076743523305303873e-02
7.075167528557328722e-02
7.073591922902060236e-02
7.072016706243301754e-02
7.070441878484876042e-02
7.068867439530640562e-02
7.067293389284470817e-02
7.065719727650264514e-02
7.064146454531952668e-02
7.062573569833482945e-02
7.061001073458832156e-02
7.059428965311999316e-02
7.057857245297005644e-02
7.056285913317905667e-02
7.054714969278769177e-02
7.053144413083689557e-02
7.051574244636792110e-02
7.050004463842225733e-02
7.048435070604155972e-02
7.046866064826784459e-02
7.045297446414325315e-02
7.043729215271021804e-02
7.042161371301144945e-02
7.040593914408989351e-02
7.039026844498867674e-02
7.037460161475125875e-02
7.035893865242123790e-02
7.034327955704257340e-02
7.032762432765936322e-02
7.031197296331601065e-02
7.029632546305719654e-02
7.028068182592772661e-02
7.026504205097272582e-02
7.024940613723759664e-02
7.023377408376788034e-02
7.021814588960946513e-02
7.020252155380841963e-02
7.018690107541107615e-02
7.017128445346400289e-02
7.015567168701400402e-02
7.014006277510818899e-02
7.012445771679376438e-02
7.010885651111833927e-02
7.009325915712966149e-02
7.007766565387577029e-02
7.006207600040492700e-02
7.004649019576561497e-02
7.003090823900660900e-02
7.001533012917687815e-02
6.999975586532566907e-02
6.998418544650243656e-02
6.996861887175689909e-02
6.995305614013898332e-02
6.993749725069893508e-02
6.992194220248713898e-02
6.990639099455428496e-02
6.989084362595128497e-02
6.987530009572927303e-02
6.985976040293970235e-02
6.984422454663416491e-02
6.982869252586453024e-02
6.981316433968293156e-02
6.979763998714172413e-02
6.978211946729348525e-02
6.976660277919105591e-02
6.975108992188751300e-02
6.973558089443618324e-02
6.972007569589058762e-02
6.970457432530455244e-02
6.968907678173208442e-02
6.967358306422748171e-02
6.965809317184520899e-02
6.964260710364006401e-02
6.962712485866701106e-02
6.961164643598125035e-02
6.959617183463831513e-02
6.958070105369384972e-02
6.956523409220380372e-02
6.954977094922437653e-02
6.953431162381197572e-02
6.951885611502325868e-02
6.950340442191513257e-02
6.948795654354469886e-02
6.947251247896937820e-02
6.945707222724674390e-02
6.944163578743466070e-02
6.942620315859118763e-02
6.941077433977464739e-02
6.939534933004364026e-02
6.937992812845693302e-02
6.936451073407357004e-02
6.934909714595281771e-02
6.933368736315416447e-02
6.931828138473740408e-02
6.930287920976246907e-02
6.928748083728962504e-02
6.927208626637930411e-02
6.925669549609220210e-02
6.924130852548925075e-02
6.922592535363160382e-02
6.921054597958067878e-02
6.919517040239810124e-02
6.917979862114576051e-02
6.916443063488579568e-02
6.914906644268049851e-02
6.913370604359249383e-02
6.911834943668458686e-02
6.910299662101981877e-02
6.908764759566149438e-02
6.907230235967316834e-02
6.905696091211857568e-02
6.904162325206170125e-02
6.902628937856682134e-02
6.901095929069836488e-02
6.899563298752105223e-02
6.898031046809982580e-02
6.896499173149986395e-02
6.894967677678655316e-02
6.893436560302559912e-02
6.891905820928280468e-02
6.890375459462434737e-02
6.888845475811651575e-02
6.887315869882591757e-02
6.885786641581943812e-02
6.884257790816403211e-02
6.882729317492702892e-02
6.881201221517596611e-02
6.879673502797857554e-02
6.878146161240285272e-02
6.876619196751702912e-02
6.875092609238955821e-02
6.873566398608912942e-02
6.872040564768464033e-02
6.870515107624534934e-02
6.868990027084051486e-02
6.867465323053988102e-02
6.865940995441321970e-02
6.864417044153067748e-02
6.862893469096255361e-02
6.861370270177943875e-02
6.859847447305209012e-02
6.858325000385157022e-02
6.856802929324910811e-02
6.855281234031621040e-02
6.853759914412460574e-02
6.852238970374623095e-02
6.850718401825331427e-02
6.849198208671822274e-02
6.847678390821368422e-02
6.846158948181252368e-02
6.844639880658788533e-02
6.843121188161314927e-02
6.841602870596187602e-02
6.840084927870784814e-02
6.838567359892515352e-02
6.837050166568810206e-02
6.835533347807114246e-02
6.834016903514905650e-02
6.832500833599684797e-02
6.830985137968964560e-02
6.829469816530298054e-02
6.827954869191245335e-02
6.826440295859398377e-02
6.824926096442375523e-02
6.823412270847806216e-02
6.821898818983357371e-02
6.820385740756704229e-02
6.818873036075556726e-02
6.817360704847647002e-02
6.815848746980719686e-02
6.814337162382555491e-02
6.812825950960953170e-02
6.811315112623729517e-02
6.809804647278733247e-02
6.808294554833829726e-02
6.806784835196910688e-02
6.805275488275887297e-02
6.803766513978698471e-02
6.802257912213303948e-02
6.800749682887682890e-02
6.799241825909846382e-02
6.797734341187817997e-02
6.796227228629654615e-02
6.794720488143424220e-02
6.793214119637229487e-02
6.791708123019191135e-02
6.790202498197447922e-02
6.788697245080170528e-02
6.787192363575547671e-02
6.785687853591793051e-02
6.784183715037138407e-02
6.782679947819843236e-02
6.781176551848190626e-02
6.779673527030483093e-02
6.778170873275046748e-02
6.776668590490234068e-02
6.775166678584415569e-02
6.773665137465989527e-02
6.772163967043369481e-02
6.770663167225002277e-02
6.769162737919352801e-02
6.767662679034901207e-02
6.766162990480162343e-02
6.764663672163670483e-02
6.763164723993975169e-02
6.761666145879664802e-02
6.760167937729331944e-02
6.758670099451601077e-02
6.757172630955124437e-02
6.755675532148566753e-02
6.754178802940626059e-02
6.752682443240012877e-02
6.751186452955465489e-02
6.749690831995747153e-02
6.748195580269641947e-02
6.746700697685950598e-02
6.745206184153511308e-02
6.743712039581167828e-02
6.742218263877797213e-02
6.740724856952297339e-02
6.739231818713591060e-02
6.737739149070617883e-02
6.736246847932342297e-02
6.734754915207756543e-02
6.733263350805868130e-02
6.731772154635710936e-02
6.730281326606341041e-02
6.728790866626839506e-02
6.727300774606305434e-02
6.725811050453864293e-02
6.724321694078665146e-02
6.722832705389872321e-02
6.721344084296682064e-02
6.719855830708307276e-02
6.718367944533987224e-02
6.716880425682980604e-02
6.715393274064571094e-02
6.713906489588061799e-02
6.712420072162782192e-02
6.710934021698085339e-02
6.709448338103338183e-02
6.707963021287940975e-02
6.706478071161310617e-02
6.704993487632888993e-02
6.703509270612136028e-02
6.702025420008542178e-02
6.700541935731611776e-02
6.699058817690878298e-02
6.697576065795896039e-02
6.696093679956237332e-02
6.694611660081505045e-02
6.693130006081315919e-02
6.691648717865315843e-02
6.690167795343171520e-02
6.688687238424569081e-02
6.687207047019222417e-02
6.685727221036863455e-02
6.684247760387244941e-02
6.682768664980152928e-02
6.681289934725383184e-02
6.679811569532757842e-02
6.678333569312126794e-02
6.676855933973355195e-02
6.675378663426333181e-02
6.673901757580977256e-02
6.672425216347219190e-02
6.670949039635018507e-02
6.669473227354356937e-02
6.667997779415235637e-02
6.666522695727677972e-02
6.665047976201735058e-02
6.663573620747473281e-02
6.662099629274985391e-02
6.660626001694389120e-02
6.659152737915818854e-02
6.657679837849435345e-02
6.656207301405417387e-02
6.654735128493971530e-02
6.653263319025323752e-02
6.651791872909722236e-02
6.650320790057435982e-02
6.648850070378761745e-02
6.647379713784012933e-02
6.645909720183527936e-02
6.644440089487667345e-02
6.642970821606813958e-02
6.641501916451370002e-02
6.640033373931765459e-02
6.638565193958448352e-02
6.637097376441890295e-02
6.635629921292583722e-02
6.634162828421047431e-02
6.632696097737815488e-02
6.631229729153455266e-02
6.629763722578541074e-02
6.628298077923686082e-02
6.626832795099511786e-02
6.625367874016668823e-02
6.623903314585830038e-02
6.622439116717689089e-02
6.620975280322960455e-02
6.619511805312383590e-02
6.618048691596717381e-02
6.616585939086747081e-02
6.615123547693275985e-02
6.613661517327126815e-02
6.612199847899156990e-02
6.610738539320230867e-02
6.609277591501246107e-02
6.607817004353112866e-02
6.606356777786774603e-02
6.604896911713185881e-02
6.603437406043331792e-02
6.601978260688215472e-02
6.600519475558863647e-02
6.599061050566322473e-02
6.597602985621663085e-02
6.596145280635977437e-02
6.594687935520381072e-02
6.593230950186007577e-02
6.591774324544021069e-02
6.590318058505593990e-02
6.588862151981936255e-02
6.587406604884270267e-02
6.585951417123840634e-02
6.584496588611918333e-02
6.583042119259793767e-02
6.581588008978778159e-02
6.580134257680209098e-02
6.578680865275439438e-02
6.577227831675852565e-02
6.575775156792845744e-02
6.574322840537843993e-02
6.572870882822291760e-02
6.571419283557652924e-02
6.569968042655420504e-02
6.568517160027101398e-02
6.567066635584231649e-02
6.565616469238363950e-02
6.564166660901073203e-02
6.562717210483963448e-02
6.561268117898649832e-02
6.559819383056776643e-02
6.558371005870008985e-02
6.556922986250032781e-02
6.555475324108553381e-02
6.554028019357305279e-02
6.552581071908034072e-02
6.551134481672522825e-02
6.549688248562558768e-02
6.548242372489965213e-02
6.546796853366579350e-02
6.545351691104259184e-02
6.543906885614894642e-02
6.542462436810386750e-02
6.541018344602662904e-02
6.539574608903669928e-02
6.538131229625383789e-02
6.536688206679794333e-02
6.535245539978910834e-02
6.533803229434778648e-02
6.532361274959448683e-02
6.530919676465002377e-02
6.529478433863543374e-02
6.528037547067193358e-02
6.526597015988096218e-02
6.525156840538419434e-02
6.523717020630354080e-02
6.522277556176109270e-02
6.520838447087914935e-02
6.519399693278030150e-02
6.517961294658725091e-02
