2.411491885650736688e-01
2.394199843154699858e-01
2.373453277845208043e-01
2.350603343714973426e-01
2.327121110706779628e-01
2.304416539267227504e-01
2.283680131198004282e-01
2.265769016528653701e-01
2.251149885487936375e-01
2.239900510824402724e-01
2.231761840274996411e-01
2.226225552877265923e-01
2.222638568396467784e-01
2.220306380502508892e-01
2.218580564632474661e-01
2.216921188319826430e-01
2.214930756831822167e-01
2.212361551739521759e-01
2.209101943049633365e-01
2.205149135218175127e-01
2.200575946589500564e-01
2.195498040538701456e-01
2.190046094593995074e-01
2.184345272463895093e-01
2.178502491992167500e-01
2.172600620330360499e-01
2.166697958257050027e-01
2.160831140859212907e-01
2.155019740913165505e-01
2.149271246695550197e-01
2.143585546462398184e-01
2.137958478091357972e-01
2.132384325991041885e-01
2.126857374616523688e-01
2.121372708613055713e-01
2.115926500473208627e-01
2.110515987036229446e-01
2.105139293341248274e-01
2.099795209496065074e-01
2.094482981157300694e-01
2.089202140939998564e-01
2.083952386838827942e-01
2.078733502394730925e-01
2.073545308911240170e-01
2.068387639724949545e-01
2.063260328222966122e-01
2.058163203579750911e-01
2.053096090295501164e-01
2.048058809247755296e-01
2.043051179075381640e-01
2.038073017386109742e-01
2.033124141639952309e-01
2.028204369726089307e-01
2.023313520306812552e-01
2.018451413005667994e-01
2.013617868500878760e-01
2.008812708565772265e-01
2.004035756081863351e-01
1.999286835039063293e-01
1.994565770530475346e-01
1.989872388745313470e-01
1.985206516961420253e-01
1.980567983537886156e-01
1.975956617907905777e-01
1.971372250571825635e-01
1.966814713090345168e-01
1.962283838077822085e-01
1.957779459195652105e-01
1.953301411145706712e-01
1.948849529663816971e-01
1.944423651513306484e-01
1.940023614478560698e-01
1.935649257358641184e-01
1.931300419960936543e-01
1.926976943094854122e-01
1.922678668565553917e-01
1.918405439167717441e-01
1.914157098679357683e-01
1.909933491855669296e-01
1.905734464422913221e-01
1.901559863072342926e-01
1.897409535454167850e-01
1.893283330171555146e-01
1.889181096774666668e-01
1.885102685754734830e-01
1.881047948538177583e-01
1.877016737480744768e-01
1.873008905861708040e-01
1.869024307878081048e-01
1.865062798638878749e-01
1.861124234159412527e-01
1.857208471355621671e-01
1.853315368038435940e-01
1.849444782908180596e-01
1.845596575549010299e-01
1.841770606423379919e-01
1.837966736866551432e-01
1.834184829081133561e-01
1.830424746131654734e-01
1.826686351939171560e-01
1.822969511275912280e-01
1.819274089759949642e-01
1.815599953849910408e-01
1.811946970839717619e-01
1.808315008853364769e-01
1.804703936839722744e-01
1.801113624567379223e-01
1.797543942619512780e-01
1.793994762388795017e-01
1.790465956072325726e-01
1.786957396666604692e-01
1.783468957962526247e-01
1.780000514540411860e-01
1.776551941765071307e-01
1.773123115780896319e-01
1.769713913506981429e-01
1.766324212632279234e-01
1.762953891610783697e-01
1.759602829656744805e-01
1.756270906739911819e-01
1.752958003580807889e-01
1.749664001646032974e-01
1.746388783143595635e-01
1.743132231018277023e-01
1.739894228947019839e-01
1.736674661334350056e-01
1.733473413307822508e-01
1.730290370713501724e-01
1.727125420111461918e-01
1.723978448771326943e-01
1.720849344667824410e-01
1.717737996476380591e-01
1.714644293568733657e-01
1.711568126008578272e-01
1.708509384547238219e-01
1.705467960619363177e-01
1.702443746338654640e-01
1.699436634493618481e-01
1.696446518543342774e-01
1.693473292613302816e-01
1.690516851491192796e-01
1.687577090622782439e-01
1.684653906107801413e-01
1.681747194695847603e-01
1.678856853782321190e-01
1.675982781404385114e-01
1.673124876236951053e-01
1.670283037588689012e-01
1.667457165398062713e-01
1.664647160229390244e-01
1.661852923268927473e-01
1.659074356320980881e-01
1.656311361804035653e-01
1.653563842746919310e-01
1.650831702784978927e-01
1.648114846156291113e-01
1.645413177697886142e-01
1.642726602842006500e-01
1.640055027612380978e-01
1.637398358620523187e-01
1.634756503062056165e-01
1.632129368713060025e-01
1.629516863926435966e-01
1.626918897628301941e-01
1.624335379314406080e-01
1.621766219046561208e-01
1.619211327449106008e-01
1.616670615705384784e-01
1.614143995554250810e-01
1.611631379286591337e-01
1.609132679741873684e-01
1.606647810304713542e-01
1.604176684901466032e-01
1.601719217996834255e-01
1.599275324590503922e-01
1.596844920213794927e-01
1.594427920926335951e-01
1.592024243312761267e-01
1.589633804479423096e-01
1.587256522051131713e-01
1.584892314167908323e-01
1.582541099481764579e-01
1.580202797153498762e-01
1.577877326849514428e-01
1.575564608738654060e-01
1.573264563489059353e-01
1.570977112265046771e-01
1.568702176724002251e-01
1.566439679013298114e-01
1.564189541767227742e-01
1.561951688103959124e-01
1.559726041622507831e-01
1.557512526399728869e-01
1.555311066987328517e-01
1.553121588408891696e-01
1.550944016156931837e-01
1.548778276189957392e-01
1.546624294929555554e-01
1.544481999257495408e-01
1.542351316512850234e-01
1.540232174489136741e-01
1.538124501431470115e-01
1.536028226033741839e-01
1.533943277435810271e-01
1.531869585220710650e-01
1.529807079411884818e-01
1.527755690470423700e-01
1.525715349292331158e-01
1.523685987205802284e-01
1.521667535968520557e-01
1.519659927764969998e-01
1.517663095203765911e-01
1.515676971315003119e-01
1.513701489547615020e-01
1.511736583766759012e-01
1.509782188251207746e-01
1.507838237690765082e-01
1.505904667183693146e-01
1.503981412234156878e-01
1.502068408749686612e-01
1.500165593038652323e-01
1.498272901807758128e-01
1.496390272159549839e-01
1.494517641589937218e-01
1.492654947985735392e-01
1.490802129622218197e-01
1.488959125160688735e-01
1.487125873646063523e-01
1.485302314504473586e-01
1.483488387540879694e-01
1.481684032936700923e-01
1.479889191247463209e-01
1.478103803400455107e-01
1.476327810692403819e-01
1.474561154787164818e-01
1.472803777713423967e-01
1.471055621862416007e-01
1.469316629985655542e-01
1.467586745192684394e-01
1.465865910948832840e-01
1.464154071072990282e-01
1.462451169735396461e-01
1.460757151455443215e-01
1.459071961099489556e-01
1.457395543878691191e-01
1.455727845346844185e-01
1.454068811398240846e-01
1.452418388265539761e-01
1.450776522517649714e-01
1.449143161057624973e-01
1.447518251120576416e-01
1.445901740271593738e-01
1.444293576403680446e-01
1.442693707735702713e-01
1.441102082810352680e-01
1.439518650492120078e-01
1.437943359965281054e-01
1.436376160731897000e-01
1.434817002609825587e-01
1.433265835730747617e-01
1.431722610538201934e-01
1.430187277785634203e-01
1.428659788534460406e-01
1.427140094152138106e-01
1.425628146310253253e-01
1.424123896982615878e-01
1.422627298443372990e-01
1.421138303265125358e-01
1.419656864317064004e-01
1.418182934763112524e-01
1.416716468060084944e-01
1.415257417955852193e-01
1.413805738487522723e-01
1.412361383979631457e-01
1.410924309042342895e-01
1.409494468569664483e-01
1.408071817737669984e-01
1.406656312002735332e-01
1.405247907099785587e-01
1.403846559040552444e-01
1.402452224111842005e-01
1.401064858873813657e-01
1.399684420158271714e-01
1.398310865066964281e-01
1.396944150969895715e-01
1.395584235503647963e-01
1.394231076569713568e-01
1.392884632332836992e-01
1.391544861219369822e-01
1.390211721915632359e-01
1.388885173366288805e-01
1.387565174772730225e-01
1.386251685591468885e-01
1.384944665532542307e-01
1.383644074557927039e-01
1.382349872879962971e-01
1.381062020959786807e-01
1.379780479505776369e-01
1.378505209472002113e-01
1.377236172056692798e-01
1.375973328700706155e-01
1.374716641086011493e-01
1.373466071134181454e-01
1.372221581004894331e-01
1.370983133094442197e-01
1.369750690034251817e-01
1.368524214689415264e-01
1.367303670157225259e-01
1.366089019765725221e-01
1.364880227072264307e-01
1.363677255862062732e-01
1.362480070146788180e-01
1.361288634163136946e-01
1.360102912371426442e-01
1.358922869454199100e-01
1.357748470314828759e-01
1.356579680076140382e-01
1.355416464079038374e-01
1.354258787881140458e-01
1.353106616887606584e-01
1.351959917822805612e-01
1.350818656516823701e-01
1.349682799380664266e-01
1.348552313035351335e-01
1.347427164310613101e-01
1.346307320243580741e-01
1.345192748077487233e-01
1.344083415260380054e-01
1.342979289443839153e-01
1.341880338481704349e-01
1.340786530428809131e-01
1.339697833539724436e-01
1.338614216267507151e-01
1.337535647262462490e-01
1.336462095370904712e-01
1.335393529633935317e-01
1.334329919286222355e-01
1.333271233754789731e-01
1.332217442657815110e-01
1.331168515803432539e-01
1.330124423188545069e-01
1.329085134997643747e-01
1.328050621601634396e-01
1.327020853556669655e-01
1.325995801602993795e-01
1.324975436663787531e-01
1.323959729844024491e-01
1.322948652429336014e-01
1.321942175884879001e-01
1.320940271854212644e-01
1.319942912158183768e-01
1.318950068793817432e-01
1.317961713933213930e-01
1.316977819922454385e-01
1.315998359280512175e-01
1.315023304698171858e-01
1.314052629036953357e-01
1.313086305328044490e-01
1.312124306771240145e-01
1.311166606733886741e-01
1.310213178749832785e-01
1.309263996518391371e-01
1.308319033903301565e-01
1.307378264931699230e-01
1.306441663793098673e-01
1.305509204838374016e-01
1.304580862578748890e-01
1.303656611684796962e-01
1.302736426985441898e-01
1.301820283466967321e-01
1.300908156272035099e-01
1.300000020698701964e-01
1.299095852199452783e-01
1.298195626380231615e-01
1.297299318999481921e-01
1.296406905967192880e-01
1.295518363343951818e-01
1.294633667340001626e-01
1.293752794314304566e-01
1.292875720773612180e-01
1.292002423371540198e-01
1.291132878907651216e-01
1.290267064326540425e-01
1.289404956716928008e-01
1.288546533310758468e-01
1.287691771482305236e-01
1.286840648747278604e-01
1.285993142761941987e-01
1.285149231322232910e-01
1.284308892362888976e-01
1.283472103956579125e-01
1.282638844313040705e-01
1.281809091778223775e-01
1.280982824833436229e-01
1.280160022094500305e-01
1.279340662310907706e-01
1.278524724364985543e-01
1.277712187271065614e-01
1.276903030174657006e-01
1.276097232351627031e-01
1.275294773207384935e-01
1.274495632276071155e-01
1.273699789219754352e-01
1.272907223827626777e-01
1.272117916015214345e-01
1.271331845823581441e-01
1.270548993418549599e-01
1.269769339089913684e-01
1.268992863250669734e-01
1.268219546436240852e-01
1.267449369303713935e-01
1.266682312631078056e-01
1.265918357316466181e-01
1.265157484377406882e-01
1.264399674950075214e-01
1.263644910288550249e-01
1.262893171764079281e-01
1.262144440864343964e-01
1.261398699192730899e-01
1.260655928467609710e-01
1.259916110521612786e-01
1.259179227300920301e-01
1.258445260864550497e-01
1.257714193383652757e-01
1.256986007140808159e-01
1.256260684529330318e-01
1.255538208052573435e-01
1.254818560323245069e-01
1.254101724062719747e-01
1.253387682100361167e-01
1.252676417372846074e-01
1.251967912923492299e-01
1.251262151901593178e-01
1.250559117561752531e-01
1.249858793263227824e-01
1.249161162469274861e-01
1.248466208746496220e-01
1.247773915764196218e-01
1.247084267293737253e-01
1.246397247207903097e-01
1.245712839480261902e-01
1.245031028184538091e-01
1.244351797493985085e-01
1.243675131680761076e-01
1.243001015115313412e-01
1.242329432265761452e-01
1.241660367697285661e-01
1.240993806071521433e-01
1.240329732145955544e-01
1.239668130773325938e-01
1.239008986901026371e-01
1.238352285570513550e-01
1.237698011916719965e-01
1.237046151167468522e-01
1.236396688642891067e-01
1.235749609754850931e-01
1.235104900006370743e-01
1.234462544991059424e-01
1.233822530392547911e-01
1.233184841983925306e-01
1.232549465627178070e-01
1.231916387272635888e-01
1.231285592958417802e-01
1.230657068809883348e-01
1.230030801039086463e-01
1.229406775944234115e-01
1.228784979909146591e-01
1.228165399402721125e-01
1.227548020978402460e-01
1.226932831273650909e-01
1.226319817009418611e-01
1.225708964989626198e-01
1.225100262100645432e-01
1.224493695310780450e-01
1.223889251669759287e-01
1.223286918308220533e-01
1.222686682437209849e-01
1.222088531347676477e-01
1.221492452409972118e-01
1.220898433073355771e-01
1.220306460865499820e-01
1.219716523391998070e-01
1.219128608335880576e-01
1.218542703457128479e-01
1.217958796592190640e-01
1.217376875653508467e-01
1.216796928629038654e-01
1.216218943581780926e-01
1.215642908649309240e-01
1.215068812043304525e-01
1.214496642049091579e-01
1.213926387025178882e-01
1.213358035402799517e-01
1.212791575685457368e-01
1.212226996448474564e-01
1.211664286338542118e-01
1.211103434073274032e-01
1.210544428440762793e-01
1.209987258299139307e-01
1.209431912576134360e-01
1.208878380268643415e-01
1.208326650442293482e-01
1.207776712231014016e-01
1.207228554836609069e-01
1.206682167528332766e-01
1.206137539642467421e-01
1.205594660581904287e-01
1.205053519815727087e-01
1.204514106878797203e-01
1.203976411371343452e-01
1.203440422958551997e-01
1.202906131370160420e-01
1.202373526400054293e-01
1.201842597905865839e-01
1.201313335808574106e-01
1.200785730092110426e-01
1.200259770802963033e-01
1.199735448049787240e-01
1.199212752003015053e-01
1.198691672894469651e-01
1.198172201016981242e-01
1.197654326724005708e-01
1.197138040429244210e-01
1.196623332606267937e-01
1.196110193788142290e-01
1.195598614567055518e-01
1.195088585593948732e-01
1.194580097578147454e-01
1.194073141286998013e-01
1.193567707545503814e-01
1.193063787235963680e-01
1.192561371297616024e-01
1.192060450726279558e-01
1.191561016574001486e-01
1.191063059948705566e-01
1.190566572013840863e-01
1.190071543988037578e-01
1.189577967144758441e-01
1.189085832811958010e-01
1.188595132371741137e-01
1.188105857260023795e-01
1.187617998966197241e-01
1.187131549032792999e-01
1.186646499055150628e-01
1.186162840681087294e-01
1.185680565610569559e-01
1.185199665595387253e-01
1.184720132438829149e-01
1.184241957995361139e-01
1.183765134170305378e-01
1.183289652919523177e-01
1.182815506249097620e-01
1.182342686215021310e-01
1.181871184922881901e-01
1.181400994527553316e-01
1.180932107232886830e-01
1.180464515291405753e-01
1.179998211003999292e-01
1.179533186719621263e-01
1.179069434834989355e-01
1.178606947794285514e-01
1.178145718088859789e-01
1.177685738256934872e-01
1.177227000883313973e-01
1.176769498599087582e-01
1.176313224081345088e-01
1.175858170052887369e-01
1.175404329281940080e-01
1.174951694581869849e-01
1.174500258810901865e-01
1.174050014871838854e-01
1.173600955711783661e-01
1.173153074321860029e-01
1.172706363736938651e-01
1.172260817035363917e-01
1.171816427338680383e-01
1.171373187811363820e-01
1.170931091660552398e-01
1.170490132135779404e-01
1.170050302528708730e-01
1.169611596172870221e-01
1.169174006443399472e-01
1.168737526756776224e-01
1.168302150570566106e-01
1.167867871383163614e-01
1.167434682733537316e-01
1.167002578200974638e-01
1.166571551404831375e-01
1.166141596004279940e-01
1.165712705698060403e-01
1.165284874224233602e-01
1.164858095359934398e-01
1.164432362921127839e-01
1.164007670762366303e-01
1.163584012776547050e-01
1.163161382894674217e-01
1.162739775085618738e-01
1.162319183355882690e-01
1.161899601749362826e-01
1.161481024347117835e-01
1.161063445267134925e-01
1.160646858664099168e-01
1.160231258729164661e-01
1.159816639689724566e-01
1.159402995809186709e-01
1.158990321386746403e-01
1.158578610757163702e-01
1.158167858290540947e-01
1.157758058392100581e-01
1.157349205501966988e-01
1.156941294094947226e-01
1.156534318680313977e-01
1.156128273801590445e-01
1.155723154036336631e-01
1.155318953995934650e-01
1.154915668325379174e-01
1.154513291703065658e-01
1.154111818840582449e-01
1.153711244482502618e-01
1.153311563406178020e-01
1.152912770421533201e-01
1.152514860370863620e-01
1.152117828128631227e-01
1.151721668601264625e-01
1.151326376726957701e-01
1.150931947475472561e-01
1.150538375847941081e-01
1.150145656876668671e-01
1.149753785624939850e-01
1.149362757186823819e-01
1.148972566686982527e-01
1.148583209280478468e-01
1.148194680152585800e-01
1.147806974518600226e-01
1.147420087623651219e-01
1.147034014742516483e-01
1.146648751179435849e-01
1.146264292267926282e-01
1.145880633370599672e-01
1.145497769878981165e-01
1.145115697213327233e-01
1.144734410822446785e-01
1.144353906183521868e-01
1.143974178801930724e-01
1.143595224211071820e-01
1.143217037972187322e-01
1.142839615674190318e-01
1.142462952933490511e-01
1.142087045393823247e-01
1.141711888726077984e-01
1.141337478628128982e-01
1.140963810824665581e-01
1.140590881067025109e-01
1.140218685133026766e-01
1.139847218826804814e-01
1.139476477978644542e-01
1.139106458444819059e-01
1.138737156107426096e-01
1.138368566874227023e-01
1.138000686678485029e-01
1.137633511478808174e-01
1.137267037258988672e-01
1.136901260027845251e-01
1.136536175819068406e-01
1.136171780691063588e-01
1.135808070726796459e-01
1.135445042033640106e-01
1.135082690743221406e-01
1.134721013011270596e-01
1.134360005017468614e-01
1.133999662965299859e-01
1.133639983081900643e-01
1.133280961617913196e-01
1.132922594847337455e-01
1.132564879067386177e-01
1.132207810598337971e-01
1.131851385783395059e-01
1.131495600988538380e-01
1.131140452602385910e-01
1.130785937036050404e-01
1.130432050722999238e-01
1.130078790118914933e-01
1.129726151701555131e-01
1.129374131970615203e-01
1.129022727447591412e-01
1.128671934675643390e-01
1.128321750219460212e-01
1.127972170665123564e-01
1.127623192619976733e-01
1.127274812712489027e-01
1.126927027592125180e-01
1.126579833929213514e-01
1.126233228414815629e-01
1.125887207760596365e-01
1.125541768698695433e-01
1.125196907981599048e-01
1.124852622382012668e-01
1.124508908692734288e-01
1.124165763726530098e-01
1.123823184316007084e-01
1.123481167313491597e-01
1.123139709590904589e-01
1.122798808039638524e-01
1.122458459570437606e-01
1.122118661113274407e-01
1.121779409617231493e-01
1.121440702050380683e-01
1.121102535399664535e-01
1.120764906670778660e-01
1.120427812888055014e-01
1.120091251094343238e-01
1.119755218350896864e-01
1.119419711737257572e-01
1.119084728351140978e-01
1.118750265308322001e-01
1.118416319742523146e-01
1.118082888805301961e-01
1.117749969665938620e-01
1.117417559511326847e-01
1.117085655545861089e-01
1.116754254991330075e-01
1.116423355086805513e-01
1.116092953088535789e-01
1.115763046269837577e-01
1.115433631920988988e-01
1.115104707349124508e-01
1.114776269878128279e-01
1.114448316848529463e-01
1.114120845617399963e-01
1.113793853558248531e-01
1.113467338060919604e-01
1.113141296531490465e-01
1.112815726392169108e-01
1.112490625081195283e-01
1.112165990052738085e-01
1.111841818776797136e-01
1.111518108739105032e-01
1.111194857441025891e-01
1.110872062399460292e-01
1.110549721146747160e-01
1.110227831230566481e-01
1.109906390213844934e-01
1.109585395674658748e-01
1.109264845206140715e-01
1.108944736416384025e-01
1.108625066928351222e-01
1.108305834379778865e-01
1.107987036423086213e-01
1.107668670725283216e-01
1.107350734967879891e-01
1.107033226846794310e-01
1.106716144072263514e-01
1.106399484368753849e-01
1.106083245474871746e-01
1.105767425143274751e-01
1.105452021140585356e-01
1.105137031247301754e-01
1.104822453257711667e-01
1.104508284979806992e-01
1.104194524235197067e-01
1.103881168859023459e-01
1.103568216699876703e-01
1.103255665619709697e-01
1.102943513493757077e-01
1.102631758210449731e-01
1.102320397671334024e-01
1.102009429790988121e-01
1.101698852496942049e-01
1.101388663729595818e-01
1.101078861442138790e-01
1.100769443600470576e-01
1.100460408183120548e-01
1.100151753181169423e-01
1.099843476598170722e-01
1.099535576450072633e-01
1.099228050765140713e-01
1.098920897583880452e-01
1.098614114958961080e-01
1.098307700955139105e-01
1.098001653649183507e-01
1.097695971129799691e-01
1.097390651497555936e-01
1.097085692864807199e-01
1.096781093355624070e-01
1.096476851105717548e-01
1.096172964262366600e-01
1.095869430984347109e-01
1.095566249441857626e-01
1.095263417816449980e-01
1.094960934300957672e-01
1.094658797099424818e-01
1.094357004427036623e-01
1.094055554510049572e-01
1.093754445585721907e-01
1.093453675902245070e-01
1.093153243718675699e-01
1.092853147304866518e-01
1.092553384941400557e-01
1.092253954919522457e-01
1.091954855541072411e-01
1.091656085118420105e-01
1.091357641974398940e-01
1.091059524442239831e-01
1.090761730865506818e-01
1.090464259598032670e-01
1.090167109003853940e-01
1.089870277457147818e-01
1.089573763342168156e-01
1.089277565053182878e-01
1.088981680994411116e-01
1.088686109579961453e-01
1.088390849233769470e-01
1.088095898389536131e-01
1.087801255490667834e-01
1.087506918990214233e-01
1.087212887350809398e-01
1.086919159044610894e-01
1.086625732553240242e-01
1.086332606367724635e-01
1.086039778988437121e-01
1.085747248925038322e-01
1.085455014696418835e-01
1.085163074830641367e-01
1.084871427864882998e-01
1.084580072345378426e-01
1.084289006827363899e-01
1.083998229875019759e-01
1.083707740061415070e-01
1.083417535968453083e-01
1.083127616186813358e-01
1.082837979315900423e-01
1.082548623963785622e-01
1.082259548747155908e-01
1.081970752291258192e-01
1.081682233229845636e-01
1.081393990205126443e-01
1.081106021867708628e-01
1.080818326876549218e-01
1.080530903898901107e-01
1.080243751610261288e-01
1.079956868694319505e-01
1.079670253842907462e-01
1.079383905755946782e-01
1.079097823141399598e-01
1.078812004715217210e-01
1.078526449201290954e-01
1.078241155331402662e-01
1.077956121845174559e-01
1.077671347490020137e-01
1.077386831021096419e-01
1.077102571201255382e-01
1.076818566800995108e-01
1.076534816598412048e-01
1.076251319379153970e-01
1.075968073936373198e-01
1.075685079070678452e-01
1.075402333590089049e-01
1.075119836309987864e-01
1.074837586053077054e-01
1.074555581649329905e-01
1.074273821935946976e-01
1.073992305757310028e-01
1.073711031964938029e-01
1.073429999417441910e-01
1.073149206980480164e-01
1.072868653526714844e-01
1.072588337935768410e-01
1.072308259094179178e-01
1.072028415895358577e-01
1.071748807239548684e-01
1.071469432033778646e-01
1.071190289191822492e-01
1.070911377634157502e-01
1.070632696287921459e-01
1.070354244086871437e-01
1.070076019971342718e-01
1.069798022888207023e-01
1.069520251790832405e-01
1.069242705639041752e-01
1.068965383399072822e-01
1.068688284043538828e-01
1.068411406551387083e-01
1.068134749907860698e-01
1.067858313104458889e-01
1.067582095138897430e-01
1.067306095015070483e-01
1.067030311743010773e-01
1.066754744338853367e-01
1.066479391824794593e-01
1.066204253229057486e-01
1.065929327585850434e-01
1.065654613935333311e-01
1.065380111323577794e-01
1.065105818802531273e-01
1.064831735429980358e-01
1.064557860269513961e-01
1.064284192390487077e-01
1.064010730867984977e-01
1.063737474782787129e-01
1.063464423221331667e-01
1.063191575275680284e-01
1.062918930043482563e-01
1.062646486627941284e-01
1.062374244137777729e-01
1.062102201687197545e-01
1.061830358395855906e-01
1.061558713388823377e-01
1.061287265796552332e-01
1.061016014754843917e-01
1.060744959404813503e-01
1.060474098892857653e-01
1.060203432370622062e-01
1.059932958994967561e-01
1.059662677927938751e-01
1.059392588336730279e-01
1.059122689393654643e-01
1.058852980276112493e-01
1.058583460166557799e-01
1.058314128252467873e-01
1.058044983726311866e-01
1.057776025785519547e-01
1.057507253632449656e-01
1.057238666474359795e-01
1.056970263523375891e-01
1.056702043996460838e-01
1.056434007115385626e-01
1.056166152106697703e-01
1.055898478201692386e-01
1.055630984636382885e-01
1.055363670651470742e-01
1.055096535492315718e-01
1.054829578408907897e-01
1.054562798655838685e-01
1.054296195492271104e-01
1.054029768181911353e-01
1.053763515992981598e-01
1.053497438198190556e-01
1.053231534074705600e-01
1.052965802904125975e-01
1.052700243972452682e-01
1.052434856570064192e-01
1.052169639991686334e-01
1.051904593536366478e-01
1.051639716507446337e-01
1.051375008212534906e-01
1.051110467963482092e-01
1.050846095076351794e-01
1.050581888871395808e-01
1.050317848673028021e-01
1.050053973809797481e-01
1.049790263614363284e-01
1.049526717423468758e-01
1.049263334577916068e-01
1.049000114422539987e-01
1.048737056306184023e-01
1.048474159581674059e-01
1.048211423605794751e-01
1.047948847739263445e-01
1.047686431346707137e-01
1.047424173796636243e-01
1.047162074461421982e-01
1.046900132717270698e-01
1.046638347944201658e-01
1.046376719526021792e-01
1.046115246850302383e-01
1.045853929308356023e-01
1.045592766295212472e-01
1.045331757209596035e-01
1.045070901453902662e-01
1.044810198434175802e-01
1.044549647560085032e-01
1.044289248244902185e-01
1.044028999905480121e-01
1.043768901962229129e-01
1.043508953839095421e-01
1.043249154963539205e-01
1.042989504766511089e-01
1.042730002682432933e-01
1.042470648149174395e-01
1.042211440608030865e-01
1.041952379503704174e-01
1.041693464284279003e-01
1.041434694401203731e-01
1.041176069309267677e-01
1.040917588466581667e-01
1.040659251334555974e-01
1.040401057377880883e-01
1.040143006064505743e-01
1.039885096865618419e-01
1.039627329255624344e-01
1.039369702712128751e-01
1.039112216715914055e-01
1.038854870750921533e-01
1.038597664304230783e-01
1.038340596866041271e-01
1.038083667929651233e-01
1.037826876991439634e-01
1.037570223550845772e-01
1.037313707110352201e-01
1.037057327175462534e-01
1.036801083254685479e-01
1.036544974859514856e-01
1.036289001504410584e-01
1.036033162706781058e-01
1.035777457986963995e-01
1.035521886868208397e-01
1.035266448876655948e-01
1.035011143541324508e-01
1.034755970394087704e-01
1.034500928969659117e-01
1.034246018805573541e-01
1.033991239442169363e-01
1.033736590422572044e-01
1.033482071292675109e-01
1.033227681601123910e-01
1.032973420899298556e-01
1.032719288741296149e-01
1.032465284683914131e-01
1.032211408286633630e-01
1.031957659111602393e-01
1.031704036723618129e-01
1.031450540690112411e-01
1.031197170581132916e-01
1.030943925969328989e-01
1.030690806429934020e-01
1.030437811540750037e-01
1.030184940882131056e-01
1.029932194036967258e-01
1.029679570590668891e-01
1.029427070131152394e-01
1.029174692248821660e-01
1.028922436536555268e-01
1.028670302589688862e-01
1.028418290006001962e-01
1.028166398385700481e-01
1.027914627331403263e-01
1.027662976448126125e-01
1.027411445343267143e-01
1.027160033626591806e-01
1.026908740910218443e-01
1.026657566808602678e-01
1.026406510938523975e-01
1.026155572919070086e-01
1.025904752371623735e-01
1.025654048919847072e-01
1.025403462189668352e-01
1.025152991809267361e-01
1.024902637409061401e-01
1.024652398621691274e-01
1.024402275082007818e-01
1.024152266427057340e-01
1.023902372296068841e-01
1.023652592330439315e-01
1.023402926173721250e-01
1.023153373471608063e-01
1.022903933871922300e-01
1.022654607024600371e-01
1.022405392581680755e-01
1.022156290197290957e-01
1.021907299527632790e-01
1.021658420230972392e-01
1.021409651967623566e-01
1.021160994399938626e-01
1.020912447192292988e-01
1.020664010011074069e-01
1.020415682524667689e-01
1.020167464403447105e-01
1.019919355319758442e-01
1.019671354947910558e-01
1.019423462964161031e-01
1.019175679046705335e-01
1.018928002875663374e-01
1.018680434133069079e-01
1.018432972502857220e-01
1.018185617670851750e-01
1.017938369324754427e-01
1.017691227154132877e-01
1.017444190850408520e-01
1.017197260106846024e-01
1.016950434618540677e-01
1.016703714082407423e-01
1.016457098197170034e-01
1.016210586663348348e-01
1.015964179183249105e-01
1.015717875460952629e-01
1.015471675202303942e-01
1.015225578114899718e-01
1.014979583908078437e-01
1.014733692292909412e-01
1.014487902982182110e-01
1.014242215690394772e-01
1.013996630133744553e-01
1.013751146030116290e-01
1.013505763099071949e-01
1.013260481061841328e-01
1.013015299641309708e-01
1.012770218562008967e-01
1.012525237550106899e-01
1.012280356333397080e-01
1.012035574641288321e-01
1.011790892204794678e-01
1.011546308756526430e-01
1.011301824030678559e-01
1.011057437763022288e-01
1.010813149690893697e-01
1.010568959553185542e-01
1.010324867090336837e-01
1.010080872044322453e-01
1.009836974158644929e-01
1.009593173178324060e-01
1.009349468849887882e-01
1.009105860921362674e-01
1.008862349142263803e-01
1.008618933263587536e-01
1.008375613037799240e-01
1.008132388218827419e-01
1.007889258562052193e-01
1.007646223824296694e-01
1.007403283763819435e-01
1.007160438140303066e-01
1.006917686714847715e-01
1.006675029249960440e-01
1.006432465509547736e-01
1.006189995258905817e-01
1.005947618264712712e-01
1.005705334295018821e-01
1.005463143119239150e-01
1.005221044508144146e-01
1.004979038233852207e-01
1.004737124069819826e-01
1.004495301790834655e-01
1.004253571173006204e-01
1.004011931993757795e-01
1.003770384031818924e-01
1.003528927067216803e-01
1.003287560881268026e-01
1.003046285256570247e-01
1.002805099976995101e-01
1.002564004827679878e-01
1.002322999595019193e-01
1.002082084066657497e-01
1.001841258031481302e-01
1.001600521279611689e-01
1.001359873602395700e-01
1.001119314792399961e-01
1.000878844643401794e-01
1.000638462950382557e-01
1.000398169509519875e-01
1.000157964118180420e-01
9.999178465749111733e-02
9.996778166794346998e-02
9.994378742326390230e-02
9.991980190365719328e-02
9.989582508944333528e-02
9.987185696105682631e-02
9.984789749904593448e-02
9.982394668407204574e-02
9.980000449690881736e-02
9.977607091844171994e-02
9.975214592966702432e-02
9.972822951169139916e-02
9.970432164573110601e-02
9.968042231311126378e-02
9.965653149526521037e-02
9.963264917373389207e-02
9.960877533016512797e-02
9.958490994631290227e-02
9.956105300403679526e-02
9.953720448530128939e-02
9.951336437217510322e-02
9.948953264683053910e-02
9.946570929154283092e-02
9.944189428868953351e-02
9.941808762074989814e-02
9.939428927030415084e-02
9.937049922003295122e-02
9.934671745271672627e-02
9.932294395123508757e-02
9.929917869856612345e-02
9.927542167778591331e-02
9.925167287206779210e-02
9.922793226468183680e-02
9.920419983899420036e-02
9.918047557846658424e-02
9.915675946665548912e-02
9.913305148721185400e-02
9.910935162388029296e-02
9.908565986049856777e-02
9.906197618099701896e-02
9.903830056939792736e-02
9.901463300981502846e-02
9.899097348645291561e-02
9.896732198360640165e-02
9.894367848566007484e-02
9.892004297708760496e-02
9.889641544245135474e-02
9.887279586640167206e-02
9.884918423367640428e-02
9.882558052910038471e-02
9.880198473758482203e-02
9.877839684412682841e-02
9.875481683380883668e-02
9.873124469179808682e-02
9.870768040334609861e-02
9.868412395378817203e-02
9.866057532854277667e-02
9.863703451311114923e-02
9.861350149307671065e-02
9.858997625410455268e-02
9.856645878194093824e-02
9.854294906241284346e-02
9.851944708142734708e-02
9.849595282497125570e-02
9.847246627911050709e-02
9.844898742998975383e-02
9.842551626383179431e-02
9.840205276693719805e-02
9.837859692568366732e-02
9.835514872652567631e-02
9.833170815599395764e-02
9.830827520069507219e-02
9.828484984731081231e-02
9.826143208259786876e-02
9.823802189338730340e-02
9.821461926658404951e-02
9.819122418916657880e-02
9.816783664818624910e-02
9.814445663076704074e-02
9.812108412410501523e-02
9.809771911546784351e-02
9.807436159219438954e-02
9.805101154169430788e-02
9.802766895144753023e-02
9.800433380900389069e-02
9.798100610198261229e-02
9.795768581807197395e-02
9.793437294502878310e-02
9.791106747067807037e-02
9.788776938291252061e-02
9.786447866969212595e-02
9.784119531904381106e-02
9.781791931906096138e-02
9.779465065790290956e-02
9.777138932379481062e-02
9.774813530502692027e-02
9.772488858995435901e-02
9.770164916699669577e-02
9.767841702463748998e-02
9.765519215142394460e-02
9.763197453596647590e-02
9.760876416693836655e-02
9.758556103307536311e-02
9.756236512317516263e-02
9.753917642609721828e-02
9.751599493076229530e-02
9.749282062615201305e-02
9.746965350130852579e-02
9.744649354533412022e-02
9.742334074739086858e-02
9.740019509670030939e-02
9.737705658254292018e-02
9.735392519425792313e-02
9.733080092124277161e-02
9.730768375295291428e-02
9.728457367890137875e-02
9.726147068865835521e-02
9.723837477185097444e-02
9.721528591816283593e-02
9.719220411733368870e-02
9.716912935915912597e-02
9.714606163349021051e-02
9.712300093023304437e-02
9.709994723934860239e-02
9.707690055085226033e-02
9.705386085481346181e-02
9.703082814135544076e-02
9.700780240065490223e-02
9.698478362294150890e-02
9.696177179849785333e-02
9.693876691765883347e-02
9.691576897081154163e-02
9.689277794839480651e-02
9.686979384089894340e-02
9.684681663886537950e-02
9.682384633288645959e-02
9.680088291360491870e-02
9.677792637171377110e-02
9.675497669795588007e-02
9.673203388312369422e-02
9.670909791805891442e-02
9.668616879365227179e-02
9.666324650084302805e-02
9.664033103061889229e-02
9.661742237401561850e-02
9.659452052211670026e-02
9.657162546605306541e-02
9.654873719700284018e-02
9.652585570619104383e-02
9.650298098488915843e-02
9.648011302441512893e-02
9.645725181613276633e-02
9.643439735145166447e-02
9.641154962182679755e-02
9.638870861875833973e-02
9.636587433379133205e-02
9.634304675851537714e-02
9.632022588456444490e-02
9.629741170361645619e-02
9.627460420739314406e-02
9.625180338765981780e-02
9.622900923622486336e-02
9.620622174493971557e-02
9.618344090569848348e-02
9.616066671043768666e-02
9.613789915113601925e-02
9.611513821981404471e-02
9.609238390853401535e-02
9.606963620939953930e-02
9.604689511455531681e-02
9.602416061618700149e-02
9.600143270652074234e-02
9.597871137782311435e-02
9.595599662240088257e-02
9.593328843260053029e-02
9.591058680080823129e-02
9.588789171944957224e-02
9.586520318098915028e-02
9.584252117793057302e-02
9.581984570281598668e-02
9.579717674822600670e-02
9.577451430677939859e-02
9.575185837113281417e-02
9.572920893398068065e-02
9.570656598805477033e-02
9.568392952612421454e-02
9.566129954099501786e-02
9.563867602551000269e-02
9.561605897254858710e-02
9.559344837502636860e-02
9.557084422589516570e-02
9.554824651814258774e-02
9.552565524479186831e-02
9.550307039890172656e-02
9.548049197356602014e-02
9.545791996191360651e-02
9.543535435710814863e-02
9.541279515234780961e-02
9.539024234086511400e-02
9.536769591592664241e-02
9.534515587083298993e-02
9.532262219891843302e-02
9.530009489355065200e-02
9.527757394813068936e-02
9.525505935609265840e-02
9.523255111090354885e-02
9.521004920606299105e-02
9.518755363510310319e-02
9.516506439158828323e-02
9.514258146911493130e-02
9.512010486131142195e-02
9.509763456183771557e-02
9.507517056438527514e-02
9.505271286267684416e-02
9.503026145046626627e-02
9.500781632153822154e-02
9.498537746970819873e-02
9.496294488882206508e-02
9.494051857275616346e-02
9.491809851541679888e-02
9.489568471074037725e-02
9.487327715269298911e-02
9.485087583527035404e-02
9.482848075249750153e-02
9.480609189842877094e-02
9.478370926714750622e-02
9.476133285276587548e-02
9.473896264942475998e-02
9.471659865129353206e-02
9.469424085256986090e-02
9.467188924747955980e-02
9.464954383027651685e-02
9.462720459524226468e-02
9.460487153668606375e-02
9.458254464894462477e-02
9.456022392638191443e-02
9.453790936338903050e-02
9.451560095438403530e-02
9.449329869381177527e-02
9.447100257614367280e-02
9.444871259587767076e-02
9.442642874753796878e-02
9.440415102567491223e-02
9.438187942486477022e-02
9.435961393970962452e-02
9.433735456483730020e-02
9.431510129490099092e-02
9.429285412457930060e-02
9.427061304857596580e-02
9.424837806161971698e-02
9.422614915846427852e-02
9.420392633388789683e-02
9.418170958269353465e-02
9.415949889970849640e-02
9.413729427978434483e-02
9.411509571779674843e-02
9.409290320864534263e-02
9.407071674725356325e-02
9.404853632856854939e-02
9.402636194756092136e-02
9.400419359922461415e-02
9.398203127857694683e-02
9.395987498065815069e-02
9.393772470053153578e-02
9.391558043328307459e-02
9.389344217402156856e-02
9.387130991787820400e-02
9.384918366000659373e-02
9.382706339558256892e-02
9.380494911980416517e-02
9.378284082789127563e-02
9.376073851508563706e-02
9.373864217665077436e-02
9.371655180787168138e-02
9.369446740405482088e-02
9.367238896052799968e-02
9.365031647264011883e-02
9.362824993576115973e-02
9.360618934528200374e-02
9.358413469661434891e-02
9.356208598519048791e-02
9.354004320646328030e-02
9.351800635590594435e-02
9.349597542901204317e-02
9.347395042129520715e-02
9.345193132828912008e-02
9.342991814554743590e-02
9.340791086864347337e-02
9.338590949317027157e-02
9.336391401474040952e-02
9.334192442898585351e-02
9.331994073155788771e-02
9.329796291812696152e-02
9.327599098438262015e-02
9.325402492603329652e-02
9.323206473880626954e-02
9.321011041844755318e-02
9.318816196072174374e-02
9.316621936141186722e-02
9.314428261631942096e-02
9.312235172126404059e-02
9.310042667208361100e-02
9.307850746463394720e-02
9.305659409478886368e-02
9.303468655843993851e-02
9.301278485149647168e-02
9.299088896988538799e-02
9.296899890955100110e-02
9.294711466645505515e-02
9.292523623657659992e-02
9.290336361591179648e-02
9.288149680047387557e-02
9.285963578629302662e-02
9.283778056941628665e-02
9.281593114590742932e-02
9.279408751184688164e-02
9.277224966333162681e-02
9.275041759647503770e-02
9.272859130740689071e-02
9.270677079227312989e-02
9.268495604723589465e-02
9.266314706847336713e-02
9.264134385217957790e-02
9.261954639456453087e-02
9.259775469185388408e-02
9.257596874028899137e-02
9.255418853612673580e-02
9.253241407563944643e-02
9.251064535511487052e-02
9.248888237085596542e-02
9.246712511918089850e-02
9.244537359642292229e-02
9.242362779893026348e-02
9.240188772306601184e-02
9.238015336520814802e-02
9.235842472174930762e-02
9.233670178909676729e-02
9.231498456367237537e-02
9.229327304191239922e-02
9.227156722026738644e-02
9.224986709520230366e-02
9.222817266319621732e-02
9.220648392074232147e-02
9.218480086434775733e-02
9.216312349053368269e-02
9.214145179583506373e-02
9.211978577680057789e-02
9.209812542999262774e-02
9.207647075198718833e-02
9.205482173937373780e-02
9.203317838875513246e-02
9.201154069674769009e-02
9.198990865998087074e-02
9.196828227509735998e-02
9.194666153875291625e-02
9.192504644761635701e-02
9.190343699836940605e-02
9.188183318770663799e-02
9.186023501233547828e-02
9.183864246897595340e-02
9.181705555436074639e-02
9.179547426523515519e-02
9.177389859835689834e-02
9.175232855049603176e-02
9.173076411843507361e-02
9.170920529896862960e-02
9.168765208890361507e-02
9.166610448505893571e-02
9.164456248426555707e-02
9.162302608336642118e-02
9.160149527921633561e-02
9.157997006868184853e-02
9.155845044864131810e-02
9.153693641598473207e-02
9.151542796761368004e-02
9.149392510044124238e-02
9.147242781139197643e-02
9.145093609740181928e-02
9.142944995541800457e-02
9.140796938239899305e-02
9.138649437531444486e-02
9.136502493114512236e-02
9.134356104688279299e-02
9.132210271953027092e-02
9.130064994610116724e-02
9.127920272362002874e-02
9.125776104912210196e-02
9.123632491965338875e-02
9.121489433227046584e-02
9.119346928404058195e-02
9.117204977204143579e-02
9.115063579336114830e-02
9.112922734509830425e-02
9.110782442436177186e-02
9.108642702827061954e-02
9.106503515395421300e-02
9.104364879855200710e-02
9.102226795921351810e-02
9.100089263309826815e-02
9.097952281737579916e-02
9.095815850922542301e-02
9.093679970583644356e-02
9.091544640440775427e-02
9.089409860214812953e-02
9.087275629627589169e-02
9.085141948401896650e-02
9.083008816261488316e-02
9.080876232931059389e-02
9.078744198136243226e-02
9.076612711603623818e-02
9.074481773060702472e-02
9.072351382235911699e-02
9.070221538858598553e-02
9.068092242659034352e-02
9.065963493368386916e-02
9.063835290718738613e-02
9.061707634443057213e-02
9.059580524275212543e-02
9.057453959949958444e-02
9.055327941202924447e-02
9.053202467770625483e-02
9.051077539390445237e-02
9.048953155800623649e-02
9.046829316740273574e-02
9.044706021949354413e-02
9.042583271168680437e-02
9.040461064139908298e-02
9.038339400605532870e-02
9.036218280308888628e-02
9.034097702994133006e-02
9.031977668406257487e-02
9.029858176291064020e-02
9.027739226395174732e-02
9.025620818466016659e-02
9.023502952251828690e-02
9.021385627501646298e-02
9.019268843965297378e-02
9.017152601393405020e-02
9.015036899537376414e-02
9.012921738149397288e-02
9.010807116982436082e-02
9.008693035790227288e-02
9.006579494327272839e-02
9.004466492348840723e-02
9.002354029610952491e-02
9.000242105870386033e-02
8.998130720884667255e-02
8.996019874412065909e-02
8.993909566211591433e-02
8.991799796042990178e-02
8.989690563666737078e-02
8.987581868844037036e-02
8.985473711336813829e-02
8.983366090907710100e-02
8.981259007320081811e-02
8.979152460337998243e-02
8.977046449726228117e-02
8.974940975250245145e-02
8.972836036676215543e-02
8.970731633771004965e-02
8.968627766302159077e-02
8.966524434037911884e-02
8.964421636747181565e-02
8.962319374199555211e-02
8.960217646165294370e-02
8.958116452415330888e-02
8.956015792721259972e-02
8.953915666855337407e-02
8.951816074590469852e-02
8.949717015700220379e-02
8.947618489958805710e-02
8.945520497141080940e-02
8.943423037022533995e-02
8.941326109379307829e-02
8.939229713988164350e-02
8.937133850626502451e-02
8.935038519072339980e-02
8.932943719104319280e-02
8.930849450501703035e-02
8.928755713044368714e-02
8.926662506512801631e-02
8.924569830688092176e-02
8.922477685351941357e-02
8.920386070286642766e-02
8.918294985275090903e-02
8.916204430100771461e-02
8.914114404547764103e-02
8.912024908400723033e-02
8.909935941444896423e-02
8.907847503466102823e-02
8.905759594250743649e-02
8.903672213585789308e-02
8.901585361258775031e-02
8.899499037057807815e-02
8.897413240771549769e-02
8.895327972189231991e-02
8.893243231100625423e-02
8.891159017296071387e-02
8.889075330566438560e-02
8.886992170703161831e-02
8.884909537498210386e-02
8.882827430744086317e-02
8.880745850233834338e-02
8.878664795761030681e-02
8.876584267119781713e-02
8.874504264104719764e-02
8.872424786510997585e-02
8.870345834134295282e-02
8.868267406770800887e-02
8.866189504217224238e-02
8.864112126270783099e-02
8.862035272729203161e-02
8.859958943390715269e-02
8.857883138054054029e-02
8.855807856518450871e-02
8.853733098583636829e-02
8.851658864049832820e-02
8.849585152717753811e-02
8.847511964388593553e-02
8.845439298864045397e-02
8.843367155946271763e-02
8.841295535437919406e-02
8.839224437142109703e-02
8.837153860862441423e-02
8.835083806402978246e-02
8.833014273568251529e-02
8.830945262163265863e-02
8.828876771993481032e-02
8.826808802864817560e-02
8.824741354583655328e-02
8.822674426956825244e-02
8.820608019791617571e-02
8.818542132895758334e-02
8.816476766077430138e-02
8.814411919145258290e-02
8.812347591908309408e-02
8.810283784176087263e-02
8.808220495758525836e-02
8.806157726466005975e-02
8.804095476109327634e-02
8.802033744499729306e-02
8.799972531448863045e-02
8.797911836768819438e-02
8.795851660272097083e-02
8.793792001771622013e-02
8.791732861080728267e-02
8.789674238013174545e-02
8.787616132383120615e-02
8.785558544005142578e-02
8.783501472694214829e-02
8.781444918265729482e-02
8.779388880535465844e-02
8.777333359319614003e-02
8.775278354434754013e-02
8.773223865697864221e-02
8.771169892926317102e-02
8.769116435937870935e-02
8.767063494550676739e-02
8.765011068583267173e-02
8.762959157854567638e-02
8.760907762183872682e-02
8.758856881390864046e-02
8.756806515295599558e-02
8.754756663718507581e-02
8.752707326480398120e-02
8.750658503402439226e-02
8.748610194306184751e-02
8.746562399013534106e-02
8.744515117346768340e-02
8.742468349128522387e-02
8.740422094181792001e-02
8.738376352329930985e-02
8.736331123396653964e-02
8.734286407206025282e-02
8.732242203582457618e-02
8.730198512350717532e-02
8.728155333335922694e-02
8.726112666363533554e-02
8.724070511259350569e-02
8.722028867849521139e-02
8.719987735960534059e-02
8.717947115419208415e-02
8.715907006052710237e-02
8.713867407688531685e-02
8.711828320154495209e-02
8.709789743278764651e-02
8.707751676889824433e-02
8.705714120816483714e-02
8.703677074887880560e-02
8.701640538933475000e-02
8.699604512783050414e-02
8.697568996266703822e-02
8.695533989214856985e-02
8.693499491458241135e-02
8.691465502827903922e-02
8.689432023155205242e-02
8.687399052271814470e-02
8.685366590009711840e-02
8.683334636201180123e-02
8.681303190678810178e-02
8.679272253275499560e-02
8.677241823824437261e-02
8.675211902159123134e-02
8.673182488113348465e-02
8.671153581521207077e-02
8.669125182217080061e-02
8.667097290035646884e-02
8.665069904811875667e-02
8.663043026381030132e-02
8.661016654578657104e-02
8.658990789240587904e-02
8.656965430202948064e-02
8.654940577302139282e-02
8.652916230374840811e-02
8.650892389258028892e-02
8.648869053788937888e-02
8.646846223805094989e-02
8.644823899144296608e-02
8.642802079644613944e-02
8.640780765144390196e-02
8.638759955482237796e-02
8.636739650497046727e-02
8.634719850027965105e-02
8.632700553914411656e-02
8.630681761996072954e-02
8.628663474112893694e-02
8.626645690105086417e-02
8.624628409813120400e-02
8.622611633077725823e-02
8.620595359739885444e-02
8.618579589640848471e-02
8.616564322622108363e-02
8.614549558525422257e-02
8.612535297192790151e-02
8.610521538466468783e-02
8.608508282188961913e-02
8.606495528203018941e-02
8.604483276351643228e-02
8.602471526478075448e-02
8.600460278425799132e-02
8.598449532038554555e-02
8.596439287160304032e-02
8.594429543635261071e-02
8.592420301307876485e-02
8.590411560022835624e-02
8.588403319625063925e-02
8.586395579959714419e-02
8.584388340872180223e-02
8.582381602208086213e-02
8.580375363813280698e-02
8.578369625533850684e-02
8.576364387216105223e-02
8.574359648706585124e-02
8.572355409852053243e-02
8.570351670499495866e-02
8.568348430496128265e-02
8.566345689689382203e-02
8.564343447926912878e-02
8.562341705056597529e-02
8.560340460926525730e-02
8.558339715385010482e-02
8.556339468280577121e-02
8.554339719461968861e-02
8.552340468778137084e-02
8.550341716078255216e-02
8.548343461211697913e-02
8.546345704028061874e-02
8.544348444377135310e-02
8.542351682108935418e-02
8.540355417073670907e-02
8.538359649121765593e-02
8.536364378103843131e-02
8.534369603870728405e-02
8.532375326273457239e-02
8.530381545163259749e-02
8.528388260391565889e-02
8.526395471810016558e-02
8.524403179270433062e-02
8.522411382624849041e-02
8.520420081725481321e-02
8.518429276424759056e-02
8.516438966575284875e-02
8.514449152029870960e-02
8.512459832641515456e-02
8.510471008263401083e-02
8.508482678748914563e-02
8.506494843951618867e-02
8.504507503725269868e-02
8.502520657923812175e-02
8.500534306401370810e-02
8.498548449012265082e-02
8.496563085610990551e-02
8.494578216052221797e-02
8.492593840190830468e-02
8.490609957881856129e-02
8.488626568980521536e-02
8.486643673342232630e-02
8.484661270822567436e-02
8.482679361277287167e-02
8.480697944562325119e-02
8.478717020533793614e-02
8.476736589047977055e-02
8.474756649961336097e-02
8.472777203130497925e-02
8.470798248412267362e-02
8.468819785663621313e-02
8.466841814741701833e-02
8.464864335503824444e-02
8.462887347807465654e-02
8.460910851510278219e-02
8.458934846470078650e-02
8.456959332544847219e-02
8.454984309592729341e-02
8.453009777472036967e-02
8.451035736041238866e-02
8.449062185158974503e-02
8.447089124684041550e-02
8.445116554475394499e-02
8.443144474392152987e-02
8.441172884293589307e-02
8.439201784039140897e-02
8.437231173488402014e-02
8.435261052501116796e-02
8.433291420937187588e-02
8.431322278656679103e-02
8.429353625519798998e-02
8.427385461386915910e-02
8.425417786118549746e-02
8.423450599575370290e-02
8.421483901618197210e-02
8.419517692108005602e-02
8.417551970905916281e-02
8.415586737873198553e-02
8.413621992871268829e-02
8.411657735761694787e-02
8.409693966406191212e-02
8.407730684666610277e-02
8.405767890404955422e-02
8.403805583483378583e-02
8.401843763764164918e-02
8.399882431109749470e-02
8.397921585382707443e-02
8.395961226445756986e-02
8.394001354161755024e-02
8.392041968393695872e-02
8.390083069004722338e-02
8.388124655858106293e-02
8.386166728817262550e-02
8.384209287745740535e-02
8.382252332507229842e-02
8.380295862965549125e-02
8.378339878984659983e-02
8.376384380428657239e-02
8.374429367161760618e-02
8.372474839048336948e-02
8.370520795952875182e-02
8.368567237740000275e-02
8.366614164274467635e-02
8.364661575421163120e-02
8.362709471045108589e-02
8.360757851011439701e-02
8.358806715185436442e-02
8.356856063432500925e-02
8.354905895618161549e-02
8.352956211608074388e-02
8.351007011268024582e-02
8.349058294463918006e-02
8.347110061061790987e-02
8.345162310927797811e-02
8.343215043928220442e-02
8.341268259929468520e-02
8.339321958798059931e-02
8.337376140400651336e-02
8.335430804604011812e-02
8.333485951275029779e-02
8.331541580280719950e-02
8.329597691488213607e-02
8.327654284764762771e-02
8.325711359977730486e-02
8.323768916994607470e-02
8.321826955683001015e-02
8.319885475910626660e-02
8.317944477545324844e-02
8.316003960455048416e-02
8.314063924507865411e-02
8.312124369571957661e-02
8.310185295515624959e-02
8.308246702207276735e-02
8.306308589515436214e-02
8.304370957308737644e-02
8.302433805455931848e-02
8.300497133825879281e-02
8.298560942287547260e-02
8.296625230710019672e-02
8.294689998962483102e-02
8.292755246914242095e-02
8.290820974434703894e-02
8.288887181393383985e-02
8.286953867659910267e-02
8.285021033104013333e-02
8.283088677595533411e-02
8.281156801004417589e-02
8.279225403200714262e-02
8.277294484054580070e-02
8.275364043436282679e-02
8.273434081216181346e-02
8.271504597264750513e-02
8.269575591452563157e-02
8.267647063650293560e-02
8.265719013728724252e-02
8.263791441558736295e-02
8.261864347011309284e-02
8.259937729957531061e-02
8.258011590268583835e-02
8.256085927815752512e-02
8.254160742470420531e-02
8.252236034104072637e-02
8.250311802588296273e-02
8.248388047794764921e-02
8.246464769595258926e-02
8.244541967861661325e-02
8.242619642465943974e-02
8.240697793280171712e-02
8.238776420176513460e-02
8.236855523027233894e-02
8.234935101704690674e-02
8.233015156081334440e-02
8.231095686029712977e-02
8.229176691422473988e-02
8.227258172132341507e-02
8.225340128032150588e-02
8.223422558994823717e-02
8.221505464893374970e-02
8.219588845600904470e-02
8.217672700990613643e-02
8.215757030935792737e-02
8.213841835309819428e-02
8.211927113986165760e-02
8.210012866838391210e-02
8.208099093740141294e-02
8.206185794565158675e-02
8.204272969187274833e-02
8.202360617480404514e-02
8.200448739318552671e-02
8.198537334575806135e-02
8.196626403126354432e-02
8.194715944844459254e-02
8.192805959604473887e-02
8.190896447280840431e-02
8.188987407748084257e-02
8.187078840880816777e-02
8.185170746553734056e-02
8.183263124641618202e-02
8.181355975019334592e-02
8.179449297561834642e-02
8.177543092144150261e-02
8.175637358641402175e-02
8.173732096928786051e-02
8.171827306881587760e-02
8.169922988375172279e-02
8.168019141284989237e-02
8.166115765486560429e-02
8.164212860855507570e-02
8.162310427267513435e-02
8.160408464598352396e-02
8.158506972723876538e-02
8.156605951520019826e-02
8.154705400862795328e-02
8.152805320628292440e-02
8.150905710692681050e-02
8.149006570932211535e-02
8.147107901223214765e-02
8.145209701442092387e-02
8.143311971465329313e-02
8.141414711169484009e-02
8.139517920431199594e-02
8.137621599127185801e-02
8.135725747134238406e-02
8.133830364329222573e-02
8.131935450589082570e-02
8.130041005790837605e-02
8.128147029811580437e-02
8.126253522528480155e-02
8.124360483818784950e-02
8.122467913559809627e-02
8.120575811628946705e-02
8.118684177903665034e-02
8.116793012261502849e-02
8.114902314580073328e-02
8.113012084737061813e-02
8.111122322610229973e-02
8.109233028077403316e-02
8.107344201016490615e-02
8.105455841305465869e-02
8.103567948822372469e-02
8.101680523445328741e-02
8.099793565052527955e-02
8.097907073522225829e-02
8.096021048732751635e-02
8.094135490562508195e-02
8.092250398889962171e-02
8.090365773593655163e-02
8.088481614552196775e-02
8.086597921644264608e-02
8.084714694748602881e-02
8.082831933744030750e-02
8.080949638509432598e-02
8.079067808923755256e-02
8.077186444866021886e-02
8.075305546215322261e-02
8.073425112850805829e-02
8.071545144651696979e-02
8.069665641497282549e-02
8.067786603266920153e-02
8.065908029840028470e-02
8.064029921096094178e-02
8.062152276914676119e-02
8.060275097175384484e-02
8.058398381757909956e-02
8.056522130541998727e-02
8.054646343407467768e-02
8.052771020234189558e-02
8.050896160902112908e-02
8.049021765291244912e-02
8.047147833281652340e-02
8.045274364753474128e-02
8.043401359586907495e-02
8.041528817662213502e-02
8.039656738859717044e-02
8.037785123059802694e-02
8.035913970142925800e-02
8.034043279989593056e-02
8.032173052480383324e-02
8.030303287495930975e-02
8.028433984916931443e-02
8.026565144624149550e-02
8.024696766498402856e-02
8.022828850420569979e-02
8.020961396271601707e-02
8.019094403932491844e-02
8.017227873284309136e-02
8.015361804208177843e-02
8.013496196585279119e-02
8.011631050296856571e-02
8.009766365224214868e-02
8.007902141248716965e-02
8.006038378251782717e-02
8.004175076114891652e-02
8.002312234719588524e-02
8.000449853947465273e-02
7.998587933680180451e-02
7.996726473799448121e-02
7.994865474187042020e-02
7.993004934724791399e-02
7.991144855294582405e-02
7.989285235778362249e-02
7.987426076058135038e-02
7.985567376015956231e-02
7.983709135533945123e-02
7.981851354494272355e-02
7.979994032779169633e-02
7.978137170270920009e-02
7.976280766851867599e-02
7.974424822404409252e-02
7.972569336810995944e-02
7.970714309954139709e-02
7.968859741716402545e-02
7.967005631980406122e-02
7.965151980628823458e-02
7.963298787544383084e-02
7.961446052609870427e-02
7.959593775708125041e-02
7.957741956722036436e-02
7.955890595534551024e-02
7.954039692028672115e-02
7.952189246087454366e-02
7.950339257594005171e-02
7.948489726431484659e-02
7.946640652483108469e-02
7.944792035632146365e-02
7.942943875761919459e-02
7.941096172755798821e-02
7.939248926497212422e-02
7.937402136869640967e-02
7.935555803756612347e-02
7.933709927041709964e-02
7.931864506608572729e-02
7.930019542340886740e-02
7.928175034122386666e-02
7.926330981836866851e-02
7.924487385368168824e-02
7.922644244600182684e-02
7.920801559416856819e-02
7.918959329702182637e-02
7.917117555340207058e-02
7.915276236215026961e-02
7.913435372210785024e-02
7.911594963211683595e-02
7.909755009101968048e-02
7.907915509765932327e-02
7.906076465087927274e-02
7.904237874952348142e-02
7.902399739243640142e-02
7.900562057846301223e-02
7.898724830644875128e-02
7.896888057523955562e-02
7.895051738368184802e-02
7.893215873062256471e-02
7.891380461490908604e-02
7.889545503538934745e-02
7.887710999091167297e-02
7.885876948032496947e-02
7.884043350247857407e-02
7.882210205622226795e-02
7.880377514040635967e-02
7.878545275388168512e-02
7.876713489549941327e-02
7.874882156411135148e-02
7.873051275856964015e-02
7.871220847772700258e-02
7.869390872043653673e-02
7.867561348555189571e-02
7.865732277192717670e-02
7.863903657841689321e-02
7.862075490387607224e-02
7.860247774716021263e-02
7.858420510712524343e-02
7.856593698262756553e-02
7.854767337252407944e-02
7.852941427567208810e-02
7.851115969092935243e-02
7.849290961715418846e-02
7.847466405320524530e-02
7.845642299794168550e-02
7.843818645022312963e-02
7.841995440890960067e-02
7.840172687286166286e-02
7.838350384094025514e-02
7.836528531200681602e-02
7.834707128492313100e-02
7.832886175855156841e-02
7.831065673175487130e-02
7.829245620339624068e-02
7.827426017233926614e-02
7.825606863744809238e-02
7.823788159758722494e-02
7.821969905162158565e-02
7.820152099841660986e-02
7.818334743683813537e-02
7.816517836575244405e-02
7.814701378402620635e-02
7.812885369052662010e-02
7.811069808412121618e-02
7.809254696367805282e-02
7.807440032806549357e-02
7.805625817615249873e-02
7.803812050680832002e-02
7.801998731890272265e-02
7.800185861130579101e-02
7.798373438288815074e-02
7.796561463252082991e-02
7.794749935907523131e-02
7.792938856142321569e-02
7.791128223843703238e-02
7.789318038898941643e-02
7.787508301195347760e-02
7.785699010620271421e-02
7.783890167061111032e-02
7.782081770405303855e-02
7.780273820540327401e-02
7.778466317353702197e-02
7.776659260732987633e-02
7.774852650565788892e-02
7.773046486739751404e-02
7.771240769142555294e-02
7.769435497661930645e-02
7.767630672185643625e-02
7.765826292601500647e-02
7.764022358797351142e-02
7.762218870661086179e-02
7.760415828080634293e-02
7.758613230943964267e-02
7.756811079139090681e-02
7.755009372554060032e-02
7.753208111076966003e-02
7.751407294595941133e-02
7.749606922999155434e-02
7.747806996174817773e-02
7.746007514011182815e-02
7.744208476396538532e-02
7.742409883219220079e-02
7.740611734367591756e-02
7.738814029730070598e-02
7.737016769195097232e-02
7.735219952651166408e-02
7.733423579986803409e-02
7.731627651090575148e-02
7.729832165851088788e-02
7.728037124156988957e-02
7.726242525896959146e-02
7.724448370959720311e-02
7.722654659234039209e-02
7.720861390608711738e-02
7.719068564972578206e-02
7.717276182214513613e-02
7.715484242223438760e-02
7.713692744888302200e-02
7.711901690098101059e-02
7.710111077741864383e-02
7.708320907708657299e-02
7.706531179887593508e-02
7.704741894167815852e-02
7.702953050438504645e-02
7.701164648588883221e-02
7.699376688508205446e-02
7.697589170085772370e-02
7.695802093210915573e-02
7.694015457773008271e-02
7.692229263661455596e-02
7.690443510765707091e-02
7.688658198975242830e-02
7.686873328179587295e-02
7.685088898268294111e-02
7.683304909130964089e-02
7.681521360657223019e-02
7.679738252736742488e-02
7.677955585259230165e-02
7.676173358114422862e-02
7.674391571192108741e-02
7.672610224382095390e-02
7.670829317574240358e-02
7.669048850658433114e-02
7.667268823524596433e-02
7.665489236062693335e-02
7.663710088162725698e-02
7.661931379714725932e-02
7.660153110608762528e-02
7.658375280734946999e-02
7.656597889983421390e-02
7.654820938244361050e-02
7.653044425407987128e-02
7.651268351364547138e-02
7.649492716004330228e-02
7.647717519217656079e-02
7.645942760894883228e-02
7.644168440926410457e-02
7.642394559202660143e-02
7.640621115614106007e-02
7.638848110051241203e-02
7.637075542404606066e-02
7.635303412564772851e-02
7.633531720422340183e-02
7.631760465867960808e-02
7.629989648792302737e-02
7.628219269086082555e-02
7.626449326640045989e-02
7.624679821344976238e-02
7.622910753091689806e-02
7.621142121771036504e-02
7.619373927273905001e-02
7.617606169491217272e-02
7.615838848313927212e-02
7.614071963633024798e-02
7.612305515339538864e-02
7.610539503324527388e-02
7.608773927479083043e-02
7.607008787694337359e-02
7.605244083861451010e-02
7.603479815871619363e-02
7.601715983616078032e-02
7.599952586986090386e-02
7.598189625872954489e-02
7.596427100168008650e-02
7.594665009762617547e-02
7.592903354548183326e-02
7.591142134416140053e-02
7.589381349257962039e-02
7.587620998965149965e-02
7.585861083429239204e-02
7.584101602541801213e-02
7.582342556194440752e-02
7.580583944278797282e-02
7.578825766686543564e-02
7.577068023309381506e-02
7.575310714039049098e-02
7.573553838767321800e-02
7.571797397386001438e-02
7.570041389786927311e-02
7.568285815861973409e-02
7.566530675503044256e-02
7.564775968602074907e-02
7.563021695051040660e-02
7.561267854741944572e-02
7.559514447566820228e-02
7.557761473417742848e-02
7.556008932186815408e-02
7.554256823766170026e-02
7.552505148047977679e-02
7.550753904924441262e-02
7.549003094287791427e-02
7.547252716030301845e-02
7.545502770044265617e-02
7.543753256222016090e-02
7.542004174455922694e-02
7.540255524638375673e-02
7.538507306661811069e-02
7.536759520418687130e-02
7.535012165801499573e-02
7.533265242702776032e-02
7.531518751015071900e-02
7.529772690630982812e-02
7.528027061443130774e-02
7.526281863344169709e-02
7.524537096226788235e-02
7.522792759983705502e-02
7.521048854507676740e-02
7.519305379691482161e-02
7.517562335427936671e-02
7.515819721609891257e-02
7.514077538130221889e-02
7.512335784881840617e-02
7.510594461757691409e-02
7.508853568650747379e-02
7.507113105454016333e-02
7.505373072060533834e-02
7.503633468363374304e-02
7.501894294255634366e-02
7.500155549630448115e-02
7.498417234380980179e-02
7.496679348400421550e-02
7.494941891582003468e-02
7.493204863818983541e-02
7.491468265004652682e-02
7.489732095032330950e-02
7.487996353795366156e-02
7.486261041187147747e-02
7.484526157101085986e-02
7.482791701430628606e-02
7.481057674069251096e-02
7.479324074910460862e-02
7.477590903847798620e-02
7.475858160774831451e-02
7.474125845585162520e-02
7.472393958172419970e-02
7.470662498430270804e-02
7.468931466252401452e-02
7.467200861532544143e-02
7.465470684164447757e-02
7.463740934041900033e-02
7.462011611058719240e-02
7.460282715108744467e-02
7.458554246085861983e-02
7.456826203883976101e-02
7.455098588397023052e-02
7.453371399518975149e-02
7.451644637143831074e-02
7.449918301165621426e-02
7.448192391478403174e-02
7.446466907976272143e-02
7.444741850553346363e-02
7.443017219103777171e-02
7.441293013521745048e-02
7.439569233701467943e-02
7.437845879537180460e-02
7.436122950923158836e-02
7.434400447753704289e-02
7.432678369923149952e-02
7.430956717325858107e-02
7.429235489856220176e-02
7.427514687408660887e-02
7.425794309877634114e-02
7.424074357157615933e-02
7.422354829143125443e-02
7.420635725728701171e-02
7.418917046808917726e-02
7.417198792278377473e-02
7.415480962031707757e-02
7.413763555963574781e-02
7.412046573968666952e-02
7.410330015941707371e-02
7.408613881777445509e-02
7.406898171370662753e-02
7.405182884616166861e-02
7.403468021408798894e-02
7.401753581643424895e-02
7.400039565214949766e-02
7.398325972018295060e-02
7.396612801948419802e-02
7.394900054900314934e-02
7.393187730768990829e-02
7.391475829449498103e-02
7.389764350836906803e-02
7.388053294826325834e-02
7.386342661312886304e-02
7.384632450191748465e-02
7.382922661358110039e-02
7.381213294707190953e-02
7.379504350134234725e-02
7.377795827534530670e-02
7.376087726803381983e-02
7.374380047836126550e-02
7.372672790528134179e-02
7.370965954774796880e-02
7.369259540471542747e-02
7.367553547513822076e-02
7.365847975797118474e-02
7.364142825216947463e-02
7.362438095668846771e-02
7.360733787048386045e-02
7.359029899251159912e-02
7.357326432172804631e-02
7.355623385708964790e-02
7.353920759755334935e-02
7.352218554207623491e-02
7.350516768961569414e-02
7.348815403912951905e-02
7.347114458957565430e-02
7.345413933991236377e-02
7.343713828909824437e-02
7.342014143609215671e-02
7.340314877985321118e-02
7.338616031934085127e-02
7.336917605351475635e-02
7.335219598133498053e-02
7.333522010176174444e-02
7.331824841375562951e-02
7.330128091627749476e-02
7.328431760828843511e-02
7.326735848874992019e-02
7.325040355662360003e-02
7.323345281087148551e-02
7.321650625045583727e-02
7.319956387433916578e-02
7.318262568148437008e-02
7.316569167085447412e-02
7.314876184141294591e-02
7.313183619212343389e-02
7.311491472194987795e-02
7.309799742985655102e-02
7.308108431480792033e-02
7.306417537576885557e-02
7.304727061170436520e-02
7.303037002157986013e-02
7.301347360436097333e-02
7.299658135901362921e-02
7.297969328450400195e-02
7.296280937979858494e-02
7.294592964386413525e-02
7.292905407566770137e-02
7.291218267417660936e-02
7.289531543835842120e-02
7.287845236718104580e-02
7.286159345961262801e-02
7.284473871462157635e-02
7.282788813117661852e-02
7.281104170824674593e-02
7.279419944480121363e-02
7.277736133980954036e-02
7.276052739224157795e-02
7.274369760106741412e-02
7.272687196525740028e-02
7.271005048378220703e-02
7.269323315561272703e-02
7.267641997972019985e-02
7.265961095507605938e-02
7.264280608065207256e-02
7.262600535542027003e-02
7.260920877835294607e-02
7.259241634842268642e-02
7.257562806460231275e-02
7.255884392586496590e-02
7.254206393118406426e-02
7.252528807953324830e-02
7.250851636988646376e-02
7.249174880121794784e-02
7.247498537250221529e-02
7.245822608271400289e-02
7.244147093082832500e-02
7.242471991582057067e-02
7.240797303666622609e-02
7.239123029234123541e-02
7.237449168182168158e-02
7.235775720408399447e-02
7.234102685810482603e-02
7.232430064286111959e-02
7.230757855733013773e-02
7.229086060048929563e-02
7.227414677131641096e-02
7.225743706878949568e-02
7.224073149188686704e-02
7.222403003958706436e-02
7.220733271086897387e-02
7.219063950471169000e-02
7.217395042009455697e-02
7.215726545599727981e-02
7.214058461139977174e-02
7.212390788528220964e-02
7.210723527662507570e-02
7.209056678440910193e-02
7.207390240761524236e-02
7.205724214522482574e-02
7.204058599621936121e-02
7.202393395958066324e-02
7.200728603429080998e-02
7.199064221933212937e-02
7.197400251368724078e-02
7.195736691633904114e-02
7.194073542627064943e-02
7.192410804246547606e-02
7.190748476390723676e-02
7.189086558957984152e-02
7.187425051846750568e-02
7.185763954955476374e-02
7.184103268182633062e-02
7.182442991426722656e-02
7.180783124586269384e-02
7.179123667559833555e-02
7.177464620245993521e-02
7.175805982543358164e-02
7.174147754350562733e-02
7.172489935566267460e-02
7.170832526089160330e-02
7.169175525817954309e-02
7.167518934651392892e-02
7.165862752488239007e-02
7.164206979227290273e-02
7.162551614767363739e-02
7.160896659007308374e-02
7.159242111845995349e-02
7.157587973182323593e-02
7.155934242915219790e-02
7.154280920943635602e-02
7.152628007166550450e-02
7.150975501482968733e-02
7.149323403791921216e-02
7.147671713992466425e-02
7.146020431983686472e-02
7.144369557664691228e-02
7.142719090934618320e-02
7.141069031692630353e-02
7.139419379837913526e-02
7.137770135269684568e-02
7.136121297887190740e-02
7.134472867589687628e-02
7.132824844276475229e-02
7.131177227846874356e-02
7.129530018200232189e-02
7.127883215235915337e-02
7.126236818853325106e-02
7.124590828951885002e-02
7.122945245431046291e-02
7.121300068190285215e-02
7.119655297129104388e-02
7.118010932147032788e-02
7.116366973143622987e-02
7.114723420018458089e-02
7.113080272671140625e-02
7.111437531001307821e-02
7.109795194908617721e-02
7.108153264292753348e-02
7.106511739053424093e-02
7.104870619090371264e-02
7.103229904303351439e-02
7.101589594592157273e-02
7.099949689856600854e-02
7.098310189996519248e-02
7.096671094911785604e-02
7.095032404502288337e-02
7.093394118667943615e-02
7.091756237308695365e-02
7.090118760324512492e-02
7.088481687615394433e-02
7.086845019081357278e-02
7.085208754622446259e-02
7.083572894138739917e-02
7.081937437530333446e-02
7.080302384697348406e-02
7.078667735539939665e-02
7.077033489958278745e-02
7.075399647852566309e-02
7.073766209123029391e-02
7.072133173669921391e-02
7.070500541393523464e-02
7.068868312194133419e-02
7.067236485972083759e-02
7.065605062627727806e-02
7.063974042061449410e-02
7.062343424173651851e-02
7.060713208864767554e-02
7.059083396035253921e-02
7.057453985585593337e-02
7.055824977416297328e-02
7.054196371427894074e-02
7.052568167520947839e-02
7.050940365596040926e-02
7.049312965553784782e-02
7.047685967294818610e-02
7.046059370719799653e-02
7.044433175729412910e-02
7.042807382224375301e-02
7.041181990105424560e-02
7.039556999273320625e-02
7.037932409628856745e-02
7.036308221072842817e-02
7.034684433506116497e-02
7.033061046829548746e-02
7.031438060944025792e-02
7.029815475750463005e-02
7.028193291149800737e-02
7.026571507043011255e-02
7.024950123331077934e-02
7.023329139915020225e-02
7.021708556695881176e-02
7.020088373574728813e-02
7.018468590452653366e-02
7.016849207230774210e-02
7.015230223810235699e-02
7.013611640092205779e-02
7.011993455977874601e-02
7.010375671368465622e-02
7.008758286165218954e-02
7.007141300269402462e-02
7.005524713582320095e-02
7.003908526005281354e-02
7.002292737439633208e-02
7.000677347786750382e-02
6.999062356948020092e-02
6.997447764824868410e-02
6.995833571318740840e-02
6.994219776331100924e-02
6.992606379763452451e-02
6.990993381517310312e-02
6.989380781494221317e-02
6.987768579595758645e-02
6.986156775723514900e-02
6.984545369779110446e-02
6.982934361664192013e-02
6.981323751280431311e-02
6.979713538529523642e-02
6.978103723313190676e-02
6.976494305533173512e-02
6.974885285091246556e-02
6.973276661889206418e-02
6.971668435828871913e-02
6.970060606812088222e-02
6.968453174740725509e-02
6.966846139516680303e-02
6.965239501041872727e-02
6.963633259218250660e-02
6.962027413947778631e-02
6.960421965132453093e-02
6.958816912674296862e-02
6.957212256475350798e-02
6.955607996437687679e-02
6.954004132463399712e-02
6.952400664454606860e-02
6.950797592313451290e-02
6.949194915942104311e-02
6.947592635242758052e-02
6.945990750117632395e-02
6.944389260468969427e-02
6.942788166199037603e-02
6.941187467210127582e-02
6.939587163404556391e-02
6.937987254684670202e-02
6.936387740952833225e-02
6.934788622111433265e-02
6.933189898062895595e-02
6.931591568709655204e-02
6.929993633954176224e-02
6.928396093698951930e-02
6.926798947846496413e-02
6.925202196299351520e-02
6.923605838960077141e-02
6.922009875731265083e-02
6.920414306515527969e-02
6.918819131215504792e-02
6.917224349733858135e-02
6.915629961973275563e-02
6.914035967836466845e-02
6.912442367226168116e-02
6.910849160045146045e-02
6.909256346196179788e-02
6.907663925582083198e-02
6.906071898105690943e-02
6.904480263669858509e-02
6.902889022177474687e-02
6.901298173531446312e-02
6.899707717634702420e-02
6.898117654390205356e-02
6.896527983700935505e-02
6.894938705469895457e-02
6.893349819600119721e-02
6.891761325994663623e-02
6.890173224556604692e-02
6.888585515189045438e-02
6.886998197795120291e-02
6.885411272277977557e-02
6.883824738540794685e-02
6.882238596486772719e-02
6.880652846019141844e-02
6.879067487041147511e-02
6.877482519456069865e-02
6.875897943167200155e-02
6.874313758077869874e-02
6.872729964091421617e-02
6.871146561111231288e-02
6.869563549040692829e-02
6.867980927783227940e-02
6.866398697242284688e-02
6.864816857321327792e-02
6.863235407923851117e-02
6.861654348953377669e-02
6.860073680313442945e-02
6.858493401907619913e-02
6.856913513639495417e-02
6.855334015412685444e-02
6.853754907130830965e-02
6.852176188697592374e-02
6.850597860016660601e-02
6.849019920991744614e-02
6.847442371526582527e-02
6.845865211524936045e-02
6.844288440890586300e-02
6.842712059527344959e-02
6.841136067339043114e-02
6.839560464229536840e-02
6.837985250102712742e-02
6.836410424862467139e-02
6.834835988412739372e-02
6.833261940657477107e-02
6.831688281500657156e-02
6.830115010846285473e-02
6.828542128598383276e-02
6.826969634661006481e-02
6.825397528938226266e-02
6.823825811334138791e-02
6.822254481752869359e-02
6.820683540098564090e-02
6.819112986275389920e-02
6.817542820187542929e-02
6.815973041739245564e-02
6.814403650834734150e-02
6.812834647378281094e-02
6.811266031274171295e-02
6.809697802426721569e-02
6.808129960740272324e-02
6.806562506119184786e-02
6.804995438467842384e-02
6.803428757690659079e-02
6.801862463692066874e-02
6.800296556376528301e-02
6.798731035648519772e-02
6.797165901412549616e-02
6.795601153573153919e-02
6.794036792034877092e-02
6.792472816702301019e-02
6.790909227480031174e-02
6.789346024272688296e-02
6.787783206984923656e-02
6.786220775521410731e-02
6.784658729786847975e-02
6.783097069685954661e-02
6.781535795123476429e-02
6.779974906004185287e-02
6.778414402232868508e-02
6.776854283714346672e-02
6.775294550353459788e-02
6.773735202055070070e-02
6.772176238724068875e-02
6.770617660265364213e-02
6.769059466583894624e-02
6.767501657584618080e-02
6.765944233172517530e-02
6.764387193252602293e-02
6.762830537729898339e-02
6.761274266509464947e-02
6.759718379496380825e-02
6.758162876595742719e-02
6.756607757712679296e-02
6.755053022752341430e-02
6.753498671619898031e-02
6.751944704220551319e-02
6.750391120459517391e-02
6.748837920242042876e-02
6.747285103473392442e-02
6.745732670058862679e-02
6.744180619903766827e-02
6.742628952913441720e-02
6.741077668993249172e-02
6.739526768048580141e-02
6.737976249984840849e-02
6.736426114707466661e-02
6.734876362121910987e-02
6.733326992133659150e-02
6.731778004648211744e-02
6.730229399571099891e-02
6.728681176807875530e-02
6.727133336264105867e-02
6.725585877845398353e-02
6.724038801457372927e-02
6.722492107005674511e-02
6.720945794395973005e-02
6.719399863533956352e-02
6.717854314325349963e-02
6.716309146675886188e-02
6.714764360491332074e-02
6.713219955677475481e-02
6.711675932140122314e-02
6.710132289785111781e-02
6.708589028518299746e-02
6.707046148245562889e-02
6.705503648872812583e-02
6.703961530305972694e-02
6.702419792450994840e-02
6.700878435213854234e-02
6.699337458500548292e-02
6.697796862217102187e-02
6.696256646269554968e-02
6.694716810563983156e-02
6.693177355006471596e-02
6.691638279503138442e-02
6.690099583960124052e-02
6.688561268283588213e-02
6.687023332379717078e-02
6.685485776154720394e-02
6.683948599514830113e-02
6.682411802366303166e-02
6.680875384615417301e-02
6.679339346168475244e-02
6.677803686931801930e-02
6.676268406811747269e-02
6.674733505714686155e-02
6.673198983547010132e-02
6.671664840215144054e-02
6.670131075625521100e-02
6.668597689684617469e-02
6.667064682298914913e-02
6.665532053374928489e-02
6.663999802819195462e-02
6.662467930538272520e-02
6.660936436438741337e-02
6.659405320427211339e-02
6.657874582410304443e-02
6.656344222294681423e-02
6.654814239987008606e-02
6.653284635393987012e-02
6.651755408422342641e-02
6.650226558978816760e-02
6.648698086970178389e-02
6.647169992303220143e-02
6.645642274884752676e-02
6.644114934621617174e-02
6.642587971420674253e-02
6.641061385188808119e-02
6.639535175832922409e-02
6.638009343259948514e-02
6.636483887376846968e-02
6.634958808090586635e-02
6.633434105308172457e-02
6.631909778936621869e-02
6.630385828882985610e-02
6.628862255054333852e-02
6.627339057357754804e-02
6.625816235700367207e-02
6.624293789989307846e-02
6.622771720131738482e-02
6.621250026034847247e-02
6.619728707605838924e-02
6.618207764751941891e-02
6.616687197380416441e-02
6.615167005398532585e-02
6.613647188713599190e-02
6.612127747232933450e-02
6.610608680863881703e-02
6.609089989513815266e-02
6.607571673090127662e-02
6.606053731500230453e-02
6.604536164651562957e-02
6.603018972451590862e-02
6.601502154807792344e-02
6.599985711627677498e-02
6.598469642818780012e-02
6.596953948288647451e-02
6.595438627944860688e-02
6.593923681695015859e-02
6.592409109446736859e-02
6.590894911107669785e-02
6.589381086585481551e-02
6.587867635787865439e-02
6.586354558622529998e-02
6.584841854997217081e-02
6.583329524819687972e-02
6.581817567997721996e-02
6.580305984439123457e-02
6.578794774051727190e-02
6.577283936743379134e-02
6.575773472421957144e-02
6.574263380995355732e-02
6.572753662371497163e-02
6.571244316458324519e-02
6.569735343163801700e-02
6.568226742395921747e-02
6.566718514062690193e-02
6.565210658072147265e-02
6.563703174332348456e-02
6.562196062751372849e-02
6.560689323237324511e-02
6.559182955698329709e-02
6.557676960042536918e-02
6.556171336178114040e-02
6.554666084013260896e-02
6.553161203456191186e-02
6.551656694415146365e-02
6.550152556798388703e-02
6.548648790514202678e-02
6.547145395470896356e-02
6.545642371576804175e-02
6.544139718740274447e-02
6.542637436869687406e-02
6.541135525873439938e-02
6.539633985659956683e-02
6.538132816137678938e-02
6.536632017215077139e-02
6.535131588800642544e-02
6.533631530802880283e-02
6.532131843130334348e-02
6.530632525691562607e-02
6.529133578395136805e-02
6.527635001149671712e-02
6.526136793863789032e-02
6.524638956446134064e-02
6.523141488805384025e-02
6.521644390850230011e-02
6.520147662489390872e-02
6.518651303631604887e-02
6.517155314185633930e-02
6.515659694060266238e-02
6.514164443164303930e-02
6.512669561406579655e-02
6.511175048695949652e-02
6.509680904941282653e-02
6.508187130051480696e-02
6.506693723935462470e-02
6.505200686502174423e-02
6.503708017660579654e-02
6.502215717319664856e-02
6.500723785388444476e-02
6.499232221775949614e-02
6.497741026391237740e-02
6.496250199143385751e-02
6.494759739941495524e-02
6.493269648694691143e-02
6.491779925312117505e-02
6.490290569702945878e-02
6.488801581776365568e-02
6.487312961441589476e-02
6.485824708607855482e-02
6.484336823184422283e-02
6.482849305080570779e-02
6.481362154205604076e-02
6.479875370468848872e-02
6.478388953779654069e-02
6.476902904047392162e-02
6.475417221181453686e-02
6.473931905091255545e-02
6.472446955686239622e-02
6.470962372875864455e-02
6.469478156569612171e-02
6.467994306676991267e-02
6.466510823107528283e-02
6.465027705770774735e-02
6.463544954576304347e-02
6.462062569433711656e-02
6.460580550252614795e-02
6.459098896942655488e-02
6.457617609413494886e-02
6.456136687574819122e-02
6.454656131336335145e-02
6.453175940607773498e-02
6.451696115298884149e-02
6.450216655319446213e-02
6.448737560579254069e-02
6.447258830988127076e-02
6.445780466455906799e-02
6.444302466892459780e-02
6.442824832207667829e-02
6.441347562311443287e-02
6.439870657113715147e-02
6.438394116524440158e-02
6.436917940453588949e-02
6.435442128811165452e-02
6.433966681507184704e-02
6.432491598451690884e-02
6.431016879554750376e-02
6.429542524726447605e-02
6.428068533876894752e-02
6.426594906916222039e-02
6.425121643754584666e-02
6.423648744302158653e-02
6.422176208469140835e-02
6.420704036165751638e-02
6.419232227302235083e-02
6.417760781788857394e-02
6.416289699535904223e-02
6.414818980453686204e-02
6.413348624452534785e-02
6.411878631442805010e-02
6.410409001334871348e-02
6.408939734039134639e-02
6.407470829466012374e-02
6.406002287525948413e-02
6.404534108129408820e-02
6.403066291186880477e-02
6.401598836608873855e-02
6.400131744305917469e-02
6.398665014188566202e-02
6.397198646167397140e-02
6.395732640153004023e-02
6.394266996056015284e-02
6.392801713787066298e-02
6.391336793256820192e-02
6.389872234375970628e-02
6.388408037055220978e-02
6.386944201205300986e-02
6.385480726736965373e-02
6.384017613560988291e-02
6.382554861588170259e-02
6.381092470729325672e-02
6.379630440895295296e-02
6.378168771996949038e-02
6.376707463945163745e-02
6.375246516650852346e-02
6.373785930024941648e-02
6.372325703978383438e-02
6.370865838422153093e-02
6.369406333267242648e-02
6.367947188424674665e-02
6.366488403805482810e-02
6.365029979320732667e-02
6.363571914881506475e-02
6.362114210398910064e-02
6.360656865784072855e-02
6.359199880948139538e-02
6.357743255802288107e-02
6.356286990257704883e-02
6.354831084225612270e-02
6.353375537617245161e-02
6.351920350343863431e-02
6.350465522316746381e-02
6.349011053447201069e-02
6.347556943646549821e-02
6.346103192826141326e-02
6.344649800897345093e-02
6.343196767771552835e-02
6.341744093360174306e-02
6.340291777574648402e-02
6.338839820326430674e-02
6.337388221526998877e-02
6.335936981087858522e-02
6.334486098920524833e-02
6.333035574936547729e-02
6.331585409047492397e-02
6.330135601164946224e-02
6.328686151200524357e-02
6.327237059065848879e-02
6.325788324672582119e-02
6.324339947932398898e-02
6.322891928756994850e-02
6.321444267058090594e-02
6.319996962747426172e-02
6.318550015736763836e-02
6.317103425937894978e-02
6.315657193262619318e-02
6.314211317622767106e-02
6.312765798930193573e-02
6.311320637096763664e-02
6.309875832034375631e-02
6.308431383654948543e-02
6.306987291870413959e-02
6.305543556592732579e-02
6.304100177733888699e-02
6.302657155205884654e-02
6.301214488920740819e-02
6.299772178790510879e-02
6.298330224727259619e-02
6.296888626643072639e-02
6.295447384450068851e-02
6.294006498060381039e-02
6.292565967386160031e-02
6.291125792339585798e-02
6.289685972832856353e-02
6.288246508778193300e-02
6.286807400087837672e-02
6.285368646674054094e-02
6.283930248449128009e-02
