2.394439255494639207e-01
2.353250130025763553e-01
2.298775517271793301e-01
2.232992319850752583e-01
2.158299976570419998e-01
2.077377062616793668e-01
1.993026706564620110e-01
1.908022280404773896e-01
1.824964227075639434e-01
1.746157380303040019e-01
1.673515896532520308e-01
1.608500219319540514e-01
1.552087623570825026e-01
1.504775127116490530e-01
1.466611161120288664e-01
1.437250549309189163e-01
1.416026173783100639e-01
1.402030236621620574e-01
1.394198220651911013e-01
1.391389406617769553e-01
1.392458971652160149e-01
1.396318108038960559e-01
1.401980094078943417e-01
1.408591670585861710e-01
1.415450308416251191e-01
1.422008914567854387e-01
1.427870177596171075e-01
1.432773095921759110e-01
1.436574294457598766e-01
1.439226567162645021e-01
1.440756749006278370e-01
1.441244586710815623e-01
1.440803805261971771e-01
1.439566107123611549e-01
1.437668434880891855e-01
1.435243493184106267e-01
1.432413281623790002e-01
1.429285229446035366e-01
1.425950440739982839e-01
1.422483540121466938e-01
1.418943637945923320e-01
1.415375994458663855e-01
1.411814039408967603e-01
1.408281485565978652e-01
1.404794352450673411e-01
1.401362784706216003e-01
1.397992604873705969e-01
1.394686582115655382e-01
1.391445427402359103e-01
1.388268543594643745e-01
1.385154567943384651e-01
1.382101747089785615e-01
1.379108182816828343e-01
1.376171982360338553e-01
1.373291341425491585e-01
1.370464582160788314e-01
1.367690162853215097e-01
1.364966671376296181e-01
1.362292810585651048e-01
1.359667380908884948e-01
1.357089263226582965e-01
1.354557403655247683e-01
1.352070800877021306e-01
1.349628496079887385e-01
1.347229565259978057e-01
1.344873113502602080e-01
1.342558270831437361e-01
1.340284189247339941e-01
1.338050040636981075e-01
1.335855015297238158e-01
1.333698320882863164e-01
1.331579181637332354e-01
1.329496837808464560e-01
1.327450545181880492e-01
1.325439574688222211e-01
1.323463212055958904e-01
1.321520757492358478e-01
1.319611525382183570e-01
1.317734843998094874e-01
1.315890055219418597e-01
1.314076514257509487e-01
1.312293589386815951e-01
1.310540661681232344e-01
1.308817124755534689e-01
1.307122384511827107e-01
1.305455858890922916e-01
1.303816977628634022e-01
1.302205182016894225e-01
1.300619924669665084e-01
1.299060669293542747e-01
1.297526890462988858e-01
1.296018073400103943e-01
1.294533713758851956e-01
1.293073317413657997e-01
1.291636400252281769e-01
1.290222487972891019e-01
1.288831115885246681e-01
1.287461828715915635e-01
1.286114180417431974e-01
1.284787733981324065e-01
1.283482061254932749e-01
1.282196742761942121e-01
1.280931367526544351e-01
1.279685532901171652e-01
1.278458844397719063e-01
1.277250915522183672e-01
1.276061367612660868e-01
1.274889829680619646e-01
1.273735938255397548e-01
1.272599337231842265e-01
1.271479677721048807e-01
1.270376617904113992e-01
1.269289822888857999e-01
1.268218964569451379e-01
1.267163721488883676e-01
1.266123778704220937e-01
1.265098827654594360e-01
1.264088566031861260e-01
1.263092697653893093e-01
1.262110932340424763e-01
1.261142985791425253e-01
1.260188579467929615e-01
1.259247440475287361e-01
1.258319301448779237e-01
1.257403900441546873e-01
1.256500980814799218e-01
1.255610291130239697e-01
1.254731585044676911e-01
1.253864621206766949e-01
1.253009163155854033e-01
1.252164979222856189e-01
1.251331842433161534e-01
1.250509530411491876e-01
1.249697825288696995e-01
1.248896513610433523e-01
1.248105386247697207e-01
1.247324238309168165e-01
1.246552869055332219e-01
1.245791081814342366e-01
1.245038683899584442e-01
1.244295486528917138e-01
1.243561304745543494e-01
1.242835957340489850e-01
1.242119266776654934e-01
1.241411059114396614e-01
1.240711163938628125e-01
1.240019414287393124e-01
1.239335646581884165e-01
1.238659700557882548e-01
1.237991419198588711e-01
1.237330648668809041e-01
1.236677238250482175e-01
1.236031040279506749e-01
1.235391910083853406e-01
1.234759705922929274e-01
1.234134288928170342e-01
1.233515523044839551e-01
1.232903274975004071e-01
1.232297414121666379e-01
1.231697812534030267e-01
1.231104344853873461e-01
1.230516888263010478e-01
1.229935322431814915e-01
1.229359529468790208e-01
1.228789393871160263e-01
1.228224802476460265e-01
1.227665644415110030e-01
1.227111811063947983e-01
1.226563196000708261e-01
1.226019694959415846e-01
1.225481205786692201e-01
1.224947628398941335e-01
1.224418864740404317e-01
1.223894818742066876e-01
1.223375396281395355e-01
1.222860505142892851e-01
1.222350054979450401e-01
1.221843957274486719e-01
1.221342125304848564e-01
1.220844474104470501e-01
1.220350920428762836e-01
1.219861382719729243e-01
1.219375781071787151e-01
1.218894037198278157e-01
1.218416074398664811e-01
1.217941817526383558e-01
1.217471192957355897e-01
1.217004128559134035e-01
1.216540553660672430e-01
1.216080399022713282e-01
1.215623596808769746e-01
1.215170080556700338e-01
1.214719785150855519e-01
1.214272646794793270e-01
1.213828602984543537e-01
1.213387592482416399e-01
1.212949555291341214e-01
1.212514432629725469e-01
1.212082166906821856e-01
1.211652701698597429e-01
1.211225981724088907e-01
1.210801952822238292e-01
1.210380561929198240e-01
1.209961757056096932e-01
1.209545487267254110e-01
1.209131702658836627e-01
1.208720354337950442e-01
1.208311394402151462e-01
1.207904775919375201e-01
1.207500452908272237e-01
1.207098380318941816e-01
1.206698514014054868e-01
1.206300810750363384e-01
1.205905228160578102e-01
1.205511724735621182e-01
1.205120259807231642e-01
1.204730793530927463e-01
1.204343286869311580e-01
1.203957701575716355e-01
1.203574000178179448e-01
1.203192145963744020e-01
1.202812102963078250e-01
1.202433835935405454e-01
1.202057310353739777e-01
1.201682492390421658e-01
1.201309348902945551e-01
1.200937847420076171e-01
1.200567956128243685e-01
1.200199643858218534e-01
1.199832880072051605e-01
1.199467634850282655e-01
1.199103878879406587e-01
1.198741583439593833e-01
1.198380720392658721e-01
1.198021262170274048e-01
1.197663181762422119e-01
1.197306452706080326e-01
1.196951049074136825e-01
1.196596945464531020e-01
1.196244116989612222e-01
1.195892539265715759e-01
1.195542188402950595e-01
1.195193040995191358e-01
1.194845074110276600e-01
1.194498265280403010e-01
1.194152592492715853e-01
1.193808034180088989e-01
1.193464569212092652e-01
1.193122176886143998e-01
1.192780836918836823e-01
1.192440529437445856e-01
1.192101234971607027e-01
1.191762934445161348e-01
1.191425609168166588e-01
1.191089240829072970e-01
1.190753811487051950e-01
1.190419303564486386e-01
1.190085699839608657e-01
1.189752983439289619e-01
1.189421137831973702e-01
1.189090146820757643e-01
1.188759994536607717e-01
1.188430665431716993e-01
1.188102144272993738e-01
1.187774416135686240e-01
1.187447466397132251e-01
1.187121280730638884e-01
1.186795845099483798e-01
1.186471145751039902e-01
1.186147169211017316e-01
1.185823902277823999e-01
1.185501332017038639e-01
1.185179445755997485e-01
1.184858231078489282e-01
1.184537675819558739e-01
1.184217768060414483e-01
1.183898496123441529e-01
1.183579848567312687e-01
1.183261814182201555e-01
1.182944381985090165e-01
1.182627541215174327e-01
1.182311281329358338e-01
1.181995591997845596e-01
1.181680463099814421e-01
1.181365884719184078e-01
1.181051847140466154e-01
1.180738340844698642e-01
1.180425356505464402e-01
1.180112884984988869e-01
1.179800917330317417e-01
1.179489444769569739e-01
1.179178458708271815e-01
1.178867950725758507e-01
1.178557912571654154e-01
1.178248336162419779e-01
1.177939213577972738e-01
1.177630537058375060e-01
1.177322299000587436e-01
1.177014491955290093e-01
1.176707108623767789e-01
1.176400141854857945e-01
1.176093584641960677e-01
1.175787430120108362e-01
1.175481671563097519e-01
1.175176302380675220e-01
1.174871316115784214e-01
1.174566706441865643e-01
1.174262467160211570e-01
1.173958592197377193e-01
1.173655075602640374e-01
1.173351911545515852e-01
1.173049094313318719e-01
1.172746618308776467e-01
1.172444478047691002e-01
1.172142668156647694e-01
1.171841183370769396e-01
1.171540018531516958e-01
1.171239168584536361e-01
1.170938628577545132e-01
1.170638393562237894e-01
1.170338458976463714e-01
1.170038820065790464e-01
1.169739472265957092e-01
1.169440411104844119e-01
1.169141632200605546e-01
1.168843131259840740e-01
1.168544904075801832e-01
1.168246946526636937e-01
1.167949254573671519e-01
1.167651824259721416e-01
1.167354651707441932e-01
1.167057733117710522e-01
1.166761064768041256e-01
1.166464643011031893e-01
1.166168464272842459e-01
1.165872525051704633e-01
1.165576821916461392e-01
1.165281351505135926e-01
1.164986110523530266e-01
1.164691095743851101e-01
1.164396304003365301e-01
1.164101732203079997e-01
1.163807377306453061e-01
1.163513236338125090e-01
1.163219306382682200e-01
1.162925584583439642e-01
1.162632068141252195e-01
1.162338754313348432e-01
1.162045640412188163e-01
1.161752723804343884e-01
1.161460001909402767e-01
1.161167472198894324e-01
1.160875132195236387e-01
1.160582979470704962e-01
1.160291011646423370e-01
1.159999226391372762e-01
1.159707621421421919e-01
1.159416194498377878e-01
1.159124943429054311e-01
1.158833866064360313e-01
1.158542960298406255e-01
1.158252224067628927e-01
1.157961655349933477e-01
1.157671252163853387e-01
1.157381012567727241e-01
1.157090934658892151e-01
1.156801016572893137e-01
1.156511256482709998e-01
1.156221652597997224e-01
1.155932203164342364e-01
1.155642906462537312e-01
1.155353760807864422e-01
1.155064764549399159e-01
1.154775916069323560e-01
1.154487213782256910e-01
1.154198656134597240e-01
1.153910241603879200e-01
1.153621968698140682e-01
1.153333835955307057e-01
1.153045841942584027e-01
1.152757985255865869e-01
1.152470264519152576e-01
1.152182678383981279e-01
1.151895225528867805e-01
1.151607904658761006e-01
1.151320714504505960e-01
1.151033653822320230e-01
1.150746721393278993e-01
1.150459916022812112e-01
1.150173236540210364e-01
1.149886681798141796e-01
1.149600250672178636e-01
1.149313942060332105e-01
1.149027754882599450e-01
1.148741688080517215e-01
1.148455740616724785e-01
1.148169911474538063e-01
1.147884199657528970e-01
1.147598604189116189e-01
1.147313124112162991e-01
1.147027758488582128e-01
1.146742506398951422e-01
1.146457366942135042e-01
1.146172339234911991e-01
1.145887422411615147e-01
1.145602615623773635e-01
1.145317918039766153e-01
1.145033328844478199e-01
1.144748847238968303e-01
1.144464472440140101e-01
1.144180203680422309e-01
1.143896040207453002e-01
1.143611981283771395e-01
1.143328026186517243e-01
1.143044174207133862e-01
1.142760424651078771e-01
1.142476776837539620e-01
1.142193230099156631e-01
1.141909783781749343e-01
1.141626437244050302e-01
1.141343189857442070e-01
1.141060041005703268e-01
1.140776990084755305e-01
1.140494036502417430e-01
1.140211179678165682e-01
1.139928419042896268e-01
1.139645754038695058e-01
1.139363184118609984e-01
1.139080708746429554e-01
1.138798327396465249e-01
1.138516039553337938e-01
1.138233844711769444e-01
1.137951742376378111e-01
1.137669732061478006e-01
1.137387813290882121e-01
1.137105985597711144e-01
1.136824248524203884e-01
1.136542601621532561e-01
1.136261044449622670e-01
1.135979576576975347e-01
1.135698197580492924e-01
1.135416907045309759e-01
1.135135704564625564e-01
1.134854589739540537e-01
1.134573562178897571e-01
1.134292621499123355e-01
1.134011767324076270e-01
1.133730999284895125e-01
1.133450317019852049e-01
1.133169720174207473e-01
1.132889208400069403e-01
1.132608781356253952e-01
1.132328438708150170e-01
1.132048180127586262e-01
1.131768005292700247e-01
1.131487913887810060e-01
1.131207905603291847e-01
1.130927980135453120e-01
1.130648137186416324e-01
1.130368376463998931e-01
1.130088697681598531e-01
1.129809100558080287e-01
1.129529584817665910e-01
1.129250150189825275e-01
1.128970796409169836e-01
1.128691523215349241e-01
1.128412330352948634e-01
1.128133217571388458e-01
1.127854184624828143e-01
1.127575231272068268e-01
1.127296357276457439e-01
1.127017562405800422e-01
1.126738846432267516e-01
1.126460209132306434e-01
1.126181650286555425e-01
1.125903169679758759e-01
1.125624767100683182e-01
1.125346442342037290e-01
1.125068195200390475e-01
1.124790025476096050e-01
1.124511932973214084e-01
1.124233917499435909e-01
1.123955978866011118e-01
1.123678116887676659e-01
1.123400331382583273e-01
1.123122622172229440e-01
1.122844989081392270e-01
1.122567431938061022e-01
1.122289950573372580e-01
1.122012544821547053e-01
1.121735214519826579e-01
1.121457959508412872e-01
1.121180779630407964e-01
1.120903674731755784e-01
1.120626644661184279e-01
1.120349689270148386e-01
1.120072808412776733e-01
1.119796001945815161e-01
1.119519269728575933e-01
1.119242611622884714e-01
1.118966027493029647e-01
1.118689517205711526e-01
1.118413080629995920e-01
1.118136717637264466e-01
1.117860428101167675e-01
1.117584211897580115e-01
1.117308068904554474e-01
1.117031999002278397e-01
1.116756002073030218e-01
1.116480078001137605e-01
1.116204226672936201e-01
1.115928447976727439e-01
1.115652741802741210e-01
1.115377108043094784e-01
1.115101546591755477e-01
1.114826057344503740e-01
1.114550640198895687e-01
1.114275295054227427e-01
1.114000021811499958e-01
1.113724820373384744e-01
1.113449690644190138e-01
1.113174632529827790e-01
1.112899645937780319e-01
1.112624730777070081e-01
1.112349886958227813e-01
1.112075114393261399e-01
1.111800412995627707e-01
1.111525782680201080e-01
1.111251223363246832e-01
1.110976734962391688e-01
1.110702317396597139e-01
1.110427970586131824e-01
1.110153694452545442e-01
1.109879488918642937e-01
1.109605353908459380e-01
1.109331289347234017e-01
1.109057295161387791e-01
1.108783371278497243e-01
1.108509517627273289e-01
1.108235734137537065e-01
1.107962020740197728e-01
1.107688377367230803e-01
1.107414803951655979e-01
1.107141300427517266e-01
1.106867866729861066e-01
1.106594502794716328e-01
1.106321208559074981e-01
1.106047983960872505e-01
1.105774828938968501e-01
1.105501743433128375e-01
1.105228727384005016e-01
1.104955780733120341e-01
1.104682903422849194e-01
1.104410095396400476e-01
1.104137356597801184e-01
1.103864686971879755e-01
1.103592086464250943e-01
1.103319555021297083e-01
1.103047092590156153e-01
1.102774699118704016e-01
1.102502374555540954e-01
1.102230118849976126e-01
1.101957931952013692e-01
1.101685813812339626e-01
1.101413764382306038e-01
1.101141783613919511e-01
1.100869871459827232e-01
1.100598027873304213e-01
1.100326252808240396e-01
1.100054546219128987e-01
1.099782908061052999e-01
1.099511338289675261e-01
1.099239836861224534e-01
1.098968403732485527e-01
1.098697038860788899e-01
1.098425742203996414e-01
1.098154513720494690e-01
1.097883353369181747e-01
1.097612261109457421e-01
1.097341236901214351e-01
1.097070280704826040e-01
1.096799392481139362e-01
1.096528572191463602e-01
1.096257819797561428e-01
1.095987135261640155e-01
1.095716518546342860e-01
1.095445969614738807e-01
1.095175488430316230e-01
1.094905074956972202e-01
1.094634729159006115e-01
1.094364451001110933e-01
1.094094240448364730e-01
1.093824097466224027e-01
1.093554022020515465e-01
1.093284014077428590e-01
1.093014073603508357e-01
1.092744200565648333e-01
1.092474394931084170e-01
1.092204656667385282e-01
1.091934985742449987e-01
1.091665382124497319e-01
1.091395845782061474e-01
1.091126376683985849e-01
1.090856974799415541e-01
1.090587640097792632e-01
1.090318372548849807e-01
1.090049172122603965e-01
1.089780038789351646e-01
1.089510972519662363e-01
1.089241973284373888e-01
1.088973041054586838e-01
1.088704175801658985e-01
1.088435377497200124e-01
1.088166646113068181e-01
1.087897981621362004e-01
1.087629383994419691e-01
1.087360853204810685e-01
1.087092389225332856e-01
1.086823992029008201e-01
1.086555661589077293e-01
1.086287397878995670e-01
1.086019200872429397e-01
1.085751070543250763e-01
1.085483006865534533e-01
1.085215009813553233e-01
1.084947079361774092e-01
1.084679215484854187e-01
1.084411418157638085e-01
1.084143687355152430e-01
1.083876023052603582e-01
1.083608425225373595e-01
1.083340893849016745e-01
1.083073428899256341e-01
1.082806030351980836e-01
1.082538698183241194e-01
1.082271432369247555e-01
1.082004232886365769e-01
1.081737099711114203e-01
1.081470032820161520e-01
1.081203032190323071e-01
1.080936097798558121e-01
1.080669229621966931e-01
1.080402427637788265e-01
1.080135691823396193e-01
1.079869022156298569e-01
1.079602418614132309e-01
1.079335881174663114e-01
1.079069409815781311e-01
1.078803004515500735e-01
1.078536665251954713e-01
1.078270392003395639e-01
1.078004184748190680e-01
1.077738043464820661e-01
1.077471968131878122e-01
1.077205958728064267e-01
1.076940015232187436e-01
1.076674137623160749e-01
1.076408325879999878e-01
1.076142579981821945e-01
1.075876899907841772e-01
1.075611285637372294e-01
1.075345737149821096e-01
1.075080254424688464e-01
1.074814837441566695e-01
1.074549486180137181e-01
1.074284200620169577e-01
1.074018980741519441e-01
1.073753826524127125e-01
1.073488737948015831e-01
1.073223714993289113e-01
1.072958757640131849e-01
1.072693865868805663e-01
1.072429039659649752e-01
1.072164278993077702e-01
1.071899583849577897e-01
1.071634954209709639e-01
1.071370390054104810e-01
1.071105891363463569e-01
1.070841458118555051e-01
1.070577090300214723e-01
1.070312787889344391e-01
1.070048550866910253e-01
1.069784379213940956e-01
1.069520272911527875e-01
1.069256231940822754e-01
1.068992256283037706e-01
1.068728345919442574e-01
1.068464500831364794e-01
1.068200721000188841e-01
1.067937006407353451e-01
1.067673357034352316e-01
1.067409772862732004e-01
1.067146253874091677e-01
1.066882800050081154e-01
1.066619411372401321e-01
1.066356087822801779e-01
1.066092829383080559e-01
1.065829636035083849e-01
1.065566507760703635e-01
1.065303444541878253e-01
1.065040446360591003e-01
1.064777513198868625e-01
1.064514645038781987e-01
1.064251841862444148e-01
1.063989103652009244e-01
1.063726430389673461e-01
1.063463822057672398e-01
1.063201278638280928e-01
1.062938800113813337e-01
1.062676386466621659e-01
1.062414037679095258e-01
1.062151753733659720e-01
1.061889534612777408e-01
1.061627380298945655e-01
1.061365290774696213e-01
1.061103266022595248e-01
1.060841306025242375e-01
1.060579410765270097e-01
1.060317580225343254e-01
1.060055814388157769e-01
1.059794113236441765e-01
1.059532476752952923e-01
1.059270904920479595e-01
1.059009397721839968e-01
1.058747955139879987e-01
1.058486577157475433e-01
1.058225263757529427e-01
1.057964014922972151e-01
1.057702830636762376e-01
1.057441710881883296e-01
1.057180655641346140e-01
1.056919664898186700e-01
1.056658738635465750e-01
1.056397876836270011e-01
1.056137079483709523e-01
1.055876346560918333e-01
1.055615678051054912e-01
1.055355073937299659e-01
1.055094534202856427e-01
1.054834058830951410e-01
1.054573647804832592e-01
1.054313301107769607e-01
1.054053018723053320e-01
1.053792800633995830e-01
1.053532646823928942e-01
1.053272557276205973e-01
1.053012531974198973e-01
1.052752570901300117e-01
1.052492674040920728e-01
1.052232841376490868e-01
1.051973072891459887e-01
1.051713368569294482e-01
1.051453728393480225e-01
1.051194152347520033e-01
1.050934640414934174e-01
1.050675192579260397e-01
1.050415808824053526e-01
1.050156489132884480e-01
1.049897233489340970e-01
1.049638041877027084e-01
1.049378914279562036e-01
1.049119850680581417e-01
1.048860851063736083e-01
1.048601915412691599e-01
1.048343043711128936e-01
1.048084235942743914e-01
1.047825492091246369e-01
1.047566812140360848e-01
1.047308196073825776e-01
1.047049643875393315e-01
1.046791155528829925e-01
1.046532731017914414e-01
1.046274370326440023e-01
1.046016073438212068e-01
1.045757840337050021e-01
1.045499671006784592e-01
1.045241565431259956e-01
1.044983523594332636e-01
1.044725545479870676e-01
1.044467631071754610e-01
1.044209780353877043e-01
1.043951993310142101e-01
1.043694269924465151e-01
1.043436610180772800e-01
1.043179014063003729e-01
1.042921481555106611e-01
1.042664012641042193e-01
1.042406607304780936e-01
1.042149265530304125e-01
1.041891987301604289e-01
1.041634772602683806e-01
1.041377621417554911e-01
1.041120533730240383e-01
1.040863509524773550e-01
1.040606548785196067e-01
1.040349651495560968e-01
1.040092817639929473e-01
1.039836047202373354e-01
1.039579340166973259e-01
1.039322696517819278e-01
1.039066116239010240e-01
1.038809599314654830e-01
1.038553145728869781e-01
1.038296755465781263e-01
1.038040428509523772e-01
1.037784164844240964e-01
1.037527964454084545e-01
1.037271827323214685e-01
1.037015753435800020e-01
1.036759742776017790e-01
1.036503795328052729e-01
1.036247911076098177e-01
1.035992090004355243e-01
1.035736332097032947e-01
1.035480637338348081e-01
1.035225005712525209e-01
1.034969437203796527e-01
1.034713931796402142e-01
1.034458489474589238e-01
1.034203110222612493e-01
1.033947794024734218e-01
1.033692540865223664e-01
1.033437350728357434e-01
1.033182223598419353e-01
1.032927159459700178e-01
1.032672158296498166e-01
1.032417220093117538e-01
1.032162344833870149e-01
1.031907532503074792e-01
1.031652783085055952e-01
1.031398096564146716e-01
1.031143472924684612e-01
1.030888912151015357e-01
1.030634414227490636e-01
1.030379979138468238e-01
1.030125606868313032e-01
1.029871297401395991e-01
1.029617050722094057e-01
1.029362866814790972e-01
1.029108745663876168e-01
1.028854687253745737e-01
1.028600691568801739e-01
1.028346758593451649e-01
1.028092888312110292e-01
1.027839080709196939e-01
1.027585335769137659e-01
1.027331653476364764e-01
1.027078033815315428e-01
1.026824476770433203e-01
1.026570982326167336e-01
1.026317550466972761e-01
1.026064181177310242e-01
1.025810874441645676e-01
1.025557630244450930e-01
1.025304448570203419e-01
1.025051329403386530e-01
1.024798272728488224e-01
1.024545278530002296e-01
1.024292346792428227e-01
1.024039477500270634e-01
1.023786670638039686e-01
1.023533926190250687e-01
1.023281244141423935e-01
1.023028624476085974e-01
1.022776067178767512e-01
1.022523572234004946e-01
1.022271139626339809e-01
1.022018769340318767e-01
1.021766461360493344e-01
1.021514215671420894e-01
1.021262032257662794e-01
1.021009911103786250e-01
1.020757852194363324e-01
1.020505855513970800e-01
1.020253921047190454e-01
1.020002048778609061e-01
1.019750238692818528e-01
1.019498490774415483e-01
1.019246805008001133e-01
1.018995181378182097e-01
1.018743619869569295e-01
1.018492120466778644e-01
1.018240683154430781e-01
1.017989307917151337e-01
1.017737994739570384e-01
1.017486743606322713e-01
1.017235554502047973e-01
1.016984427411390390e-01
1.016733362318998635e-01
1.016482359209526787e-01
1.016231418067632397e-01
1.015980538877978706e-01
1.015729721625232562e-01
1.015478966294066226e-01
1.015228272869155846e-01
1.014977641335182701e-01
1.014727071676831960e-01
1.014476563878793647e-01
1.014226117925762505e-01
1.013975733802437024e-01
1.013725411493521245e-01
1.013475150983722123e-01
1.013224952257752443e-01
1.012974815300328735e-01
1.012724740096171833e-01
1.012474726630007565e-01
1.012224774886565509e-01
1.011974884850579681e-01
1.011725056506788678e-01
1.011475289839935260e-01
1.011225584834766628e-01
1.010975941476034146e-01
1.010726359748493342e-01
1.010476839636904739e-01
1.010227381126032331e-01
1.009977984200644274e-01
1.009728648845513860e-01
1.009479375045418126e-01
1.009230162785137858e-01
1.008981012049458698e-01
1.008731922823170313e-01
1.008482895091066672e-01
1.008233928837945631e-01
1.007985024048609346e-01
1.007736180707864554e-01
1.007487398800521322e-01
1.007238678311394575e-01
1.006990019225302985e-01
1.006741421527069663e-01
1.006492885201521470e-01
1.006244410233489706e-01
1.005995996607809417e-01
1.005747644309320094e-01
1.005499353322865524e-01
1.005251123633292692e-01
1.005002955225453437e-01
1.004754848084203345e-01
1.004506802194402165e-01
1.004258817540913812e-01
1.004010894108605528e-01
1.003763031882349832e-01
1.003515230847022294e-01
1.003267490987502647e-01
1.003019812288675067e-01
1.002772194735427197e-01
1.002524638312650984e-01
1.002277143005242260e-01
1.002029708798101021e-01
1.001782335676131147e-01
1.001535023624240545e-01
1.001287772627340728e-01
1.001040582670347512e-01
1.000793453738180738e-01
1.000546385815763994e-01
1.000299378888025031e-01
1.000052432939895208e-01
9.998055479563099091e-02
9.995587239222088194e-02
9.993119608225352335e-02
9.990652586422361925e-02
9.988186173662631784e-02
9.985720369795710039e-02
9.983255174671187837e-02
9.980790588138692410e-02
9.978326610047892620e-02
9.975863240248494801e-02
9.973400478590244145e-02
9.970938324922926088e-02
9.968476779096363538e-02
9.966015840960418259e-02
9.963555510364989487e-02
9.961095787160012538e-02
9.958636671195472689e-02
9.956178162321384362e-02
9.953720260387798058e-02
9.951262965244811465e-02
9.948806276742552801e-02
9.946350194731193306e-02
9.943894719060944465e-02
9.941439849582046906e-02
9.938985586144789830e-02
9.936531928599492969e-02
9.934078876796523239e-02
9.931626430586276699e-02
9.929174589819189656e-02
9.926723354345741435e-02
9.924272724016440506e-02
9.921822698681845298e-02
9.919373278192544774e-02
9.916924462399159812e-02
9.914476251152365416e-02
9.912028644302858793e-02
9.909581641701387111e-02
9.907135243198723906e-02
9.904689448645691285e-02
9.902244257893141888e-02
9.899799670791969985e-02
9.897355687193101770e-02
9.894912306947513392e-02
9.892469529906205983e-02
9.890027355920222307e-02
9.887585784840646763e-02
9.885144816518595667e-02
9.882704450805226970e-02
9.880264687551734704e-02
9.877825526609350371e-02
9.875386967829340168e-02
9.872949011063016089e-02
9.870511656161717884e-02
9.868074902976828322e-02
9.865638751359764869e-02
9.863203201161982459e-02
9.860768252234980435e-02
9.858333904430287287e-02
9.855900157599464806e-02
9.853467011594126135e-02
9.851034466265910783e-02
9.848602521466499893e-02
9.846171177047609302e-02
9.843740432860993705e-02
9.841310288758445268e-02
9.838880744591795013e-02
9.836451800212901719e-02
9.834023455473672737e-02
9.831595710226048723e-02
9.829168564322005031e-02
9.826742017613558644e-02
9.824316069952758468e-02
9.821890721191689488e-02
9.819465971182483877e-02
9.817041819777297396e-02
9.814618266828335769e-02
9.812195312187826923e-02
9.809772955708048747e-02
9.807351197241312435e-02
9.804930036639961100e-02
9.802509473756382263e-02
9.800089508442992592e-02
9.797670140552250384e-02
9.795251369936651409e-02
9.792833196448726130e-02
9.790415619941041092e-02
9.787998640266200312e-02
9.785582257276846663e-02
9.783166470825657712e-02
9.780751280765348499e-02
9.778336686948670142e-02
9.775922689228409845e-02
9.773509287457390893e-02
9.771096481488478203e-02
9.768684271174568612e-02
9.766272656368597815e-02
9.763861636923532039e-02
9.761451212692386081e-02
9.759041383528198332e-02
9.756632149284054367e-02
9.754223509813068904e-02
9.751815464968396907e-02
9.749408014603228034e-02
9.747001158570789414e-02
9.744594896724348421e-02
9.742189228917198796e-02
9.739784155002682853e-02
9.737379674834170662e-02
9.734975788265071150e-02
9.732572495148829328e-02
9.730169795338931837e-02
9.727767688688891690e-02
9.725366175052269080e-02
9.722965254282650571e-02
9.720564926233668523e-02
9.718165190758980276e-02
9.715766047712294518e-02
9.713367496947342139e-02
9.710969538317897054e-02
9.708572171677770646e-02
9.706175396880806217e-02
9.703779213780888702e-02
9.701383622231932180e-02
9.698988622087890976e-02
9.696594213202756884e-02
9.694200395430560557e-02
9.691807168625357627e-02
9.689414532641252298e-02
9.687022487332377918e-02
9.684631032552906693e-02
9.682240168157045523e-02
9.679849893999038779e-02
9.677460209933165525e-02
9.675071115813742295e-02
9.672682611495118932e-02
9.670294696831689685e-02
9.667907371677872397e-02
9.665520635888129319e-02
9.663134489316958786e-02
9.660748931818891050e-02
9.658363963248495221e-02
9.655979583460375104e-02
9.653595792309173362e-02
9.651212589649564577e-02
9.648829975336259412e-02
9.646447949224010165e-02
9.644066511167598277e-02
9.641685661021846820e-02
9.639305398641609401e-02
9.636925723881778483e-02
9.634546636597286773e-02
9.632168136643091960e-02
9.629790223874197530e-02
9.627412898145636111e-02
9.625036159312484740e-02
9.622660007229849599e-02
9.620284441752870175e-02
9.617909462736730364e-02
9.615535070036641818e-02
9.613161263507857823e-02
9.610788043005664971e-02
9.608415408385383161e-02
9.606043359502376699e-02
9.603671896212032100e-02
9.601301018369785834e-02
9.598930725831099353e-02
9.596561018451477132e-02
9.594191896086454174e-02
9.591823358591604343e-02
9.589455405822537581e-02
9.587088037634895754e-02
9.584721253884358194e-02
9.582355054426644481e-02
9.579989439117504724e-02
9.577624407812725116e-02
9.575259960368129319e-02
9.572896096639574304e-02
9.570532816482954508e-02
9.568170119754201841e-02
9.565808006309280132e-02
9.563446476004187902e-02
9.561085528694966695e-02
9.558725164237684424e-02
9.556365382488452020e-02
9.554006183303409561e-02
9.551647566538738754e-02
9.549289532050653229e-02
9.546932079695398532e-02
9.544575209329268783e-02
9.542218920808577531e-02
9.539863213989685509e-02
9.537508088728982591e-02
9.535153544882897514e-02
9.532799582307889541e-02
9.530446200860463735e-02
9.528093400397151524e-02
9.525741180774520422e-02
9.523389541849176798e-02
9.521038483477758940e-02
9.518688005516943995e-02
9.516338107823446579e-02
9.513988790254006289e-02
9.511640052665411293e-02
9.509291894914474741e-02
9.506944316858050026e-02
9.504597318353026625e-02
9.502250899256328709e-02
9.499905059424915144e-02
9.497559798715776713e-02
9.495215116985945836e-02
9.492871014092485460e-02
9.490527489892497393e-02
9.488184544243115359e-02
9.485842177001511943e-02
9.483500388024893035e-02
9.481159177170497832e-02
9.478818544295605775e-02
9.476478489257526838e-02
9.474139011913608466e-02
9.471800112121231408e-02
9.469461789737816659e-02
9.467124044620814360e-02
9.464786876627712120e-02
9.462450285616036405e-02
9.460114271443341438e-02
9.457778833967223076e-02
9.455443973045310480e-02
9.453109688535267507e-02
9.450775980294791323e-02
9.448442848181615172e-02
9.446110292053513935e-02
9.443778311768287470e-02
9.441446907183775883e-02
9.439116078157855361e-02
9.436785824548435397e-02
9.434456146213461569e-02
9.432127043010909984e-02
9.429798514798801157e-02
9.427470561435180585e-02
9.425143182778136786e-02
9.422816378685788807e-02
9.420490149016291781e-02
9.418164493627838307e-02
9.415839412378648743e-02
9.413514905126987853e-02
9.411190971731150934e-02
9.408867612049465201e-02
9.406544825940296728e-02
9.404222613262049058e-02
9.401900973873156264e-02
9.399579907632085729e-02
9.397259414397346466e-02
9.394939494027476634e-02
9.392620146381049084e-02
9.390301371316679691e-02
9.387983168693009306e-02
9.385665538368717642e-02
9.383348480202520492e-02
9.381031994053169731e-02
9.378716079779444992e-02
9.376400737240170313e-02
9.374085966294197492e-02
9.371771766800415793e-02
9.369458138617747789e-02
9.367145081605156298e-02
9.364832595621631894e-02
9.362520680526205397e-02
9.360209336177936768e-02
9.357898562435924827e-02
9.355588359159307255e-02
9.353278726207243932e-02
9.350969663438943313e-02
9.348661170713640223e-02
9.346353247890608340e-02
9.344045894829149101e-02
9.341739111388611128e-02
9.339432897428365243e-02
9.337127252807825295e-02
9.334822177386437048e-02
9.332517671023678185e-02
9.330213733579065249e-02
9.327910364912148089e-02
9.325607564882511247e-02
9.323305333349772572e-02
9.321003670173587385e-02
9.318702575213645700e-02
9.316402048329663899e-02
9.314102089381406935e-02
9.311802698228661967e-02
9.309503874731260564e-02
9.307205618749060660e-02
9.304907930141957662e-02
9.302610808769885831e-02
9.300314254492807187e-02
9.298018267170722606e-02
9.295722846663669048e-02
9.293427992831711226e-02
9.291133705534955489e-02
9.288839984633538716e-02
9.286546829987636642e-02
9.284254241457452761e-02
9.281962218903230810e-02
9.279670762185240895e-02
9.277379871163804470e-02
9.275089545699258253e-02
9.272799785651984761e-02
9.270510590882395652e-02
9.268221961250944219e-02
9.265933896618112897e-02
9.263646396844414654e-02
9.261359461790404091e-02
9.259073091316667725e-02
9.256787285283823996e-02
9.254502043552534363e-02
9.252217365983482489e-02
9.249933252437392284e-02
9.247649702775023739e-02
9.245366716857171541e-02
9.243084294544660906e-02
9.240802435698350359e-02
9.238521140179141444e-02
9.236240407847960687e-02
9.233960238565773471e-02
9.231680632193578484e-02
9.229401588592409111e-02
9.227123107623332043e-02
9.224845189147450053e-02
9.222567833025897832e-02
9.220291039119847543e-02
9.218014807290503265e-02
9.215739137399103775e-02
9.213464029306921155e-02
9.211189482875262180e-02
9.208915497965471098e-02
9.206642074438924073e-02
9.204369212157026414e-02
9.202096910981227840e-02
9.199825170773003047e-02
9.197553991393868367e-02
9.195283372705366498e-02
9.193013314569081773e-02
9.190743816846630443e-02
9.188474879399655126e-02
9.186206502089848402e-02
9.183938684778920891e-02
9.181671427328627622e-02
9.179404729600754154e-02
9.177138591457120742e-02
9.174873012759580948e-02
9.172607993370024415e-02
9.170343533150374093e-02
9.168079631962583464e-02
9.165816289668643480e-02
9.163553506130583948e-02
9.161291281210458270e-02
9.159029614770358707e-02
9.156768506672417762e-02
9.154507956778790145e-02
9.152247964951673587e-02
9.149988531053297736e-02
9.147729654945924160e-02
9.145471336491851899e-02
9.143213575553407746e-02
9.140956371992961516e-02
9.138699725672909391e-02
9.136443636455680861e-02
9.134188104203749825e-02
9.131933128779613773e-02
9.129678710045806278e-02
9.127424847864899771e-02
9.125171542099490274e-02
9.122918792612222383e-02
9.120666599265761509e-02
9.118414961922810535e-02
9.116163880446111201e-02
9.113913354698435776e-02
9.111663384542587063e-02
9.109413969841408110e-02
9.107165110457772494e-02
9.104916806254588491e-02
9.102669057094792127e-02
9.100421862841363840e-02
9.098175223357310437e-02
9.095929138505676192e-02
9.093683608149538689e-02
9.091438632152006039e-02
9.089194210376223826e-02
9.086950342685368165e-02
9.084707028942655416e-02
9.082464269011329694e-02
9.080222062754667034e-02
9.077980410035985104e-02
9.075739310718626551e-02
9.073498764665974270e-02
9.071258771741443072e-02
9.069019331808482465e-02
9.066780444730571098e-02
9.064542110371223704e-02
9.062304328593993874e-02
9.060067099262462953e-02
9.057830422240244206e-02
9.055594297390993919e-02
9.053358724578390582e-02
9.051123703666152931e-02
9.048889234518035785e-02
9.046655316997818941e-02
9.044421950969323831e-02
9.042189136296402419e-02
9.039956872842938584e-02
9.037725160472855068e-02
9.035493999050100977e-02
9.033263388438667052e-02
9.031033328502567625e-02
9.028803819105860051e-02
9.026574860112632215e-02
9.024346451387003920e-02
9.022118592793128278e-02
9.019891284195194481e-02
9.017664525457423641e-02
9.015438316444070177e-02
9.013212657019425977e-02
9.010987547047806523e-02
9.008762986393571703e-02
9.006538974921106389e-02
9.004315512494841245e-02
9.002092598979223592e-02
8.999870234238745159e-02
8.997648418137932369e-02
8.995427150541336625e-02
8.993206431313548188e-02
8.990986260319192014e-02
8.988766637422924977e-02
8.986547562489434482e-02
8.984329035383446793e-02
8.982111055969715929e-02
8.979893624113034767e-02
8.977676739678223938e-02
8.975460402530140158e-02
8.973244612533677611e-02
8.971029369553755461e-02
8.968814673455333120e-02
8.966600524103400527e-02
8.964386921362978156e-02
8.962173865099129499e-02
8.959961355176940256e-02
8.957749391461533595e-02
8.955537973818065989e-02
8.953327102111731384e-02
8.951116776207750092e-02
8.948906995971378509e-02
8.946697761267906335e-02
8.944489071962659354e-02
8.942280927920993883e-02
8.940073329008293990e-02
8.937866275089992318e-02
8.935659766031534001e-02
8.933453801698418295e-02
8.931248381956159721e-02
8.929043506670319985e-02
8.926839175706484386e-02
8.924635388930278468e-02
8.922432146207352754e-02
8.920229447403398015e-02
8.918027292384138327e-02
8.915825681015324133e-02
8.913624613162747512e-02
8.911424088692226908e-02
8.909224107469615461e-02
8.907024669360803781e-02
8.904825774231710234e-02
8.902627421948289266e-02
8.900429612376524469e-02
8.898232345382441066e-02
8.896035620832086488e-02
8.893839438591549795e-02
8.891643798526946418e-02
8.889448700504434808e-02
8.887254144390192845e-02
8.885060130050440041e-02
8.882866657351431994e-02
8.880673726159447889e-02
8.878481336340807162e-02
8.876289487761858388e-02
8.874098180288987614e-02
8.871907413788605867e-02
8.869717188127165808e-02
8.867527503171149239e-02
8.865338358787069883e-02
8.863149754841477546e-02
8.860961691200949786e-02
8.858774167732105798e-02
8.856587184301585591e-02
8.854400740776074974e-02
8.852214837022280569e-02
8.850029472906954797e-02
8.847844648296869507e-02
8.845660363058839570e-02
8.843476617059707612e-02
8.841293410166349565e-02
8.839110742245678831e-02
8.836928613164637958e-02
8.834747022790198634e-02
8.832565970989371407e-02
8.830385457629197354e-02
8.828205482576750862e-02
8.826026045699141009e-02
8.823847146863503244e-02
8.821668785937011870e-02
8.819490962786871724e-02
8.817313677280323725e-02
8.815136929284633771e-02
8.812960718667109394e-02
8.810785045295084494e-02
8.808609909035930441e-02
8.806435309757050522e-02
8.804261247325874395e-02
8.802087721609871962e-02
8.799914732476540880e-02
8.797742279793419051e-02
8.795570363428069360e-02
8.793398983248087997e-02
8.791228139121108620e-02
8.789057830914792646e-02
8.786888058496836185e-02
8.784718821734971428e-02
8.782550120496956936e-02
8.780381954650585963e-02
8.778214324063686458e-02
8.776047228604122452e-02
8.773880668139776018e-02
8.771714642538579187e-02
8.769549151668491749e-02
8.767384195397494306e-02
8.765219773593616037e-02
8.763055886124909710e-02
8.760892532859464177e-02
8.758729713665397432e-02
8.756567428410864939e-02
8.754405676964051308e-02
8.752244459193171677e-02
8.750083774966478656e-02
8.747923624152255384e-02
8.745764006618818309e-02
8.743604922234510246e-02
8.741446370867718418e-02
8.739288352386850867e-02
8.737130866660354489e-02
8.734973913556706715e-02
8.732817492944419668e-02
8.730661604692033229e-02
8.728506248668123357e-02
8.726351424741302099e-02
8.724197132780205088e-02
8.722043372653502658e-02
8.719890144229903994e-02
8.717737447378148818e-02
8.715585281966999054e-02
8.713433647865263809e-02
8.711282544941774397e-02
8.709131973065398213e-02
8.706981932105035960e-02
8.704832421929616093e-02
8.702683442408107317e-02
8.700534993409506090e-02
8.698387074802833852e-02
8.696239686457156448e-02
8.694092828241570259e-02
8.691946500025195255e-02
8.689800701677194428e-02
8.687655433066755750e-02
8.685510694063100501e-02
8.683366484535486041e-02
8.681222804353198874e-02
8.679079653385558812e-02
8.676937031501913422e-02
8.674794938571651903e-02
8.672653374464189824e-02
8.670512339048974670e-02
8.668371832195485849e-02
8.666231853773238847e-02
8.664092403651776908e-02
8.661953481700676583e-02
8.659815087789550503e-02
8.657677221788037669e-02
8.655539883565810388e-02
8.653403072992579825e-02
8.651266789938082125e-02
8.649131034272083962e-02
8.646995805864392259e-02
8.644861104584843081e-02
8.642726930303298860e-02
8.640593282889658111e-02
8.638460162213856819e-02
8.636327568145853173e-02
8.634195500555645608e-02
8.632063959313260315e-02
8.629932944288756791e-02
8.627802455352227839e-02
8.625672492373794020e-02
8.623543055223613363e-02
8.621414143771877203e-02
8.619285757888794919e-02
8.617157897444627235e-02
8.615030562309657081e-02
8.612903752354196529e-02
8.610777467448597899e-02
8.608651707463235714e-02
8.606526472268526129e-02
8.604401761734913057e-02
8.602277575732868165e-02
8.600153914132903366e-02
8.598030776805558328e-02
8.595908163621401865e-02
8.593786074451040258e-02
8.591664509165111707e-02
8.589543467634276619e-02
8.587422949729239807e-02
8.585302955320729679e-02
8.583183484279513498e-02
8.581064536476384896e-02
8.578946111782168038e-02
8.576828210067725944e-02
8.574710831203946615e-02
8.572593975061754135e-02
8.570477641512105893e-02
8.568361830425984260e-02
8.566246541674409076e-02
8.564131775128429325e-02
8.562017530659131459e-02
8.559903808137622749e-02
8.557790607435054875e-02
8.555677928422603107e-02
8.553565770971473248e-02
8.551454134952912733e-02
8.549343020238191204e-02
8.547232426698612995e-02
8.545122354205512971e-02
8.543012802630264857e-02
8.540903771844264580e-02
8.538795261718942764e-02
8.536687272125766113e-02
8.534579802936227699e-02
8.532472854021855291e-02
8.530366425254205798e-02
8.528260516504872213e-02
8.526155127645475285e-02
8.524050258547667680e-02
8.521945909083136761e-02
8.519842079123597645e-02
8.517738768540801531e-02
8.515635977206528762e-02
8.513533704992584661e-02
8.511431951770824511e-02
8.509330717413116085e-02
8.507230001791364626e-02
8.505129804777515623e-02
8.503030126243535380e-02
8.500930966061424898e-02
8.498832324103215707e-02
8.496734200240980972e-02
8.494636594346810510e-02
8.492539506292834384e-02
8.490442935951209025e-02
8.488346883194132497e-02
8.486251347893823682e-02
8.484156329922534767e-02
8.482061829152556798e-02
8.479967845456201636e-02
8.477874378705824165e-02
8.475781428773801474e-02
8.473688995532545343e-02
8.471597078854499474e-02
8.469505678612138100e-02
8.467414794677972922e-02
8.465324426924536461e-02
8.463234575224400091e-02
8.461145239450164335e-02
8.459056419474458854e-02
8.456968115169952172e-02
8.454880326409339175e-02
8.452793053065342510e-02
8.450706295010723679e-02
8.448620052118269164e-02
8.446534324260801530e-02
8.444449111311173872e-02
8.442364413142269819e-02
8.440280229627003528e-02
8.438196560638319688e-02
8.436113406049201846e-02
8.434030765732651591e-02
8.431948639561714920e-02
8.429867027409460034e-02
8.427785929148992605e-02
8.425705344653447448e-02
8.423625273795989910e-02
8.421545716449815866e-02
8.419466672488153114e-02
8.417388141784264144e-02
8.415310124211437814e-02
8.413232619642997678e-02
8.411155627952299207e-02
8.409079149012721466e-02
8.407003182697685151e-02
8.404927728880637328e-02
8.402852787435054205e-02
8.400778358234448073e-02
8.398704441152357592e-02
8.396631036062358888e-02
8.394558142838048909e-02
8.392485761353069007e-02
8.390413891481084130e-02
8.388342533095786979e-02
8.386271686070909115e-02
8.384201350280209852e-02
8.382131525597479038e-02
8.380062211896538438e-02
8.377993409051241736e-02
8.375925116935473147e-02
8.373857335423144643e-02
8.371790064388205665e-02
8.369723303704633410e-02
8.367657053246435606e-02
8.365591312887653286e-02
8.363526082502353853e-02
8.361461361964646344e-02
8.359397151148653671e-02
8.357333449928547320e-02
8.355270258178518206e-02
8.353207575772794713e-02
8.351145402585635757e-02
8.349083738491323847e-02
8.347022583364183124e-02
8.344961937078559933e-02
8.342901799508839478e-02
8.340842170529431943e-02
8.338783050014782205e-02
8.336724437839362900e-02
8.334666333877677191e-02
8.332608738004265714e-02
8.330551650093695470e-02
8.328495070020561220e-02
8.326438997659495189e-02
8.324383432885153200e-02
8.322328375572232706e-02
8.320273825595451977e-02
8.318219782829562592e-02
8.316166247149350821e-02
8.314113218429632080e-02
8.312060696545248151e-02
8.310008681371079675e-02
8.307957172782030886e-02
8.305906170653040710e-02
8.303855674859082769e-02
8.301805685275150115e-02
8.299756201776278819e-02
8.297707224237528545e-02
8.295658752533992264e-02
8.293610786540793478e-02
8.291563326133084832e-02
8.289516371186056443e-02
8.287469921574917853e-02
8.285423977174920240e-02
8.283378537861336988e-02
8.281333603509480334e-02
8.279289173994687501e-02
8.277245249192330401e-02
8.275201828977808705e-02
8.273158913226551225e-02
8.271116501814022859e-02
8.269074594615714868e-02
8.267033191507153211e-02
8.264992292363888826e-02
8.262951897061508733e-02
8.260912005475630482e-02
8.258872617481896605e-02
8.256833732955988492e-02
8.254795351773611123e-02
8.252757473810502786e-02
8.250720098942433689e-02
8.248683227045205957e-02
8.246646857994648083e-02
8.244610991666619093e-02
8.242575627937015481e-02
8.240540766681754559e-02
8.238506407776793883e-02
8.236472551098115991e-02
8.234439196521733950e-02
8.232406343923694136e-02
8.230373993180072067e-02
8.228342144166972405e-02
8.226310796760534505e-02
8.224279950836924091e-02
8.222249606272338807e-02
8.220219762943008213e-02
8.218190420725189627e-02
8.216161579495173672e-02
8.214133239129281505e-02
8.212105399503863423e-02
8.210078060495298868e-02
8.208051221980000589e-02
8.206024883834411865e-02
8.203999045935003731e-02
8.201973708158281917e-02
8.199948870380775745e-02
8.197924532479053394e-02
8.195900694329709413e-02
8.193877355809364715e-02
8.191854516794680463e-02
8.189832177162338633e-02
8.187810336789057286e-02
8.185788995551583624e-02
8.183768153326696770e-02
8.181747809991198050e-02
8.179727965421931812e-02
8.177708619495765996e-02
8.175689772089594909e-02
8.173671423080354492e-02
8.171653572344998728e-02
8.169636219760520457e-02
8.167619365203941662e-02
8.165603008552312081e-02
8.163587149682711985e-02
8.161571788472250788e-02
8.159556924798075372e-02
8.157542558537353439e-02
8.155528689567291545e-02
8.153515317765119841e-02
8.151502443008101784e-02
8.149490065173532749e-02
8.147478184138733093e-02
8.145466799781059253e-02
8.143455911977895423e-02
8.141445520606654940e-02
8.139435625544784447e-02
8.137426226669758345e-02
8.135417323859080174e-02
8.133408916990288173e-02
8.131401005940946947e-02
8.129393590588654406e-02
8.127386670811032054e-02
8.125380246485740254e-02
8.123374317490467122e-02
8.121368883702924368e-02
8.119363945000863947e-02
8.117359501262060018e-02
8.115355552364321434e-02
8.113352098185487582e-02
8.111349138603421438e-02
8.109346673496023450e-02
8.107344702741223208e-02
8.105343226216975283e-02
8.103342243801273104e-02
8.101341755372130915e-02
8.099341760807599044e-02
8.097342259985754187e-02
8.095343252784706345e-02
8.093344739082596051e-02
8.091346718757588818e-02
8.089349191687887630e-02
8.087352157751720449e-02
8.085355616827341607e-02
8.083359568793047067e-02
8.081364013527150836e-02
8.079368950908005775e-02
8.077374380813991117e-02
8.075380303123513848e-02
8.073386717715012872e-02
8.071393624466961791e-02
8.069401023257853633e-02
8.067408913966225836e-02
8.065417296470629716e-02
8.063426170649659608e-02
8.061435536381932054e-02
8.059445393546099679e-02
8.057455742020838696e-02
8.055466581684857241e-02
8.053477912416899531e-02
8.051489734095727824e-02
8.049502046600148786e-02
8.047514849808985737e-02
8.045528143601098081e-02
8.043541927855377138e-02
8.041556202450736435e-02
8.039570967266131130e-02
8.037586222180537199e-02
8.035601967072956986e-02
8.033618201822438631e-02
8.031634926308044153e-02
8.029652140408873040e-02
8.027669844004051147e-02
8.025688036972737638e-02
8.023706719194119430e-02
8.021725890547413973e-02
8.019745550911867860e-02
8.017765700166758214e-02
8.015786338191394078e-02
8.013807464865106700e-02
8.011829080067266184e-02
8.009851183677266229e-02
8.007873775574535224e-02
8.005896855638527931e-02
8.003920423748728252e-02
8.001944479784649233e-02
7.999969023625841391e-02
7.997994055151877446e-02
7.996019574242359262e-02
7.994045580776922011e-02
7.992072074635228618e-02
7.990099055696973929e-02
7.988126523841880544e-02
7.986154478949701596e-02
7.984182920900219360e-02
7.982211849573243867e-02
7.980241264848619842e-02
7.978271166606218379e-02
7.976301554725941101e-02
7.974332429087714613e-02
7.972363789571505766e-02
7.970395636057298061e-02
7.968427968425116636e-02
7.966460786555008833e-02
7.964494090327053910e-02
7.962527879621357496e-02
7.960562154318061301e-02
7.958596914297333402e-02
7.956632159439369634e-02
7.954667889624394972e-02
7.952704104732667700e-02
7.950740804644476634e-02
7.948777989240132791e-02
7.946815658399983273e-02
7.944853812004402938e-02
7.942892449933795784e-02
7.940931572068596345e-02
7.938971178289264130e-02
7.937011268476297510e-02
7.935051842510215669e-02
7.933092900271566938e-02
7.931134441640939892e-02
7.929176466498941145e-02
7.927218974726212009e-02
7.925261966203420161e-02
7.923305440811266587e-02
7.921349398430477251e-02
7.919393838941814201e-02
7.917438762226064464e-02
7.915484168164040046e-02
7.913530056636591814e-02
7.911576427524594224e-02
7.909623280708952264e-02
7.907670616070600067e-02
7.905718433490502295e-02
7.903766732849654142e-02
7.901815514029071619e-02
7.899864776909813757e-02
7.897914521372960406e-02
7.895964747299621944e-02
7.894015454570935120e-02
7.892066643068074150e-02
7.890118312672236844e-02
7.888170463264650156e-02
7.886223094726571570e-02
7.884276206939287712e-02
7.882329799784117130e-02
7.880383873142399187e-02
7.878438426895516267e-02
7.876493460924868795e-02
7.874548975111886340e-02
7.872604969338037328e-02
7.870661443484811004e-02
7.868718397433729916e-02
7.866775831066341595e-02
7.864833744264225490e-02
7.862892136908994356e-02
7.860951008882283153e-02
7.859010360065757372e-02
7.857070190341117200e-02
7.855130499590087800e-02
7.853191287694420708e-02
7.851252554535903538e-02
7.849314299996347499e-02
7.847376523957597105e-02
7.845439226301520463e-02
7.843502406910018987e-02
7.841566065665026009e-02
7.839630202448497065e-02
7.837694817142422388e-02
7.835759909628817188e-02
7.833825479789728596e-02
7.831891527507234274e-02
7.829958052663436863e-02
7.828025055140469535e-02
7.826092534820495994e-02
7.824160491585709087e-02
7.822228925318329418e-02
7.820297835900603955e-02
7.818367223214814365e-02
7.816437087143272844e-02
7.814507427568309628e-02
7.812578244372292424e-02
7.810649537437622247e-02
7.808721306646718152e-02
7.806793551882035276e-02
7.804866273026056511e-02
7.802939469961291119e-02
7.801013142570283054e-02
7.799087290735599864e-02
7.797161914339839628e-02
7.795237013265628179e-02
7.793312587395624658e-02
7.791388636612514573e-02
7.789465160799011190e-02
7.787542159837856914e-02
7.785619633611826074e-02
7.783697582003720750e-02
7.781776004896366616e-02
7.779854902172624043e-02
7.777934273715383928e-02
7.776014119407560765e-02
7.774094439132100964e-02
7.772175232771980080e-02
7.770256500210202810e-02
7.768338241329794669e-02
7.766420456013824192e-02
7.764503144145379343e-02
7.762586305607581394e-02
7.760669940283572432e-02
7.758754048056533403e-02
7.756838628809671621e-02
7.754923682426216602e-02
7.753009208789435336e-02
7.751095207782621177e-02
7.749181679289086910e-02
7.747268623192189729e-02
7.745356039375307644e-02
7.743443927721847808e-02
7.741532288115243743e-02
7.739621120438959501e-02
7.737710424576495216e-02
7.735800200411366290e-02
7.733890447827125592e-02
7.731981166707355135e-02
7.730072356935661915e-02
7.728164018395683454e-02
7.726256150971086423e-02
7.724348754545563855e-02
7.722441829002840707e-02
7.720535374226669689e-02
7.718629390100831267e-02
7.716723876509135049e-02
7.714818833335417014e-02
7.712914260463547833e-02
7.711010157777421770e-02
7.709106525160963619e-02
7.707203362498121768e-02
7.705300669672887626e-02
7.703398446569262314e-02
7.701496693071287203e-02
7.699595409063028639e-02
7.697694594428587667e-02
7.695794249052086144e-02
7.693894372817676464e-02
7.691994965609540158e-02
7.690096027311889293e-02
7.688197557808963689e-02
7.686299556985029535e-02
7.684402024724383551e-02
7.682504960911350211e-02
7.680608365430283135e-02
7.678712238165565085e-02
7.676816579001605190e-02
7.674921387822844498e-02
7.673026664513746264e-02
7.671132408958812599e-02
7.669238621042563653e-02
7.667345300649552886e-02
7.665452447664364288e-02
7.663560061971605442e-02
7.661668143455915847e-02
7.659776692001964149e-02
7.657885707494443972e-02
7.655995189818079472e-02
7.654105138857623947e-02
7.652215554497858452e-02
7.650326436623589021e-02
7.648437785119657772e-02
7.646549599870930414e-02
7.644661880762297634e-02
7.642774627678686206e-02
7.640887840505047879e-02
7.639001519126360773e-02
7.637115663427632151e-02
7.635230273293901193e-02
7.633345348610232062e-02
7.631460889261718061e-02
7.629576895133480252e-02
7.627693366110671613e-02
7.625810302078464553e-02
7.623927702922070337e-02
7.622045568526727988e-02
7.620163898777691791e-02
7.618282693560260443e-02
7.616401952759752070e-02
7.614521676261515326e-02
7.612641863950925236e-02
7.610762515713390131e-02
7.608883631434341932e-02
7.607005210999240319e-02
7.605127254293576888e-02
7.603249761202870993e-02
7.601372731612665579e-02
7.599496165408539672e-02
7.597620062476093117e-02
7.595744422700959064e-02
7.593869245968794257e-02
7.591994532165290133e-02
7.590120281176158945e-02
7.588246492887146255e-02
7.586373167184025379e-02
7.584500303952596001e-02
7.582627903078686948e-02
7.580755964448153417e-02
7.578884487946882520e-02
7.577013473460787740e-02
7.575142920875807540e-02
7.573272830077915074e-02
7.571403200953105705e-02
7.569534033387405325e-02
7.567665327266868969e-02
7.565797082477579427e-02
7.563929298905644472e-02
7.562061976437206567e-02
7.560195114958426221e-02
7.558328714355501410e-02
7.556462774514655090e-02
7.554597295322137973e-02
7.552732276664227140e-02
7.550867718427230202e-02
7.549003620497485301e-02
7.547139982761350008e-02
7.545276805105219364e-02
7.543414087415512004e-02
7.541551829578672927e-02
7.539690031481179056e-02
7.537828693009533676e-02
7.535967814050267832e-02
7.534107394489940324e-02
7.532247434215137705e-02
7.530387933112477061e-02
7.528528891068601847e-02
7.526670307970180496e-02
7.524812183703916135e-02
7.522954518156531323e-02
7.521097311214784698e-02
7.519240562765458491e-02
7.517384272695362690e-02
7.515528440891340589e-02
7.513673067240252135e-02
7.511818151628996132e-02
7.509963693944494978e-02
7.508109694073701601e-02
7.506256151903591134e-02
7.504403067321169241e-02
7.502550440213474892e-02
7.500698270467569262e-02
7.498846557970538507e-02
7.496995302609504863e-02
7.495144504271609998e-02
7.493294162844033046e-02
7.491444278213972574e-02
7.489594850268659065e-02
7.487745878895347984e-02
7.485897363981325325e-02
7.484049305413907616e-02
7.482201703080429422e-02
7.480354556868262783e-02
7.478507866664806103e-02
7.476661632357479992e-02
7.474815853833735591e-02
7.472970530981058734e-02
7.471125663686951912e-02
7.469281251838950919e-02
7.467437295324617919e-02
7.465593794031548380e-02
7.463750747847355815e-02
7.461908156659689817e-02
7.460066020356223571e-02
7.458224338824656630e-02
7.456383111952724629e-02
7.454542339628178471e-02
7.452702021738805138e-02
7.450862158172419369e-02
7.449022748816856720e-02
7.447183793559991605e-02
7.445345292289715089e-02
7.443507244893952934e-02
7.441669651260653107e-02
7.439832511277798266e-02
7.437995824833394665e-02
7.436159591815472147e-02
7.434323812112096641e-02
7.432488485611353501e-02
7.430653612201364167e-02
7.428819191770269503e-02
7.426985224206245073e-02
7.425151709397488642e-02
7.423318647232227119e-02
7.421486037598716556e-02
7.419653880385239375e-02
7.417822175480104363e-02
7.415990922771650840e-02
7.414160122148244492e-02
7.412329773498277374e-02
7.410499876710169298e-02
7.408670431672369217e-02
7.406841438273353839e-02
7.405012896401622080e-02
7.403184805945706159e-02
7.401357166794168829e-02
7.399529978835588107e-02
7.397703241958582254e-02
7.395876956051791740e-02
7.394051121003880622e-02
7.392225736703547656e-02
7.390400803039516575e-02
7.388576319900536093e-02
7.386752287175384069e-02
7.384928704752867501e-02
7.383105572521818372e-02
7.381282890371096417e-02
7.379460658189589128e-02
7.377638875866217305e-02
7.375817543289912848e-02
7.373996660349653454e-02
7.372176226934436249e-02
7.370356242933284729e-02
7.368536708235248756e-02
7.366717622729412884e-02
7.364898986304881101e-02
7.363080798850786535e-02
7.361263060256292845e-02
7.359445770410590060e-02
7.357628929202894574e-02
7.355812536522447764e-02
7.353996592258522924e-02
7.352181096300416940e-02
7.350366048537458619e-02
7.348551448858996193e-02
7.346737297154415369e-02
7.344923593313121279e-02
7.343110337224550976e-02
7.341297528778162329e-02
7.339485167863447901e-02
7.337673254369925235e-02
7.335861788187138244e-02
7.334050769204659981e-02
7.332240197312085705e-02
7.330430072399042596e-02
7.328620394355185585e-02
7.326811163070193200e-02
7.325002378433773109e-02
7.323194040335662125e-02
7.321386148665622040e-02
7.319578703313442403e-02
7.317771704168937741e-02
7.315965151121953114e-02
7.314159044062361337e-02
7.312353382880056041e-02
7.310548167464968328e-02
7.308743397707047340e-02
7.306939073496272752e-02
7.305135194722650605e-02
7.303331761276217471e-02
7.301528773047034904e-02
7.299726229925188048e-02
7.297924131800795355e-02
7.296122478563996094e-02
7.294321270104964228e-02
7.292520506313893147e-02
7.290720187081009551e-02
7.288920312296560955e-02
7.287120881850829568e-02
7.285321895634114253e-02
7.283523353536754119e-02
7.281725255449107703e-02
7.279927601261558523e-02
7.278130390864519239e-02
7.276333624148433044e-02
7.274537301003768108e-02
7.272741421321016198e-02
7.270945984990702382e-02
7.269150991903372550e-02
7.267356441949601731e-02
7.265562335019996876e-02
7.263768671005182975e-02
7.261975449795821103e-02
7.260182671282591760e-02
7.258390335356205980e-02
7.256598441907403940e-02
7.254806990826945245e-02
7.253015982005628359e-02
7.251225415334267010e-02
7.249435290703705459e-02
7.247645608004821272e-02
7.245856367128514219e-02
7.244067567965703502e-02
7.242279210407349954e-02
7.240491294344428286e-02
7.238703819667949291e-02
7.236916786268944579e-02
7.235130194038477680e-02
7.233344042867632939e-02
7.231558332647528009e-02
7.229773063269304134e-02
7.227988234624128927e-02
7.226203846603197756e-02
7.224419899097733744e-02
7.222636391998984995e-02
7.220853325198228756e-02
7.219070698586765866e-02
7.217288512055924921e-02
7.215506765497067820e-02
7.213725458801571733e-02
7.211944591860848519e-02
7.210164164566337797e-02
7.208384176809499999e-02
7.206604628481826091e-02
7.204825519474834794e-02
7.203046849680069807e-02
7.201268618989099812e-02
7.199490827293525408e-02
7.197713474484970786e-02
7.195936560455080955e-02
7.194160085095541168e-02
7.192384048298054722e-02
7.190608449954349890e-02
7.188833289956186867e-02
7.187058568195346664e-02
7.185284284563647761e-02
7.183510438952921129e-02
7.181737031255037984e-02
7.179964061361884808e-02
7.178191529165382778e-02
7.176419434557478050e-02
7.174647777430137596e-02
7.172876557675363085e-02
7.171105775185179776e-02
7.169335429851635133e-02
7.167565521566811315e-02
7.165796050222815461e-02
7.164027015711774138e-02
7.162258417925847220e-02
7.160490256757219563e-02
7.158722532098103775e-02
7.156955243840734671e-02
7.155188391877378984e-02
7.153421976100331203e-02
7.151655996401902471e-02
7.149890452674442787e-02
7.148125344810321580e-02
7.146360672701934647e-02
7.144596436241706927e-02
7.142832635322088342e-02
7.141069269835557953e-02
7.139306339674618418e-02
7.137543844731801534e-02
7.135781784899662694e-02
7.134020160070783656e-02
7.132258970137775322e-02
7.130498214993277739e-02
7.128737894529950381e-02
7.126978008640483253e-02
7.125218557217589954e-02
7.123459540154016001e-02
7.121700957342530502e-02
7.119942808675926160e-02
7.118185094047027595e-02
7.116427813348678855e-02
7.114670966473760072e-02
7.112914553315168031e-02
7.111158573765832824e-02
7.109403027718705359e-02
7.107647915066769850e-02
7.105893235703031330e-02
7.104138989520523972e-02
7.102385176412306933e-02
7.100631796271464347e-02
7.098878848991110879e-02
7.097126334464386177e-02
7.095374252584453478e-02
7.093622603244505165e-02
7.091871386337759986e-02
7.090120601757458896e-02
7.088370249396877543e-02
7.086620329149311004e-02
7.084870840908080725e-02
7.083121784566540069e-02
7.081373160018060442e-02
7.079624967156047943e-02
7.077877205873932265e-02
7.076129876065165303e-02
7.074382977623228097e-02
7.072636510441629443e-02
7.070890474413903115e-02
7.069144869433612033e-02
7.067399695394337156e-02
7.065654952189696913e-02
7.063910639713323614e-02
7.062166757858889810e-02
7.060423306520081932e-02
7.058680285590621106e-02
7.056937694964247887e-02
7.055195534534733359e-02
7.053453804195876364e-02
7.051712503841497948e-02
7.049971633365446910e-02
7.048231192661597033e-02
7.046491181623851241e-02
7.044751600146138826e-02
7.043012448122409896e-02
7.041273725446646481e-02
7.039535432012854199e-02
7.037797567715062264e-02
7.036060132447333193e-02
7.034323126103748935e-02
7.032586548578421970e-02
7.030850399765491143e-02
7.029114679559110568e-02
7.027379387853478765e-02
7.025644524542806746e-02
7.023910089521334665e-02
7.022176082683333209e-02
7.020442503923093880e-02
7.018709353134935935e-02
7.016976630213205002e-02
7.015244335052274460e-02
7.013512467546541285e-02
7.011781027590428816e-02
7.010050015078385377e-02
7.008319429904892595e-02
7.006589271964447363e-02
7.004859541151578495e-02
7.003130237360843946e-02
7.001401360486818326e-02
6.999672910424110939e-02
6.997944887067354680e-02
6.996217290311206038e-02
6.994490120050349258e-02
6.992763376179494950e-02
6.991037058593381481e-02
6.989311167186769425e-02
6.987585701854444331e-02
6.985860662491225059e-02
6.984136048991949897e-02
6.982411861251482110e-02
6.980688099164719662e-02
6.978964762626574392e-02
6.977241851531992833e-02
6.975519365775947889e-02
6.973797305253431889e-02
6.972075669859466307e-02
6.970354459489098986e-02
6.968633674037405523e-02
6.966913313399485108e-02
6.965193377470460523e-02
6.963473866145485081e-02
6.961754779319735686e-02
6.960036116888414226e-02
6.958317878746751728e-02
6.956600064790001425e-02
6.954882674913442919e-02
6.953165709012387730e-02
6.951449166982159866e-02
6.949733048718124973e-02
6.948017354115663957e-02
6.946302083070185485e-02
6.944587235477128750e-02
6.942872811231949604e-02
6.941158810230142751e-02
6.939445232367214000e-02
6.937732077538706632e-02
6.936019345640183353e-02
6.934307036567234628e-02
6.932595150215481450e-02
6.930883686480557304e-02
6.929172645258135921e-02
6.927462026443909071e-02
6.925751829933594894e-02
6.924042055622942060e-02
6.922332703407715893e-02
6.920623773183715022e-02
6.918915264846765834e-02
6.917207178292711367e-02
6.915499513417425193e-02
6.913792270116810024e-02
6.912085448286786615e-02
6.910379047823310417e-02
6.908673068622353530e-02
6.906967510579918590e-02
6.905262373592035985e-02
6.903557657554758309e-02
6.901853362364164524e-02
6.900149487916355795e-02
6.898446034107469371e-02
6.896743000833654991e-02
6.895040387991097086e-02
6.893338195476003682e-02
6.891636423184603621e-02
6.889935071013161827e-02
6.888234138857959876e-02
6.886533626615302939e-02
6.884833534181532266e-02
6.883133861453005764e-02
6.881434608326111868e-02
6.879735774697262607e-02
6.878037360462892214e-02
6.876339365519466840e-02
6.874641789763476230e-02
6.872944633091432332e-02
6.871247895399877625e-02
6.869551576585374020e-02
6.867855676544513954e-02
6.866160195173916236e-02
6.864465132370220490e-02
6.862770488030095484e-02
6.861076262050232188e-02
6.859382454327354883e-02
6.857689064758198949e-02
6.855996093239540012e-02
6.854303539668170353e-02
6.852611403940912782e-02
6.850919685954612315e-02
6.849228385606137559e-02
6.847537502792391817e-02
6.845847037410290881e-02
6.844156989356786625e-02
6.842467358528850352e-02
6.840778144823482509e-02
6.839089348137705748e-02
6.837400968368570475e-02
6.835713005413149301e-02
6.834025459168545369e-02
6.832338329531884025e-02
6.830651616400315596e-02
6.828965319671016776e-02
6.827279439241189241e-02
6.825593975008061032e-02
6.823908926868885172e-02
6.822224294720938276e-02
6.820540078461524713e-02
6.818856277987972447e-02
6.817172893197637196e-02
6.815489923987896881e-02
6.813807370256157181e-02
6.812125231899847366e-02
6.810443508816424463e-02
6.808762200903367701e-02
6.807081308058182678e-02
6.805400830178401361e-02
6.803720767161580696e-02
6.802041118905303996e-02
6.800361885307176779e-02
6.798683066264830932e-02
6.797004661675923320e-02
6.795326671438142729e-02
6.793649095449190434e-02
6.791971933606803791e-02
6.790295185808742362e-02
6.788618851952787914e-02
6.786942931936749968e-02
6.785267425658463025e-02
6.783592333015790732e-02
6.781917653906610610e-02
6.780243388228839041e-02
6.778569535880410446e-02
6.776896096759282839e-02
6.775223070763443378e-02
6.773550457790901425e-02
6.771878257739696871e-02
6.770206470507884877e-02
6.768535095993559458e-02
6.766864134094827121e-02
6.765193584709826291e-02
6.763523447736717598e-02
6.761853723073690814e-02
6.760184410618956530e-02
6.758515510270750315e-02
6.756847021927335495e-02
6.755178945487001763e-02
6.753511280848058240e-02
6.751844027908847357e-02
6.750177186567729581e-02
6.748510756723088977e-02
6.746844738273345687e-02
6.745179131116932347e-02
6.743513935152314898e-02
6.741849150277981484e-02
6.740184776392443844e-02
6.738520813394241471e-02
6.736857261181938838e-02
6.735194119654122624e-02
6.733531388709404486e-02
6.731869068246428001e-02
6.730207158163853398e-02
6.728545658360368664e-02
6.726884568734690928e-02
6.725223889185555359e-02
6.723563619611726272e-02
6.721903759911991572e-02
6.720244309985168307e-02
6.718585269730090181e-02
6.716926639045622816e-02
6.715268417830655423e-02
6.713610605984102198e-02
6.711953203404900925e-02
6.710296209992011596e-02
6.708639625644427507e-02
6.706983450261157220e-02
6.705327683741243994e-02
6.703672325983746350e-02
6.702017376887756117e-02
6.700362836352380391e-02
6.698708704276763737e-02
6.697054980560064597e-02
6.695401665101471944e-02
6.693748757800198346e-02
6.692096258555481347e-02
6.690444167266583475e-02
6.688792483832790847e-02
6.687141208153415950e-02
6.685490340127796249e-02
6.683839879655291416e-02
6.682189826635290264e-02
6.680540180967201036e-02
6.678890942550463894e-02
6.677242111284541204e-02
6.675593687068911986e-02
6.673945669803089953e-02
6.672298059386613800e-02
6.670650855719041650e-02
6.669004058699956605e-02
6.667357668228969525e-02
6.665711684205717635e-02
6.664066106529857592e-02
6.662420935101073804e-02
6.660776169819078441e-02
6.659131810583600319e-02
6.657487857294401568e-02
6.655844309851263740e-02
6.654201168153993373e-02
6.652558432102426145e-02
6.650916101596418550e-02
6.649274176535853453e-02
6.647632656820635921e-02
6.645991542350698777e-02
6.644350833025997050e-02
6.642710528746513521e-02
6.641070629412253179e-02
6.639431134923244604e-02
6.637792045179545519e-02
6.636153360081233077e-02
6.634515079528414960e-02
6.632877203421218282e-02
6.631239731659793746e-02
6.629602664144326751e-02
6.627966000775015187e-02
6.626329741452084698e-02
6.624693886075794236e-02
6.623058434546415241e-02
6.621423386764249686e-02
6.619788742629627298e-02
6.618154502042897236e-02
6.616520664904432247e-02
6.614887231114632837e-02
6.613254200573925878e-02
6.611621573182761835e-02
6.609989348841609214e-02
6.608357527450968438e-02
6.606726108911363526e-02
6.605095093123340699e-02
6.603464479987472546e-02
6.601834269404353861e-02
6.600204461274609968e-02
6.598575055498880071e-02
6.596946051977840841e-02
6.595317450612181442e-02
6.593689251302622956e-02
6.592061453949910055e-02
6.590434058454808230e-02
6.588807064718113504e-02
6.587180472640641327e-02
6.585554282123232128e-02
6.583928493066751320e-02
6.582303105372094842e-02
6.580678118940171129e-02
6.579053533671924692e-02
6.577429349468315312e-02
6.575805566230331911e-02
6.574182183858992556e-02
6.572559202255327804e-02
6.570936621320402904e-02
6.569314440955301149e-02
6.567692661061139137e-02
6.566071281539045956e-02
6.564450302290181227e-02
6.562829723215730937e-02
6.561209544216903278e-02
6.559589765194930033e-02
6.557970386051066580e-02
6.556351406686596051e-02
6.554732827002825168e-02
6.553114646901081475e-02
6.551496866282723042e-02
6.549879485049121819e-02
6.548262503101683063e-02
6.546645920341842562e-02
6.545029736671041654e-02
6.543413951990760535e-02
6.541798566202501608e-02
6.540183579207783926e-02
6.538568990908162626e-02
6.536954801205209498e-02
6.535341010000518536e-02
6.533727617195715653e-02
6.532114622692446193e-02
6.530502026392379089e-02
6.528889828197212419e-02
6.527278028008660915e-02
6.525666625728471226e-02
6.524055621258406656e-02
6.522445014500265204e-02
6.520834805355858743e-02
6.519224993727029682e-02
6.517615579515639856e-02
6.516006562623577469e-02
6.514397942952762643e-02
6.512789720405123828e-02
6.511181894882626942e-02
6.509574466287257333e-02
6.507967434521023942e-02
6.506360799485962076e-02
6.504754561084129250e-02
6.503148719217606566e-02
6.501543273788500110e-02
6.499938224698943723e-02
6.498333571851089285e-02
6.496729315147117823e-02
6.495125454489231176e-02
6.493521989779657555e-02
6.491918920920648761e-02
6.490316247814478801e-02
6.488713970363446659e-02
6.487112088469879079e-02
6.485510602036122230e-02
6.483909510964551426e-02
6.482308815157557247e-02
6.480708514517560803e-02
6.479108608947010961e-02
6.477509098348373240e-02
6.475909982624136751e-02
6.474311261676826690e-02
6.472712935408976576e-02
6.471115003723153236e-02
6.469517466521942928e-02
6.467920323707962438e-02
6.466323575183847983e-02
6.464727220852259371e-02
6.463131260615880003e-02
6.461535694377421035e-02
6.459940522039614441e-02
6.458345743505215786e-02
6.456751358677011166e-02
6.455157367457800555e-02
6.453563769750411683e-02
6.451970565457702811e-02
6.450377754482547465e-02
6.448785336727848316e-02
6.447193312096528850e-02
6.445601680491537533e-02
6.444010441815847812e-02
6.442419595972458113e-02
6.440829142864384904e-02
6.439239082394677960e-02
6.437649414466402320e-02
6.436060138982650780e-02
6.434471255846541116e-02
6.432882764961214694e-02
6.431294666229833701e-02
6.429706959555583912e-02
6.428119644841683022e-02
6.426532721991363994e-02
6.424946190907886157e-02
6.423360051494533818e-02
6.421774303654614879e-02
6.420188947291460835e-02
6.418603982308428157e-02
6.417019408608892750e-02
6.415435226096261045e-02
6.413851434673956131e-02
6.412268034245434400e-02
6.410685024714166125e-02
6.409102405983649331e-02
6.407520177957411189e-02
6.405938340538991360e-02
6.404356893631962810e-02
6.402775837139922099e-02
6.401195170966479664e-02
6.399614895015283411e-02
6.398035009189995126e-02
6.396455513394302961e-02
6.394876407531922824e-02
6.393297691506587277e-02
6.391719365222059412e-02
6.390141428582120364e-02
6.388563881490580409e-02
6.386986723851269254e-02
6.385409955568042972e-02
6.383833576544782618e-02
6.382257586685384509e-02
6.380681985893781050e-02
6.379106774073922681e-02
6.377531951129775112e-02
6.375957516965344296e-02
6.374383471484650066e-02
6.372809814591730293e-02
6.371236546190663097e-02
6.369663666185534923e-02
6.368091174480464134e-02
6.366519070979588524e-02
6.364947355587070865e-02
6.363376028207101687e-02
6.361805088743890946e-02
6.360234537101666641e-02
6.358664373184692853e-02
6.357094596897250316e-02
6.355525208143641969e-02
6.353956206828199893e-02
6.352387592855272824e-02
6.350819366129237253e-02
6.349251526554494651e-02
6.347684074035468693e-02
6.346117008476602483e-02
6.344550329782371045e-02
6.342984037857263280e-02
6.341418132605801394e-02
6.339852613932522862e-02
6.338287481741994300e-02
6.336722735938805917e-02
6.335158376427564575e-02
6.333594403112907667e-02
6.332030815899497567e-02
6.330467614692011913e-02
6.328904799395157488e-02
6.327342369913666054e-02
6.325780326152288802e-02
6.324218668015803291e-02
6.322657395409006509e-02
6.321096508236728750e-02
6.319536006403808637e-02
6.317975889815122259e-02
6.316416158375562362e-02
6.314856811990045282e-02
6.313297850563513725e-02
6.311739274000929822e-02
6.310181082207283465e-02
6.308623275087583970e-02
6.307065852546867024e-02
6.305508814490193292e-02
6.303952160822641482e-02
6.302395891449316667e-02
6.300840006275350291e-02
6.299284505205889062e-02
6.297729388146114382e-02
6.296174655001220144e-02
6.294620305676429384e-02
6.293066340076991505e-02
6.291512758108171177e-02
6.289959559675262213e-02
6.288406744683580629e-02
6.286854313038466036e-02
6.285302264645278858e-02
6.283750599409405890e-02
6.282199317236256131e-02
6.280648418031263558e-02
6.279097901699882966e-02
6.277547768147592744e-02
6.275998017279896257e-02
6.274448649002321854e-02
6.272899663220411759e-02
6.271351059839747055e-02
6.269802838765919928e-02
6.268254999904546154e-02
6.266707543161273430e-02
6.265160468441764718e-02
6.263613775651709348e-02
6.262067464696821628e-02
6.260521535482832522e-02
6.258975987915506300e-02
6.257430821900619722e-02
6.255886037343981465e-02
6.254341634151422413e-02
6.252797612228788715e-02
6.251253971481961214e-02
6.249710711816833936e-02
6.248167833139329358e-02
6.246625335355393549e-02
6.245083218370994782e-02
6.243541482092123535e-02
6.242000126424793877e-02
6.240459151275042776e-02
6.238918556548934957e-02
6.237378342152549021e-02
6.235838507991996876e-02
6.234299053973405697e-02
6.232759980002930411e-02
6.231221285986748154e-02
6.229682971831058264e-02
6.228145037442082976e-02
6.226607482726070203e-02
6.225070307589287283e-02
6.223533511938030699e-02
6.221997095678610812e-02
6.220461058717370595e-02
6.218925400960670369e-02
6.217390122314894046e-02
6.215855222686450521e-02
6.214320701981772971e-02
6.212786560107314698e-02
6.211252796969549128e-02
6.209719412474982297e-02
6.208186406530135509e-02
6.206653779041555047e-02
6.205121529915812173e-02
6.203589659059496886e-02
6.202058166379228327e-02
6.200527051781645066e-02
6.198996315173405797e-02
6.197465956461199743e-02
6.195935975551730007e-02
6.194406372351730916e-02
6.192877146767959001e-02
6.191348298707186754e-02
6.189819828076215807e-02
6.188291734781870002e-02
6.186764018730994685e-02
6.185236679830460188e-02
6.183709717987157656e-02
6.182183133108003215e-02
6.180656925099932419e-02
6.179131093869907193e-02
6.177605639324916520e-02
6.176080561371959793e-02
6.174555859918072487e-02
6.173031534870304649e-02
6.171507586135732693e-02
6.169984013621458013e-02
6.168460817234598659e-02
6.166937996882300432e-02
6.165415552471732036e-02
6.163893483910082294e-02
6.162371791104567093e-02
6.160850473962420359e-02
6.159329532390901002e-02
6.157808966297294295e-02
6.156288775588900780e-02
6.154768960173053610e-02
6.153249519957099817e-02
6.151730454848413493e-02
6.150211764754392324e-02
6.148693449582455506e-02
6.147175509240043051e-02
6.145657943634622034e-02
6.144140752673682426e-02
6.142623936264730855e-02
6.141107494315301701e-02
6.139591426732955715e-02
6.138075733425266134e-02
6.136560414299839505e-02
6.135045469264298335e-02
6.133530898226289413e-02
6.132016701093487288e-02
6.130502877773580384e-02
6.128989428174289739e-02
6.127476352203348187e-02
6.125963649768521868e-02
6.124451320777596353e-02
6.122939365138373169e-02
6.121427782758686459e-02
6.119916573546389099e-02
6.118405737409353395e-02
6.116895274255481491e-02
6.115385183992690099e-02
6.113875466528926467e-02
6.112366121772153799e-02
6.110857149630363749e-02
6.109348550011568790e-02
6.107840322823798046e-02
6.106332467975116030e-02
6.104824985373596968e-02
6.103317874927346315e-02
6.101811136544488257e-02
6.100304770133171267e-02
6.098798775601566718e-02
6.097293152857864718e-02
6.095787901810284515e-02
6.094283022367064789e-02
6.092778514436465731e-02
6.091274377926769734e-02
6.089770612746285561e-02
6.088267218803342096e-02
6.086764196006291122e-02
6.085261544263505934e-02
6.083759263483385499e-02
6.082257353574347519e-02
6.080755814444836760e-02
6.079254646003315332e-02
6.077753848158272409e-02
6.076253420818220063e-02
6.074753363891684937e-02
6.073253677287229063e-02
6.071754360913426962e-02
6.070255414678877443e-02
6.068756838492207067e-02
6.067258632262060442e-02
6.065760795897102986e-02
6.064263329306027878e-02
6.062766232397548416e-02
6.061269505080400105e-02
6.059773147263340654e-02
6.058277158855147893e-02
6.056781539764631572e-02
6.055286289900613239e-02
6.053791409171940113e-02
6.052296897487487171e-02
6.050802754756144652e-02
6.049308980886829168e-02
6.047815575788478143e-02
6.046322539370054677e-02
6.044829871540539218e-02
6.043337572208938580e-02
6.041845641284283169e-02
6.040354078675620048e-02
6.038862884292024724e-02
6.037372058042590056e-02
6.035881599836436656e-02
6.034391509582705260e-02
6.032901787190556031e-02
6.031412432569176890e-02
6.029923445627773798e-02
6.028434826275577002e-02
6.026946574421840341e-02
6.025458689975837084e-02
6.023971172846865479e-02
6.022484022944246673e-02
6.020997240177318466e-02
6.019510824455449188e-02
6.018024775688025907e-02
6.016539093784454423e-02
6.015053778654168987e-02
6.013568830206623278e-02
6.012084248351293181e-02
6.010600032997676784e-02
6.009116184055297155e-02
6.007632701433693323e-02
6.006149585042435540e-02
6.004666834791110019e-02
6.003184450589327259e-02
6.001702432346719268e-02
6.000220779972940954e-02
5.998739493377670123e-02
5.997258572470606786e-02
5.995778017161469686e-02
5.994297827360008102e-02
5.992818002975983799e-02
5.991338543919186993e-02
5.989859450099430105e-02
5.988380721426544984e-02
5.986902357810387071e-02
5.985424359160834706e-02
5.983946725387786353e-02
5.982469456401164759e-02
5.980992552110916266e-02
5.979516012427005950e-02
5.978039837259421091e-02
5.976564026518176032e-02
5.975088580113303849e-02
5.973613497954855661e-02
5.972138779952915200e-02
5.970664426017577991e-02
5.969190436058968013e-02
5.967716809987230059e-02
5.966243547712529738e-02
5.964770649145056947e-02
5.963298114195021010e-02
5.961825942772654846e-02
5.960354134788214964e-02
5.958882690151977995e-02
5.957411608774242084e-02
5.955940890565333129e-02
5.954470535435590212e-02
5.953000543295382252e-02
5.951530914055095517e-02
5.950061647625141253e-02
5.948592743915950831e-02
5.947124202837979212e-02
5.945656024301702869e-02
5.944188208217620478e-02
5.942720754496253616e-02
5.941253663048142591e-02
5.939786933783853390e-02
5.938320566613974893e-02
5.936854561449112638e-02
5.935388918199901997e-02
5.933923636776992916e-02
5.932458717091060318e-02
5.930994159052804804e-02
5.929529962572942237e-02
5.928066127562215543e-02
5.926602653931387077e-02
5.925139541591242093e-02
5.923676790452591517e-02
5.922214400426260850e-02
5.920752371423101956e-02
5.919290703353990990e-02
5.917829396129820757e-02
5.916368449661509737e-02
5.914907863859997922e-02
5.913447638636246118e-02
5.911987773901236642e-02
5.910528269565976794e-02
5.909069125541494688e-02
5.907610341738836479e-02
5.906151918069076773e-02
5.904693854443306134e-02
5.903236150772641494e-02
5.901778806968219909e-02
5.900321822941198557e-02
5.898865198602762372e-02
5.897408933864109470e-02
5.895953028636468501e-02
5.894497482831085461e-02
5.893042296359227161e-02
5.891587469132186089e-02
5.890133001061274853e-02
5.888678892057826880e-02
5.887225142033198494e-02
5.885771750898768917e-02
5.884318718565937495e-02
5.882866044946125084e-02
5.881413729950777519e-02
5.879961773491359373e-02
5.878510175479357419e-02
5.877058935826284108e-02
5.875608054443665074e-02
5.874157531243057867e-02
5.872707366136038082e-02
5.871257559034197965e-02
5.869808109849161681e-02
5.868359018492563112e-02
5.866910284876069442e-02
5.865461908911364514e-02
5.864013890510151594e-02
5.862566229584158933e-02
5.861118926045136290e-02
5.859671979804853548e-02
5.858225390775108343e-02
5.856779158867709417e-02
5.855333283994496735e-02
5.853887766067328302e-02
5.852442604998081555e-02
5.850997800698661683e-02
5.849553353080991225e-02
5.848109262057013535e-02
5.846665527538696255e-02
5.845222149438030618e-02
5.843779127667025897e-02
5.842336462137710795e-02
5.840894152762144548e-02
5.839452199452400960e-02
5.838010602120573267e-02
5.836569360678786622e-02
5.835128475039178669e-02
5.833687945113912032e-02
5.832247770815169458e-02
5.830807952055160059e-02
5.829368488746109606e-02
5.827929380800265374e-02
5.826490628129901012e-02
5.825052230647307511e-02
