2.060641049999999974e-01
2.371985759999999943e-01
2.238896639999999882e-01
2.339480070000000134e-01
2.334623190000000015e-01
2.395710349999999877e-01
2.204447539999999928e-01
2.269802390000000003e-01
2.381237300000000057e-01
2.514582570000000183e-01
2.295446399999999942e-01
2.363564069999999906e-01
2.174184170000000027e-01
2.235803309999999933e-01
2.199117240000000029e-01
2.114503229999999956e-01
2.208591249999999895e-01
2.102394399999999997e-01
2.243962589999999868e-01
2.163943949999999894e-01
2.111802249999999992e-01
2.164433000000000051e-01
2.176482530000000137e-01
2.263582650000000029e-01
1.997175220000000084e-01
2.226754579999999928e-01
2.314215450000000063e-01
2.228534219999999955e-01
1.983450649999999871e-01
2.347558140000000071e-01
2.075855139999999988e-01
2.323905830000000117e-01
2.149761020000000022e-01
1.991724370000000077e-01
2.001573289999999949e-01
2.142615619999999887e-01
2.045416379999999978e-01
2.229381500000000016e-01
1.985758240000000119e-01
1.943784209999999957e-01
2.245514540000000114e-01
1.983136390000000138e-01
2.053559570000000056e-01
2.017792170000000107e-01
1.896584480000000072e-01
2.102362510000000129e-01
1.945744749999999967e-01
1.932172179999999961e-01
2.127558589999999916e-01
2.127397659999999968e-01
1.927868130000000013e-01
2.108382139999999960e-01
1.876917630000000115e-01
1.789830330000000136e-01
1.878389719999999929e-01
1.877306250000000121e-01
2.088306249999999920e-01
1.963952629999999866e-01
1.814917179999999963e-01
1.849349740000000020e-01
1.955573260000000035e-01
2.011415810000000137e-01
1.907090539999999890e-01
2.023104129999999945e-01
1.993054449999999977e-01
2.079599350000000124e-01
1.940733189999999941e-01
1.981785299999999916e-01
1.976183210000000134e-01
1.932522650000000064e-01
1.864268179999999941e-01
2.047319860000000047e-01
1.877392230000000106e-01
2.053833599999999870e-01
2.022156720000000130e-01
2.097542289999999865e-01
1.812455360000000126e-01
1.942806990000000011e-01
1.861803680000000127e-01
1.879260389999999892e-01
1.934852750000000121e-01
1.950387510000000102e-01
1.825348440000000017e-01
1.909327209999999997e-01
1.933464709999999920e-01
1.916094720000000029e-01
1.967583300000000091e-01
1.851219090000000012e-01
1.682293420000000039e-01
1.879336829999999903e-01
1.880451290000000053e-01
1.980101469999999975e-01
1.782658990000000054e-01
1.835625770000000045e-01
1.832925230000000127e-01
1.924956290000000014e-01
1.857793480000000108e-01
1.862427889999999919e-01
1.930051889999999937e-01
1.875392200000000065e-01
1.752767410000000137e-01
1.978683019999999959e-01
1.624438169999999904e-01
1.819098289999999951e-01
1.937536450000000021e-01
1.831614819999999866e-01
1.966364379999999967e-01
1.705582140000000135e-01
1.900949929999999899e-01
1.628740130000000119e-01
1.835724559999999950e-01
1.690904350000000111e-01
1.700558809999999921e-01
1.800159960000000114e-01
1.831745210000000068e-01
1.778374169999999976e-01
1.842010920000000107e-01
1.792270089999999927e-01
1.788450179999999945e-01
1.800713090000000127e-01
1.742011760000000131e-01
1.826984879999999922e-01
1.670036609999999977e-01
1.678766909999999946e-01
1.785751879999999958e-01
1.587720509999999974e-01
1.886902599999999985e-01
1.791705789999999965e-01
1.747959550000000029e-01
1.641616079999999867e-01
1.683813180000000020e-01
1.643071469999999867e-01
1.577792909999999882e-01
1.705581250000000049e-01
1.750761720000000021e-01
1.600609570000000037e-01
1.762609780000000126e-01
1.540046630000000139e-01
1.877632140000000116e-01
1.737204940000000031e-01
1.883344799999999986e-01
1.862511930000000093e-01
1.560727510000000096e-01
1.653077749999999901e-01
1.945023830000000009e-01
1.755691620000000008e-01
1.683052029999999866e-01
1.568045770000000005e-01
1.813738639999999958e-01
1.597797420000000024e-01
1.511998619999999904e-01
1.675966080000000080e-01
1.735117730000000080e-01
1.569662689999999916e-01
1.518708169999999913e-01
1.612433339999999882e-01
1.664005819999999913e-01
1.683314890000000008e-01
1.543379579999999973e-01
1.598981770000000024e-01
1.481028199999999961e-01
1.613039970000000045e-01
1.683314140000000125e-01
1.473398360000000018e-01
1.605094669999999890e-01
1.596426519999999960e-01
1.698988969999999932e-01
1.642743799999999976e-01
1.925002190000000002e-01
1.596166039999999953e-01
1.629891840000000092e-01
1.450583490000000031e-01
1.455429639999999969e-01
1.747942859999999932e-01
1.748407780000000022e-01
1.530113820000000013e-01
1.770092100000000002e-01
1.469961399999999974e-01
1.643556059999999874e-01
1.406934260000000103e-01
1.954170020000000063e-01
1.609593330000000100e-01
1.732841280000000095e-01
1.607345189999999924e-01
1.619556400000000118e-01
1.496159579999999933e-01
1.705888060000000095e-01
1.505644770000000021e-01
1.457063110000000050e-01
1.734826419999999925e-01
1.614508480000000079e-01
1.611854289999999912e-01
1.761871730000000025e-01
1.609568000000000110e-01
1.589451430000000109e-01
1.396977899999999884e-01
1.742044239999999966e-01
1.601499469999999870e-01
1.774382290000000029e-01
1.581655889999999953e-01
1.562907990000000080e-01
1.598466490000000073e-01
1.502827999999999942e-01
1.456975040000000055e-01
1.403425189999999989e-01
1.435258389999999884e-01
1.555934099999999876e-01
1.512202619999999942e-01
1.503912809999999878e-01
1.456304039999999911e-01
1.503066419999999903e-01
1.407422720000000016e-01
1.509562429999999900e-01
1.656049189999999893e-01
1.799190639999999897e-01
1.752578170000000102e-01
1.336927410000000038e-01
1.478689009999999970e-01
1.363455060000000052e-01
1.420467940000000040e-01
1.417540609999999868e-01
1.670500490000000060e-01
1.413574959999999991e-01
1.575445980000000079e-01
1.668564080000000116e-01
1.504513919999999894e-01
1.720557659999999989e-01
1.332145780000000002e-01
1.529283369999999975e-01
1.630979479999999926e-01
1.522633280000000033e-01
1.400336620000000032e-01
1.565087589999999973e-01
1.438169029999999959e-01
1.429625750000000084e-01
1.644377559999999905e-01
1.674842689999999912e-01
1.631421150000000042e-01
1.514856069999999943e-01
1.435418729999999865e-01
1.470007899999999923e-01
1.586258110000000054e-01
1.625876579999999960e-01
1.546614619999999996e-01
1.442464139999999895e-01
1.626412419999999914e-01
1.407864839999999895e-01
1.404377669999999911e-01
1.547428670000000062e-01
1.487512890000000088e-01
1.569112540000000000e-01
1.622965040000000081e-01
1.567768900000000021e-01
1.288113889999999984e-01
1.495420779999999950e-01
1.437872799999999895e-01
1.428142639999999963e-01
1.348808410000000013e-01
1.560950879999999930e-01
1.284102649999999957e-01
1.522385330000000092e-01
1.276788560000000072e-01
1.694229839999999987e-01
1.601010260000000074e-01
1.408780520000000036e-01
1.619448360000000087e-01
1.301595419999999892e-01
1.460649069999999938e-01
1.201108619999999988e-01
1.706501840000000103e-01
1.246486900000000064e-01
1.332931519999999981e-01
1.175041049999999976e-01
1.394043709999999991e-01
1.659925280000000003e-01
1.758411679999999921e-01
1.391387129999999972e-01
1.447606529999999891e-01
1.558967380000000069e-01
1.372261049999999871e-01
1.365124139999999986e-01
1.555828009999999928e-01
1.409152599999999866e-01
1.502649189999999968e-01
1.447826329999999939e-01
1.592380549999999895e-01
1.295152009999999965e-01
1.419063060000000098e-01
1.483891009999999955e-01
1.266277729999999990e-01
1.438174399999999908e-01
1.352263690000000129e-01
1.436574009999999901e-01
1.418071240000000066e-01
1.232932580000000028e-01
1.549747439999999976e-01
1.412709060000000016e-01
1.400173899999999916e-01
1.474460360000000025e-01
1.424122899999999969e-01
1.458501670000000028e-01
1.384850589999999937e-01
1.259413510000000069e-01
1.244828850000000015e-01
1.489494289999999943e-01
1.406237330000000008e-01
1.159090849999999950e-01
1.598870159999999929e-01
1.341630070000000008e-01
1.573149709999999979e-01
1.326007100000000105e-01
1.494103519999999963e-01
1.376623060000000121e-01
1.225341040000000048e-01
1.369987430000000062e-01
1.281148199999999904e-01
1.309375319999999954e-01
1.371483209999999897e-01
1.355291010000000129e-01
1.459371600000000102e-01
1.381794809999999929e-01
1.526709790000000122e-01
1.385785489999999953e-01
1.410873529999999987e-01
1.268404720000000097e-01
1.610637609999999997e-01
1.249631050000000049e-01
1.463831959999999932e-01
1.348795289999999980e-01
1.347131729999999916e-01
1.330237089999999900e-01
1.384048009999999940e-01
1.459613140000000087e-01
1.581490040000000097e-01
1.520484689999999917e-01
1.428550779999999965e-01
1.302645060000000021e-01
1.244553250000000055e-01
1.511733379999999904e-01
1.429000350000000086e-01
1.505064070000000087e-01
1.421735580000000054e-01
1.299411799999999895e-01
1.191476209999999952e-01
1.362577530000000092e-01
1.380991340000000123e-01
1.431575119999999868e-01
1.476250889999999871e-01
1.414155069999999959e-01
1.270072160000000061e-01
1.500339810000000107e-01
1.343726520000000091e-01
1.344123630000000069e-01
1.413093509999999997e-01
1.358647940000000109e-01
1.308652760000000026e-01
1.082056609999999947e-01
1.289125530000000130e-01
1.276326630000000073e-01
1.256611199999999873e-01
1.342571230000000060e-01
1.504734899999999875e-01
1.247705669999999989e-01
1.344479020000000080e-01
1.470131580000000049e-01
1.510385419999999979e-01
1.341047140000000137e-01
1.220599640000000069e-01
1.423992219999999920e-01
1.450243290000000074e-01
1.246571759999999945e-01
1.182899179999999939e-01
1.057494880000000026e-01
1.200001239999999997e-01
1.201504250000000051e-01
1.387111400000000105e-01
1.236695800000000012e-01
1.208679009999999998e-01
1.180273440000000063e-01
1.437790840000000014e-01
1.196017340000000012e-01
1.212364580000000053e-01
1.138547730000000063e-01
1.348514710000000005e-01
1.290825459999999925e-01
1.422433700000000079e-01
1.401794700000000005e-01
1.099213440000000042e-01
1.417461630000000083e-01
1.300794329999999943e-01
1.230719690000000033e-01
1.519449499999999953e-01
1.034654899999999933e-01
1.138158590000000053e-01
1.455264390000000074e-01
1.225740460000000059e-01
1.205461470000000063e-01
1.342261140000000075e-01
1.266769620000000041e-01
1.277196260000000028e-01
1.089229210000000059e-01
1.445879939999999975e-01
1.366062459999999867e-01
1.192296739999999938e-01
1.170352550000000047e-01
1.511501070000000058e-01
1.372746679999999886e-01
1.331988279999999913e-01
1.493795370000000067e-01
1.202082859999999975e-01
1.262284369999999989e-01
1.463788900000000115e-01
1.136378200000000005e-01
1.176857800000000037e-01
1.178986949999999978e-01
1.417995689999999864e-01
1.424930100000000033e-01
1.368529049999999969e-01
1.248794869999999974e-01
1.363988670000000070e-01
1.264129129999999879e-01
1.132923509999999995e-01
1.243532370000000054e-01
1.301915650000000091e-01
1.203523050000000066e-01
1.321949060000000009e-01
1.310780500000000015e-01
1.369892809999999905e-01
1.190072820000000059e-01
1.259191040000000039e-01
1.598369329999999866e-01
1.070232609999999945e-01
1.416607649999999941e-01
1.120830629999999967e-01
1.302191319999999874e-01
1.345162990000000058e-01
1.364722849999999987e-01
1.187122760000000055e-01
1.287826450000000011e-01
1.097681600000000035e-01
1.181172949999999972e-01
9.702032060000000124e-02
1.122406569999999937e-01
1.231829819999999964e-01
1.237987950000000031e-01
1.389427330000000127e-01
1.308218539999999874e-01
1.393776090000000134e-01
1.164681540000000043e-01
1.568270330000000046e-01
1.200700180000000006e-01
1.103321240000000036e-01
1.439357850000000105e-01
1.233592260000000024e-01
1.214656159999999985e-01
1.250764279999999895e-01
1.114519689999999980e-01
1.292653079999999954e-01
1.251914050000000056e-01
1.355202500000000088e-01
1.189599779999999940e-01
1.406105460000000029e-01
1.319721789999999950e-01
1.221846939999999965e-01
1.585177779999999981e-01
1.410102400000000089e-01
1.378051190000000037e-01
1.142533419999999938e-01
1.090545730000000019e-01
1.278974410000000006e-01
1.342118380000000000e-01
1.203122439999999987e-01
1.080466810000000055e-01
1.404777170000000019e-01
1.253130140000000003e-01
1.325133440000000051e-01
1.378666910000000134e-01
1.054958549999999995e-01
1.109726949999999962e-01
1.199385300000000015e-01
1.232300699999999971e-01
1.402215509999999998e-01
1.095436659999999979e-01
1.705865259999999883e-01
1.007708830000000055e-01
1.099055040000000011e-01
1.150783300000000065e-01
1.245218520000000023e-01
1.300082800000000038e-01
1.425171789999999938e-01
1.382997629999999922e-01
1.135924380000000039e-01
1.300069690000000000e-01
1.433338670000000037e-01
1.097383799999999965e-01
1.238613429999999987e-01
1.048555899999999985e-01
1.317033469999999984e-01
1.135979889999999964e-01
1.057698950000000027e-01
1.229235899999999992e-01
1.304806470000000052e-01
1.072099660000000038e-01
1.076564039999999972e-01
1.139877740000000000e-01
1.075941920000000052e-01
1.094545870000000060e-01
1.229678540000000014e-01
1.332289130000000044e-01
1.225439829999999952e-01
1.347883790000000137e-01
1.363710760000000077e-01
1.350681189999999865e-01
1.101734119999999983e-01
1.084852290000000025e-01
1.343351160000000044e-01
1.209437919999999944e-01
1.312738659999999891e-01
1.128423739999999953e-01
1.261037590000000097e-01
1.484912630000000122e-01
1.289489570000000029e-01
1.388340439999999898e-01
1.233919859999999952e-01
1.115831209999999935e-01
1.125107179999999957e-01
1.595614399999999988e-01
1.130383459999999979e-01
1.108522640000000059e-01
9.611421080000000228e-02
1.146054569999999939e-01
1.097874189999999972e-01
1.234200599999999981e-01
1.101128829999999947e-01
1.190800520000000057e-01
1.206994499999999998e-01
1.385273190000000099e-01
1.112540590000000024e-01
9.693755210000000455e-02
1.228790659999999951e-01
1.245776039999999946e-01
1.273547260000000014e-01
1.216166760000000069e-01
1.290844529999999879e-01
1.279770279999999927e-01
1.016569729999999977e-01
1.353542799999999935e-01
1.210072259999999955e-01
1.349132209999999998e-01
1.058471869999999954e-01
1.005490049999999969e-01
1.271281089999999891e-01
1.097420679999999982e-01
1.308274269999999961e-01
1.375284489999999971e-01
7.339081170000000265e-02
1.125886809999999960e-01
1.106067079999999980e-01
9.292463959999999745e-02
1.016199220000000014e-01
1.138088480000000041e-01
9.312134980000000284e-02
1.589388999999999941e-01
1.112845539999999939e-01
1.414861530000000034e-01
1.070232609999999945e-01
1.258575769999999983e-01
1.137180920000000067e-01
1.200947760000000003e-01
1.118649909999999970e-01
8.033069969999999393e-02
1.317237759999999869e-01
1.395611320000000044e-01
1.345916090000000009e-01
1.116178109999999973e-01
1.160670590000000002e-01
1.536320889999999995e-01
9.494838860000000269e-02
1.289514750000000098e-01
1.220223009999999997e-01
1.229615510000000023e-01
1.121635289999999979e-01
1.352392580000000011e-01
1.189054030000000067e-01
1.446191669999999929e-01
1.145799910000000060e-01
1.459627749999999891e-01
1.081047059999999949e-01
8.837577700000000258e-02
1.251150070000000003e-01
1.218942330000000046e-01
1.243382920000000030e-01
1.390355829999999904e-01
1.185018719999999942e-01
1.152463779999999965e-01
1.401498320000000020e-01
1.274728629999999918e-01
1.117618229999999963e-01
9.544864299999999968e-02
1.251174810000000026e-01
1.419275399999999909e-01
1.249269840000000048e-01
1.103939409999999954e-01
1.244915870000000008e-01
1.212737490000000001e-01
1.263111980000000134e-01
1.039240579999999997e-01
1.233655589999999996e-01
1.300712669999999904e-01
1.435017140000000024e-01
1.054547279999999976e-01
1.141098289999999960e-01
1.300761400000000068e-01
1.086195860000000041e-01
1.119958090000000017e-01
9.652729329999999719e-02
1.224192900000000001e-01
1.020323630000000009e-01
1.287795899999999993e-01
1.352600009999999908e-01
1.101988849999999964e-01
1.311388460000000034e-01
1.190046740000000047e-01
1.295856240000000104e-01
1.249198990000000009e-01
9.850545230000000430e-02
1.287484020000000118e-01
1.233014459999999951e-01
1.164971590000000029e-01
1.205271180000000025e-01
1.120669839999999945e-01
9.820055960000000084e-02
1.372572930000000024e-01
1.087616760000000016e-01
8.851262179999999646e-02
8.531938490000000319e-02
1.421178879999999978e-01
1.141991319999999949e-01
1.064858209999999944e-01
1.222873780000000021e-01
1.172292979999999957e-01
1.197908000000000028e-01
1.204760369999999942e-01
1.161616149999999958e-01
9.915596990000000166e-02
1.317774949999999945e-01
1.212678249999999958e-01
1.118213609999999941e-01
1.430861059999999907e-01
1.314689219999999881e-01
1.090165230000000041e-01
1.163394670000000020e-01
1.337959469999999984e-01
1.397547130000000026e-01
1.259853390000000017e-01
1.276867240000000014e-01
1.181937750000000009e-01
9.900182489999999336e-02
1.210882070000000033e-01
1.107252759999999975e-01
9.891170259999999825e-02
1.086734679999999953e-01
1.170007740000000018e-01
1.094552800000000020e-01
1.122893769999999958e-01
1.056201979999999985e-01
1.006662100000000060e-01
1.075364800000000037e-01
1.129015829999999998e-01
1.122379379999999954e-01
1.403164859999999903e-01
1.331734810000000102e-01
1.013179500000000038e-01
1.238014100000000006e-01
1.275124400000000047e-01
1.269459430000000055e-01
1.180429310000000037e-01
1.188704000000000011e-01
1.276625100000000068e-01
1.093698810000000021e-01
1.256697619999999904e-01
1.010628189999999982e-01
8.866193890000000077e-02
1.172575500000000021e-01
1.337959469999999984e-01
1.559872629999999871e-01
9.292326119999999579e-02
1.350484789999999991e-01
1.176977980000000062e-01
1.249569130000000028e-01
1.500994559999999922e-01
1.407175509999999963e-01
1.123733739999999981e-01
1.238113049999999965e-01
1.143665910000000036e-01
1.356266590000000105e-01
1.111986640000000026e-01
1.069758239999999971e-01
9.585807470000000385e-02
9.719014169999999619e-02
1.110398550000000067e-01
1.296506080000000005e-01
9.452737120000000159e-02
1.242193060000000016e-01
1.067787929999999968e-01
1.037469949999999946e-01
1.085879500000000025e-01
1.179926020000000020e-01
1.054337399999999980e-01
8.971393850000000669e-02
1.411121190000000081e-01
1.437370030000000021e-01
1.015105990000000069e-01
1.322142179999999945e-01
1.181544360000000016e-01
8.610994369999999676e-02
1.079052979999999967e-01
1.202935200000000010e-01
1.201654149999999976e-01
9.176358580000000542e-02
1.038148110000000068e-01
7.402971390000000207e-02
1.112557200000000024e-01
1.549807639999999931e-01
8.204351370000000088e-02
1.024429349999999989e-01
1.298974159999999878e-01
1.507570589999999988e-01
1.207884699999999950e-01
1.089035270000000000e-01
1.178749280000000038e-01
1.088332760000000066e-01
1.383360329999999971e-01
9.875577689999999464e-02
1.031985430000000037e-01
1.143197489999999983e-01
1.172415539999999978e-01
1.252993049999999997e-01
1.271560939999999973e-01
5.952529609999999971e-02
1.138232130000000064e-01
7.862311600000000678e-02
1.639852370000000059e-01
1.135632689999999945e-01
1.428861019999999871e-01
8.302137260000000407e-02
1.022139710000000007e-01
1.145657229999999943e-01
1.163326350000000037e-01
1.271584329999999874e-01
1.103692649999999942e-01
1.136159449999999960e-01
1.410986330000000011e-01
1.317355329999999880e-01
9.831007569999999918e-02
6.661897149999999879e-02
1.189145739999999951e-01
1.086531359999999974e-01
1.265192480000000008e-01
1.190832629999999948e-01
8.781784030000000518e-02
1.176785080000000011e-01
1.438976680000000063e-01
1.249487769999999970e-01
9.238497910000000035e-02
1.050335619999999970e-01
1.037332489999999996e-01
9.904409949999999629e-02
9.279656410000000633e-02
7.033624500000000557e-02
9.414607290000000239e-02
9.160305559999999681e-02
1.164706130000000006e-01
8.773405850000000339e-02
1.353234199999999998e-01
1.143915209999999960e-01
9.826187040000000650e-02
1.086269839999999959e-01
9.933598339999999416e-02
9.458451719999999563e-02
1.206916499999999975e-01
9.973479059999999785e-02
1.097337679999999954e-01
1.212118860000000048e-01
1.181358920000000062e-01
1.224669139999999962e-01
1.462112520000000138e-01
1.228910089999999955e-01
1.099498569999999981e-01
1.173996929999999994e-01
1.373568480000000036e-01
1.080600020000000022e-01
1.116419429999999935e-01
1.175025930000000024e-01
1.141033020000000037e-01
1.064265590000000039e-01
1.018768699999999944e-01
8.968514199999999548e-02
1.005655530000000020e-01
6.905934210000000406e-02
8.606732640000000489e-02
9.430925549999999435e-02
9.492313119999999660e-02
1.174232959999999965e-01
8.786791559999999890e-02
1.170321780000000006e-01
1.283759329999999976e-01
1.355903149999999890e-01
1.276268060000000093e-01
9.387908879999999623e-02
1.145659829999999962e-01
9.464471789999999440e-02
1.137140239999999969e-01
1.100887880000000069e-01
1.121537310000000065e-01
1.082074269999999949e-01
8.912304040000000593e-02
1.205014660000000015e-01
1.216073109999999957e-01
1.067348570000000024e-01
1.648629159999999982e-01
1.014209239999999956e-01
8.658085760000000519e-02
1.244098399999999938e-01
1.019408480000000006e-01
1.237385869999999971e-01
1.099665840000000061e-01
8.432623740000000367e-02
1.239158880000000018e-01
1.139615330000000037e-01
1.022969410000000023e-01
1.348988560000000114e-01
1.158323359999999941e-01
1.047280059999999985e-01
8.849272129999999348e-02
9.024543320000000257e-02
1.035845279999999952e-01
9.629766639999999545e-02
1.362876739999999975e-01
1.058580429999999989e-01
8.988231419999999361e-02
1.291842159999999906e-01
1.136531530000000068e-01
7.598610969999999853e-02
9.609469029999999357e-02
1.175034050000000052e-01
1.084887830000000053e-01
1.213315580000000060e-01
1.119271220000000039e-01
1.490074249999999989e-01
1.227416469999999954e-01
1.302766499999999938e-01
8.583959939999999400e-02
1.168029760000000028e-01
8.726647499999999613e-02
1.191755159999999952e-01
1.268836409999999915e-01
1.084600760000000025e-01
1.147361469999999967e-01
1.649277209999999994e-01
9.781678770000000467e-02
1.112525089999999994e-01
9.832505880000000364e-02
1.370306020000000014e-01
7.536713030000000146e-02
1.313927470000000042e-01
1.201551329999999973e-01
1.297297030000000018e-01
9.624928979999999856e-02
9.394057100000000049e-02
1.211515809999999943e-01
1.134104279999999937e-01
9.895428270000000692e-02
1.021446659999999951e-01
1.323941650000000081e-01
1.073278929999999937e-01
1.266543870000000072e-01
1.210532190000000036e-01
9.025234729999999372e-02
1.111519110000000060e-01
8.619315180000000631e-02
8.270982649999999992e-02
1.234906090000000012e-01
1.415149719999999889e-01
9.855218979999999518e-02
8.424588289999999924e-02
1.115494000000000069e-01
1.444149319999999959e-01
1.404366940000000008e-01
1.367387320000000017e-01
1.017032939999999996e-01
1.071516799999999991e-01
1.255049410000000087e-01
1.153588819999999959e-01
9.204678239999999900e-02
1.018655599999999939e-01
1.317446529999999894e-01
1.450051370000000062e-01
1.215200129999999962e-01
1.198253259999999959e-01
1.168186439999999993e-01
1.411790850000000097e-01
1.171093579999999967e-01
1.179120470000000059e-01
9.694726019999999611e-02
1.304833740000000131e-01
7.892891759999999535e-02
1.534911840000000027e-01
1.191418389999999994e-01
8.542813359999999745e-02
1.017767640000000057e-01
1.140065489999999987e-01
1.013836040000000022e-01
1.020555199999999968e-01
1.156607570000000029e-01
1.139656599999999964e-01
7.998766009999999649e-02
1.070232609999999945e-01
1.229926789999999936e-01
1.017067279999999962e-01
8.857931939999999504e-02
1.062671240000000045e-01
7.795257120000000095e-02
1.147042070000000025e-01
9.305211160000000092e-02
1.076891870000000057e-01
1.075471860000000029e-01
1.023498999999999937e-01
1.074838639999999984e-01
9.393125770000000652e-02
1.105985049999999997e-01
1.205909250000000016e-01
9.437273440000000513e-02
9.208864719999999837e-02
1.425658609999999882e-01
1.167884470000000036e-01
1.210650580000000032e-01
6.472732130000000139e-02
9.583201260000000221e-02
6.822953369999999740e-02
1.006948800000000005e-01
1.434676950000000062e-01
9.391650560000000536e-02
9.601098299999999419e-02
1.153761219999999976e-01
1.472508160000000066e-01
1.258702130000000086e-01
1.258935929999999981e-01
1.088658349999999941e-01
7.475010310000000657e-02
1.264959870000000042e-01
1.257964370000000109e-01
1.124139130000000042e-01
1.157753620000000067e-01
8.316109330000000244e-02
9.345953170000000088e-02
1.225172949999999983e-01
5.921506139999999779e-02
9.792636329999999945e-02
1.210147810000000018e-01
9.213570510000000657e-02
9.427319469999999313e-02
1.141086070000000008e-01
1.086242939999999962e-01
1.012234610000000007e-01
1.040969419999999979e-01
1.173369209999999968e-01
9.776204080000000518e-02
1.270500719999999861e-01
1.275129909999999922e-01
1.037401409999999941e-01
9.404294940000000602e-02
1.406929939999999879e-01
9.512873739999999634e-02
8.866574620000000628e-02
1.008534430000000010e-01
7.768363509999999528e-02
1.025639619999999946e-01
1.164420770000000049e-01
1.187802329999999990e-01
1.117384730000000048e-01
1.344140620000000008e-01
7.453925159999999495e-02
1.225200070000000002e-01
1.640321170000000051e-01
6.819596140000000473e-02
1.167323219999999995e-01
9.941747039999999924e-02
1.019332409999999939e-01
1.036126609999999948e-01
1.391287740000000106e-01
1.187911329999999932e-01
1.095096539999999979e-01
1.366118189999999954e-01
1.140177099999999943e-01
1.304972620000000028e-01
1.263862249999999909e-01
8.928552269999999458e-02
7.058214399999999944e-02
1.015908570000000066e-01
1.158514400000000000e-01
1.504589920000000136e-01
8.845125139999999997e-02
1.089162530000000045e-01
1.140759209999999968e-01
8.035218719999999426e-02
1.220492350000000059e-01
9.257561709999999333e-02
1.010787860000000038e-01
7.518030700000000177e-02
8.562611039999999674e-02
1.216716540000000041e-01
8.684860910000000156e-02
1.319873629999999964e-01
1.242309880000000005e-01
1.046338680000000049e-01
1.088765039999999990e-01
1.181880760000000030e-01
1.114409789999999956e-01
1.541948770000000080e-01
1.328938309999999901e-01
9.133646639999999650e-02
1.141773610000000050e-01
1.045494899999999949e-01
1.029188780000000053e-01
1.103381219999999968e-01
1.229767949999999999e-01
1.122960900000000012e-01
1.027490270000000067e-01
1.045538780000000029e-01
1.134542820000000035e-01
8.133279529999999646e-02
1.012881769999999931e-01
7.595705240000000247e-02
1.027187029999999945e-01
9.880562129999999332e-02
1.286922100000000013e-01
9.152783450000000209e-02
1.138627380000000050e-01
9.892429410000000423e-02
7.495035229999999493e-02
1.243426049999999949e-01
9.835531560000000673e-02
1.015436049999999951e-01
9.674881400000000242e-02
7.128056139999999763e-02
1.454423069999999929e-01
1.049152909999999939e-01
7.512541120000000572e-02
8.602653439999999319e-02
8.033311370000000007e-02
1.057100150000000044e-01
9.665556250000000016e-02
8.343522250000000307e-02
1.163606570000000062e-01
9.345030040000000537e-02
1.216144859999999939e-01
9.132003040000000182e-02
1.191979050000000068e-01
9.015671159999999462e-02
1.275353579999999876e-01
1.278985739999999871e-01
1.415132139999999983e-01
1.144938020000000056e-01
9.342356029999999978e-02
1.191429120000000036e-01
1.105376410000000059e-01
1.024525909999999956e-01
1.199523360000000066e-01
1.417117420000000017e-01
1.020407750000000002e-01
8.455824110000000060e-02
6.498347220000000313e-02
1.266351940000000065e-01
1.060386900000000049e-01
8.485702430000000018e-02
7.978374509999999753e-02
1.506519470000000083e-01
1.044291329999999934e-01
9.156383569999999861e-02
9.284006059999999616e-02
1.106209229999999960e-01
1.293261800000000128e-01
1.256542210000000104e-01
1.220351090000000027e-01
6.479153779999999307e-02
7.621283080000000598e-02
1.245277080000000008e-01
1.131508130000000029e-01
1.338729710000000073e-01
1.150465829999999939e-01
1.251841039999999905e-01
1.369506869999999876e-01
1.122041339999999970e-01
9.224995229999999324e-02
9.114120900000000081e-02
8.617819849999999726e-02
1.111699790000000021e-01
1.264849160000000028e-01
1.338889000000000051e-01
1.310112920000000014e-01
1.127012220000000037e-01
8.995325120000000063e-02
5.587282400000000149e-02
1.161799579999999998e-01
1.173404680000000033e-01
7.115507869999999901e-02
7.302545010000000003e-02
8.110284809999999955e-02
1.027080340000000036e-01
8.833660190000000578e-02
1.281466189999999894e-01
1.305778770000000089e-01
1.343831420000000110e-01
1.511332240000000104e-01
1.051512289999999988e-01
9.519321470000000063e-02
1.213843150000000065e-01
7.857944819999999886e-02
1.221149269999999981e-01
9.043005110000000568e-02
1.226218040000000009e-01
1.325675249999999916e-01
8.781389150000000476e-02
8.242973689999999465e-02
1.335374559999999988e-01
8.242071419999999482e-02
1.204064120000000043e-01
7.644476000000000049e-02
1.118878569999999933e-01
1.142228619999999945e-01
9.746064990000000150e-02
1.364811659999999871e-01
1.031717429999999963e-01
1.214088200000000006e-01
1.294444499999999887e-01
1.038539629999999936e-01
1.331926290000000068e-01
1.074812109999999932e-01
9.765403720000000176e-02
1.315757190000000076e-01
9.207691249999999661e-02
6.430733950000000476e-02
1.004729490000000058e-01
8.791419120000000531e-02
7.111036780000000446e-02
1.265205000000000080e-01
8.130130169999999490e-02
1.007349190000000061e-01
7.824601979999999679e-02
9.341101350000000081e-02
8.131269369999999386e-02
8.921180669999999313e-02
1.320450750000000117e-01
1.151595190000000019e-01
1.250901369999999901e-01
1.290860030000000047e-01
1.185832619999999948e-01
1.193300340000000015e-01
1.431742310000000129e-01
7.820297780000000365e-02
9.721945969999999659e-02
7.005987319999999741e-02
1.067482679999999934e-01
6.039313970000000087e-02
6.366082280000000260e-02
5.362150069999999796e-02
7.976640760000000552e-02
9.483725580000000599e-02
1.144530029999999976e-01
1.492416109999999962e-01
1.140331400000000051e-01
1.030237229999999976e-01
6.971287730000000349e-02
8.599805089999999763e-02
8.472663160000000471e-02
1.197124199999999999e-01
8.380414549999999629e-02
1.112570169999999997e-01
1.201367009999999985e-01
7.383882249999999814e-02
9.555909780000000631e-02
8.567810060000000116e-02
6.643143299999999807e-02
6.945642080000000163e-02
1.221149859999999948e-01
1.179518249999999963e-01
1.504081790000000030e-01
1.018375309999999950e-01
1.533275100000000002e-01
1.118284310000000059e-01
1.098327860000000017e-01
5.768005550000000065e-02
1.032786289999999968e-01
1.204465930000000046e-01
1.257636849999999862e-01
1.140526459999999936e-01
1.087861430000000018e-01
1.220482739999999983e-01
8.707342299999999702e-02
1.210509460000000065e-01
1.327894779999999886e-01
1.095147129999999996e-01
8.971364049999999701e-02
8.385936169999999579e-02
7.696294780000000058e-02
1.274355050000000045e-01
9.927485880000000429e-02
1.118392349999999952e-01
1.116826010000000063e-01
9.558960800000000646e-02
9.328102319999999337e-02
9.723857789999999779e-02
6.799564510000000173e-02
9.820656480000000688e-02
1.451237200000000116e-01
8.248346300000000686e-02
9.603489190000000231e-02
1.302337940000000138e-01
1.103050039999999982e-01
1.443355980000000094e-01
6.678483640000000554e-02
9.862049670000000434e-02
1.383329929999999874e-01
8.344697210000000254e-02
9.392704070000000571e-02
7.678566870000000377e-02
8.938040580000000679e-02
9.731613840000000182e-02
1.353349980000000119e-01
9.505642209999999592e-02
1.153390849999999940e-01
9.908014539999999981e-02
1.107592810000000011e-01
1.302413639999999984e-01
1.140025560000000049e-01
7.284206899999999540e-02
7.480538640000000683e-02
1.309411819999999893e-01
1.313776219999999995e-01
6.708212939999999569e-02
8.461714539999999618e-02
8.101581039999999900e-02
1.320919690000000035e-01
1.247257890000000036e-01
8.961418270000000297e-02
1.453872619999999893e-01
9.968999030000000316e-02
8.996912090000000473e-02
8.851994570000000506e-02
7.963696119999999490e-02
1.214626060000000007e-01
1.309376959999999923e-01
8.094269780000000469e-02
7.886636260000000342e-02
6.937408450000000226e-02
1.382762640000000098e-01
9.291593730000000106e-02
9.491343800000000275e-02
1.294849369999999944e-01
1.092467530000000020e-01
8.476506920000000112e-02
1.373157499999999864e-01
9.418618680000000187e-02
5.441274489999999714e-02
9.556890279999999405e-02
1.081766489999999997e-01
1.113771419999999984e-01
7.191146910000000003e-02
7.426213469999999595e-02
9.833300859999999366e-02
8.423135430000000534e-02
1.050439180000000000e-01
1.738921999999999968e-01
7.202784719999999474e-02
9.194865080000000357e-02
1.404335049999999863e-01
7.263752819999999555e-02
4.303695259999999745e-02
9.976798300000000452e-02
7.381190360000000616e-02
1.051335189999999947e-01
8.080425859999999794e-02
1.098130489999999959e-01
8.590432259999999931e-02
1.141283359999999969e-01
1.469943519999999948e-01
1.297567189999999926e-01
1.100151989999999941e-01
7.770179959999999608e-02
8.170156180000000268e-02
8.578597009999999745e-02
7.806429269999999587e-02
1.629821210000000076e-01
9.476628149999999362e-02
1.225174519999999989e-01
1.442621199999999937e-01
6.128117069999999833e-02
7.339005170000000022e-02
9.764935080000000656e-02
1.140895630000000049e-01
1.034703849999999981e-01
8.928468080000000195e-02
1.273464709999999889e-01
8.275632559999999971e-02
1.070232609999999945e-01
9.190122779999999880e-02
1.348883509999999897e-01
1.197929749999999960e-01
7.301303000000000654e-02
1.382121590000000011e-01
1.069079710000000044e-01
1.165146309999999935e-01
9.290641550000000581e-02
1.030541580000000068e-01
9.378646309999999486e-02
9.612446280000000454e-02
4.593233020000000305e-02
9.371796250000000161e-02
9.942644089999999601e-02
1.164650839999999965e-01
9.579764309999999616e-02
5.398087580000000135e-02
9.439096600000000670e-02
9.361751379999999623e-02
1.211700889999999947e-01
1.317305269999999862e-01
6.487125159999999890e-02
1.019306410000000024e-01
1.379245219999999938e-01
5.858441810000000055e-02
9.873586889999999561e-02
6.275896729999999590e-02
7.304892690000000521e-02
6.945854429999999413e-02
1.301251200000000108e-01
9.618710730000000486e-02
5.320456249999999665e-02
1.343067880000000103e-01
1.263041789999999887e-01
9.601794930000000228e-02
1.044617739999999934e-01
7.047711310000000229e-02
9.758748859999999414e-02
7.733990250000000177e-02
1.263041789999999887e-01
1.247581769999999979e-01
1.203904449999999987e-01
1.141910329999999973e-01
1.223416479999999973e-01
9.705318509999999455e-02
4.815021159999999939e-02
1.298194530000000013e-01
8.700230720000000362e-02
8.912874010000000624e-02
1.216439680000000051e-01
1.064147129999999941e-01
6.287080050000000420e-02
9.691727910000000334e-02
1.556437459999999995e-01
9.670770169999999555e-02
7.862934470000000620e-02
7.396959509999999349e-02
1.103394699999999951e-01
1.014222800000000035e-01
7.471083100000000532e-02
1.050491260000000066e-01
1.315161290000000094e-01
6.622759250000000153e-02
1.103406999999999999e-01
8.552905919999999329e-02
1.060089540000000025e-01
9.135781229999999364e-02
1.075188890000000064e-01
8.823352310000000254e-02
5.805436149999999851e-02
1.184007079999999934e-01
1.557001470000000110e-01
1.016915740000000068e-01
7.775176320000000418e-02
1.109672639999999960e-01
8.854164929999999711e-02
9.214581550000000565e-02
5.653997510000000060e-02
1.521449539999999989e-01
1.339562679999999895e-01
1.212781520000000002e-01
1.415127220000000074e-01
8.569791910000000568e-02
1.115386780000000022e-01
1.227892119999999948e-01
1.324380039999999981e-01
1.097681519999999938e-01
9.106821569999999644e-02
8.511814480000000349e-02
1.068935770000000035e-01
1.111458990000000063e-01
1.149988769999999993e-01
1.354874369999999884e-01
1.244396569999999952e-01
1.270551380000000119e-01
7.979823649999999435e-02
1.197489429999999966e-01
1.390186250000000068e-01
1.310660389999999953e-01
9.662941840000000004e-02
9.866219010000000511e-02
6.561387330000000018e-02
1.121190259999999966e-01
1.703019139999999987e-01
8.744771780000000494e-02
1.761839540000000037e-01
1.014927179999999957e-01
8.379603920000000539e-02
9.857719389999999859e-02
1.441863479999999920e-01
1.046449319999999926e-02
3.205637630000000154e-02
1.596534099999999956e-01
1.143108979999999941e-01
1.117099369999999953e-01
9.532235560000000552e-02
1.177548390000000000e-01
5.891430749999999883e-02
1.042089689999999985e-01
1.707776189999999916e-01
5.219619350000000157e-02
1.573440580000000089e-01
1.329763529999999916e-01
3.851963209999999943e-02
9.474562849999999814e-02
1.026016399999999940e-01
2.590382239999999923e-03
1.251856980000000119e-01
6.586296110000000592e-02
9.060417119999999991e-02
1.123202150000000010e-01
8.198504149999999435e-02
1.558172999999999919e-01
8.138898760000000399e-02
3.889860209999999874e-02
4.555497320000000128e-02
1.122749519999999973e-01
1.018967630000000013e-01
1.256738900000000103e-01
1.030638140000000036e-01
1.287831520000000118e-01
9.429255870000000095e-02
9.449250250000000573e-02
7.165971399999999936e-02
1.909240779999999971e-01
5.719691140000000146e-02
1.044920530000000014e-01
1.063284869999999993e-01
1.168903560000000008e-01
1.114666460000000026e-01
9.081999209999999656e-02
5.895090480000000216e-02
9.929014740000000061e-02
1.055960950000000009e-01
1.048229340000000065e-01
1.239280400000000032e-01
1.458530429999999878e-01
6.398811940000000142e-02
2.562845310000000029e-02
1.220283360000000011e-01
1.254057440000000134e-01
1.020718369999999986e-01
8.729417620000000377e-02
7.510806620000000378e-02
7.791998240000000409e-02
1.357930450000000011e-01
5.382176489999999924e-02
1.504157329999999959e-01
8.529075980000000445e-02
8.459026370000000128e-02
9.310956300000000629e-02
4.603116589999999703e-02
1.026688220000000068e-01
7.067494840000000667e-02
1.206440629999999958e-01
9.278017280000000477e-02
7.761296630000000252e-02
1.162391009999999975e-01
1.186974120000000021e-01
8.597301690000000440e-02
1.169214320000000057e-01
9.856363390000000280e-02
1.797048900000000060e-01
1.199938579999999949e-01
1.224418510000000043e-01
1.067185100000000025e-01
1.328222159999999930e-01
5.963682010000000144e-02
1.534380760000000066e-01
8.375137300000000395e-02
1.182898129999999937e-01
1.064213440000000011e-01
1.368567049999999952e-01
8.377435060000000544e-02
1.506902280000000094e-01
1.081851350000000017e-01
5.684499070000000043e-02
9.778582299999999394e-02
6.715121870000000104e-02
9.526658799999999927e-02
1.291516570000000030e-01
1.120326070000000063e-01
1.380352380000000045e-01
5.766009539999999989e-02
1.254819630000000019e-01
8.931377529999999509e-02
9.837308529999999607e-02
7.921324670000000345e-02
1.048045009999999944e-01
5.810543519999999962e-02
4.391417279999999812e-02
7.913272829999999647e-02
1.379262059999999956e-01
9.951274100000000178e-02
9.272319819999999546e-02
6.468082220000000160e-02
7.489590349999999952e-02
1.089864370000000054e-01
1.177918089999999973e-01
6.524690240000000085e-02
1.348199700000000112e-01
1.150460989999999989e-01
1.239324579999999953e-01
1.458182329999999916e-01
1.243504510000000007e-01
1.009235609999999950e-01
1.644339710000000121e-01
6.634909660000000431e-02
1.343393770000000098e-01
8.033826950000000355e-02
8.961826559999999664e-02
8.573962000000000250e-02
8.615548909999999616e-02
1.252445729999999979e-01
8.396831150000000354e-02
1.332846129999999962e-01
6.293845180000000317e-02
8.461236950000000645e-02
4.123068600000000250e-02
8.577781919999999394e-02
7.232505829999999469e-02
1.015530010000000039e-01
4.503893850000000032e-02
9.831961240000000601e-02
1.411830629999999975e-01
6.587368990000000424e-02
7.955827560000000576e-02
1.260355109999999890e-01
9.341894839999999312e-02
7.378590849999999701e-02
1.026676299999999958e-01
1.301965860000000030e-01
1.155377699999999980e-01
9.213923659999999349e-02
1.095745939999999974e-01
1.104581949999999951e-01
1.036282699999999946e-01
8.460721370000000296e-02
1.342635899999999882e-01
8.895654229999999663e-02
1.854394970000000087e-01
1.045564560000000059e-01
1.071952209999999933e-01
1.145508809999999933e-01
1.009235609999999950e-01
1.335359959999999901e-01
8.125077930000000614e-02
9.807907039999999577e-02
1.036282699999999946e-01
1.437328009999999934e-01
9.884311260000000487e-02
1.142411980000000021e-01
5.533383790000000191e-02
1.473836749999999918e-01
1.330776509999999913e-01
5.528019740000000154e-02
8.386491240000000513e-02
1.242272029999999944e-01
1.215240810000000060e-01
1.114194470000000048e-01
1.857502200000000006e-02
1.501252349999999958e-01
9.646525979999999445e-02
1.015526729999999961e-01
1.231732890000000052e-01
8.169843999999999717e-02
7.386560740000000513e-02
9.352869540000000037e-02
1.352679579999999937e-01
1.196144070000000059e-01
1.477724460000000017e-01
3.990924359999999810e-02
9.827560189999999529e-02
1.229923220000000011e-01
1.640643920000000033e-01
1.536576000000000053e-01
6.735212359999999399e-02
6.108131259999999979e-02
1.780292990000000020e-01
6.152627620000000047e-02
6.782664360000000003e-02
1.048428119999999936e-01
1.122937199999999996e-01
1.671487239999999985e-01
9.455820920000000684e-02
8.731914309999999624e-02
1.715671119999999938e-01
7.122381780000000551e-02
1.394917669999999887e-01
5.410623550000000226e-02
9.488252549999999508e-02
8.488364519999999636e-02
7.965537159999999672e-02
5.689843740000000150e-02
1.537957339999999895e-01
1.333830649999999951e-01
6.386982650000000428e-02
9.881922599999999612e-02
1.192033890000000068e-01
1.351128370000000134e-01
1.343297810000000092e-01
1.236590300000000031e-01
1.177967860000000005e-01
5.852828919999999990e-02
5.746614190000000344e-02
1.036619839999999987e-01
1.037895380000000006e-01
4.022390020000000260e-02
9.331740439999999803e-02
1.189144919999999966e-01
7.849323749999999322e-02
1.131619660000000027e-01
1.359766870000000127e-01
1.058563889999999952e-01
1.153519969999999978e-01
1.381333469999999897e-01
1.309464280000000036e-01
1.182932329999999976e-01
3.482781349999999800e-03
1.022596659999999991e-01
1.417281179999999863e-01
2.191117589999999962e-02
1.216233369999999980e-01
1.750321539999999954e-01
5.144328249999999964e-02
5.665451660000000306e-02
9.632023419999999336e-02
1.031505540000000054e-01
1.440398840000000069e-01
7.022117079999999623e-02
1.041243520000000033e-01
1.044914049999999955e-01
1.257301419999999892e-01
8.036000279999999663e-02
1.143543649999999995e-01
8.676788959999999495e-02
4.391631480000000171e-02
1.121570469999999958e-01
6.784391400000000516e-02
1.442850830000000084e-01
6.372018899999999653e-02
8.646567909999999801e-02
9.015060219999999902e-02
9.296961130000000462e-02
1.015518749999999998e-01
7.603711629999999888e-02
1.041864680000000043e-01
5.754085259999999757e-02
1.411248300000000067e-01
1.128762219999999983e-01
1.064449850000000058e-01
1.381410809999999989e-01
1.074158620000000008e-01
1.184880579999999933e-01
1.521611210000000103e-01
1.322727200000000103e-01
1.102436710000000014e-01
1.314659420000000023e-01
6.370495260000000326e-02
6.971628219999999321e-02
1.123384610000000006e-01
1.815472539999999912e-01
8.944532280000000446e-02
8.405955880000000324e-02
1.111397969999999985e-01
1.256462630000000080e-01
1.388163119999999973e-01
8.321409670000000369e-02
8.376366650000000025e-02
6.240798160000000233e-02
1.328966920000000107e-01
4.008738319999999994e-02
3.150508929999999708e-02
1.954827010000000087e-01
1.175241100000000011e-01
1.760237659999999982e-01
1.273708189999999962e-01
6.674156339999999521e-02
8.894115689999999852e-02
1.116061730000000030e-01
7.596150790000000264e-02
8.588634430000000042e-02
7.189881800000000323e-02
5.244608969999999676e-02
8.731643860000000423e-02
4.913311079999999748e-02
1.445201040000000103e-01
1.070232609999999945e-01
3.201644120000000232e-02
1.198500920000000053e-01
1.602940260000000061e-01
8.354093129999999590e-02
9.464906900000000234e-02
1.200214099999999950e-01
8.958011120000000660e-02
1.054226530000000051e-01
1.660635169999999938e-01
1.335031240000000008e-01
4.405689609999999951e-02
9.604375060000000519e-02
6.659272310000000084e-02
8.151781560000000149e-02
4.809809479999999776e-02
5.165477100000000210e-02
6.899849330000000502e-02
1.263921859999999897e-01
8.094482869999999886e-02
7.265219840000000651e-02
1.351238489999999903e-01
1.383818980000000032e-01
1.773423550000000071e-01
8.613893390000000594e-02
6.844972069999999409e-02
9.942854199999999476e-02
4.481919110000000261e-02
1.202026530000000065e-01
1.168878670000000064e-01
1.017217110000000063e-01
9.699195620000000684e-02
1.113936529999999953e-01
8.865492049999999791e-02
1.020220740000000043e-01
2.748247789999999982e-02
4.561802370000000301e-02
1.183570770000000050e-01
1.689385770000000064e-01
5.959921330000000211e-02
5.888468770000000047e-02
1.110393999999999964e-01
1.246827390000000008e-01
7.455334069999999813e-02
1.780975609999999876e-01
1.307141779999999864e-01
1.215517740000000013e-01
7.414471359999999511e-02
9.530884770000000450e-02
6.315682829999999526e-02
9.063933790000000545e-02
7.291153820000000063e-02
7.966892420000000474e-02
8.529594540000000336e-02
6.463815270000000668e-02
9.832697360000000608e-02
1.008229259999999933e-01
9.247791769999999523e-02
1.213728339999999989e-01
1.000282239999999989e-01
8.327104150000000371e-02
4.663730409999999882e-02
1.178033720000000034e-01
1.301473079999999893e-01
1.105229999999999962e-01
3.023796709999999888e-02
1.026252579999999970e-01
1.712407320000000066e-01
1.282795969999999952e-01
1.088926119999999997e-01
1.545366350000000055e-01
9.439498929999999566e-02
1.014821080000000014e-01
8.922127629999999920e-02
1.721194980000000097e-01
8.087616409999999478e-02
8.454174550000000121e-02
9.092749660000000456e-02
1.093433719999999942e-01
1.065697449999999935e-01
2.513996140000000074e-02
9.322322909999999907e-02
1.175704899999999997e-01
1.159748439999999936e-01
7.832786440000000239e-02
1.361331490000000088e-01
1.183145050000000004e-01
9.058260170000000111e-02
1.623122690000000090e-01
8.392095569999999394e-02
1.116213280000000058e-01
9.218177939999999682e-02
1.381376679999999912e-01
1.729925419999999991e-01
3.023929150000000121e-02
8.814497289999999319e-02
6.141172720000000196e-02
8.233985300000000451e-02
1.247657540000000065e-01
1.322648230000000036e-01
7.269665599999999839e-02
1.408155259999999964e-01
7.408802209999999777e-02
1.643212440000000052e-01
9.532610330000000631e-02
8.683204649999999580e-02
1.221363250000000039e-01
7.354626799999999798e-02
7.083240899999999896e-02
4.119021450000000251e-02
1.118740289999999998e-01
9.043773260000000092e-02
1.196992399999999984e-01
1.212367119999999965e-01
7.083240899999999896e-02
2.642236649999999895e-02
1.830507670000000031e-01
8.333326879999999881e-02
1.565712539999999930e-01
8.679373560000000487e-02
9.196085480000000534e-02
1.646070330000000137e-01
1.443880050000000137e-01
6.982222940000000488e-02
8.767478169999999571e-02
3.490104150000000044e-02
1.196773500000000018e-01
1.082889290000000060e-01
8.716756109999999891e-02
1.105806309999999987e-01
6.938710809999999729e-02
8.200485259999999721e-02
1.144198849999999990e-01
1.016630979999999934e-01
1.461519900000000094e-01
5.622131379999999873e-02
8.079199489999999706e-02
7.542759179999999897e-02
1.158711389999999980e-01
6.111404670000000067e-02
1.118082849999999934e-01
1.163381930000000064e-01
6.751637159999999971e-02
7.707552609999999971e-02
1.514916870000000138e-01
1.319124550000000118e-01
1.532600520000000077e-01
1.309980149999999954e-01
1.316412540000000131e-01
4.351836440000000222e-02
1.049038020000000043e-01
1.490224900000000074e-01
1.476392890000000069e-01
3.463848309999999903e-02
6.762269140000000400e-02
1.654152869999999942e-01
1.210508119999999938e-01
1.955107299999999937e-01
7.676823439999999610e-02
5.309165639999999936e-02
1.114381329999999948e-01
9.657742079999999396e-02
6.236733869999999680e-02
8.566858619999999369e-02
1.155536169999999974e-01
5.166946349999999855e-02
6.840237979999999607e-02
8.820725980000000688e-02
1.026615129999999959e-01
1.184024959999999960e-01
1.168060600000000032e-01
8.547563850000000629e-02
1.495564129999999992e-01
1.115467849999999955e-01
1.740689870000000083e-01
8.299415559999999414e-02
5.506423860000000253e-02
5.355806650000000113e-02
1.397192479999999903e-01
1.342893840000000116e-01
6.194671239999999940e-02
1.156072390000000005e-01
1.680300090000000079e-01
1.429956699999999914e-01
8.565652370000000071e-02
6.920963530000000252e-02
6.767918909999999511e-02
5.185684930000000054e-02
1.406504359999999898e-01
5.142230169999999906e-02
5.452624710000000124e-02
8.226130160000000302e-02
8.118379859999999559e-02
6.897377220000000531e-02
1.245550069999999954e-01
8.605976399999999693e-02
-1.123482550000000010e-02
5.483506249999999665e-02
9.740901740000000586e-02
8.262183519999999337e-02
6.461235880000000542e-02
8.261392269999999483e-02
2.402732340000000161e-02
9.873497489999999432e-02
1.298221950000000013e-01
3.428464380000000034e-02
1.116006449999999983e-01
6.604867429999999873e-02
7.621466370000000434e-02
8.405978229999999662e-02
1.058900210000000008e-01
5.874728409999999817e-02
9.672970320000000288e-02
6.305543330000000501e-02
8.299750090000000691e-02
4.149357599999999729e-02
1.133090179999999975e-01
1.314201650000000055e-01
1.257566960000000011e-01
1.787858609999999904e-01
1.741977329999999935e-01
1.064430400000000027e-01
1.087594110000000003e-01
1.043286400000000003e-01
1.184303609999999979e-01
7.628930359999999689e-02
1.150030120000000017e-01
1.170159499999999936e-01
1.194384990000000035e-01
1.064788329999999950e-01
1.638784110000000016e-01
6.213448199999999783e-02
1.315913649999999879e-01
9.706284110000000520e-02
9.537073969999999845e-02
1.064615029999999990e-01
9.986408049999999370e-02
1.095933909999999983e-01
1.076124009999999964e-01
1.128316820000000026e-01
3.331265600000000299e-02
1.460981070000000048e-01
1.188016380000000011e-01
5.045884479999999950e-02
7.750734689999999594e-02
8.024153109999999922e-02
1.519117060000000075e-01
1.191601899999999992e-01
7.702029500000000251e-02
9.842873359999999849e-02
4.224719109999999778e-02
7.651690390000000230e-02
1.126589919999999995e-01
1.367202849999999970e-01
1.383111479999999949e-01
5.497368049999999673e-02
2.286218289999999986e-02
1.308266519999999877e-01
7.529008389999999884e-02
4.048170150000000161e-02
1.843959689999999929e-01
8.102457970000000176e-02
2.589927430000000044e-02
1.413343250000000106e-01
1.189551060000000049e-01
1.070232609999999945e-01
6.211090830000000340e-02
4.959187279999999892e-02
1.396477520000000139e-01
6.258751449999999661e-02
3.949135170000000333e-02
1.446087809999999918e-01
8.730213339999999544e-02
1.271694600000000119e-01
9.192524850000000081e-02
5.223023150000000170e-02
6.547539680000000195e-02
2.008342930000000040e-02
8.982039990000000029e-02
8.602055159999999479e-02
1.107642350000000026e-01
9.252991530000000131e-02
4.064046589999999876e-02
6.429529189999999561e-02
6.491213290000000247e-02
5.285528300000000290e-02
5.640839040000000110e-02
1.563538009999999867e-01
1.208297460000000018e-01
9.610866010000000681e-02
2.222209049999999964e-02
1.019197329999999985e-01
1.136820760000000069e-01
1.640618000000000076e-01
7.955825330000000639e-02
1.277569829999999906e-01
1.147432399999999963e-01
1.743218900000000071e-01
7.473785430000000340e-02
1.266998500000000027e-01
7.750734689999999594e-02
1.171068620000000060e-01
4.692244160000000330e-02
6.360096480000000663e-02
7.397250090000000167e-02
2.442457710000000073e-02
6.524794550000000137e-02
1.399777979999999866e-01
7.325626159999999720e-02
5.929695070000000345e-02
3.830175470000000276e-02
1.394942399999999916e-01
1.854174140000000026e-01
1.270222069999999981e-01
2.361482200000000059e-02
1.255212129999999926e-01
5.281444639999999940e-02
1.056733730000000010e-01
7.122243940000000384e-02
1.591932329999999896e-01
7.118909810000000060e-02
1.223355460000000033e-01
2.800489030000000157e-02
8.127678929999999913e-02
4.799446090000000081e-02
6.947389989999999682e-02
1.224033679999999985e-01
1.289553049999999923e-01
6.203250960000000064e-02
1.622405650000000032e-01
1.157819550000000058e-01
9.882032870000000135e-02
5.279222129999999735e-02
8.080469070000000087e-02
6.728101520000000224e-02
8.667983860000000318e-02
1.237844230000000045e-01
8.167132739999999336e-02
1.470638659999999875e-01
1.326711620000000091e-01
6.149108340000000034e-02
2.405362390000000128e-02
2.063255159999999866e-01
4.170840609999999782e-02
9.278104450000000669e-02
3.465165569999999889e-02
5.566788460000000188e-02
6.931799650000000645e-02
4.255266490000000207e-02
9.574476630000000599e-02
1.743956359999999928e-01
7.036658379999999324e-02
1.667458709999999900e-01
1.300057920000000089e-01
1.208275409999999966e-01
1.079491530000000060e-01
5.198716369999999837e-02
1.415530740000000010e-01
1.076903190000000066e-01
1.279149199999999875e-01
5.830109490000000283e-02
8.065798130000000066e-02
9.901648009999999833e-02
3.892795000000000283e-02
5.623095859999999863e-02
-2.744326929999999984e-02
4.811589790000000283e-02
8.790295569999999337e-02
9.689639510000000455e-02
6.557068970000000385e-02
6.506901230000000647e-02
-2.385680800000000105e-03
1.057465969999999977e-01
1.225787180000000032e-01
9.649369119999999522e-02
8.553615209999999858e-02
1.041546240000000012e-01
1.313831659999999957e-01
9.413694590000000473e-02
9.992663559999999390e-02
1.014300209999999952e-01
1.590931270000000008e-01
1.007260749999999982e-01
1.095309480000000030e-01
1.387390049999999986e-01
1.118535249999999953e-01
1.153529360000000031e-01
1.266005779999999914e-01
2.789780500000000121e-02
1.719386280000000100e-01
1.052233949999999973e-01
1.439988020000000091e-01
5.845689770000000313e-02
1.689465340000000093e-01
1.845300199999999891e-01
9.691137819999999514e-02
9.823188929999999985e-02
7.815828169999999853e-02
8.897319439999999691e-02
1.352850200000000058e-01
8.862800899999999371e-02
1.927621850000000095e-02
9.489577259999999737e-02
1.245530549999999959e-01
1.004760410000000020e-01
1.275600940000000127e-01
1.059965120000000011e-01
9.173054989999999964e-02
3.270712120000000139e-02
1.649907830000000020e-01
4.633860289999999771e-02
9.380327909999999769e-02
9.159559759999999495e-02
1.551520530000000120e-01
4.545827959999999834e-02
8.504966649999999573e-02
1.438765670000000108e-01
1.937052160000000134e-01
1.061992939999999996e-01
9.313492480000000462e-02
9.263867879999999888e-02
1.385604139999999929e-01
2.085764329999999916e-02
2.151762139999999907e-02
1.525551229999999869e-01
1.719080659999999983e-01
1.300089809999999957e-01
1.035664449999999931e-01
4.264573380000000191e-02
-1.361140629999999917e-03
6.980828940000000093e-02
4.561693220000000160e-02
1.527340110000000029e-01
8.416063340000000392e-02
1.647710799999999864e-01
5.402858559999999810e-02
1.733725520000000131e-01
9.690792110000000237e-02
1.732861850000000092e-01
9.925530109999999850e-02
1.395454999999999890e-01
1.602835210000000121e-01
1.456170529999999963e-01
1.396097839999999868e-01
1.195313259999999933e-01
6.727462260000000027e-02
1.406870040000000044e-01
1.070232609999999945e-01
1.265328820000000132e-01
9.598904289999999825e-03
1.371220949999999994e-01
1.183463710000000058e-01
8.984695369999999570e-02
1.134758589999999984e-01
7.615914199999999912e-02
1.642904580000000003e-01
1.983868930000000086e-01
9.759029750000000614e-02
1.930271090000000023e-01
1.269650310000000060e-01
1.522427949999999863e-01
6.777049599999999951e-02
1.778154220000000008e-01
7.839483769999999740e-02
1.340897229999999940e-01
1.276903299999999908e-01
-3.048441190000000106e-02
8.943124859999999898e-02
8.126007770000000241e-02
6.997638940000000529e-02
1.703447549999999866e-01
1.563601639999999959e-01
8.995921910000000132e-02
1.164669769999999993e-01
4.691091549999999721e-02
1.378682260000000104e-01
-3.737218500000000004e-04
6.126439200000000085e-02
2.134842720000000027e-01
3.943896670000000132e-02
1.295010000000000050e-01
1.414467389999999880e-01
1.054296490000000003e-01
1.094860730000000032e-01
7.420934740000000029e-02
8.476164939999999981e-02
1.241854879999999967e-01
1.432259830000000012e-01
1.052715030000000024e-01
5.355226250000000299e-02
1.036791130000000033e-01
3.106019650000000146e-02
1.554311959999999937e-01
-9.322516270000000315e-04
6.129791219999999874e-02
1.664151999999999992e-02
1.010515909999999962e-01
8.907058839999999755e-02
6.260507549999999588e-02
1.652814750000000110e-01
6.224969400000000125e-02
1.136372459999999973e-01
4.848911430000000036e-03
1.424105469999999984e-01
8.134310690000000343e-02
7.602305709999999939e-02
5.019253120000000123e-02
1.639721239999999969e-01
1.474161300000000063e-01
1.268594409999999895e-01
7.615315910000000632e-02
6.356818969999999958e-02
5.148175359999999923e-02
6.434337049999999669e-02
1.168995200000000068e-01
8.248164500000000621e-02
-4.245025109999999921e-03
5.734464529999999671e-02
1.863799240000000024e-01
6.569550929999999622e-02
6.465523689999999601e-02
8.736836909999999567e-02
7.879129799999999573e-02
1.012233869999999980e-01
7.639903580000000083e-02
1.507565379999999955e-01
1.987248960000000120e-01
5.436190590000000017e-02
-2.922156080000000086e-02
9.691917899999999420e-02
6.646648789999999585e-02
2.128626259999999992e-01
1.338970810000000011e-01
1.176500509999999985e-02
8.951029929999999857e-02
2.819797209999999957e-02
5.156192180000000042e-02
8.128875489999999593e-02
1.436613650000000131e-01
1.258494109999999944e-01
2.467545869999999975e-01
5.557857449999999838e-02
1.734652670000000063e-01
1.444270009999999993e-01
9.335090220000000216e-02
3.207979350000000202e-02
1.335221080000000005e-01
1.647623179999999909e-01
1.309584530000000024e-01
1.852134619999999954e-01
1.718088090000000068e-01
4.331497480000000289e-02
1.701566429999999963e-01
1.035423729999999931e-01
3.397919609999999757e-02
8.075311030000000001e-02
2.233196050000000044e-01
1.375288219999999950e-01
3.013017029999999832e-02
9.105683859999999519e-02
6.143829600000000335e-02
1.532995699999999961e-01
1.465468109999999990e-01
2.747816029999999854e-02
1.294284910000000066e-01
1.865679470000000117e-01
8.745344730000000066e-02
1.297074410000000066e-01
1.612058879999999916e-01
9.808060529999999833e-02
1.821015330000000099e-01
4.026088490000000186e-02
1.157903299999999969e-01
9.071648870000000031e-02
8.693555000000000033e-02
6.140238790000000085e-02
1.242672799999999939e-01
7.092116769999999570e-02
5.845351520000000023e-02
1.070232609999999945e-01
1.596950139999999962e-01
7.190503180000000494e-02
1.147232200000000008e-01
1.344813850000000088e-01
1.127755420000000064e-01
1.079302210000000067e-01
5.209052189999999888e-02
1.164676699999999954e-01
1.939693540000000105e-01
7.353059950000000178e-02
1.898578999999999961e-01
9.001689400000000008e-02
3.931090610000000096e-02
1.797154360000000062e-02
4.271458460000000096e-02
1.107367199999999968e-01
1.635069849999999936e-01
7.560921460000000205e-02
5.734691399999999883e-02
1.028975319999999999e-01
1.140513350000000037e-01
-8.405090780000000397e-04
1.832476259999999968e-01
1.178476140000000033e-01
3.977323320000000079e-02
4.273584490000000013e-02
-6.024827719999999685e-03
5.605346340000000316e-02
4.605458300000000310e-02
1.163023710000000016e-01
7.371939719999999474e-02
1.371064630000000117e-01
5.326975510000000330e-02
1.403752420000000112e-01
-1.853416119999999959e-02
1.128448620000000041e-01
1.337875279999999889e-01
1.051306429999999958e-01
8.384993670000000232e-02
1.373298020000000008e-01
4.780115929999999985e-02
1.465382869999999893e-01
1.051800469999999987e-01
7.450979200000000524e-02
2.500086649999999980e-02
4.024063800000000218e-02
1.179095129999999936e-01
1.388407650000000049e-01
1.624048800000000015e-01
8.815230429999999784e-02
2.089703529999999976e-01
3.550050409999999657e-02
2.770665660000000072e-02
8.747149260000000592e-02
2.466824839999999866e-02
4.179390520000000192e-02
1.698932499999999957e-01
1.736603680000000094e-01
3.879697530000000144e-03
1.635360869999999966e-01
1.268805560000000054e-01
2.781516499999999933e-02
1.184305699999999989e-01
7.693472499999999548e-02
7.908155020000000313e-02
1.035423729999999931e-01
1.144512669999999954e-01
9.201865639999999569e-02
4.639937730000000260e-02
8.389552679999999485e-02
7.908155020000000313e-02
8.834905919999999635e-02
1.425150629999999974e-01
1.808276400000000117e-02
2.554419640000000213e-01
7.386063689999999848e-03
1.496821789999999985e-01
1.113624349999999957e-01
1.285991519999999944e-01
7.619701330000000494e-02
1.661172959999999976e-01
4.383510350000000000e-02
1.049033629999999995e-01
4.163521530000000026e-02
1.156596389999999946e-01
7.797870040000000336e-02
1.147068589999999944e-01
3.793579710000000160e-02
6.132310629999999929e-02
2.576198279999999952e-01
7.654221360000000585e-02
8.954218780000000599e-02
1.332091390000000042e-01
1.335353850000000064e-01
8.839271960000000261e-02
8.384993670000000232e-02
1.612058879999999916e-01
6.743061540000000464e-02
5.932431299999999658e-02
1.854012610000000116e-01
1.965022240000000031e-01
1.612874270000000110e-01
1.775164310000000023e-01
6.556860359999999721e-02
9.730771929999999792e-02
3.374680499999999778e-02
3.860164060000000064e-02
9.867706149999999621e-02
1.293284449999999863e-01
9.728036819999999474e-02
5.861278620000000272e-02
1.453698129999999866e-01
6.985808159999999656e-02
5.230983349999999976e-02
1.154469330000000016e-01
1.423686740000000006e-01
2.433523539999999860e-02
8.614965530000000260e-02
-2.689828539999999935e-02
1.197308450000000024e-01
2.754665540000000162e-02
2.770665660000000072e-02
2.341557110000000094e-02
1.002499159999999945e-01
1.175296380000000057e-01
1.289171729999999960e-01
1.435703410000000076e-02
1.300377249999999929e-01
1.154972390000000015e-01
1.474029119999999971e-01
1.296706649999999905e-01
1.383561490000000116e-01
8.315084130000000018e-02
1.781524419999999942e-01
7.457637039999999440e-02
-3.548729419999999829e-02
6.775588539999999327e-02
1.120168720000000034e-01
8.157190679999999638e-02
7.763034109999999988e-02
1.042683650000000017e-01
1.536374689999999987e-01
1.716085079999999929e-01
1.992380320000000093e-01
1.696108729999999953e-01
1.534617100000000012e-01
7.012522969999999967e-02
6.779978420000000450e-02
1.258401570000000080e-01
2.172137650000000031e-01
8.143670860000000455e-02
1.128908170000000044e-01
1.195347610000000033e-01
2.618688530000000056e-02
8.236829190000000134e-02
6.622664629999999719e-02
7.168342169999999958e-02
5.425589160000000161e-02
1.108051459999999933e-01
6.622664629999999719e-02
3.413651510000000056e-02
8.147311960000000464e-02
2.498129309999999881e-01
9.169965979999999961e-02
8.318214860000000543e-02
1.506455090000000108e-01
1.319901650000000065e-02
4.031744599999999984e-02
1.212106720000000054e-01
9.337394679999999614e-02
1.348694259999999867e-01
5.775820839999999678e-02
1.715509149999999983e-01
5.932431299999999658e-02
3.825472299999999742e-02
1.480610970000000026e-01
5.389579390000000247e-02
6.946629290000000401e-02
1.106747690000000062e-01
8.547925950000000161e-02
8.970750119999999772e-02
1.105530710000000028e-01
1.070232609999999945e-01
1.202676889999999971e-01
8.397226780000000002e-02
1.057554710000000037e-01
1.366042490000000109e-01
1.547822510000000096e-01
1.134202110000000069e-01
1.536730679999999960e-01
6.157258150000000096e-02
6.152925270000000196e-02
6.143746900000000150e-03
1.807569119999999918e-01
1.028343740000000062e-01
-6.831633860000000183e-03
7.189608370000000193e-02
1.980329010000000112e-01
1.032090709999999995e-01
9.176515039999999512e-02
5.976409840000000001e-02
-6.213582680000000191e-02
3.148497640000000319e-02
1.904389080000000109e-02
8.235660940000000263e-02
1.469337490000000024e-01
6.918597969999999708e-02
2.699590029999999752e-01
5.425589160000000161e-02
1.628944870000000045e-01
6.613362579999999824e-02
7.890192420000000095e-02
1.422871500000000011e-01
2.882008250000000008e-02
4.993332550000000036e-03
1.639497580000000010e-01
4.047332700000000338e-02
2.851777150000000052e-02
1.163356900000000055e-01
1.395338030000000118e-01
-2.382260749999999885e-02
9.614489969999999441e-02
1.408171360000000094e-01
1.739200800000000047e-01
8.491449800000000492e-02
2.003613860000000024e-01
1.640369889999999942e-01
6.611327829999999461e-02
3.283657510000000113e-02
-1.798460819999999835e-02
9.697087109999999455e-02
1.089014189999999993e-01
2.866877619999999918e-02
8.749646690000000004e-02
1.317928879999999969e-01
1.440910250000000115e-01
1.027470899999999993e-01
9.208695590000000319e-02
-1.124106530000000027e-02
6.211404499999999967e-02
1.761488019999999932e-01
1.222290840000000017e-01
2.276139710000000052e-02
1.049528269999999985e-01
8.938465269999999741e-02
9.096964450000000202e-02
1.335958090000000098e-01
7.443883269999999885e-02
1.048685909999999971e-01
2.716053839999999983e-02
1.234050099999999955e-01
9.539231659999999891e-02
2.592857479999999826e-01
1.765758839999999885e-01
-1.700440539999999905e-03
8.227253710000000109e-02
7.475072150000000581e-02
2.129911039999999867e-01
7.857006040000000247e-02
8.830653130000000461e-02
1.861840780000000029e-01
8.126949519999999982e-02
7.943750169999999611e-02
-2.477764849999999994e-03
1.464530970000000043e-01
1.250918659999999960e-01
1.878958639999999958e-01
1.642061920000000008e-01
1.260770410000000008e-01
1.131774930000000040e-01
1.078383549999999969e-01
9.737351539999999916e-02
1.836616660000000081e-03
1.123432000000000042e-01
-1.630363430000000141e-02
9.609317779999999865e-02
1.296211180000000074e-01
5.909096080000000167e-02
1.637697670000000105e-01
1.095940470000000000e-01
5.391450970000000176e-02
1.909653689999999959e-01
9.860061850000000072e-02
9.289668500000000662e-02
2.568004650000000125e-02
1.190397809999999973e-01
1.496234090000000128e-01
1.200859029999999938e-01
7.218374310000000293e-02
-7.136692849999999588e-02
1.223598199999999941e-01
4.538900409999999802e-02
6.792000680000000179e-02
1.433325860000000118e-01
3.113210669999999861e-03
4.840876909999999866e-02
1.798013300000000092e-01
9.907162930000000534e-02
7.802981139999999594e-02
1.320357769999999931e-01
5.735450980000000171e-02
1.570700849999999982e-01
6.723920999999999371e-02
2.070580240000000072e-02
-9.105519210000000141e-02
1.146700159999999996e-01
7.752574240000000005e-02
9.517104919999999635e-02
2.194854770000000121e-01
3.152636810000000039e-02
1.714086979999999982e-01
3.796791659999999846e-02
1.713595089999999932e-01
5.398612469999999885e-02
4.350665210000000116e-02
7.817727330000000252e-02
2.848425510000000133e-02
1.370756479999999944e-01
2.672348169999999926e-02
1.429919299999999893e-01
1.110959950000000029e-01
1.006319419999999933e-03
4.633454609999999689e-03
1.070232609999999945e-01
1.310060319999999945e-01
1.112588639999999990e-01
-9.812681000000000181e-03
1.429919299999999893e-01
2.018254250000000027e-01
1.114953830000000035e-01
1.017648280000000016e-01
2.064157869999999895e-01
1.439242510000000030e-01
1.742131409999999880e-01
8.223775029999999542e-02
1.189387660000000013e-01
9.787296500000000621e-02
1.742131409999999880e-01
2.551175279999999893e-02
1.275984099999999920e-02
1.019794640000000058e-01
8.724950250000000629e-02
1.626257899999999923e-01
9.139640629999999655e-02
2.153062819999999877e-02
1.213083570000000055e-01
5.401705949999999895e-02
1.504413779999999867e-01
1.800656909999999999e-01
1.937375960000000119e-01
1.340867729999999924e-01
8.329881729999999429e-02
1.333933029999999909e-01
1.892266720000000124e-01
2.851036189999999748e-01
1.622595789999999871e-01
6.934036309999999648e-02
9.422637520000000377e-02
2.833696640000000003e-02
1.449581530000000062e-01
1.476761550000000034e-01
1.268410090000000046e-01
6.650354710000000447e-02
7.709939779999999687e-02
9.836229679999999864e-02
3.820978110000000094e-01
4.526900129999999849e-03
1.568968890000000116e-01
8.009683339999999763e-02
1.804492920000000111e-01
-6.388433280000000401e-03
1.120339329999999953e-02
1.258268949999999942e-01
1.094091009999999947e-01
1.157094540000000032e-01
6.266094739999999996e-02
6.749981639999999561e-02
5.931636319999999962e-02
1.012756449999999975e-01
-2.182712630000000040e-04
8.768939970000000361e-02
2.330221420000000085e-02
6.338215619999999773e-02
6.076887250000000129e-02
1.395253989999999944e-01
1.374874710000000000e-01
1.532550450000000064e-01
1.514728519999999912e-01
-1.511592420000000027e-02
1.342083360000000114e-01
3.668648380000000264e-02
8.574756980000000639e-02
1.798013300000000092e-01
1.583193840000000074e-01
4.922599350000000235e-02
1.652967479999999934e-01
1.025671880000000036e-01
9.374397249999999460e-02
1.993023420000000073e-02
5.087811870000000236e-02
9.957168249999999443e-02
2.011155490000000046e-01
1.227196980000000021e-01
1.460687519999999961e-01
6.905391810000000019e-02
2.153637629999999997e-02
-4.955082009999999676e-02
1.677289899999999945e-01
1.785813459999999880e-02
-3.563461450000000169e-02
1.311585160000000028e-01
7.007645819999999692e-02
-5.769445370000000212e-02
1.483693419999999874e-01
1.131176349999999942e-01
9.836229679999999864e-02
1.054780329999999988e-01
-1.095340699999999973e-01
1.502232400000000079e-01
5.674006040000000028e-02
2.548048789999999841e-01
9.700769189999999820e-02
7.899802179999999840e-02
1.743959929999999992e-01
7.628709079999999865e-02
-2.588843370000000130e-02
2.356389020000000112e-01
-1.102751569999999987e-01
1.676615479999999936e-01
3.548242149999999984e-02
4.692002390000000328e-02
5.459322040000000320e-02
8.564504239999999602e-02
1.683119680000000062e-01
3.895757720000000285e-02
7.141743600000000081e-02
1.878067850000000039e-01
1.826953739999999937e-01
-3.641393729999999832e-03
2.697502079999999913e-01
2.281025200000000031e-01
3.681686519999999990e-02
7.141743600000000081e-02
7.997862059999999440e-03
6.466922159999999309e-02
6.525260959999999721e-02
1.892266720000000124e-01
1.013800869999999937e-01
1.300718640000000093e-01
1.018430740000000057e-01
1.762838099999999852e-02
9.751401099999999766e-02
9.757818279999999622e-02
9.953384099999999790e-02
1.258268949999999942e-01
-6.028859410000000224e-03
3.772770990000000324e-02
8.333270249999999435e-02
1.710659119999999866e-01
1.119996760000000063e-01
1.125959980000000027e-01
2.186145929999999959e-01
1.511411219999999889e-01
2.403173219999999929e-02
-1.310848749999999913e-03
-1.982814819999999950e-02
8.961060640000000077e-02
-5.654468010000000128e-02
2.605613170000000145e-01
1.537830679999999950e-01
1.485042420000000085e-01
8.207412059999999454e-02
4.931179809999999830e-02
8.913408220000000604e-02
1.018430740000000057e-01
3.584890810000000011e-02
1.311585160000000028e-01
2.921203079999999952e-01
-4.364301450000000054e-03
-2.695678170000000151e-02
1.023872489999999996e-01
1.255099179999999981e-01
2.043739109999999914e-01
1.114953830000000035e-01
-9.938669949999999476e-02
6.106925380000000070e-02
1.784751270000000112e-01
-9.140424430000000655e-02
1.390892119999999899e-01
2.094134990000000029e-01
1.416763809999999901e-01
1.630963980000000035e-01
2.224996690000000110e-01
1.778904500000000055e-01
4.024276880000000195e-02
-1.332569590000000012e-02
1.228397710000000004e-01
1.190423000000000037e-01
2.700337769999999749e-01
1.126321549999999977e-01
2.261146460000000025e-01
1.060998959999999991e-01
4.542388390000000331e-02
1.821618680000000046e-01
6.106925380000000070e-02
1.229770709999999934e-01
6.507863099999999790e-02
1.891831900000000011e-01
4.675678159999999833e-02
3.790505980000000164e-02
1.099335550000000022e-01
2.756839800000000090e-02
1.187252699999999939e-01
8.889901640000000271e-02
1.278683539999999896e-01
1.545508949999999937e-01
1.041727139999999996e-01
8.889901640000000271e-02
1.167841180000000062e-01
-4.291659589999999996e-02
6.722769889999999360e-02
1.339949069999999964e-01
2.165039029999999975e-01
-9.887667370000000414e-03
1.813455670000000131e-01
1.228397710000000004e-01
1.782098109999999958e-01
9.139382090000000569e-02
3.893719610000000164e-02
6.185604630000000187e-02
1.197652669999999947e-01
-9.541670789999999805e-03
4.931179809999999830e-02
1.378527429999999998e-01
2.987252179999999938e-02
6.462766229999999945e-02
2.175180609999999987e-02
2.981834300000000063e-02
-2.404562199999999914e-02
-3.199214859999999910e-02
3.584890810000000011e-02
3.642753509999999834e-02
2.186408489999999982e-01
2.027410829999999956e-02
5.736699700000000290e-02
1.624489869999999891e-01
6.849007310000000681e-02
2.038733209999999962e-01
1.553670910000000127e-01
8.462264390000000247e-02
6.803013850000000189e-03
4.505550120000000047e-02
1.665700230000000115e-01
1.026935499999999946e-01
2.756839800000000090e-02
2.082005140000000101e-02
2.986003829999999901e-02
7.611761240000000650e-02
8.759313080000000196e-02
1.105080769999999962e-01
1.307421029999999984e-01
-4.665333029999999687e-02
1.940025390000000016e-01
2.055468220000000040e-02
2.259012460000000000e-01
6.997524950000000299e-02
1.710010319999999973e-01
2.646423880000000062e-01
7.580716160000000592e-02
1.630963980000000035e-01
9.443058819999999853e-02
2.359434220000000137e-01
7.844338189999999419e-03
1.584274619999999911e-01
-1.178098320000000032e-01
2.110935150000000093e-01
1.258102949999999887e-01
2.018967120000000059e-01
3.772770990000000324e-02
-6.789632140000000093e-02
1.330627349999999876e-01
6.721181419999999740e-02
7.742627709999999608e-02
1.350067110000000015e-01
2.797004880000000249e-01
7.370706650000000137e-02
2.067938450000000039e-01
-1.069233339999999949e-01
1.750333460000000063e-01
1.850543470000000079e-01
1.292304690000000041e-02
2.606743570000000232e-01
2.097155450000000032e-01
1.954582780000000131e-01
6.525260959999999721e-02
9.298992159999999729e-02
1.146380679999999957e-01
1.050451470000000054e-01
1.316506269999999923e-01
1.446319970000000121e-01
6.827628609999999987e-02
1.535443509999999956e-01
2.411576659999999928e-01
-2.862837349999999836e-02
-2.460852079999999859e-02
1.018430740000000057e-01
-3.324685620000000091e-03
1.708512749999999969e-01
-5.480943710000000038e-03
-1.223849230000000066e-02
1.584864780000000070e-02
1.083158109999999980e-01
6.269422169999999683e-02
2.195544839999999942e-01
1.265850370000000114e-01
9.081918749999999541e-02
2.452242970000000077e-01
-1.028099380000000070e-02
9.704425190000000312e-02
1.028129460000000023e-01
-1.214125010000000060e-02
2.153637629999999997e-02
6.480195369999999788e-02
1.802790310000000062e-01
-1.272159999999999958e-02
1.953389500000000112e-01
1.707008030000000121e-01
1.646300220000000009e-02
-2.169733119999999946e-02
1.047955079999999956e-01
1.083158109999999980e-01
1.498905939999999916e-02
4.697220769999999740e-02
2.975029679999999926e-02
1.749471579999999915e-01
-4.733737190000000122e-02
5.569154020000000038e-02
-1.880198159999999993e-02
1.011541559999999951e-01
9.706848110000000640e-02
1.558791099999999874e-01
1.708232759999999961e-01
1.855757090000000054e-01
2.153468129999999980e-01
3.490694610000000253e-02
1.663564150000000075e-01
3.756659849999999939e-02
1.677444950000000004e-02
9.882669900000000396e-02
-4.837095739999999755e-02
-3.049342149999999946e-02
1.235395370000000048e-01
2.508276099999999786e-01
1.430472140000000059e-01
3.240405319999999922e-01
-7.963509109999999946e-02
9.412848949999999548e-02
2.240971920000000006e-01
3.943357990000000146e-02
2.008544650000000098e-01
3.237606209999999846e-02
1.057728680000000060e-01
1.538746649999999938e-01
6.680695709999999454e-02
-1.096052079999999956e-01
8.028173449999999323e-02
-1.073207519999999984e-02
4.999970270000000244e-02
9.872839599999999605e-02
6.273549050000000460e-02
5.024141070000000264e-02
2.981834300000000063e-02
1.707642530000000047e-01
1.110362109999999958e-01
6.873863939999999562e-02
-6.598795299999999850e-03
1.392665060000000121e-01
3.999086839999999726e-02
1.293318569999999945e-01
-5.759289489999999678e-02
6.680695709999999454e-02
9.775027629999999412e-02
1.885060520000000073e-01
1.750333460000000063e-01
2.685070629999999903e-01
1.702449470000000076e-01
1.158451290000000050e-01
1.940164859999999880e-01
-4.908401889999999823e-02
6.462766229999999945e-02
1.494558159999999913e-01
1.774718980000000029e-02
4.733498669999999971e-03
6.997524950000000299e-02
3.452106569999999902e-02
7.815451919999999442e-02
2.337561250000000090e-01
4.262713719999999817e-02
1.095582920000000016e-01
2.178515490000000054e-01
1.390820249999999945e-03
3.251184520000000022e-02
1.401050540000000066e-01
1.801257729999999890e-01
1.499170210000000114e-01
1.354241969999999962e-01
5.510277109999999617e-03
1.756392420000000010e-01
2.604064530000000169e-02
9.872839599999999605e-02
-1.485654900000000014e-02
1.512864529999999874e-01
2.481433000000000111e-01
-2.246237129999999801e-03
1.841268090000000024e-01
2.377927149999999878e-01
-9.455968439999999642e-02
2.288372670000000109e-01
1.811474409999999924e-01
1.058555840000000026e-01
1.707008030000000121e-01
1.227400300000000000e-01
-6.529366229999999938e-02
7.244998219999999878e-02
2.902617450000000068e-03
1.551592910000000082e-02
1.894388349999999999e-01
7.815451919999999442e-02
2.963608319999999977e-02
-7.035376969999999897e-03
2.030183969999999893e-01
1.463081089999999918e-01
6.151401620000000042e-02
3.756659849999999939e-02
5.351579929999999985e-02
4.597510769999999664e-02
2.019791449999999988e-01
5.352174120000000035e-02
1.341387930000000062e-01
-2.087802389999999890e-03
1.446378229999999987e-01
1.985387650000000059e-01
5.560298449999999913e-03
4.397141930000000171e-02
-2.864243650000000002e-02
5.096852780000000332e-02
2.200739379999999967e-01
1.028129460000000023e-01
1.484164149999999960e-01
2.666362380000000115e-02
-2.495513670000000170e-02
1.936089840000000117e-01
2.617174979999999929e-01
-7.830984890000000642e-02
4.766304789999999819e-02
1.822328269999999861e-01
3.567288400000000193e-03
2.036119100000000071e-01
7.211796939999999545e-02
1.151668430000000048e-01
1.568255279999999918e-01
-2.867678369999999977e-02
-9.996867740000000072e-04
7.539933919999999845e-02
2.358703610000000006e-01
2.432016730000000071e-01
1.754474189999999933e-01
8.886570480000000050e-02
2.849296629999999997e-01
2.539992030000000067e-01
2.316880520000000054e-01
-1.417759340000000062e-02
1.382521539999999882e-01
2.533232570000000239e-01
1.795684399999999958e-01
9.713704880000000041e-02
2.227464020000000100e-01
4.352015260000000052e-02
1.551592910000000082e-02
7.897857580000000599e-02
-5.165876450000000258e-02
5.530173699999999665e-02
2.637640390000000126e-02
2.447712270000000079e-01
-2.218933400000000153e-02
2.571892740000000233e-01
-1.510796040000000028e-02
6.394842269999999329e-02
4.900666699999999681e-02
1.968342959999999919e-01
2.004995199999999866e-01
1.056775449999999977e-01
1.824832859999999946e-01
2.515195610000000026e-01
1.440326120000000043e-01
9.444712850000000492e-02
1.377806069999999994e-01
3.213689920000000200e-01
1.170027629999999957e-02
-2.440867949999999884e-02
9.001983700000000532e-02
1.535951500000000136e-01
-1.240223569999999997e-01
8.358088880000000276e-02
4.173745959999999866e-02
1.478606909999999885e-01
-3.933473780000000075e-04
-8.880806709999999882e-02
1.806046809999999891e-01
3.603210749999999907e-01
1.037686909999999962e-01
5.360828710000000406e-03
1.589447410000000005e-01
-1.156046389999999952e-01
1.405634430000000101e-01
4.370559470000000279e-03
1.815513219999999872e-01
-7.086333629999999606e-02
2.365250889999999939e-01
1.540185209999999916e-01
1.007791680000000023e-01
2.679220590000000110e-02
1.642796990000000013e-01
3.554814679999999949e-02
1.194203939999999992e-01
-8.880806709999999882e-02
1.973771450000000038e-01
-7.317387499999999587e-03
2.477167640000000216e-03
-1.900388160000000045e-03
1.484164149999999960e-01
5.530173699999999665e-02
5.259481070000000119e-02
9.902739520000000684e-02
2.541517839999999848e-02
-5.625218149999999806e-02
7.421422749999999346e-02
3.573767099999999863e-02
5.738604440000000251e-02
1.313377169999999927e-01
1.301814169999999937e-01
1.126872750000000034e-01
1.085375699999999999e-01
1.007791680000000023e-01
7.867597789999999924e-02
1.499829589999999990e-01
2.602732480000000126e-01
2.332317680000000060e-01
1.171263230000000044e-01
1.252458690000000097e-01
1.957595050000000003e-01
2.141342159999999883e-01
