2.375813800554902877e-01
2.305923265323638616e-01
2.213267242252026368e-01
2.104007174988776485e-01
1.985197871363320044e-01
1.864111413584816357e-01
1.747582575967217000e-01
1.641449560603214786e-01
1.550146170924155131e-01
1.476477410392981748e-01
1.421584128121714530e-01
1.385077939090754440e-01
1.365308678130965070e-01
1.359715286779281940e-01
1.365207963836743144e-01
1.378533894304058705e-01
1.396589072328919545e-01
1.416652201485927576e-01
1.436530841127302838e-01
1.454622671227073782e-01
1.469904425624860289e-01
1.481866935912266314e-01
1.490416826484201873e-01
1.495764285498670521e-01
1.498312945860025280e-01
1.498563303282703651e-01
1.497036249442363354e-01
1.494218959961876037e-01
1.490532017317096336e-01
1.486314453629459242e-01
1.481822322696293714e-01
1.477236254904690793e-01
1.472673932034049005e-01
1.468204279696919690e-01
1.463861121215444816e-01
1.459654965421970929e-01
1.455582332114419841e-01
1.451632559289059432e-01
1.447792368629639836e-01
1.444048628155734926e-01
1.440389788318046926e-01
1.436806426172508033e-01
1.433291250597950872e-01
1.429838828567830400e-01
1.426445206407348232e-01
1.423107529978615560e-01
1.419823716529125257e-01
1.416592197141756104e-01
1.413411728957826297e-01
1.410281266683884038e-01
1.407199879752405181e-01
1.404166702053641635e-01
1.401180903400835454e-01
1.398241674591836348e-01
1.395348220417581275e-01
1.392499756960910995e-01
1.389695510978801452e-01
1.386934720134637700e-01
1.384216633454437295e-01
1.381540511731628729e-01
1.378905627790155686e-01
1.376311266602008865e-01
1.373756725287689773e-01
1.371241313034044229e-01
1.368764350959037479e-01
1.366325171945256267e-01
1.363923120456703997e-01
1.361557552347950339e-01
1.359227834670925783e-01
1.356933345482257414e-01
1.354673473652653337e-01
1.352447618679040731e-01
1.350255190499762836e-01
1.348095609312926213e-01
1.345968305397902409e-01
1.343872718939943534e-01
1.341808299857860931e-01
1.339774507634711731e-01
1.337770811151434702e-01
1.335796688523388509e-01
1.333851626939732415e-01
1.331935122505605584e-01
1.330046680087053623e-01
1.328185813158650752e-01
1.326352043653779011e-01
1.324544901817507891e-01
1.322763926062037743e-01
1.321008662824657287e-01
1.319278666428172764e-01
1.317573498943765409e-01
1.315892730056236748e-01
1.314235936931598403e-01
1.312602704086963112e-01
1.310992623262705048e-01
1.309405293296837802e-01
1.307840320001584788e-01
1.306297316042091261e-01
1.304775900817252143e-01
1.303275700342608756e-01
1.301796347135284471e-01
1.300337480100924592e-01
1.298898744422598561e-01
1.297479791451638942e-01
1.296080278600379165e-01
1.294699869236755063e-01
1.293338232580741043e-01
1.291995043602588711e-01
1.290669982922835746e-01
1.289362736714053381e-01
1.288072996604302800e-01
1.286800459582272960e-01
1.285544827904066267e-01
1.284305809001606846e-01
1.283083115392641693e-01
1.281876464592309472e-01
1.280685579026242804e-01
1.279510185945187395e-01
1.278350017341102762e-01
1.277204809864723178e-01
1.276074304744553856e-01
1.274958247707274339e-01
1.273856388899526904e-01
1.272768482811066360e-01
1.271694288199244349e-01
1.270633568014809256e-01
1.269586089328996747e-01
1.268551623261884864e-01
1.267529944912000051e-01
1.266520833287143322e-01
1.265524071236424075e-01
1.264539445383470462e-01
1.263566746060805490e-01
1.262605767245363608e-01
1.261656306495126112e-01
1.260718164886864279e-01
1.259791146954957752e-01
1.258875060631283183e-01
1.257969717186144809e-01
1.257074931170234777e-01
1.256190520357599039e-01
1.255316305689599399e-01
1.254452111219847010e-01
1.253597764060095654e-01
1.252753094327073158e-01
1.251917935090241241e-01
1.251092122320459077e-01
1.250275494839545032e-01
1.249467894270710339e-01
1.248669164989857222e-01
1.247879154077724817e-01
1.247097711272864978e-01
1.246324688925437990e-01
1.245559941951808469e-01
1.244803327789934799e-01
1.244054706355532947e-01
1.243313939998998557e-01
1.242580893463085118e-01
1.241855433841312362e-01
1.241137430537100905e-01
1.240426755223614508e-01
1.239723281804305799e-01
1.239026886374141878e-01
1.238337447181507428e-01
1.237654844590771325e-01
1.236978961045500092e-01
1.236309681032315838e-01
1.235646891045378976e-01
1.234990479551489051e-01
1.234340336955794815e-01
1.233696355568096731e-01
1.233058429569739434e-01
1.232426454981075531e-01
1.231800329629498120e-01
1.231179953118029108e-01
1.230565226794451961e-01
1.229956053720982073e-01
1.229352338644463666e-01
1.228753987967087791e-01
1.228160909717614102e-01
1.227573013523099027e-01
1.226990210581109658e-01
1.226412413632426007e-01
1.225839536934213853e-01
1.225271496233666241e-01
1.224708208742102122e-01
1.224149593109515599e-01
1.223595569399568428e-01
1.223046059065016344e-01
1.222500984923562128e-01
1.221960271134130555e-01
1.221423843173553153e-01
1.220891627813660285e-01
1.220363553098770398e-01
1.219839548323572165e-01
1.219319544011388118e-01
1.218803471892819373e-01
1.218291264884760472e-01
1.217782857069777264e-01
1.217278183675846726e-01
1.216777181056446083e-01
1.216279786670989710e-01
1.215785939065604504e-01
1.215295577854241249e-01
1.214808643700114321e-01
1.214325078297461696e-01
1.213844824353625118e-01
1.213367825571439046e-01
1.212894026631928107e-01
1.212423373177303892e-01
1.211955811794257487e-01
1.211491289997543158e-01
1.211029756213845426e-01
1.210571159765931465e-01
1.210115450857070923e-01
1.209662580555735389e-01
1.209212500780557087e-01
1.208765164285553473e-01
1.208320524645605104e-01
1.207878536242188994e-01
1.207439154249358854e-01
1.207002334619967227e-01
1.206568034072130480e-01
1.206136210075926946e-01
1.205706820840326404e-01
1.205279825300346608e-01
1.204855183104435179e-01
1.204432854602067310e-01
1.204012800831562452e-01
1.203594983508110283e-01
1.203179365012006091e-01
1.202765908377090714e-01
1.202354577279390879e-01
1.201945336025957295e-01
1.201538149543895928e-01
1.201132983369592455e-01
1.200729803638120319e-01
1.200328577072836272e-01
1.199929270975154394e-01
1.199531853214499677e-01
1.199136292218434957e-01
1.198742556962959643e-01
1.198350616962977899e-01
1.197960442262931413e-01
1.197572003427595927e-01
1.197185271533037360e-01
1.196800218157724333e-01
1.196416815373797515e-01
1.196035035738487323e-01
1.195654852285683994e-01
1.195276238517652551e-01
1.194899168396891254e-01
1.194523616338133559e-01
1.194149557200487460e-01
1.193776966279711110e-01
1.193405819300625281e-01
1.193036092409654053e-01
1.192667762167498591e-01
1.192300805541935682e-01
1.191935199900743120e-01
1.191570923004746652e-01
1.191207953000990027e-01
1.190846268416020232e-01
1.190485848149294007e-01
1.190126671466694014e-01
1.189768717994161562e-01
1.189411967711438284e-01
1.189056400945917302e-01
1.188701998366599871e-01
1.188348740978159013e-01
1.187996610115105156e-01
1.187645587436053085e-01
1.187295654918089360e-01
1.186946794851236331e-01
1.186598989833014678e-01
1.186252222763097275e-01
1.185906476838058943e-01
1.185561735546215717e-01
1.185217982662553765e-01
1.184875202243748232e-01
1.184533378623266048e-01
1.184192496406556577e-01
1.183852540466323044e-01
1.183513495937878884e-01
1.183175348214582645e-01
1.182838082943353658e-01
1.182501686020264592e-01
1.182166143586211859e-01
1.181831442022659717e-01
1.181497567947459720e-01
1.181164508210742342e-01
1.180832249890878954e-01
1.180500780290517221e-01
1.180170086932679913e-01
1.179840157556937968e-01
1.179510980115644897e-01
1.179182542770238762e-01
1.178854833887609810e-01
1.178527842036527773e-01
1.178201555984134119e-01
1.177875964692494670e-01
1.177551057315211203e-01
1.177226823194093275e-01
1.176903251855885568e-01
1.176580333009056567e-01
1.176258056540637198e-01
1.175936412513119422e-01
1.175615391161406315e-01
1.175294982889814738e-01
1.174975178269132420e-01
1.174655968033723186e-01
1.174337343078685342e-01
1.174019294457057661e-01
1.173701813377074077e-01
1.173384891199466401e-01
1.173068519434815188e-01
1.172752689740943627e-01
1.172437393920359727e-01
1.172122623917741524e-01
1.171808371817465999e-01
1.171494629740864046e-01
1.171181390245262660e-01
1.170868645719257417e-01
1.170556388782160451e-01
1.170244612181258470e-01
1.169933308789587734e-01
1.169622471603749408e-01
1.169312093741761288e-01
1.169002168440948369e-01
1.168692689055868955e-01
1.168383649056277257e-01
1.168075042025121385e-01
1.167766861656576449e-01
1.167459101754110551e-01
1.167151756228586162e-01
1.166844819096394120e-01
1.166538284477617593e-01
1.166232146594232688e-01
1.165926399768335009e-01
1.165621038420402156e-01
1.165316057067581901e-01
1.165011450322012976e-01
1.164707212889174309e-01
1.164403339566262435e-01
1.164099825240597491e-01
1.163796664888058358e-01
1.163493853571540976e-01
1.163191386439448027e-01
1.162889258724202624e-01
1.162587465740787668e-01
1.162286002885311309e-01
1.161984865633596403e-01
1.161684049539796759e-01
1.161383550235033646e-01
1.161083363426060333e-01
1.160783484893945783e-01
1.160483910492784709e-01
1.160184636148427068e-01
1.159885657857232383e-01
1.159586971684843371e-01
1.159288573764982039e-01
1.158990460298266884e-01
1.158692627551050208e-01
1.158395071854275704e-01
1.158097789602355460e-01
1.157800777252067925e-01
1.157504031321473226e-01
1.157207548388848595e-01
1.156911325091641851e-01
1.156615358125442639e-01
1.156319644242972677e-01
1.156024180253092531e-01
1.155728963019825722e-01
1.155433989461401023e-01
1.155139256549309185e-01
1.154844761307378120e-01
1.154550500810863356e-01
1.154256472185554300e-01
1.153962672606895085e-01
1.153669099299123313e-01
1.153375749534420736e-01
1.153082620632080862e-01
1.152789709957689618e-01
1.152497014922321816e-01
1.152204532981748741e-01
1.151912261635664181e-01
1.151620198426918790e-01
1.151328340940770828e-01
1.151036686804149528e-01
1.150745233684930674e-01
1.150453979291225504e-01
1.150162921370680019e-01
1.149872057709790257e-01
1.149581386133224636e-01
1.149290904503162680e-01
1.149000610718642346e-01
1.148710502714918730e-01
1.148420578462836378e-01
1.148130835968208946e-01
1.147841273271213436e-01
1.147551888445791229e-01
1.147262679599062724e-01
1.146973644870749737e-01
1.146684782432609989e-01
1.146396090487879216e-01
1.146107567270725769e-01
1.145819211045710634e-01
1.145531020107262293e-01
1.145242992779155339e-01
1.144955127414001433e-01
1.144667422392748046e-01
1.144379876124186624e-01
1.144092487044467837e-01
1.143805253616626411e-01
1.143518174330114823e-01
1.143231247700342706e-01
1.142944472268227069e-01
1.142657846599748617e-01
1.142371369285515997e-01
1.142085038940338082e-01
1.141798854202803748e-01
1.141512813734868043e-01
1.141226916221446536e-01
1.140941160370016194e-01
1.140655544910223196e-01
1.140370068593498515e-01
1.140084730192678364e-01
1.139799528501632547e-01
1.139514462334899475e-01
1.139229530527326312e-01
1.138944731933716620e-01
1.138660065428483137e-01
1.138375529905307493e-01
1.138091124276805338e-01
1.137806847474197025e-01
1.137522698446983976e-01
1.137238676162632828e-01
1.136954779606261096e-01
1.136671007780331588e-01
1.136387359704350564e-01
1.136103834414572827e-01
1.135820430963708633e-01
1.135537148420639325e-01
1.135253985870136317e-01
1.134970942412583672e-01
1.134688017163708873e-01
1.134405209254314290e-01
1.134122517830016552e-01
1.133839942050988286e-01
1.133557481091706093e-01
1.133275134140701162e-01
1.132992900400315583e-01
1.132710779086462255e-01
1.132428769428389104e-01
1.132146870668447325e-01
1.131865082061863925e-01
1.131583402876517735e-01
1.131301832392720003e-01
1.131020369902997758e-01
1.130739014711882179e-01
1.130457766135700010e-01
1.130176623502368166e-01
1.129895586151192510e-01
1.129614653432670646e-01
1.129333824708296380e-01
1.129053099350369460e-01
1.128772476741807806e-01
1.128491956275962799e-01
1.128211537356437616e-01
1.127931219396910434e-01
1.127651001820958176e-01
1.127370884061884848e-01
1.127090865562552363e-01
1.126810945775215955e-01
1.126531124161358199e-01
1.126251400191531915e-01
1.125971773345199739e-01
1.125692243110581470e-01
1.125412808984501134e-01
1.125133470472236691e-01
1.124854227087374869e-01
1.124575078351665591e-01
1.124296023794880417e-01
1.124017062954673352e-01
1.123738195376444288e-01
1.123459420613203558e-01
1.123180738225440234e-01
1.122902147780992649e-01
1.122623648854919887e-01
1.122345241029377438e-01
1.122066923893492024e-01
1.121788697043243216e-01
1.121510560081342006e-01
1.121232512617115207e-01
1.120954554266390124e-01
1.120676684651381733e-01
1.120398903400581514e-01
1.120121210148649349e-01
1.119843604536304299e-01
1.119566086210222189e-01
1.119288654822929857e-01
1.119011310032704543e-01
1.118734051503474103e-01
1.118456878904718205e-01
1.118179791911372845e-01
1.117902790203734870e-01
1.117625873467368858e-01
1.117349041393016357e-01
1.117072293676504846e-01
1.116795630018660723e-01
1.116519050125221457e-01
1.116242553706750795e-01
1.115966140478554802e-01
1.115689810160599704e-01
1.115413562477430842e-01
1.115137397158092597e-01
1.114861313936051646e-01
1.114585312549118690e-01
1.114309392739373933e-01
1.114033554253092834e-01
1.113757796840672692e-01
1.113482120256562014e-01
1.113206524259189728e-01
1.112931008610894973e-01
1.112655573077861726e-01
1.112380217430049695e-01
1.112104941441129785e-01
1.111829744888419846e-01
1.111554627552820557e-01
1.111279589218754221e-01
1.111004629674102878e-01
1.110729748710148623e-01
1.110454946121514630e-01
1.110180221706106446e-01
1.109905575265056205e-01
1.109631006602665865e-01
1.109356515526351422e-01
1.109082101846591423e-01
1.108807765376870758e-01
1.108533505933630287e-01
1.108259323336215074e-01
1.107985217406824152e-01
1.107711187970460837e-01
1.107437234854883878e-01
1.107163357890560001e-01
1.106889556910616995e-01
1.106615831750796669e-01
1.106342182249410583e-01
1.106068608247295082e-01
1.105795109587767028e-01
1.105521686116581470e-01
1.105248337681888765e-01
1.104975064134193080e-01
1.104701865326312565e-01
1.104428741113337303e-01
1.104155691352591562e-01
1.103882715903594380e-01
1.103609814628021407e-01
1.103336987389667984e-01
1.103064234054411258e-01
1.102791554490175768e-01
1.102518948566896390e-01
1.102246416156484332e-01
1.101973957132792170e-01
1.101701571371581506e-01
1.101429258750488138e-01
1.101157019148990557e-01
1.100884852448377887e-01
1.100612758531718666e-01
1.100340737283829751e-01
1.100068788591245378e-01
1.099796912342188293e-01
1.099525108426541026e-01
1.099253376735814802e-01
1.098981717163123595e-01
1.098710129603155811e-01
1.098438613952146120e-01
1.098167170107849505e-01
1.097895797969514614e-01
1.097624497437857810e-01
1.097353268415038052e-01
1.097082110804631361e-01
1.096811024511606669e-01
1.096540009442301955e-01
1.096269065504399537e-01
1.095998192606903593e-01
1.095727390660117401e-01
1.095456659575620301e-01
1.095185999266245075e-01
1.094915409646058102e-01
1.094644890630335765e-01
1.094374442135545300e-01
1.094104064079322869e-01
1.093833756380454408e-01
1.093563518958854397e-01
1.093293351735547814e-01
1.093023254632649738e-01
1.092753227573346753e-01
1.092483270481879182e-01
1.092213383283521660e-01
1.091943565904565927e-01
1.091673818272303059e-01
1.091404140315005988e-01
1.091134531961913401e-01
1.090864993143211004e-01
1.090595523790018062e-01
1.090326123834368388e-01
1.090056793209196045e-01
1.089787531848319946e-01
1.089518339686427473e-01
1.089249216659060465e-01
1.088980162702599952e-01
1.088711177754251441e-01
1.088442261752031320e-01
1.088173414634752423e-01
1.087904636342009873e-01
1.087635926814168735e-01
1.087367285992348748e-01
1.087098713818413637e-01
1.086830210234956545e-01
1.086561775185288098e-01
1.086293408613423495e-01
1.086025110464071269e-01
1.085756880682620246e-01
1.085488719215128989e-01
1.085220626008312761e-01
1.084952601009532974e-01
1.084684644166786643e-01
1.084416755428694451e-01
1.084148934744489784e-01
1.083881182064009574e-01
1.083613497337682224e-01
1.083345880516518450e-01
1.083078331552101148e-01
1.082810850396574709e-01
1.082543437002636139e-01
1.082276091323525619e-01
1.082008813313016793e-01
1.081741602925406776e-01
1.081474460115508934e-01
1.081207384838642205e-01
1.080940377050624013e-01
1.080673436707760143e-01
1.080406563766836692e-01
1.080139758185112847e-01
1.079873019920312011e-01
1.079606348930612914e-01
1.079339745174643511e-01
1.079073208611471824e-01
1.078806739200598996e-01
1.078540336901951807e-01
1.078274001675875587e-01
1.078007733483126035e-01
1.077741532284863246e-01
1.077475398042643945e-01
1.077209330718415653e-01
1.076943330274508781e-01
1.076677396673631215e-01
1.076411529878860268e-01
1.076145729853638239e-01
1.075879996561764224e-01
1.075614329967390231e-01
1.075348730035012718e-01
1.075083196729467866e-01
1.074817730015926592e-01
1.074552329859886496e-01
1.074286996227168806e-01
1.074021729083910748e-01
1.073756528396561660e-01
1.073491394131876886e-01
1.073226326256912083e-01
1.072961324739019340e-01
1.072696389545840789e-01
1.072431520645304448e-01
1.072166718005619357e-01
1.071901981595270031e-01
1.071637311383012298e-01
1.071372707337868574e-01
1.071108169429123846e-01
1.070843697626319702e-01
1.070579291899250995e-01
1.070314952217962245e-01
1.070050678552741386e-01
1.069786470874117407e-01
1.069522329152854945e-01
1.069258253359951089e-01
1.068994243466631910e-01
1.068730299444346638e-01
1.068466421264765570e-01
1.068202608899775502e-01
1.067938862321476667e-01
1.067675181502178300e-01
1.067411566414395441e-01
1.067148017030846024e-01
1.066884533324446160e-01
1.066621115268307773e-01
1.066357762835734857e-01
1.066094476000220420e-01
1.065831254735443018e-01
1.065568099015263698e-01
1.065305008813722809e-01
1.065041984105037504e-01
1.064779024863597851e-01
1.064516131063964199e-01
1.064253302680865237e-01
1.063990539689193271e-01
1.063727842064003115e-01
1.063465209780509041e-01
1.063202642814080473e-01
1.062940141140241851e-01
1.062677704734668604e-01
1.062415333573184378e-01
1.062153027631758950e-01
1.061890786886506149e-01
1.061628611313680803e-01
1.061366500889676240e-01
1.061104455591022760e-01
1.060842475394384449e-01
1.060580560276557366e-01
1.060318710214468024e-01
1.060056925185168669e-01
1.059795205165838666e-01
1.059533550133779783e-01
1.059271960066415080e-01
1.059010434941286827e-01
1.058748974736054005e-01
1.058487579428491338e-01
1.058226248996486513e-01
1.057964983418038241e-01
1.057703782671255283e-01
1.057442646734353536e-01
1.057181575585654648e-01
1.056920569203585181e-01
1.056659627566672727e-01
1.056398750653546326e-01
1.056137938442933549e-01
1.055877190913659253e-01
1.055616508044644325e-01
1.055355889814903192e-01
1.055095336203542983e-01
1.054834847189761865e-01
1.054574422752847102e-01
1.054314062872174218e-01
1.054053767527204782e-01
1.053793536697485989e-01
1.053533370362648158e-01
1.053273268502404048e-01
1.053013231096547458e-01
1.052753258124951435e-01
1.052493349567567155e-01
1.052233505404423092e-01
1.051973725615623356e-01
1.051714010181346304e-01
1.051454359081843287e-01
1.051194772297437963e-01
1.050935249808524485e-01
1.050675791595567093e-01
1.050416397639098026e-01
1.050157067919717385e-01
1.049897802418090914e-01
1.049638601114950137e-01
1.049379463991090417e-01
1.049120391027369981e-01
1.048861382204709647e-01
1.048602437504090601e-01
1.048343556906554258e-01
1.048084740393201708e-01
1.047825987945191217e-01
1.047567299543738784e-01
1.047308675170116610e-01
1.047050114805651438e-01
1.046791618431725662e-01
1.046533186029774271e-01
1.046274817581285682e-01
1.046016513067799109e-01
1.045758272470905942e-01
1.045500095772246840e-01
1.045241982953512144e-01
1.044983933996441183e-01
1.044725948882820193e-01
1.044468027594483150e-01
1.044210170113309966e-01
1.043952376421226763e-01
1.043694646500203382e-01
1.043436980332254488e-01
1.043179377899438320e-01
1.042921839183855032e-01
1.042664364167647933e-01
1.042406952833000722e-01
1.042149605162138032e-01
1.041892321137325023e-01
1.041635100740866265e-01
1.041377943955104496e-01
1.041120850762421446e-01
1.040863821145236040e-01
1.040606855086004257e-01
1.040349952567219127e-01
1.040093113571408379e-01
1.039836338081136236e-01
1.039579626079001479e-01
1.039322977547636473e-01
1.039066392469707861e-01
1.038809870827915732e-01
1.038553412604992232e-01
1.038297017783701981e-01
1.038040686346841518e-01
1.037784418277238330e-01
1.037528213557750850e-01
1.037272072171267351e-01
1.037015994100706079e-01
1.036759979329015258e-01
1.036504027839171282e-01
1.036248139614179137e-01
1.035992314637072254e-01
1.035736552890911405e-01
1.035480854358784147e-01
1.035225219023805654e-01
1.034969646869116910e-01
1.034714137877885548e-01
1.034458692033303900e-01
1.034203309318590530e-01
1.033947989716988008e-01
1.033692733211764025e-01
1.033437539786210280e-01
1.033182409423641784e-01
1.032927342107397423e-01
1.032672337820839670e-01
1.032417396547352789e-01
1.032162518270344082e-01
1.031907702973243052e-01
1.031652950639500160e-01
1.031398261252588627e-01
1.031143634796001518e-01
1.030889071253254102e-01
1.030634570607881217e-01
1.030380132843438101e-01
1.030125757943500669e-01
1.029871445891663712e-01
1.029617196671542001e-01
1.029363010266769185e-01
1.029108886660998201e-01
1.028854825837899889e-01
1.028600827781164379e-01
1.028346892474499008e-01
1.028093019901630129e-01
1.027839210046300189e-01
1.027585462892270235e-01
1.027331778423318381e-01
1.027078156623239258e-01
1.026824597475844009e-01
1.026571100964960570e-01
1.026317667074433254e-01
1.026064295788122471e-01
1.025810987089903897e-01
1.025557740963668890e-01
1.025304557393324906e-01
1.025051436362793972e-01
1.024798377856013243e-01
1.024545381856934445e-01
1.024292448349524431e-01
1.024039577317764349e-01
1.023786768745649362e-01
1.023534022617188372e-01
1.023281338916405131e-01
1.023028717627336298e-01
1.022776158734032131e-01
1.022523662220556351e-01
1.022271228070986138e-01
1.022018856269411302e-01
1.021766546799934700e-01
1.021514299646671814e-01
1.021262114793750897e-01
1.021009992225312274e-01
1.020757931925508760e-01
1.020505933878505384e-01
1.020253998068478413e-01
1.020002124479616606e-01
1.019750313096120381e-01
1.019498563902201532e-01
1.019246876882083097e-01
1.018995252019999354e-01
1.018743689300196514e-01
1.018492188706930507e-01
1.018240750224469054e-01
1.017989373837090150e-01
1.017738059529083167e-01
1.017486807284747191e-01
1.017235617088391580e-01
1.016984488924336655e-01
1.016733422776912588e-01
1.016482418630459961e-01
1.016231476469328376e-01
1.015980596277878262e-01
1.015729778040479064e-01
1.015479021741510501e-01
1.015228327365361033e-01
1.014977694896429250e-01
1.014727124319122764e-01
1.014476615617858207e-01
1.014226168777061787e-01
1.013975783781168455e-01
1.013725460614622320e-01
1.013475199261875959e-01
1.013224999707390828e-01
1.012974861935637405e-01
1.012724785931094357e-01
1.012474771678249230e-01
1.012224819161597483e-01
1.011974928365643456e-01
1.011725099274899259e-01
1.011475331873885608e-01
1.011225626147131129e-01
1.010975982079172081e-01
1.010726399654553465e-01
1.010476878857827776e-01
1.010227419673555282e-01
1.009978022086303467e-01
1.009728686080648419e-01
1.009479411641173441e-01
1.009230198752469193e-01
1.008981047399133968e-01
1.008731957565773274e-01
1.008482929236999975e-01
1.008233962397434846e-01
1.007985057031704490e-01
1.007736213124444113e-01
1.007487430660295169e-01
1.007238709623906325e-01
1.006990049999933329e-01
1.006741451773038448e-01
1.006492914927891308e-01
1.006244439449168193e-01
1.005996025321551635e-01
1.005747672529731657e-01
1.005499381058404945e-01
1.005251150892273182e-01
1.005002982016046792e-01
1.004754874414441196e-01
1.004506828072178753e-01
1.004258842973988486e-01
1.004010919104604965e-01
1.003763056448769703e-01
1.003515254991230732e-01
1.003267514716741360e-01
1.003019835610061694e-01
1.002772217655957948e-01
1.002524660839202164e-01
1.002277165144572491e-01
1.002029730556853321e-01
1.001782357060834738e-01
1.001535044641312933e-01
1.001287793283089783e-01
1.001040602970972720e-01
1.000793473689775837e-01
1.000546405424318219e-01
1.000299398159425063e-01
1.000052451879926974e-01
9.998055665706605255e-02
9.995587422164674274e-02
9.993119788021957717e-02
9.990652763126985081e-02
9.988186347328344150e-02
9.985720540474674056e-02
9.983255342414674993e-02
9.980790752997095727e-02
9.978326772070740536e-02
9.975863399484467819e-02
9.973400635087188715e-02
9.970938478727869869e-02
9.968476930255526502e-02
9.966015989519230733e-02
9.963555656368101865e-02
9.961095930651316099e-02
9.958636812218096823e-02
9.956178300917724322e-02
9.953720396599523290e-02
9.951263099112876709e-02
9.948806408307210580e-02
9.946350324032006418e-02
9.943894846136797083e-02
9.941439974471157071e-02
9.938985708884721937e-02
9.936532049227167485e-02
9.934078995348223640e-02
9.931626547097668900e-02
9.929174704325326173e-02
9.926723466881075264e-02
9.924272834614833450e-02
9.921822807376574904e-02
9.919373385016322375e-02
9.916924567384137468e-02
9.914476354330138685e-02
9.912028745704484778e-02
9.909581741357385842e-02
9.907135341139097773e-02
9.904689544899926423e-02
9.902244352490217894e-02
9.899799763760368243e-02
9.897355778560816553e-02
9.894912396742060190e-02
9.892469618154624278e-02
9.890027442649090839e-02
9.887585870076087691e-02
9.885144900286281511e-02
9.882704533130394486e-02
9.880264768459182112e-02
9.877825606123451230e-02
9.875387045974053091e-02
9.872949087861884743e-02
9.870511731637883479e-02
9.868074977153036553e-02
9.865638824258368689e-02
9.863203272804953181e-02
9.860768322643910511e-02
9.858333973626397240e-02
9.855900225603617115e-02
9.853467078426818293e-02
9.851034531947290562e-02
9.848602586016369509e-02
9.846171240485433740e-02
9.843740495205899332e-02
9.841310350029230936e-02
9.838880804806937608e-02
9.836451859390564489e-02
9.834023513631699742e-02
9.831595767381982875e-02
9.829168620493086705e-02
9.826742072816732620e-02
9.824316124204676703e-02
9.821890774508720834e-02
9.819466023580712688e-02
9.817041871272536024e-02
9.814618317436119010e-02
9.812195361923427284e-02
9.809773004586479217e-02
9.807351245277319551e-02
9.804930083848042988e-02
9.802509520150787248e-02
9.800089554037726136e-02
9.797670185361075090e-02
9.795251413973095345e-02
9.792833239726082828e-02
9.790415662472376490e-02
9.787998682064355527e-02
9.785582298354444930e-02
9.783166511195100223e-02
9.780751320438826890e-02
9.778336725938165108e-02
9.775922727545696689e-02
9.773509325114043689e-02
9.771096518495872574e-02
9.768684307543880341e-02
9.766272692110812559e-02
9.763861672049449492e-02
9.761451247212617199e-02
9.759041417453172274e-02
9.756632182624022653e-02
9.754223542578104034e-02
9.751815497168402069e-02
9.749408046247934334e-02
9.747001189669757260e-02
9.744594927286977237e-02
9.742189258952727027e-02
9.739784184520187960e-02
9.737379703842574674e-02
9.734975816773142054e-02
9.732572523165189393e-02
9.730169822872046514e-02
9.727767715747087651e-02
9.725366201643725894e-02
9.722965280415410416e-02
9.720564951915632024e-02
9.718165215997913442e-02
9.715766072515830132e-02
9.713367521322982534e-02
9.710969562273014111e-02
9.708572195219609957e-02
9.706175420016485700e-02
9.703779236517408313e-02
9.701383644576169751e-02
9.698988644046607766e-02
9.696594234782594801e-02
9.694200416638049100e-02
9.691807189466913885e-02
9.689414553123180951e-02
9.687022507460876786e-02
9.684631052334066736e-02
9.682240187596853620e-02
9.679849913103379111e-02
9.677460228707818191e-02
9.675071134264390249e-02
9.672682629627346595e-02
9.670294714650985723e-02
9.667907389189631107e-02
9.665520653097652015e-02
9.663134506229455190e-02
9.660748948439480677e-02
9.658363979582211545e-02
9.655979599512164169e-02
9.653595808083893781e-02
9.651212605151993085e-02
9.648829990571092252e-02
9.646447964195858926e-02
9.644066525880998220e-02
9.641685675481255491e-02
9.639305412851402466e-02
9.636925737846263607e-02
9.634546650320691130e-02
9.632168150129576112e-02
9.629790237127842933e-02
9.627412911170461773e-02
9.625036172112434729e-02
9.622660019808801368e-02
9.620284454114635952e-02
9.617909474885055765e-02
9.615535081975205844e-02
9.613161275240281189e-02
9.610788054535500391e-02
9.608415419716127837e-02
9.606043370637462608e-02
9.603671907154835707e-02
9.601301029123621156e-02
9.598930736399227670e-02
9.596561028837100049e-02
9.594191906292721950e-02
9.591823368621610335e-02
9.589455415679322414e-02
9.587088047321447315e-02
9.584721263403615799e-02
9.582355063781491933e-02
9.579989448310778644e-02
9.577624416847213551e-02
9.575259969246571745e-02
9.572896105364661623e-02
9.570532825057334603e-02
9.568170128180475409e-02
9.565808014590000685e-02
9.563446484141868709e-02
9.561085536692075226e-02
9.558725172096647904e-02
9.556365390211651878e-02
9.554006190893189754e-02
9.551647573997401608e-02
9.549289539380460823e-02
9.546932086898576864e-02
9.544575216408000828e-02
9.542218927765012959e-02
9.539863220825933743e-02
9.537508095447118361e-02
9.535153551484959467e-02
9.532799588795881629e-02
9.530446207236353828e-02
9.528093406662875575e-02
9.525741186931979687e-02
9.523389547900239227e-02
9.521038489424261952e-02
9.518688011360693091e-02
9.516338113566212564e-02
9.513988795897536377e-02
9.511640058211416615e-02
9.509291900364638672e-02
9.506944322214029575e-02
9.504597323616446880e-02
9.502250904428787004e-02
9.499905064507979668e-02
9.497559803710993453e-02
9.495215121894830246e-02
9.492871018916529402e-02
9.490527494633164973e-02
9.488184548901848481e-02
9.485842181579723364e-02
9.483500392523973310e-02
9.481159181591813923e-02
9.478818548640498276e-02
9.476478493527318303e-02
9.474139016109593692e-02
9.471800116244687151e-02
9.469461793789993309e-02
9.467124048602944264e-02
9.464786880541004033e-02
9.462450289461678266e-02
9.460114275222504532e-02
9.457778837681055095e-02
9.455443976694938302e-02
9.453109692121799967e-02
9.450775983819319215e-02
9.448442851645209861e-02
9.446110295457227357e-02
9.443778315113153521e-02
9.441446910470811804e-02
9.439116081388060353e-02
9.436785827722789233e-02
9.434456149332930142e-02
9.432127046076442534e-02
9.429798517811327496e-02
9.427470564395618036e-02
9.425143185687386016e-02
9.422816381544731057e-02
9.420490151825799963e-02
9.418164496388761742e-02
9.415839415091831199e-02
9.413514907793252284e-02
9.411190974351306415e-02
9.408867614624311093e-02
9.406544828470615738e-02
9.404222615748608627e-02
9.401900976316712732e-02
9.399579910033384333e-02
9.397259416757115791e-02
9.394939496346432772e-02
9.392620148659901191e-02
9.390301373556117492e-02
9.387983170893714202e-02
9.385665540531361317e-02
9.383348482327759366e-02
9.381031996141649121e-02
9.378716081831800500e-02
9.376400739257027828e-02
9.374085968276169023e-02
9.371771768748105025e-02
9.369458140531747303e-02
9.367145083486048962e-02
9.364832597469988085e-02
9.362520682342587164e-02
9.360209337962899223e-02
9.357898564190010593e-02
9.355588360883047849e-02
9.353278727901166711e-02
9.350969665103560369e-02
9.348661172349460868e-02
9.346353249498129401e-02
9.344045896408860463e-02
9.341739112940991574e-02
9.339432898953889395e-02
9.337127254306956670e-02
9.334822178859630837e-02
9.332517672471385417e-02
9.330213735001724462e-02
9.327910366310193657e-02
9.325607566256366443e-02
9.323305334699857894e-02
9.321003671500312227e-02
9.318702576517413905e-02
9.316402049610873759e-02
9.314102090640447029e-02
9.311802699465916711e-02
9.309503875947104656e-02
9.307205619943867414e-02
9.304907931316090675e-02
9.302610809923698987e-02
9.300314255626655757e-02
9.298018268284949372e-02
9.295722847758614016e-02
9.293427993907710238e-02
9.291133706592331898e-02
9.288839985672617261e-02
9.286546831008732350e-02
9.284254242460876494e-02
9.281962219889289267e-02
9.279670763154233837e-02
9.277379872116027493e-02
9.275089546635000015e-02
9.272799786571531144e-02
9.270510591786028376e-02
9.268221962138938064e-02
9.265933897490735704e-02
9.263646397701934265e-02
9.261359462633081407e-02
9.259073092144760875e-02
9.256787286097582779e-02
9.254502044352208578e-02
9.252217366769314999e-02
9.249933253209623174e-02
9.247649703533886156e-02
9.245366717602897244e-02
9.243084295277478879e-02
9.240802436418484034e-02
9.238521140886810090e-02
9.236240408543378022e-02
9.233960239249151825e-02
9.231680632865126024e-02
9.229401589252332616e-02
9.227123108271831353e-02
9.224845189784722232e-02
9.222567833652138558e-02
9.220291039735246941e-02
9.218014807895247298e-02
9.215739137993378405e-02
9.213464029890908180e-02
9.211189483449139237e-02
9.208915498529411658e-02
9.206642074993101610e-02
9.204369212701608849e-02
9.202096911516380318e-02
9.199825171298890714e-02
9.197553991910652205e-02
9.195283373213203326e-02
9.193013315068124247e-02
9.190743817337031218e-02
9.188474879881565471e-02
9.186206502563414034e-02
9.183938685244286138e-02
9.181671427785936812e-02
9.179404730050143291e-02
9.177138591898728603e-02
9.174873013193542148e-02
9.172607993796470793e-02
9.170343533569436101e-02
9.168079632374388777e-02
9.165816290073319772e-02
9.163553506528249182e-02
9.161291281601237346e-02
9.159029615154370974e-02
9.156768507049779793e-02
9.154507957149617126e-02
9.152247965316079314e-02
9.149988531411391846e-02
9.147729655297817675e-02
9.145471336837651677e-02
9.143213575893216483e-02
9.140956372326886070e-02
9.138699726001049684e-02
9.136443636778139588e-02
9.134188104520624130e-02
9.131933129090998025e-02
9.129678710351799009e-02
9.127424848165591187e-02
9.125171542394976132e-02
9.122918792902590113e-02
9.120666599551098541e-02
9.118414962203205687e-02
9.116163880721650514e-02
9.113913354969201130e-02
9.111663384808663113e-02
9.109413970102876734e-02
9.107165110714711409e-02
9.104916806507075411e-02
9.102669057342906156e-02
9.100421863085179919e-02
9.098175223596902117e-02
9.095929138741118414e-02
9.093683608380903616e-02
9.091438632379361673e-02
9.089194210599642332e-02
9.086950342904916156e-02
9.084707029158399505e-02
9.082464269223335107e-02
9.080222062963001772e-02
9.077980410240708842e-02
9.075739310919804514e-02
9.073498764863667521e-02
9.071258771935712673e-02
9.069019331999385314e-02
9.066780444918165482e-02
9.064542110555569299e-02
9.062304328775146189e-02
9.060067099440476113e-02
9.057830422415173721e-02
9.055594297562892525e-02
9.053358724747309627e-02
9.051123703832146539e-02
9.048889234681152527e-02
9.046655317158110166e-02
9.044421951126838111e-02
9.042189136451186937e-02
9.039956872995041914e-02
9.037725160622321618e-02
9.035493999196977932e-02
9.033263388582998821e-02
9.031033328644400004e-02
9.028803819245234674e-02
9.026574860249592103e-02
9.024346451521590706e-02
9.022118592925382208e-02
9.019891284325157188e-02
9.017664525585133983e-02
9.015438316569568400e-02
9.013212657142748163e-02
9.010987547168992917e-02
9.008762986512657001e-02
9.006538975038129446e-02
9.004315512609835370e-02
9.002092599092224867e-02
8.999870234349788278e-02
8.997648418247049251e-02
8.995427150648564740e-02
8.993206431418916680e-02
8.990986260422735576e-02
8.988766637524674141e-02
8.986547562589421168e-02
8.984329035481700143e-02
8.982111056066266475e-02
8.979893624207911651e-02
8.977676739771457692e-02
8.975460402621757150e-02
8.973244612623705596e-02
8.971029369642224971e-02
8.968814673542269134e-02
8.966600524188829413e-02
8.964386921446927670e-02
8.962173865181623234e-02
8.959961355258003191e-02
8.957749391541190709e-02
8.955537973896343651e-02
8.953327102188651798e-02
8.951116776283338239e-02
8.948906996045656592e-02
8.946697761340897948e-02
8.944489072034383925e-02
8.942280927991476391e-02
8.940073329077555253e-02
8.937866275158050378e-02
8.935659766098415224e-02
8.933453801764137947e-02
8.931248382020741394e-02
8.929043506733781721e-02
8.926839175768847001e-02
8.924635388991558616e-02
8.922432146267571251e-02
8.920229447462572903e-02
8.918027292442287646e-02
8.915825681072465925e-02
8.913624613218898429e-02
8.911424088747402217e-02
8.909224107523834590e-02
8.907024669414084772e-02
8.904825774284066964e-02
8.902627421999738389e-02
8.900429612427082637e-02
8.898232345432122159e-02
8.896035620880905770e-02
8.893839438639523920e-02
8.891643798574089264e-02
8.889448700550758864e-02
8.887254144435714764e-02
8.885060130095172315e-02
8.882866657395388499e-02
8.880673726202643892e-02
8.878481336383252376e-02
8.876289487803568079e-02
8.874098180329974273e-02
8.871907413828881983e-02
8.869717188166745259e-02
8.867527503210040352e-02
8.865338358825287923e-02
8.863149754879032227e-02
8.860961691237853599e-02
8.858774167768369845e-02
8.856587184337220975e-02
8.854400740811091408e-02
8.852214837056690544e-02
8.850029472940768027e-02
8.847844648330095707e-02
8.845660363091491230e-02
8.843476617091793057e-02
8.841293410197877123e-02
8.839110742276660992e-02
8.836928613195083049e-02
8.834747022820114981e-02
8.832565971018768725e-02
8.830385457658086745e-02
8.828205482605139265e-02
8.826026045727036751e-02
8.823847146890916038e-02
8.821668785963948656e-02
8.819490962813342216e-02
8.817313677306333475e-02
8.815136929310192493e-02
8.812960718692226803e-02
8.810785045319766140e-02
8.808609909060183263e-02
8.806435309780882847e-02
8.804261247349293162e-02
8.802087721632884110e-02
8.799914732499154735e-02
8.797742279815640165e-02
8.795570363449906059e-02
8.793398983269544444e-02
8.791228139142193143e-02
8.789057830935512183e-02
8.786888058517196287e-02
8.784718821754979035e-02
8.782550120516616210e-02
8.780381954669905231e-02
8.778214324082671272e-02
8.776047228622776974e-02
8.773880668158107188e-02
8.771714642556593944e-02
8.769549151686192867e-02
8.767384195414887338e-02
8.765219773610707921e-02
8.763055886141704609e-02
8.760892532875969030e-02
8.758729713681616402e-02
8.756567428426800803e-02
8.754405676979709616e-02
8.752244459208559368e-02
8.750083774981601281e-02
8.747923624167115719e-02
8.745764006633419130e-02
8.743604922248858491e-02
8.741446370881818251e-02
8.739288352400707838e-02
8.737130866673969987e-02
8.734973913570086290e-02
8.732817492957566097e-02
8.730661604704953449e-02
8.728506248680818758e-02
8.726351424753776842e-02
8.724197132792463338e-02
8.722043372665548577e-02
8.719890144241741747e-02
8.717737447389779792e-02
8.715585281978428800e-02
8.713433647876495103e-02
8.711282544952811402e-02
8.709131973076243705e-02
8.706981932115694101e-02
8.704832421940089660e-02
8.702683442418397697e-02
8.700534993419617447e-02
8.698387074812770348e-02
8.696239686466922247e-02
8.694092828251165361e-02
8.691946500034625211e-02
8.689800701686459239e-02
8.687655433075859579e-02
8.685510694072046123e-02
8.683366484544277619e-02
8.681222804361836409e-02
8.679079653394046467e-02
8.676937031510255360e-02
8.674794938579848125e-02
8.672653374472244492e-02
8.670512339056889173e-02
8.668371832203264349e-02
8.666231853780881345e-02
8.664092403659287567e-02
8.661953481708056790e-02
8.659815087796801647e-02
8.657677221795162525e-02
8.655539883572813120e-02
8.653403072999460433e-02
8.651266789944843383e-02
8.649131034278728647e-02
8.646995805870921759e-02
8.644861104591258782e-02
8.642726930309602151e-02
8.640593282895853156e-02
8.638460162219945004e-02
8.636327568151834499e-02
8.634195500561524239e-02
8.632063959319036250e-02
8.629932944294434194e-02
8.627802455357805322e-02
8.625672492379274359e-02
8.623543055228999332e-02
8.621414143777168804e-02
8.619285757893994926e-02
8.617157897449737036e-02
8.615030562314679452e-02
8.612903752359131471e-02
8.610777467453445411e-02
8.608651707468001346e-02
8.606526472273208495e-02
8.604401761739512156e-02
8.602277575737388160e-02
8.600153914137345645e-02
8.598030776809924280e-02
8.595908163625691489e-02
8.593786074455256330e-02
8.591664509169252839e-02
8.589543467638345586e-02
8.587422949733239386e-02
8.585302955324659868e-02
8.583183484283375686e-02
8.581064536480179084e-02
8.578946111785897000e-02
8.576828210071391068e-02
8.574710831207546513e-02
8.572593975065292971e-02
8.570477641515582279e-02
8.568361830429400972e-02
8.566246541677766113e-02
8.564131775131728075e-02
8.562017530662373310e-02
8.559903808140809089e-02
8.557790607438185704e-02
8.555677928425679812e-02
8.553565770974497218e-02
8.551454134955882580e-02
8.549343020241111091e-02
8.547232426701480146e-02
8.545122354208332938e-02
8.543012802633033476e-02
8.540903771846984627e-02
8.538795261721618401e-02
8.536687272128393178e-02
8.534579802938810356e-02
8.532472854024392150e-02
8.530366425256698248e-02
8.528260516507323030e-02
8.526155127647883081e-02
8.524050258550033843e-02
8.521945909085461290e-02
8.519842079125883316e-02
8.517738768543046957e-02
8.515635977208733942e-02
8.513533704994752371e-02
8.511431951772954752e-02
8.509330717415207468e-02
8.507230001793421315e-02
8.505129804779536229e-02
8.503030126245521292e-02
8.500930966063374727e-02
8.498832324105133618e-02
8.496734200242865576e-02
8.494636594348661807e-02
8.492539506294653762e-02
8.490442935952996484e-02
8.488346883195888037e-02
8.486251347895550079e-02
8.484156329924230633e-02
8.482061829154223520e-02
8.479967845457840603e-02
8.477874378707433989e-02
8.475781428775383541e-02
8.473688995534099655e-02
8.471597078856026031e-02
8.469505678613639676e-02
8.467414794679446743e-02
8.465324426925985302e-02
8.463234575225822565e-02
8.461145239451563216e-02
8.459056419475835531e-02
8.456968115171303868e-02
8.454880326410665892e-02
8.452793053066647022e-02
8.450706295012004599e-02
8.448620052119527879e-02
8.446534324262039428e-02
8.444449111312389566e-02
8.442364413143464696e-02
8.440280229628178976e-02
8.438196560639472932e-02
8.436113406050334274e-02
8.434030765733765977e-02
8.431948639562809877e-02
8.429867027410536950e-02
8.427785929150050093e-02
8.425705344654486895e-02
8.423625273797011315e-02
8.421545716450817842e-02
8.419466672489138437e-02
8.417388141785232814e-02
8.415310124212389831e-02
8.413232619643933041e-02
8.411155627953219305e-02
8.409079149013624910e-02
8.407003182698571941e-02
8.404927728881508853e-02
8.402852787435910464e-02
8.400778358235289067e-02
8.398704441153184708e-02
8.396631036063170739e-02
8.394558142838848269e-02
8.392485761353854490e-02
8.390413891481855735e-02
8.388342533096544706e-02
8.386271686071652964e-02
8.384201350280941212e-02
8.382131525598197908e-02
8.380062211897244817e-02
8.377993409051937013e-02
8.375925116936154546e-02
8.373857335423814940e-02
8.371790064388864860e-02
8.369723303705281503e-02
8.367657053247072596e-02
8.365591312888279174e-02
8.363526082502970027e-02
8.361461361965250028e-02
8.359397151149247640e-02
8.357333449929130187e-02
8.355270258179091358e-02
8.353207575773358151e-02
8.351145402586188093e-02
8.349083738491866469e-02
8.347022583364716031e-02
8.344961937079084513e-02
8.342901799509355731e-02
8.340842170529938482e-02
8.338783050015280418e-02
8.336724437839851398e-02
8.334666333878158750e-02
8.332608738004738946e-02
8.330551650094160376e-02
8.328495070021019187e-02
8.326438997659944830e-02
8.324383432885594514e-02
8.322328375572665693e-02
8.320273825595876638e-02
8.318219782829981701e-02
8.316166247149762991e-02
8.314113218430034535e-02
8.312060696545645055e-02
8.310008681371468253e-02
8.307957172782413913e-02
8.305906170653418186e-02
8.303855674859451919e-02
8.301805685275513713e-02
8.299756201776634090e-02
8.297707224237879653e-02
8.295658752534336433e-02
8.293610786541132096e-02
8.291563326133416512e-02
8.289516371186382571e-02
8.287469921575238430e-02
8.285423977175236654e-02
8.283378537861649238e-02
8.281333603509787034e-02
8.279289173994988649e-02
8.277245249192625998e-02
8.275201828978098750e-02
8.273158913226835720e-02
8.271116501814301802e-02
8.269074594615989648e-02
8.267033191507423828e-02
8.264992292364155280e-02
8.262951897061769635e-02
8.260912005475887221e-02
8.258872617482149181e-02
8.256833732956235516e-02
8.254795351773853984e-02
8.252757473810741484e-02
8.250720098942669611e-02
8.248683227045436328e-02
8.246646857994874291e-02
8.244610991666842525e-02
8.242575627937233362e-02
8.240540766681969664e-02
8.238506407777004825e-02
8.236472551098322770e-02
8.234439196521937954e-02
8.232406343923893977e-02
8.230373993180269132e-02
8.228342144167165306e-02
8.226310796760724631e-02
8.224279950837110054e-02
8.222249606272521993e-02
8.220219762943187236e-02
8.218190420725365875e-02
8.216161579495348533e-02
8.214133239129453590e-02
8.212105399504029957e-02
8.210078060495464014e-02
8.208051221980162959e-02
8.206024883834571459e-02
8.203999045935160550e-02
8.201973708158434573e-02
8.199948870380925625e-02
8.197924532479201887e-02
8.195900694329855130e-02
8.193877355809507657e-02
8.191854516794820629e-02
8.189832177162476023e-02
8.187810336789193288e-02
8.185788995551716851e-02
8.183768153326827222e-02
8.181747809991327114e-02
8.179727965422059488e-02
8.177708619495889508e-02
8.175689772089718421e-02
8.173671423080475229e-02
8.171653572345116689e-02
8.169636219760638418e-02
8.167619365204056847e-02
8.165603008552424491e-02
8.163587149682821620e-02
8.161571788472360423e-02
8.159556924798180844e-02
8.157542558537458910e-02
8.155528689567395628e-02
8.153515317765221149e-02
8.151502443008201704e-02
8.149490065173631281e-02
8.147478184138830237e-02
8.145466799781153622e-02
8.143455911977988404e-02
8.141445520606746533e-02
8.139435625544874653e-02
8.137426226669847162e-02
8.135417323859166217e-02
8.133408916990372828e-02
8.131401005941031601e-02
8.129393590588736285e-02
8.127386670811113933e-02
8.125380246485820745e-02
8.123374317490546226e-02
8.121368883703000696e-02
8.119363945000938887e-02
8.117359501262133570e-02
8.115355552364394986e-02
8.113352098185558359e-02
8.111349138603490827e-02
8.109346673496092839e-02
8.107344702741289821e-02
8.105343226217041896e-02
8.103342243801339717e-02
8.101341755372194753e-02
8.099341760807661494e-02
8.097342259985815249e-02
8.095343252784767407e-02
8.093344739082657113e-02
8.091346718757648493e-02
8.089349191687945917e-02
8.087352157751777348e-02
8.085355616827398506e-02
8.083359568793102579e-02
8.081364013527204959e-02
8.079368950908058511e-02
8.077374380814042465e-02
8.075380303123565195e-02
8.073386717715062832e-02
8.071393624467011751e-02
8.069401023257902206e-02
8.067408913966273021e-02
8.065417296470676900e-02
8.063426170649705405e-02
8.061435536381977851e-02
8.059445393546144087e-02
8.057455742020881717e-02
8.055466581684900262e-02
8.053477912416941165e-02
8.051489734095769457e-02
8.049502046600189031e-02
8.047514849809025983e-02
8.045528143601136939e-02
8.043541927855415996e-02
8.041556202450773905e-02
8.039570967266168600e-02
8.037586222180573281e-02
8.035601967072994456e-02
8.033618201822474714e-02
8.031634926308080236e-02
8.029652140408906347e-02
8.027669844004085842e-02
8.025688036972770945e-02
8.023706719194152737e-02
8.021725890547445892e-02
8.019745550911899779e-02
8.017765700166790133e-02
8.015786338191423221e-02
8.013807464865137231e-02
8.011829080067295328e-02
8.009851183677293984e-02
8.007873775574564368e-02
8.005896855638555687e-02
8.003920423748754620e-02
8.001944479784676989e-02
7.999969023625869147e-02
7.997994055151903814e-02
7.996019574242385630e-02
7.994045580776948379e-02
7.992072074635253598e-02
7.990099055696997521e-02
7.988126523841904136e-02
7.986154478949725188e-02
7.984182920900242952e-02
7.982211849573266071e-02
7.980241264848642047e-02
7.978271166606240583e-02
7.976301554725961918e-02
7.974332429087735430e-02
7.972363789571525194e-02
7.970395636057318878e-02
7.968427968425137453e-02
7.966460786555028262e-02
7.964494090327073339e-02
7.962527879621375537e-02
7.960562154318080730e-02
7.958596914297352831e-02
7.956632159439386287e-02
7.954667889624413013e-02
7.952704104732685741e-02
7.950740804644494675e-02
7.948777989240148056e-02
7.946815658399998539e-02
7.944853812004419591e-02
7.942892449933812438e-02
7.940931572068611610e-02
7.938971178289279396e-02
7.937011268476312775e-02
7.935051842510229547e-02
7.933092900271582204e-02
7.931134441640955157e-02
7.929176466498955023e-02
7.927218974726225886e-02
7.925261966203434039e-02
7.923305440811280465e-02
7.921349398430491129e-02
7.919393838941828079e-02
7.917438762226075566e-02
7.915484168164052536e-02
7.913530056636604304e-02
7.911576427524606714e-02
7.909623280708964754e-02
7.907670616070611169e-02
7.905718433490512009e-02
7.903766732849663856e-02
7.901815514029082721e-02
7.899864776909824859e-02
7.897914521372971508e-02
7.895964747299631659e-02
7.894015454570946222e-02
7.892066643068083864e-02
7.890118312672246559e-02
7.888170463264659871e-02
7.886223094726581284e-02
7.884276206939296039e-02
7.882329799784126845e-02
7.880383873142408901e-02
7.878438426895524593e-02
7.876493460924877121e-02
7.874548975111894666e-02
7.872604969338045655e-02
7.870661443484819331e-02
7.868718397433738243e-02
7.866775831066348534e-02
7.864833744264233817e-02
7.862892136909002683e-02
7.860951008882290092e-02
7.859010360065765699e-02
7.857070190341124138e-02
7.855130499590094739e-02
7.853191287694426259e-02
7.851252554535910477e-02
7.849314299996354438e-02
7.847376523957604044e-02
7.845439226301526014e-02
7.843502406910025926e-02
7.841566065665032947e-02
7.839630202448504004e-02
7.837694817142429327e-02
7.835759909628822739e-02
7.833825479789734147e-02
7.831891527507239825e-02
7.829958052663442414e-02
7.828025055140475086e-02
7.826092534820501545e-02
7.824160491585714639e-02
7.822228925318334969e-02
7.820297835900609507e-02
7.818367223214819917e-02
7.816437087143278395e-02
7.814507427568315179e-02
7.812578244372297975e-02
7.810649537437627798e-02
7.808721306646723703e-02
7.806793551882038051e-02
7.804866273026060675e-02
7.802939469961295282e-02
7.801013142570287218e-02
7.799087290735602640e-02
7.797161914339843791e-02
7.795237013265632342e-02
7.793312587395628821e-02
7.791388636612518737e-02
7.789465160799015353e-02
7.787542159837861078e-02
7.785619633611828849e-02
7.783697582003724913e-02
7.781776004896369392e-02
7.779854902172628206e-02
7.777934273715388092e-02
7.776014119407564928e-02
7.774094439132105128e-02
7.772175232771984243e-02
7.770256500210205586e-02
7.768338241329797444e-02
7.766420456013826967e-02
7.764503144145382119e-02
7.762586305607584169e-02
7.760669940283575208e-02
7.758754048056536179e-02
7.756838628809674396e-02
7.754923682426219378e-02
7.753009208789438111e-02
7.751095207782623953e-02
7.749181679289089686e-02
7.747268623192192505e-02
7.745356039375310420e-02
7.743443927721850584e-02
7.741532288115246518e-02
7.739621120438962276e-02
7.737710424576497992e-02
7.735800200411369065e-02
7.733890447827128367e-02
7.731981166707357911e-02
7.730072356935664690e-02
7.728164018395686230e-02
7.726256150971089198e-02
7.724348754545566631e-02
7.722441829002843483e-02
7.720535374226672465e-02
7.718629390100834042e-02
7.716723876509137825e-02
7.714818833335418402e-02
7.712914260463549221e-02
7.711010157777423157e-02
7.709106525160965007e-02
7.707203362498123156e-02
7.705300669672889013e-02
7.703398446569263702e-02
7.701496693071288591e-02
7.699595409063030027e-02
7.697694594428589054e-02
7.695794249052087532e-02
7.693894372817677851e-02
7.691994965609541546e-02
7.690096027311890681e-02
7.688197557808965077e-02
7.686299556985030923e-02
7.684402024724384939e-02
7.682504960911351599e-02
7.680608365430284523e-02
7.678712238165566473e-02
7.676816579001606577e-02
7.674921387822845886e-02
7.673026664513747652e-02
7.671132408958813986e-02
7.669238621042565041e-02
7.667345300649552886e-02
7.665452447664365676e-02
7.663560061971606829e-02
7.661668143455917235e-02
7.659776692001965537e-02
7.657885707494445360e-02
7.655995189818080859e-02
7.654105138857625334e-02
7.652215554497859840e-02
7.650326436623590409e-02
7.648437785119659160e-02
7.646549599870931802e-02
7.644661880762299022e-02
7.642774627678687593e-02
7.640887840505047879e-02
7.639001519126362161e-02
7.637115663427633538e-02
7.635230273293902581e-02
7.633345348610233450e-02
7.631460889261719449e-02
7.629576895133481640e-02
7.627693366110673001e-02
7.625810302078465941e-02
7.623927702922071725e-02
7.622045568526729376e-02
7.620163898777693179e-02
7.618282693560261831e-02
7.616401952759753458e-02
7.614521676261516714e-02
7.612641863950926624e-02
7.610762515713391518e-02
7.608883631434343320e-02
7.607005210999241707e-02
7.605127254293578276e-02
7.603249761202872381e-02
7.601372731612666966e-02
7.599496165408541060e-02
7.597620062476094505e-02
7.595744422700959064e-02
7.593869245968794257e-02
7.591994532165290133e-02
7.590120281176158945e-02
7.588246492887146255e-02
7.586373167184025379e-02
7.584500303952596001e-02
7.582627903078686948e-02
7.580755964448153417e-02
7.578884487946882520e-02
7.577013473460787740e-02
7.575142920875807540e-02
7.573272830077915074e-02
7.571403200953105705e-02
7.569534033387405325e-02
7.567665327266868969e-02
7.565797082477579427e-02
7.563929298905644472e-02
7.562061976437206567e-02
7.560195114958426221e-02
7.558328714355501410e-02
7.556462774514655090e-02
7.554597295322137973e-02
7.552732276664227140e-02
7.550867718427230202e-02
7.549003620497485301e-02
7.547139982761350008e-02
7.545276805105219364e-02
7.543414087415512004e-02
7.541551829578672927e-02
7.539690031481179056e-02
7.537828693009533676e-02
7.535967814050267832e-02
7.534107394489940324e-02
7.532247434215137705e-02
7.530387933112477061e-02
7.528528891068601847e-02
7.526670307970180496e-02
7.524812183703916135e-02
7.522954518156531323e-02
7.521097311214784698e-02
7.519240562765458491e-02
7.517384272695362690e-02
7.515528440891340589e-02
7.513673067240252135e-02
7.511818151628996132e-02
7.509963693944494978e-02
7.508109694073701601e-02
7.506256151903591134e-02
7.504403067321169241e-02
7.502550440213474892e-02
7.500698270467569262e-02
7.498846557970538507e-02
7.496995302609504863e-02
7.495144504271609998e-02
7.493294162844033046e-02
7.491444278213972574e-02
7.489594850268659065e-02
7.487745878895347984e-02
7.485897363981325325e-02
7.484049305413907616e-02
7.482201703080429422e-02
7.480354556868262783e-02
7.478507866664806103e-02
7.476661632357479992e-02
7.474815853833735591e-02
7.472970530981058734e-02
7.471125663686951912e-02
7.469281251838950919e-02
7.467437295324617919e-02
7.465593794031548380e-02
7.463750747847355815e-02
7.461908156659689817e-02
7.460066020356223571e-02
7.458224338824656630e-02
7.456383111952724629e-02
7.454542339628178471e-02
7.452702021738805138e-02
7.450862158172419369e-02
7.449022748816856720e-02
7.447183793559991605e-02
7.445345292289715089e-02
7.443507244893952934e-02
7.441669651260653107e-02
7.439832511277798266e-02
7.437995824833394665e-02
7.436159591815472147e-02
7.434323812112096641e-02
7.432488485611353501e-02
7.430653612201364167e-02
7.428819191770269503e-02
7.426985224206245073e-02
7.425151709397488642e-02
7.423318647232227119e-02
7.421486037598716556e-02
7.419653880385239375e-02
7.417822175480104363e-02
7.415990922771650840e-02
7.414160122148244492e-02
7.412329773498277374e-02
7.410499876710169298e-02
7.408670431672369217e-02
7.406841438273353839e-02
7.405012896401622080e-02
7.403184805945706159e-02
7.401357166794168829e-02
7.399529978835588107e-02
7.397703241958582254e-02
7.395876956051791740e-02
7.394051121003880622e-02
7.392225736703547656e-02
7.390400803039516575e-02
7.388576319900536093e-02
7.386752287175384069e-02
7.384928704752867501e-02
7.383105572521818372e-02
7.381282890371096417e-02
7.379460658189589128e-02
7.377638875866217305e-02
7.375817543289912848e-02
7.373996660349653454e-02
7.372176226934436249e-02
7.370356242933284729e-02
7.368536708235248756e-02
7.366717622729412884e-02
7.364898986304881101e-02
7.363080798850786535e-02
7.361263060256292845e-02
7.359445770410590060e-02
7.357628929202894574e-02
7.355812536522447764e-02
7.353996592258522924e-02
7.352181096300416940e-02
7.350366048537458619e-02
7.348551448858996193e-02
7.346737297154415369e-02
7.344923593313121279e-02
7.343110337224550976e-02
7.341297528778162329e-02
7.339485167863447901e-02
7.337673254369925235e-02
7.335861788187138244e-02
7.334050769204659981e-02
7.332240197312085705e-02
7.330430072399042596e-02
7.328620394355185585e-02
7.326811163070193200e-02
7.325002378433773109e-02
7.323194040335662125e-02
7.321386148665622040e-02
7.319578703313442403e-02
7.317771704168937741e-02
7.315965151121953114e-02
7.314159044062361337e-02
7.312353382880056041e-02
7.310548167464968328e-02
7.308743397707047340e-02
7.306939073496272752e-02
7.305135194722650605e-02
7.303331761276217471e-02
7.301528773047034904e-02
7.299726229925188048e-02
7.297924131800795355e-02
7.296122478563996094e-02
7.294321270104964228e-02
7.292520506313893147e-02
7.290720187081009551e-02
7.288920312296560955e-02
7.287120881850829568e-02
7.285321895634114253e-02
7.283523353536754119e-02
7.281725255449107703e-02
7.279927601261558523e-02
7.278130390864519239e-02
7.276333624148433044e-02
7.274537301003768108e-02
7.272741421321016198e-02
7.270945984990702382e-02
7.269150991903372550e-02
7.267356441949601731e-02
7.265562335019996876e-02
7.263768671005182975e-02
7.261975449795821103e-02
7.260182671282591760e-02
7.258390335356205980e-02
7.256598441907403940e-02
7.254806990826945245e-02
7.253015982005628359e-02
7.251225415334267010e-02
7.249435290703705459e-02
7.247645608004821272e-02
7.245856367128514219e-02
7.244067567965703502e-02
7.242279210407349954e-02
7.240491294344428286e-02
7.238703819667949291e-02
7.236916786268944579e-02
7.235130194038477680e-02
7.233344042867632939e-02
7.231558332647528009e-02
7.229773063269304134e-02
7.227988234624128927e-02
7.226203846603197756e-02
7.224419899097733744e-02
7.222636391998984995e-02
7.220853325198228756e-02
7.219070698586765866e-02
7.217288512055924921e-02
7.215506765497067820e-02
7.213725458801571733e-02
7.211944591860848519e-02
7.210164164566337797e-02
7.208384176809499999e-02
7.206604628481826091e-02
7.204825519474834794e-02
7.203046849680069807e-02
7.201268618989099812e-02
7.199490827293525408e-02
7.197713474484970786e-02
7.195936560455080955e-02
7.194160085095541168e-02
7.192384048298054722e-02
7.190608449954349890e-02
7.188833289956186867e-02
7.187058568195346664e-02
7.185284284563647761e-02
7.183510438952921129e-02
7.181737031255037984e-02
7.179964061361884808e-02
7.178191529165382778e-02
7.176419434557478050e-02
7.174647777430137596e-02
7.172876557675363085e-02
7.171105775185179776e-02
7.169335429851635133e-02
7.167565521566811315e-02
7.165796050222815461e-02
7.164027015711774138e-02
7.162258417925847220e-02
7.160490256757219563e-02
7.158722532098103775e-02
7.156955243840734671e-02
7.155188391877378984e-02
7.153421976100331203e-02
7.151655996401902471e-02
7.149890452674442787e-02
7.148125344810321580e-02
7.146360672701934647e-02
7.144596436241706927e-02
7.142832635322088342e-02
7.141069269835557953e-02
7.139306339674618418e-02
7.137543844731801534e-02
7.135781784899662694e-02
7.134020160070783656e-02
7.132258970137775322e-02
7.130498214993277739e-02
7.128737894529950381e-02
7.126978008640483253e-02
7.125218557217589954e-02
7.123459540154016001e-02
7.121700957342530502e-02
7.119942808675926160e-02
7.118185094047027595e-02
7.116427813348678855e-02
7.114670966473760072e-02
7.112914553315168031e-02
7.111158573765832824e-02
7.109403027718705359e-02
7.107647915066769850e-02
7.105893235703031330e-02
7.104138989520523972e-02
7.102385176412306933e-02
7.100631796271464347e-02
7.098878848991110879e-02
7.097126334464386177e-02
7.095374252584453478e-02
7.093622603244505165e-02
7.091871386337759986e-02
7.090120601757458896e-02
7.088370249396877543e-02
7.086620329149311004e-02
7.084870840908080725e-02
7.083121784566540069e-02
7.081373160018060442e-02
7.079624967156047943e-02
7.077877205873932265e-02
7.076129876065165303e-02
7.074382977623228097e-02
7.072636510441629443e-02
7.070890474413903115e-02
7.069144869433612033e-02
7.067399695394337156e-02
7.065654952189696913e-02
7.063910639713323614e-02
7.062166757858889810e-02
7.060423306520081932e-02
7.058680285590621106e-02
7.056937694964247887e-02
7.055195534534733359e-02
7.053453804195876364e-02
7.051712503841497948e-02
7.049971633365446910e-02
7.048231192661597033e-02
7.046491181623851241e-02
7.044751600146138826e-02
7.043012448122409896e-02
7.041273725446646481e-02
7.039535432012854199e-02
7.037797567715062264e-02
7.036060132447333193e-02
7.034323126103748935e-02
7.032586548578421970e-02
7.030850399765491143e-02
7.029114679559110568e-02
7.027379387853478765e-02
7.025644524542806746e-02
7.023910089521334665e-02
7.022176082683333209e-02
7.020442503923093880e-02
7.018709353134935935e-02
7.016976630213205002e-02
7.015244335052274460e-02
7.013512467546541285e-02
7.011781027590428816e-02
7.010050015078385377e-02
7.008319429904892595e-02
7.006589271964447363e-02
7.004859541151578495e-02
7.003130237360843946e-02
7.001401360486818326e-02
6.999672910424110939e-02
6.997944887067354680e-02
6.996217290311206038e-02
6.994490120050349258e-02
6.992763376179494950e-02
6.991037058593381481e-02
6.989311167186769425e-02
6.987585701854444331e-02
6.985860662491225059e-02
6.984136048991949897e-02
6.982411861251482110e-02
6.980688099164719662e-02
6.978964762626574392e-02
6.977241851531992833e-02
6.975519365775947889e-02
6.973797305253431889e-02
6.972075669859466307e-02
6.970354459489098986e-02
6.968633674037405523e-02
6.966913313399485108e-02
6.965193377470460523e-02
6.963473866145485081e-02
6.961754779319735686e-02
6.960036116888414226e-02
6.958317878746751728e-02
6.956600064790001425e-02
6.954882674913442919e-02
6.953165709012387730e-02
6.951449166982159866e-02
6.949733048718124973e-02
6.948017354115663957e-02
6.946302083070185485e-02
6.944587235477128750e-02
6.942872811231949604e-02
6.941158810230142751e-02
6.939445232367214000e-02
6.937732077538706632e-02
6.936019345640183353e-02
6.934307036567234628e-02
6.932595150215481450e-02
6.930883686480557304e-02
6.929172645258135921e-02
6.927462026443909071e-02
6.925751829933594894e-02
6.924042055622942060e-02
6.922332703407715893e-02
6.920623773183715022e-02
6.918915264846765834e-02
6.917207178292711367e-02
6.915499513417425193e-02
6.913792270116810024e-02
6.912085448286786615e-02
6.910379047823310417e-02
6.908673068622353530e-02
6.906967510579918590e-02
6.905262373592035985e-02
6.903557657554758309e-02
6.901853362364164524e-02
6.900149487916355795e-02
6.898446034107469371e-02
6.896743000833654991e-02
6.895040387991097086e-02
6.893338195476003682e-02
6.891636423184603621e-02
6.889935071013161827e-02
6.888234138857959876e-02
6.886533626615302939e-02
6.884833534181532266e-02
6.883133861453005764e-02
6.881434608326111868e-02
6.879735774697262607e-02
6.878037360462892214e-02
6.876339365519466840e-02
6.874641789763476230e-02
6.872944633091432332e-02
6.871247895399877625e-02
6.869551576585374020e-02
6.867855676544513954e-02
6.866160195173916236e-02
6.864465132370220490e-02
6.862770488030095484e-02
6.861076262050232188e-02
6.859382454327354883e-02
6.857689064758198949e-02
6.855996093239540012e-02
6.854303539668170353e-02
6.852611403940912782e-02
6.850919685954612315e-02
6.849228385606137559e-02
6.847537502792391817e-02
6.845847037410290881e-02
6.844156989356786625e-02
6.842467358528850352e-02
6.840778144823482509e-02
6.839089348137705748e-02
6.837400968368570475e-02
6.835713005413149301e-02
6.834025459168545369e-02
6.832338329531884025e-02
6.830651616400315596e-02
6.828965319671016776e-02
6.827279439241189241e-02
6.825593975008061032e-02
6.823908926868885172e-02
6.822224294720938276e-02
6.820540078461524713e-02
6.818856277987972447e-02
6.817172893197637196e-02
6.815489923987896881e-02
6.813807370256157181e-02
6.812125231899847366e-02
6.810443508816424463e-02
6.808762200903367701e-02
6.807081308058182678e-02
6.805400830178401361e-02
6.803720767161580696e-02
6.802041118905303996e-02
6.800361885307176779e-02
6.798683066264830932e-02
6.797004661675923320e-02
6.795326671438142729e-02
6.793649095449190434e-02
6.791971933606803791e-02
6.790295185808742362e-02
6.788618851952787914e-02
6.786942931936749968e-02
6.785267425658463025e-02
6.783592333015790732e-02
6.781917653906610610e-02
6.780243388228839041e-02
6.778569535880410446e-02
6.776896096759282839e-02
6.775223070763443378e-02
6.773550457790901425e-02
6.771878257739696871e-02
6.770206470507884877e-02
6.768535095993559458e-02
6.766864134094827121e-02
6.765193584709826291e-02
6.763523447736717598e-02
6.761853723073690814e-02
6.760184410618956530e-02
6.758515510270750315e-02
6.756847021927335495e-02
6.755178945487001763e-02
6.753511280848058240e-02
6.751844027908847357e-02
6.750177186567729581e-02
6.748510756723088977e-02
6.746844738273345687e-02
6.745179131116932347e-02
6.743513935152314898e-02
6.741849150277981484e-02
6.740184776392443844e-02
6.738520813394241471e-02
6.736857261181938838e-02
6.735194119654122624e-02
6.733531388709404486e-02
6.731869068246428001e-02
6.730207158163853398e-02
6.728545658360368664e-02
6.726884568734690928e-02
6.725223889185555359e-02
6.723563619611726272e-02
6.721903759911991572e-02
6.720244309985168307e-02
6.718585269730090181e-02
6.716926639045622816e-02
6.715268417830655423e-02
6.713610605984102198e-02
6.711953203404900925e-02
6.710296209992011596e-02
6.708639625644427507e-02
6.706983450261157220e-02
6.705327683741243994e-02
6.703672325983746350e-02
6.702017376887756117e-02
6.700362836352380391e-02
6.698708704276763737e-02
6.697054980560064597e-02
6.695401665101471944e-02
6.693748757800198346e-02
6.692096258555481347e-02
6.690444167266583475e-02
6.688792483832790847e-02
6.687141208153415950e-02
6.685490340127796249e-02
6.683839879655291416e-02
6.682189826635290264e-02
6.680540180967201036e-02
6.678890942550463894e-02
6.677242111284541204e-02
6.675593687068911986e-02
6.673945669803089953e-02
6.672298059386613800e-02
6.670650855719041650e-02
6.669004058699956605e-02
6.667357668228969525e-02
6.665711684205717635e-02
6.664066106529857592e-02
6.662420935101073804e-02
6.660776169819078441e-02
6.659131810583600319e-02
6.657487857294401568e-02
6.655844309851263740e-02
6.654201168153993373e-02
6.652558432102426145e-02
6.650916101596418550e-02
6.649274176535853453e-02
6.647632656820635921e-02
6.645991542350698777e-02
6.644350833025997050e-02
6.642710528746513521e-02
6.641070629412253179e-02
6.639431134923244604e-02
6.637792045179545519e-02
6.636153360081233077e-02
6.634515079528414960e-02
6.632877203421218282e-02
6.631239731659793746e-02
6.629602664144326751e-02
6.627966000775015187e-02
6.626329741452084698e-02
6.624693886075794236e-02
6.623058434546415241e-02
6.621423386764249686e-02
6.619788742629627298e-02
6.618154502042897236e-02
6.616520664904432247e-02
6.614887231114632837e-02
6.613254200573925878e-02
6.611621573182761835e-02
6.609989348841609214e-02
6.608357527450968438e-02
6.606726108911363526e-02
6.605095093123340699e-02
6.603464479987472546e-02
6.601834269404353861e-02
6.600204461274609968e-02
6.598575055498880071e-02
6.596946051977840841e-02
6.595317450612181442e-02
6.593689251302622956e-02
6.592061453949910055e-02
6.590434058454808230e-02
6.588807064718113504e-02
6.587180472640641327e-02
6.585554282123232128e-02
6.583928493066751320e-02
6.582303105372094842e-02
6.580678118940171129e-02
6.579053533671924692e-02
6.577429349468315312e-02
6.575805566230331911e-02
6.574182183858992556e-02
6.572559202255327804e-02
6.570936621320402904e-02
6.569314440955301149e-02
6.567692661061139137e-02
6.566071281539045956e-02
6.564450302290181227e-02
6.562829723215730937e-02
6.561209544216903278e-02
6.559589765194930033e-02
6.557970386051066580e-02
6.556351406686596051e-02
6.554732827002825168e-02
6.553114646901081475e-02
6.551496866282723042e-02
6.549879485049121819e-02
6.548262503101683063e-02
6.546645920341842562e-02
6.545029736671041654e-02
6.543413951990760535e-02
6.541798566202501608e-02
6.540183579207783926e-02
6.538568990908162626e-02
6.536954801205209498e-02
6.535341010000518536e-02
6.533727617195715653e-02
6.532114622692446193e-02
6.530502026392379089e-02
6.528889828197212419e-02
6.527278028008660915e-02
6.525666625728471226e-02
6.524055621258406656e-02
6.522445014500265204e-02
6.520834805355858743e-02
6.519224993727029682e-02
6.517615579515639856e-02
6.516006562623577469e-02
6.514397942952762643e-02
6.512789720405123828e-02
6.511181894882626942e-02
6.509574466287257333e-02
6.507967434521023942e-02
6.506360799485962076e-02
6.504754561084129250e-02
6.503148719217606566e-02
6.501543273788500110e-02
6.499938224698943723e-02
6.498333571851089285e-02
6.496729315147117823e-02
6.495125454489231176e-02
6.493521989779657555e-02
6.491918920920648761e-02
6.490316247814478801e-02
6.488713970363446659e-02
6.487112088469879079e-02
6.485510602036122230e-02
6.483909510964551426e-02
6.482308815157557247e-02
6.480708514517560803e-02
6.479108608947010961e-02
6.477509098348373240e-02
6.475909982624136751e-02
6.474311261676826690e-02
6.472712935408976576e-02
6.471115003723153236e-02
6.469517466521942928e-02
6.467920323707962438e-02
6.466323575183847983e-02
6.464727220852259371e-02
6.463131260615880003e-02
6.461535694377421035e-02
6.459940522039614441e-02
6.458345743505215786e-02
6.456751358677011166e-02
6.455157367457800555e-02
6.453563769750411683e-02
6.451970565457702811e-02
6.450377754482547465e-02
6.448785336727848316e-02
6.447193312096528850e-02
6.445601680491537533e-02
6.444010441815847812e-02
6.442419595972458113e-02
6.440829142864384904e-02
6.439239082394677960e-02
6.437649414466402320e-02
6.436060138982650780e-02
6.434471255846541116e-02
6.432882764961214694e-02
6.431294666229833701e-02
6.429706959555583912e-02
6.428119644841683022e-02
6.426532721991363994e-02
6.424946190907886157e-02
6.423360051494533818e-02
6.421774303654614879e-02
6.420188947291460835e-02
6.418603982308428157e-02
6.417019408608892750e-02
6.415435226096261045e-02
6.413851434673956131e-02
6.412268034245434400e-02
6.410685024714166125e-02
6.409102405983649331e-02
6.407520177957411189e-02
6.405938340538991360e-02
6.404356893631962810e-02
6.402775837139922099e-02
6.401195170966479664e-02
6.399614895015283411e-02
6.398035009189995126e-02
6.396455513394302961e-02
6.394876407531922824e-02
6.393297691506587277e-02
6.391719365222059412e-02
6.390141428582120364e-02
6.388563881490580409e-02
6.386986723851269254e-02
6.385409955568042972e-02
6.383833576544782618e-02
6.382257586685384509e-02
6.380681985893781050e-02
6.379106774073922681e-02
6.377531951129775112e-02
6.375957516965344296e-02
6.374383471484650066e-02
6.372809814591730293e-02
6.371236546190663097e-02
6.369663666185534923e-02
6.368091174480464134e-02
6.366519070979588524e-02
6.364947355587070865e-02
6.363376028207101687e-02
6.361805088743890946e-02
6.360234537101666641e-02
6.358664373184692853e-02
6.357094596897250316e-02
6.355525208143641969e-02
6.353956206828199893e-02
6.352387592855272824e-02
6.350819366129237253e-02
6.349251526554494651e-02
6.347684074035468693e-02
6.346117008476602483e-02
6.344550329782371045e-02
6.342984037857263280e-02
6.341418132605801394e-02
6.339852613932522862e-02
6.338287481741994300e-02
6.336722735938805917e-02
6.335158376427564575e-02
6.333594403112907667e-02
6.332030815899497567e-02
6.330467614692011913e-02
6.328904799395157488e-02
6.327342369913666054e-02
6.325780326152288802e-02
6.324218668015803291e-02
6.322657395409006509e-02
6.321096508236728750e-02
6.319536006403808637e-02
6.317975889815122259e-02
6.316416158375562362e-02
6.314856811990045282e-02
6.313297850563513725e-02
6.311739274000929822e-02
6.310181082207283465e-02
6.308623275087583970e-02
6.307065852546867024e-02
6.305508814490193292e-02
6.303952160822641482e-02
6.302395891449316667e-02
6.300840006275350291e-02
6.299284505205889062e-02
6.297729388146114382e-02
6.296174655001220144e-02
6.294620305676429384e-02
6.293066340076991505e-02
6.291512758108171177e-02
6.289959559675262213e-02
6.288406744683580629e-02
6.286854313038466036e-02
6.285302264645278858e-02
6.283750599409405890e-02
6.282199317236256131e-02
6.280648418031263558e-02
6.279097901699882966e-02
6.277547768147592744e-02
6.275998017279896257e-02
6.274448649002321854e-02
6.272899663220411759e-02
6.271351059839747055e-02
6.269802838765919928e-02
6.268254999904546154e-02
6.266707543161273430e-02
6.265160468441764718e-02
6.263613775651709348e-02
6.262067464696821628e-02
6.260521535482832522e-02
6.258975987915506300e-02
6.257430821900619722e-02
6.255886037343981465e-02
6.254341634151422413e-02
6.252797612228788715e-02
6.251253971481961214e-02
6.249710711816833936e-02
6.248167833139329358e-02
6.246625335355393549e-02
6.245083218370994782e-02
6.243541482092123535e-02
6.242000126424793877e-02
6.240459151275042776e-02
6.238918556548934957e-02
6.237378342152549021e-02
6.235838507991996876e-02
6.234299053973405697e-02
6.232759980002930411e-02
6.231221285986748154e-02
6.229682971831058264e-02
6.228145037442082976e-02
6.226607482726070203e-02
6.225070307589287283e-02
6.223533511938030699e-02
6.221997095678610812e-02
6.220461058717370595e-02
6.218925400960670369e-02
6.217390122314894046e-02
6.215855222686450521e-02
6.214320701981772971e-02
6.212786560107314698e-02
6.211252796969549128e-02
6.209719412474982297e-02
6.208186406530135509e-02
6.206653779041555047e-02
6.205121529915812173e-02
6.203589659059496886e-02
6.202058166379228327e-02
6.200527051781645066e-02
6.198996315173405797e-02
6.197465956461199743e-02
6.195935975551730007e-02
6.194406372351730916e-02
6.192877146767959001e-02
6.191348298707186754e-02
6.189819828076215807e-02
6.188291734781870002e-02
6.186764018730994685e-02
6.185236679830460188e-02
6.183709717987157656e-02
6.182183133108003215e-02
6.180656925099932419e-02
6.179131093869907193e-02
6.177605639324916520e-02
6.176080561371959793e-02
6.174555859918072487e-02
6.173031534870304649e-02
6.171507586135732693e-02
6.169984013621458013e-02
6.168460817234598659e-02
6.166937996882300432e-02
6.165415552471732036e-02
6.163893483910082294e-02
6.162371791104567093e-02
6.160850473962420359e-02
6.159329532390901002e-02
6.157808966297294295e-02
6.156288775588900780e-02
6.154768960173053610e-02
6.153249519957099817e-02
6.151730454848413493e-02
6.150211764754392324e-02
6.148693449582455506e-02
6.147175509240043051e-02
6.145657943634622034e-02
6.144140752673682426e-02
6.142623936264730855e-02
6.141107494315301701e-02
6.139591426732955715e-02
6.138075733425266134e-02
6.136560414299839505e-02
6.135045469264298335e-02
6.133530898226289413e-02
6.132016701093487288e-02
6.130502877773580384e-02
6.128989428174289739e-02
6.127476352203348187e-02
6.125963649768521868e-02
6.124451320777596353e-02
6.122939365138373169e-02
6.121427782758686459e-02
6.119916573546389099e-02
6.118405737409353395e-02
6.116895274255481491e-02
6.115385183992690099e-02
6.113875466528926467e-02
6.112366121772153799e-02
6.110857149630363749e-02
6.109348550011568790e-02
6.107840322823798046e-02
6.106332467975116030e-02
6.104824985373596968e-02
6.103317874927346315e-02
6.101811136544488257e-02
6.100304770133171267e-02
6.098798775601566718e-02
6.097293152857864718e-02
6.095787901810284515e-02
6.094283022367064789e-02
6.092778514436465731e-02
6.091274377926769734e-02
6.089770612746285561e-02
6.088267218803342096e-02
6.086764196006291122e-02
6.085261544263505934e-02
6.083759263483385499e-02
6.082257353574347519e-02
6.080755814444836760e-02
6.079254646003315332e-02
6.077753848158272409e-02
6.076253420818220063e-02
6.074753363891684937e-02
6.073253677287229063e-02
6.071754360913426962e-02
6.070255414678877443e-02
6.068756838492207067e-02
6.067258632262060442e-02
6.065760795897102986e-02
6.064263329306027878e-02
6.062766232397548416e-02
6.061269505080400105e-02
6.059773147263340654e-02
6.058277158855147893e-02
6.056781539764631572e-02
6.055286289900613239e-02
6.053791409171940113e-02
6.052296897487487171e-02
6.050802754756144652e-02
6.049308980886829168e-02
6.047815575788478143e-02
6.046322539370054677e-02
6.044829871540539218e-02
6.043337572208938580e-02
6.041845641284283169e-02
6.040354078675620048e-02
6.038862884292024724e-02
6.037372058042590056e-02
6.035881599836436656e-02
6.034391509582705260e-02
6.032901787190556031e-02
6.031412432569176890e-02
6.029923445627773798e-02
6.028434826275577002e-02
6.026946574421840341e-02
6.025458689975837084e-02
6.023971172846865479e-02
6.022484022944246673e-02
6.020997240177318466e-02
6.019510824455449188e-02
6.018024775688025907e-02
6.016539093784454423e-02
6.015053778654168987e-02
6.013568830206623278e-02
6.012084248351293181e-02
6.010600032997676784e-02
6.009116184055297155e-02
6.007632701433693323e-02
6.006149585042435540e-02
6.004666834791110019e-02
6.003184450589327259e-02
6.001702432346719268e-02
6.000220779972940954e-02
5.998739493377670123e-02
5.997258572470606786e-02
5.995778017161469686e-02
5.994297827360008102e-02
5.992818002975983799e-02
5.991338543919186993e-02
5.989859450099430105e-02
5.988380721426544984e-02
5.986902357810387071e-02
5.985424359160834706e-02
5.983946725387786353e-02
5.982469456401164759e-02
5.980992552110916266e-02
5.979516012427005950e-02
5.978039837259421091e-02
5.976564026518176032e-02
5.975088580113303849e-02
5.973613497954855661e-02
5.972138779952915200e-02
5.970664426017577991e-02
5.969190436058968013e-02
5.967716809987230059e-02
5.966243547712529738e-02
5.964770649145056947e-02
5.963298114195021010e-02
5.961825942772654846e-02
5.960354134788214964e-02
5.958882690151977995e-02
5.957411608774242084e-02
5.955940890565333129e-02
5.954470535435590212e-02
5.953000543295382252e-02
5.951530914055095517e-02
5.950061647625141253e-02
5.948592743915950831e-02
5.947124202837979212e-02
5.945656024301702869e-02
5.944188208217620478e-02
5.942720754496253616e-02
5.941253663048142591e-02
5.939786933783853390e-02
5.938320566613974893e-02
5.936854561449112638e-02
5.935388918199901997e-02
5.933923636776992916e-02
5.932458717091060318e-02
5.930994159052804804e-02
5.929529962572942237e-02
5.928066127562215543e-02
5.926602653931387077e-02
5.925139541591242093e-02
5.923676790452591517e-02
5.922214400426260850e-02
5.920752371423101956e-02
5.919290703353990990e-02
5.917829396129820757e-02
5.916368449661509737e-02
5.914907863859997922e-02
5.913447638636246118e-02
5.911987773901236642e-02
5.910528269565976794e-02
5.909069125541494688e-02
5.907610341738836479e-02
5.906151918069076773e-02
5.904693854443306134e-02
5.903236150772641494e-02
5.901778806968219909e-02
5.900321822941198557e-02
5.898865198602762372e-02
5.897408933864109470e-02
5.895953028636468501e-02
5.894497482831085461e-02
5.893042296359227161e-02
5.891587469132186089e-02
5.890133001061274853e-02
5.888678892057826880e-02
5.887225142033198494e-02
5.885771750898768917e-02
5.884318718565937495e-02
5.882866044946125084e-02
5.881413729950777519e-02
5.879961773491359373e-02
5.878510175479357419e-02
5.877058935826284108e-02
5.875608054443665074e-02
5.874157531243057867e-02
5.872707366136038082e-02
5.871257559034197965e-02
5.869808109849161681e-02
5.868359018492563112e-02
5.866910284876069442e-02
5.865461908911364514e-02
5.864013890510151594e-02
5.862566229584158933e-02
5.861118926045136290e-02
5.859671979804853548e-02
5.858225390775108343e-02
5.856779158867709417e-02
5.855333283994496735e-02
5.853887766067328302e-02
5.852442604998081555e-02
5.850997800698661683e-02
5.849553353080991225e-02
5.848109262057013535e-02
5.846665527538696255e-02
5.845222149438030618e-02
5.843779127667025897e-02
5.842336462137710795e-02
5.840894152762144548e-02
5.839452199452400960e-02
5.838010602120573267e-02
5.836569360678786622e-02
5.835128475039178669e-02
5.833687945113912032e-02
5.832247770815169458e-02
5.830807952055160059e-02
5.829368488746109606e-02
5.827929380800265374e-02
5.826490628129901012e-02
5.825052230647307511e-02
