2.377851933692816944e-01
2.310481009627178839e-01
2.220741033055225466e-01
2.114173461584136215e-01
1.997205129459735384e-01
1.876579336867814918e-01
1.758790005842841286e-01
1.649578185620433624e-01
1.553538995223633923e-01
1.473870566515561864e-01
1.412277375409605740e-01
1.369021388486906243e-01
1.343098281173648878e-01
1.332504505279115403e-01
1.334555201425412230e-01
1.346212915587888526e-01
1.364391996986928646e-01
1.386212030932370831e-01
1.409183998500820323e-01
1.431323366299379618e-01
1.451193570637915042e-01
1.467890384297425299e-01
1.480981960040161083e-01
1.490420933257359803e-01
1.496444219962091982e-01
1.499473692860438523e-01
1.500027480269518210e-01
1.498647898413958124e-01
1.495848556439388910e-01
1.492080344704183048e-01
1.487714020170554374e-01
1.483035961108518930e-01
1.478253269491820732e-01
1.473504599416163297e-01
1.468873630277004183e-01
1.464402869353217951e-01
1.460106228393118488e-01
1.455979514639425820e-01
1.452008525971728858e-01
1.448174827177367008e-01
1.444459518103715923e-01
1.440845411335475446e-01
1.437318051341199276e-01
1.433865962777626235e-01
1.430480441775670852e-01
1.427155122169710411e-01
1.423885472788110340e-01
1.420668319524390488e-01
1.417501439405852437e-01
1.414383242462735890e-01
1.411312538314336562e-01
1.408288374848350732e-01
1.405309933117296628e-01
1.402376463070887369e-01
1.399487247102937093e-01
1.396641581364758689e-01
1.393838767652634814e-01
1.391078111062697964e-01
1.388358920417342712e-01
1.385680509737687582e-01
1.383042199865181787e-01
1.380443319836189286e-01
1.377883207890032990e-01
1.375361212125856825e-01
1.372876690876081440e-01
1.370429012873511099e-01
1.368017557279206098e-01
1.365641713622328113e-01
1.363300881687757871e-01
1.360994471374873394e-01
1.358721902541887017e-01
1.356482604844125028e-01
1.354276017570878177e-01
1.352101589483183097e-01
1.349958778653681524e-01
1.347847052309013860e-01
1.345765886674907819e-01
1.343714766823959073e-01
1.341693186526060344e-01
1.339700648101412594e-01
1.337736662276055311e-01
1.335800748039860930e-01
1.333892432506942061e-01
1.332011250778417921e-01
1.330156745807508367e-01
1.328328468266906370e-01
1.326525976418390096e-01
1.324748835984638495e-01
1.322996620023213221e-01
1.321268908802669118e-01
1.319565289680753872e-01
1.317885356984669076e-01
1.316228711893353831e-01
1.314594962321752603e-01
1.312983722807040676e-01
1.311394614396771685e-01
1.309827264538914182e-01
1.308281306973743396e-01
1.306756381627562358e-01
1.305252134508214368e-01
1.303768217602365165e-01
1.302304288774514540e-01
1.300860011667717975e-01
1.299435055605983602e-01
1.298029095498317020e-01
1.296641811744387307e-01
1.295272890141787869e-01
1.293922021794861876e-01
1.292588903025068403e-01
1.291273235282861531e-01
1.289974725061060201e-01
1.288693083809678841e-01
1.287428027852197954e-01
1.286179278303248574e-01
1.284946560987687003e-01
1.283729606361035946e-01
1.282528149431271525e-01
1.281341929681927283e-01
1.280170690996502991e-01
1.279014181584142706e-01
1.277872153906575992e-01
1.276744364606286486e-01
1.275630574435898668e-01
1.274530548188754497e-01
1.273444054630662459e-01
1.272370866432803449e-01
1.271310760105762716e-01
1.270263515934683396e-01
1.269228917915510568e-01
1.268206753692315003e-01
1.267196814495673007e-01
1.266198895082088494e-01
1.265212793674439784e-01
1.264238311903428114e-01
1.263275254750019783e-01
1.262323430488856424e-01
1.261382650632625058e-01
1.260452729877364342e-01
1.259533486048696749e-01
1.258624740048966684e-01
1.257726315805275108e-01
1.256838040218388464e-01
1.255959743112511906e-01
1.255091257185911302e-01
1.254232417962368451e-01
1.253383063743455650e-01
1.252543035561619889e-01
1.251712177134054471e-01
1.250890334817352234e-01
1.250077357562926483e-01
1.249273096873180916e-01
1.248477406758424779e-01
1.247690143694508980e-01
1.246911166581185365e-01
1.246140336701164614e-01
1.245377517679865514e-01
1.244622575445847035e-01
1.243875378191906383e-01
1.243135796336834881e-01
1.242403702487819145e-01
1.241678971403478160e-01
1.240961479957526092e-01
1.240251107103044759e-01
1.239547733837362414e-01
1.238851243167527483e-01
1.238161520076360017e-01
1.237478451489083531e-01
1.236801926240512634e-01
1.236131835042802718e-01
1.235468070453739214e-01
1.234810526845562945e-01
1.234159100374324219e-01
1.233513688949753884e-01
1.232874192205640762e-01
1.232240511470713146e-01
1.231612549740009888e-01
1.230990211646734306e-01
1.230373403434587565e-01
1.229762032930563354e-01
1.229156009518207748e-01
1.228555244111325662e-01
1.227959649128137209e-01
1.227369138465864290e-01
1.226783627475751259e-01
1.226203032938505688e-01
1.225627273040152398e-01
1.225056267348298977e-01
1.224489936788799166e-01
1.223928203622811073e-01
1.223370991424243548e-01
1.222818225057583780e-01
1.222269830656097234e-01
1.221725735600398682e-01
1.221185868497383503e-01
1.220650159159514664e-01
1.220118538584460816e-01
1.219590938935077029e-01
1.219067293519724426e-01
1.218547536772922046e-01
1.218031604236324700e-01
1.217519432540025009e-01
1.217010959384166036e-01
1.216506123520870453e-01
1.216004864736470181e-01
1.215507123834038833e-01
1.215012842616218919e-01
1.214521963868337578e-01
1.214034431341809162e-01
1.213550189737817309e-01
1.213069184691273200e-01
1.212591362755044561e-01
1.212116671384449451e-01
1.211645058922016099e-01
1.211176474582494472e-01
1.210710868438127086e-01
1.210248191404162399e-01
1.209788395224618701e-01
1.209331432458284200e-01
1.208877256464956085e-01
1.208425821391910099e-01
1.207977082160600624e-01
1.207530994453583917e-01
1.207087514701662978e-01
1.206646600071249048e-01
1.206208208451936825e-01
1.205772298444290208e-01
1.205338829347832874e-01
1.204907761149242446e-01
1.204479054510745467e-01
1.204052670758705285e-01
1.203628571872405462e-01
1.203206720473022351e-01
1.202787079812781268e-01
1.202369613764299461e-01
1.201954286810106715e-01
1.201541064032344147e-01
1.201129911102635783e-01
1.200720794272132214e-01
1.200313680361722452e-01
1.199908536752410937e-01
1.199505331375855799e-01
1.199104032705069350e-01
1.198704609745273597e-01
1.198307032024911317e-01
1.197911269586808963e-01
1.197517292979487363e-01
1.197125073248621885e-01
1.196734581928643737e-01
1.196345791034486156e-01
1.195958673053467425e-01
1.195573200937311842e-01
1.195189348094307519e-01
1.194807088381592969e-01
1.194426396097576226e-01
1.194047245974482613e-01
1.193669613171026017e-01
1.193293473265206323e-01
1.192918802247227433e-01
1.192545576512534095e-01
1.192173772854968339e-01
1.191803368460039730e-01
1.191434340898309824e-01
1.191066668118889449e-01
1.190700328443043826e-01
1.190335300557907039e-01
1.189971563510302532e-01
1.189609096700668250e-01
1.189247879877082248e-01
1.188887893129393358e-01
1.188529116883446923e-01
1.188171531895409749e-01
1.187815119246191653e-01
1.187459860335959988e-01
1.187105736878747153e-01
1.186752730897149138e-01
1.186400824717115110e-01
1.186050000962821371e-01
1.185700242551636086e-01
1.185351532689166987e-01
1.185003854864391665e-01
1.184657192844873197e-01
1.184311530672052526e-01
1.183966852656625074e-01
1.183623143373990633e-01
1.183280387659784300e-01
1.182938570605479855e-01
1.182597677554068638e-01
1.182257694095812522e-01
1.181918606064065458e-01
1.181580399531169528e-01
1.181243060804416933e-01
1.180906576422083021e-01
1.180570933149523161e-01
1.180236117975339005e-01
1.179902118107606784e-01
1.179568920970170548e-01
1.179236514198997582e-01
1.178904885638597105e-01
1.178574023338495036e-01
1.178243915549773840e-01
1.177914550721667480e-01
1.177585917498213675e-01
1.177258004714964723e-01
1.176930801395752180e-01
1.176604296749507589e-01
1.176278480167134433e-01
1.175953341218436699e-01
1.175628869649095604e-01
1.175305055377699887e-01
1.174981888492824950e-01
1.174659359250161544e-01
1.174337458069694279e-01
1.174016175532925366e-01
1.173695502380147082e-01
1.173375429507759887e-01
1.173055947965636198e-01
1.172737048954526490e-01
1.172418723823513559e-01
1.172100964067504941e-01
1.171783761223353926e-01
1.171467107273280184e-01
1.171150994033461901e-01
1.170835413557891752e-01
1.170520358034482233e-01
1.170205819782802609e-01
1.169891791251857494e-01
1.169578265017898050e-01
1.169265233782274954e-01
1.168952690369324393e-01
1.168640627724290698e-01
1.168329038911284784e-01
1.168017917111276727e-01
1.167707255620120954e-01
1.167397047846616687e-01
1.167087287310600296e-01
1.166777967641069169e-01
1.166469082574338872e-01
1.166160625952230162e-01
1.165852591720287074e-01
1.165544973926024713e-01
1.165237766717207996e-01
1.164930964340156888e-01
1.164624561138083297e-01
1.164318551549453351e-01
1.164012930106379934e-01
1.163707691433039648e-01
1.163402830244118780e-01
1.163098341343283826e-01
1.162794219621680059e-01
1.162490460056452429e-01
1.162187057709293536e-01
1.161884007725016571e-01
1.161581305330149916e-01
1.161278945831558246e-01
1.160976924615085143e-01
1.160675237144219163e-01
1.160373878958782662e-01
1.160072845673641856e-01
1.159772132977440612e-01
1.159471736631353112e-01
1.159171652467859692e-01
1.158871876389542255e-01
1.158572404367900072e-01
1.158273232442185718e-01
1.157974356718261544e-01
1.157675773367473765e-01
1.157377478625546963e-01
1.157079468791496896e-01
1.156781740226560523e-01
1.156484289353146705e-01
1.156187112653801752e-01
1.155890206670194542e-01
1.155593568002117461e-01
1.155297193306505099e-01
1.155001079296468641e-01
1.154705222740347731e-01
1.154409620460777608e-01
1.154114269333771370e-01
1.153819166287819165e-01
1.153524308303001816e-01
1.153229692410119717e-01
1.152935315689835316e-01
1.152641175271831853e-01
1.152347268333984848e-01
1.152053592101549284e-01
1.151760143846357748e-01
1.151466920886034945e-01
1.151173920583224292e-01
1.150881140344826858e-01
1.150588577621254882e-01
1.150296229905695827e-01
1.150004094733391019e-01
1.149712169680924684e-01
1.149420452365525758e-01
1.149128940444382324e-01
1.148837631613965071e-01
1.148546523609365461e-01
1.148255614203642777e-01
1.147964901207182697e-01
1.147674382467067794e-01
1.147384055866456504e-01
1.147093919323974726e-01
1.146803970793116717e-01
1.146514208261655843e-01
1.146224629751066565e-01
1.145935233315953650e-01
1.145646017043494697e-01
1.145356979052888080e-01
1.145068117494813381e-01
1.144779430550899590e-01
1.144490916433201916e-01
1.144202573383688998e-01
1.143914399673735816e-01
1.143626393603629221e-01
1.143338553502078470e-01
1.143050877725734910e-01
1.142763364658721387e-01
1.142476012712166783e-01
1.142188820323751519e-01
1.141901785957257914e-01
1.141614908102129705e-01
1.141328185273039059e-01
1.141041616009459969e-01
1.140755198875249843e-01
1.140468932458237605e-01
1.140182815369818747e-01
1.139896846244557310e-01
1.139611023739795226e-01
1.139325346535266653e-01
1.139039813332720502e-01
1.138754422855548509e-01
1.138469173848419835e-01
1.138184065076921769e-01
1.137899095327206123e-01
1.137614263405642145e-01
1.137329568138475827e-01
1.137045008371492805e-01
1.136760582969689598e-01
1.136476290816948453e-01
1.136192130815719403e-01
1.135908101886705240e-01
1.135624202968554403e-01
1.135340433017558159e-01
1.135056791007351268e-01
1.134773275928620678e-01
1.134489886788816737e-01
1.134206622611869941e-01
1.133923482437913521e-01
1.133640465323008939e-01
1.133357570338877213e-01
1.133074796572634962e-01
1.132792143126533785e-01
1.132509609117704763e-01
1.132227193677907834e-01
1.131944895953283653e-01
1.131662715104111844e-01
1.131380650304572438e-01
1.131098700742509400e-01
1.130816865619201639e-01
1.130535144149135834e-01
1.130253535559782724e-01
1.129972039091378527e-01
1.129690653996709288e-01
1.129409379540898400e-01
1.129128215001199420e-01
1.128847159666789973e-01
1.128566212838571919e-01
1.128285373828970678e-01
1.128004641961745103e-01
1.127724016571791249e-01
1.127443497004957662e-01
1.127163082617859136e-01
1.126882772777695746e-01
1.126602566862072163e-01
1.126322464258825151e-01
1.126042464365847456e-01
1.125762566590920444e-01
1.125482770351546730e-01
1.125203075074784481e-01
1.124923480197088099e-01
1.124643985164148624e-01
1.124364589430737194e-01
1.124085292460553498e-01
1.123806093726073263e-01
1.123526992708401145e-01
1.123247988897124183e-01
1.122969081790170104e-01
1.122690270893664660e-01
1.122411555721794518e-01
1.122132935796670283e-01
1.121854410648194106e-01
1.121575979813926593e-01
1.121297642838958164e-01
1.121019399275782341e-01
1.120741248684169883e-01
1.120463190631046935e-01
1.120185224690373738e-01
1.119907350443025140e-01
1.119629567476675552e-01
1.119351875385682926e-01
1.119074273770975930e-01
1.118796762239943898e-01
1.118519340406326917e-01
1.118242007890108969e-01
1.117964764317412735e-01
1.117687609320395514e-01
1.117410542537147639e-01
1.117133563611592273e-01
1.116856672193387301e-01
1.116579867937827764e-01
1.116303150505751768e-01
1.116026519563445840e-01
1.115749974782553472e-01
1.115473515839984914e-01
1.115197142417827941e-01
1.114920854203260980e-01
1.114644650888466093e-01
1.114368532170545850e-01
1.114092497751439648e-01
1.113816547337841689e-01
1.113540680641121605e-01
1.113264897377245211e-01
1.112989197266696234e-01
1.112713580034401378e-01
1.112438045409654408e-01
1.112162593126042598e-01
1.111887222921374707e-01
1.111611934537608815e-01
1.111336727720783624e-01
1.111061602220948796e-01
1.110786557792096813e-01
1.110511594192097884e-01
1.110236711182632785e-01
1.109961908529129987e-01
1.109687186000701958e-01
1.109412543370082299e-01
1.109137980413565927e-01
1.108863496910948016e-01
1.108589092645465290e-01
1.108314767403737883e-01
1.108040520975712429e-01
1.107766353154605865e-01
1.107492263736849919e-01
1.107218252522037677e-01
1.106944319312869462e-01
1.106670463915100655e-01
1.106396686137490204e-01
1.106122985791750113e-01
1.105849362692495758e-01
1.105575816657196064e-01
1.105302347506126465e-01
1.105028955062320739e-01
1.104755639151525359e-01
1.104482399602152304e-01
1.104209236245235759e-01
1.103936148914386739e-01
1.103663137445750481e-01
1.103390201677962729e-01
1.103117341452108657e-01
1.102844556611681098e-01
1.102571847002539740e-01
1.102299212472871714e-01
1.102026652873152185e-01
1.101754168056105904e-01
1.101481757876668632e-01
1.101209422191950643e-01
1.100937160861199249e-01
1.100664973745764386e-01
1.100392860709060866e-01
1.100120821616535904e-01
1.099848856335632202e-01
1.099576964735757417e-01
1.099305146688248219e-01
1.099033402066339621e-01
1.098761730745132642e-01
1.098490132601561420e-01
1.098218607514365175e-01
1.097947155364054489e-01
1.097675776032883826e-01
1.097404469404821559e-01
1.097133235365520265e-01
1.096862073802289395e-01
1.096590984604067232e-01
1.096319967661392586e-01
1.096049022866378425e-01
1.095778150112685922e-01
1.095507349295497396e-01
1.095236620311490633e-01
1.094965963058815023e-01
1.094695377437065326e-01
1.094424863347257942e-01
1.094154420691807184e-01
1.093884049374500983e-01
1.093613749300478694e-01
1.093343520376207634e-01
1.093073362509461161e-01
1.092803275609295771e-01
1.092533259586031535e-01
1.092263314351228087e-01
1.091993439817666167e-01
1.091723635899325695e-01
1.091453902511365509e-01
1.091184239570104908e-01
1.090914646993002279e-01
1.090645124698637336e-01
1.090375672606691548e-01
1.090106290637929687e-01
1.089836978714181920e-01
1.089567736758325356e-01
1.089298564694266974e-01
1.089029462446925722e-01
1.088760429942216279e-01
1.088491467107031430e-01
1.088222573869226384e-01
1.087953750157601568e-01
1.087684995901888330e-01
1.087416311032731314e-01
1.087147695481675003e-01
1.086879149181147197e-01
1.086610672064444588e-01
1.086342264065718738e-01
1.086073925119960815e-01
1.085805655162987576e-01
1.085537454131428742e-01
1.085269321962711447e-01
1.085001258595048035e-01
1.084733263967422590e-01
1.084465338019578312e-01
1.084197480692003918e-01
1.083929691925921701e-01
1.083661971663275464e-01
1.083394319846717607e-01
1.083126736419598030e-01
1.082859221325952054e-01
1.082591774510488353e-01
1.082324395918578958e-01
1.082057085496247323e-01
1.081789843190156530e-01
1.081522668947600546e-01
1.081255562716492147e-01
1.080988524445352927e-01
1.080721554083303032e-01
1.080454651580051162e-01
1.080187816885884861e-01
1.079921049951660661e-01
1.079654350728794232e-01
1.079387719169252052e-01
1.079121155225540168e-01
1.078854658850697673e-01
1.078588229998285880e-01
1.078321868622380414e-01
1.078055574677562051e-01
1.077789348118908808e-01
1.077523188901987478e-01
1.077257096982845025e-01
1.076991072318001091e-01
1.076725114864440086e-01
1.076459224579602442e-01
1.076193401421378509e-01
1.075927645348099260e-01
1.075661956318530871e-01
1.075396334291866124e-01
1.075130779227716771e-01
1.074865291086108537e-01
1.074599869827472104e-01
1.074334515412637830e-01
1.074069227802827847e-01
1.073804006959650781e-01
1.073538852845093983e-01
1.073273765421518117e-01
1.073008744651650775e-01
1.072743790498580235e-01
1.072478902925748934e-01
1.072214081896948334e-01
1.071949327376313515e-01
1.071684639328314981e-01
1.071420017717756717e-01
1.071155462509767453e-01
1.070890973669796908e-01
1.070626551163609969e-01
1.070362194957281410e-01
1.070097905017191181e-01
1.069833681310018159e-01
1.069569523802736677e-01
1.069305432462610422e-01
1.069041407257188547e-01
1.068777448154300119e-01
1.068513555122049263e-01
1.068249728128812109e-01
1.067985967143230408e-01
1.067722272134208200e-01
1.067458643070907515e-01
1.067195079922743373e-01
1.066931582659379901e-01
1.066668151250726587e-01
1.066404785666933419e-01
1.066141485878387973e-01
1.065878251855710140e-01
1.065615083569749488e-01
1.065351980991580683e-01
1.065088944092499879e-01
1.064825972844021529e-01
1.064563067217873665e-01
1.064300227185996234e-01
1.064037452720535404e-01
1.063774743793841487e-01
1.063512100378465469e-01
1.063249522447154982e-01
1.062987009972851671e-01
1.062724562928688554e-01
1.062462181287985169e-01
1.062199865024245765e-01
1.061937614111156253e-01
1.061675428522580594e-01
1.061413308232558167e-01
1.061151253215300710e-01
1.060889263445190106e-01
1.060627338896774768e-01
1.060365479544767564e-01
1.060103685364041509e-01
1.059841956329630186e-01
1.059580292416721914e-01
1.059318693600659333e-01
1.059057159856935937e-01
1.058795691161193292e-01
1.058534287489219655e-01
1.058272948816946918e-01
1.058011675120447692e-01
1.057750466375934478e-01
1.057489322559755779e-01
1.057228243648395266e-01
1.056967229618468174e-01
1.056706280446720048e-01
1.056445396110024804e-01
1.056184576585382090e-01
1.055923821849914651e-01
1.055663131880868327e-01
1.055402506655607614e-01
1.055141946151615384e-01
1.054881450346490390e-01
1.054621019217945321e-01
1.054360652743805277e-01
1.054100350902004990e-01
1.053840113670588829e-01
1.053579941027706912e-01
1.053319832951614826e-01
1.053059789420671827e-01
1.052799810413338061e-01
1.052539895908174011e-01
1.052280045883838694e-01
1.052020260319087991e-01
1.051760539192772570e-01
1.051500882483836774e-01
1.051241290171317649e-01
1.050981762234342032e-01
1.050722298652126685e-01
1.050462899403975942e-01
1.050203564469280038e-01
1.049944293827514696e-01
1.049685087458239185e-01
1.049425945341094235e-01
1.049166867455802454e-01
1.048907853782165417e-01
1.048648904300063106e-01
1.048390018989452666e-01
1.048131197830367428e-01
1.047872440802914418e-01
1.047613747887274765e-01
1.047355119063701767e-01
1.047096554312519356e-01
1.046838053614122105e-01
1.046579616948972863e-01
1.046321244297602343e-01
1.046062935640607872e-01
1.045804690958652555e-01
1.045546510232464033e-01
1.045288393442832947e-01
1.045030340570613225e-01
1.044772351596719717e-01
1.044514426502127918e-01
1.044256565267873416e-01
1.043998767875049805e-01
1.043741034304808690e-01
1.043483364538358299e-01
1.043225758556962923e-01
1.042968216341942089e-01
1.042710737874669169e-01
1.042453323136570825e-01
1.042195972109126456e-01
1.041938684773866808e-01
1.041681461112374113e-01
1.041424301106279732e-01
1.041167204737264845e-01
1.040910171987059485e-01
1.040653202837440450e-01
1.040396297270232834e-01
1.040139455267306556e-01
1.039882676810578305e-01
1.039625961882009036e-01
1.039369310463603979e-01
1.039112722537411937e-01
1.038856198085524596e-01
1.038599737090075414e-01
1.038343339533239762e-01
1.038087005397233670e-01
1.037830734664313415e-01
1.037574527316774964e-01
1.037318383336953559e-01
1.037062302707222189e-01
1.036806285409992284e-01
1.036550331427712607e-01
1.036294440742868000e-01
1.036038613337980224e-01
1.035782849195606009e-01
1.035527148298337335e-01
1.035271510628800878e-01
1.035015936169657175e-01
1.034760424903600345e-01
1.034504976813357402e-01
1.034249591881688385e-01
1.033994270091384421e-01
1.033739011425268695e-01
1.033483815866195754e-01
1.033228683397050401e-01
1.032973614000747414e-01
1.032718607660232102e-01
1.032463664358477945e-01
1.032208784078487984e-01
1.031953966803293987e-01
1.031699212515954506e-01
1.031444521199557374e-01
1.031189892837215821e-01
1.030935327412071389e-01
1.030680824907291432e-01
1.030426385306068837e-01
1.030172008591623140e-01
1.029917694747198575e-01
1.029663443756064223e-01
1.029409255601514001e-01
1.029155130266865975e-01
1.028901067735461944e-01
1.028647067990667574e-01
1.028393131015871292e-01
1.028139256794484563e-01
1.027885445309941609e-01
1.027631696545698303e-01
1.027378010485233417e-01
1.027124387112046400e-01
1.026870826409658627e-01
1.026617328361611597e-01
1.026363892951468737e-01
1.026110520162813317e-01
1.025857209979248591e-01
1.025603962384397522e-01
1.025350777361903609e-01
1.025097654895428950e-01
1.024844594968654793e-01
1.024591597565280982e-01
1.024338662669026512e-01
1.024085790263628420e-01
1.023832980332841786e-01
1.023580232860439032e-01
1.023327547830211182e-01
1.023074925225965909e-01
1.022822365031527958e-01
1.022569867230739421e-01
1.022317431807458488e-01
1.022065058745560417e-01
1.021812748028936291e-01
1.021560499641493286e-01
1.021308313567154402e-01
1.021056189789858598e-01
1.020804128293559820e-01
1.020552129062227142e-01
1.020300192079845181e-01
1.020048317330412846e-01
1.019796504797944037e-01
1.019544754466467223e-01
1.019293066320024893e-01
1.019041440342673271e-01
1.018789876518483711e-01
1.018538374831539778e-01
1.018286935265940024e-01
1.018035557805795216e-01
1.017784242435230552e-01
1.017532989138383442e-01
1.017281797899404344e-01
1.017030668702457036e-01
1.016779601531717231e-01
1.016528596371373827e-01
1.016277653205627240e-01
1.016026772018690932e-01
1.015775952794789883e-01
1.015525195518161006e-01
1.015274500173052874e-01
1.015023866743726272e-01
1.014773295214452670e-01
1.014522785569515473e-01
1.014272337793209466e-01
1.014021951869839705e-01
1.013771627783723178e-01
1.013521365519187006e-01
1.013271165060569551e-01
1.013021026392219304e-01
1.012770949498495582e-01
1.012520934363768527e-01
1.012270980972417717e-01
1.012021089308833138e-01
1.011771259357415326e-01
1.011521491102573972e-01
1.011271784528729456e-01
1.011022139620311039e-01
1.010772556361758390e-01
1.010523034737520198e-01
1.010273574732055007e-01
1.010024176329830103e-01
1.009774839515322764e-01
1.009525564273018733e-01
1.009276350587413190e-01
1.009027198443010337e-01
1.008778107824323117e-01
1.008529078715873079e-01
1.008280111102190929e-01
1.008031204967815286e-01
1.007782360297294622e-01
1.007533577075184206e-01
1.007284855286049025e-01
1.007036194914461419e-01
1.006787595945002611e-01
1.006539058362261735e-01
1.006290582150835833e-01
1.006042167295329998e-01
1.005793813780357510e-01
1.005545521590539698e-01
1.005297290710504415e-01
1.005049121124888811e-01
1.004801012818336559e-01
1.004552965775499379e-01
1.004304979981036905e-01
1.004057055419615152e-01
1.003809192075908185e-01
1.003561389934597703e-01
1.003313648980371925e-01
1.003065969197926705e-01
1.002818350571964973e-01
1.002570793087196738e-01
1.002323296728338670e-01
1.002075861480115210e-01
1.001828487327257045e-01
1.001581174254501938e-01
1.001333922246594316e-01
1.001086731288285403e-01
1.000839601364333364e-01
1.000592532459502748e-01
1.000345524558564764e-01
1.000098577646297004e-01
9.998516917074837251e-02
9.996048667269158416e-02
9.993581026893905150e-02
9.991113995797108738e-02
9.988647573826869852e-02
9.986181760831346066e-02
9.983716556658761565e-02
9.981251961157398822e-02
9.978787974175605535e-02
9.976324595561787689e-02
9.973861825164409556e-02
9.971399662832002020e-02
9.968938108413151478e-02
9.966477161756504000e-02
9.964016822710762555e-02
9.961557091124691177e-02
9.959097966847110794e-02
9.956639449726907565e-02
9.954181539613009277e-02
9.951724236354417275e-02
9.949267539800178695e-02
9.946811449799401739e-02
9.944355966201252894e-02
9.941901088854945834e-02
9.939446817609759455e-02
9.936993152315019839e-02
9.934540092820115520e-02
9.932087638974484989e-02
9.929635790627616698e-02
9.927184547629062938e-02
9.924733909828420408e-02
9.922283877075344094e-02
9.919834449219543104e-02
9.917385626110772345e-02
9.914937407598849173e-02
9.912489793533633964e-02
9.910042783765045382e-02
9.907596378143045113e-02
9.905150576517660066e-02
9.902705378738956010e-02
9.900260784657052837e-02
9.897816794122123174e-02
9.895373406984393772e-02
9.892930623094130238e-02
9.890488442301655081e-02
9.888046864457343543e-02
9.885605889411613889e-02
9.883165517014938506e-02
9.880725747117835578e-02
9.878286579570873249e-02
9.875848014224666849e-02
9.873410050929884441e-02
9.870972689537237110e-02
9.868535929897488679e-02
9.866099771861443213e-02
9.863664215279960290e-02
9.861229260003945285e-02
9.858794905884346593e-02
9.856361152772159795e-02
9.853928000518435981e-02
9.851495448974262326e-02
9.849063497990778737e-02
9.846632147419168146e-02
9.844201397110660667e-02
9.841771246916534988e-02
9.839341696688111427e-02
9.836912746276754715e-02
9.834484395533879542e-02
9.832056644310943616e-02
9.829629492459455997e-02
9.827202939830960438e-02
9.824776986277049262e-02
9.822351631649359205e-02
9.819926875799578347e-02
9.817502718579426690e-02
9.815079159840681133e-02
9.812656199435151883e-02
9.810233837214701880e-02
9.807812073031231537e-02
9.805390906736687062e-02
9.802970338183060461e-02
9.800550367222383985e-02
9.798130993706735681e-02
9.795712217488235229e-02
9.793294038419043945e-02
9.790876456351368939e-02
9.788459471137458956e-02
9.786043082629607148e-02
9.783627290680144140e-02
9.781212095141450513e-02
9.778797495865941547e-02
9.776383492706081091e-02
9.773970085514369077e-02
9.771557274143355398e-02
9.769145058445624641e-02
9.766733438273805801e-02
9.764322413480568119e-02
9.761911983918628022e-02
9.759502149440735241e-02
9.757092909899688082e-02
9.754684265148322320e-02
9.752276215039515361e-02
9.749868759426189024e-02
9.747461898161295657e-02
9.745055631097847282e-02
9.742649958088873963e-02
9.740244878987469601e-02
9.737840393646748915e-02
9.735436501919880747e-02
9.733033203660067245e-02
9.730630498720556354e-02
9.728228386954629325e-02
9.725826868215613208e-02
9.723425942356875296e-02
9.721025609231820352e-02
9.718625868693893388e-02
9.716226720596583821e-02
9.713828164793412989e-02
9.711430201137948026e-02
9.709032829483796312e-02
9.706636049684601308e-02
9.704239861594049499e-02
9.701844265065860673e-02
9.699449259953803193e-02
9.697054846111678728e-02
9.694661023393329191e-02
9.692267791652638131e-02
9.689875150743523791e-02
9.687483100519947432e-02
9.685091640835909177e-02
9.682700771545448004e-02
9.680310492502640363e-02
9.677920803561600172e-02
9.675531704576485759e-02
9.673143195401487371e-02
9.670755275890842440e-02
9.668367945898817539e-02
9.665981205279726429e-02
9.663595053887914788e-02
9.661209491577771313e-02
9.658824518203720788e-02
9.656440133620226851e-02
9.654056337681791999e-02
9.651673130242957588e-02
9.649290511158301054e-02
9.646908480282438691e-02
9.644527037470028430e-02
9.642146182575762892e-02
9.639765915454370782e-02
9.637386235960625214e-02
9.635007143949332609e-02
9.632628639275336857e-02
9.630250721793520707e-02
9.627873391358805766e-02
9.625496647826153884e-02
9.623120491050560221e-02
9.620744920887057405e-02
9.618369937190718311e-02
9.615995539816650506e-02
9.613621728620005968e-02
9.611248503455967207e-02
9.608875864179755588e-02
9.606503810646632724e-02
9.604132342711893533e-02
9.601761460230875955e-02
9.599391163058948462e-02
9.597021451051521157e-02
9.594652324064043003e-02
9.592283781951994881e-02
9.589915824570900693e-02
9.587548451776316261e-02
9.585181663423837650e-02
9.582815459369098399e-02
9.580449839467766737e-02
9.578084803575551143e-02
9.575720351548194786e-02
9.573356483241476922e-02
9.570993198511214273e-02
9.568630497213263808e-02
9.566268379203517191e-02
9.563906844337899393e-02
9.561545892472378405e-02
9.559185523462956913e-02
9.556825737165670909e-02
9.554466533436595244e-02
9.552107912131843626e-02
9.549749873107565845e-02
9.547392416219943612e-02
9.545035541325203043e-02
9.542679248279599402e-02
9.540323536939429583e-02
9.537968407161025175e-02
9.535613858800755238e-02
9.533259891715017975e-02
9.530906505760264325e-02
9.528553700792967429e-02
9.526201476669640678e-02
9.523849833246833541e-02
9.521498770381132959e-02
9.519148287929163343e-02
9.516798385747585187e-02
9.514449063693089514e-02
9.512100321622414534e-02
9.509752159392322046e-02
9.507404576859618262e-02
9.505057573881145472e-02
9.502711150313777888e-02
9.500365306014431355e-02
9.498020040840052247e-02
9.495675354647625799e-02
9.493331247294173325e-02
9.490987718636750836e-02
9.488644768532453200e-02
9.486302396838409978e-02
9.483960603411786816e-02
9.481619388109778501e-02
9.479278750789628394e-02
9.476938691308610385e-02
9.474599209524028898e-02
9.472260305293228599e-02
9.469921978473593016e-02
9.467584228922537593e-02
9.465247056497512468e-02
9.462910461056010802e-02
9.460574442455550737e-02
9.458239000553697595e-02
9.455904135208038908e-02
9.453569846276214939e-02
9.451236133615883994e-02
9.448902997084754340e-02
9.446570436540561999e-02
9.444238451841079074e-02
9.441907042844119302e-02
9.439576209407525564e-02
9.437245951389176823e-02
9.434916268646992288e-02
9.432587161038920309e-02
9.430258628422953648e-02
9.427930670657107270e-02
9.425603287599447488e-02
9.423276479108062820e-02
9.420950245041087578e-02
9.418624585256681059e-02
9.416299499613046964e-02
9.413974987968422303e-02
9.411651050181074618e-02
9.409327686109311695e-02
9.407004895611477402e-02
9.404682678545947527e-02
9.402361034771135329e-02
9.400039964145487370e-02
9.397719466527490462e-02
9.395399541775659169e-02
9.393080189748548303e-02
9.390761410304750145e-02
9.388443203302886120e-02
9.386125568601617897e-02
9.383808506059637677e-02
9.381492015535679296e-02
9.379176096888505731e-02
9.376860749976920206e-02
9.374545974659755088e-02
9.372231770795882988e-02
9.369918138244209826e-02
9.367605076863677604e-02
9.365292586513261630e-02
9.362980667051974681e-02
9.360669318338862843e-02
9.358358540233006895e-02
9.356048332593526473e-02
9.353738695279568971e-02
9.351429628150323414e-02
9.349121131065013524e-02
9.346813203882892163e-02
9.344505846463253829e-02
9.342199058665424938e-02
9.339892840348766601e-02
9.337587191372678785e-02
9.335282111596589216e-02
9.332977600879967250e-02
9.330673659082312776e-02
9.328370286063163153e-02
9.326067481682090432e-02
9.323765245798698587e-02
9.321463578272631834e-02
9.319162478963567697e-02
9.316861947731210070e-02
9.314561984435312803e-02
9.312262588935649177e-02
9.309963761092041046e-02
9.307665500764335242e-02
9.305367807812416070e-02
9.303070682096205302e-02
9.300774123475655242e-02
9.298478131810757052e-02
9.296182706961535203e-02
9.293887848788047468e-02
9.291593557150386318e-02
9.289299831908681693e-02
9.287006672923098227e-02
9.284714080053831087e-02
9.282422053161111519e-02
9.280130592105208243e-02
9.277839696746421894e-02
9.275549366945089191e-02
9.273259602561581549e-02
9.270970403456303688e-02
9.268681769489696409e-02
9.266393700522233823e-02
9.264106196414423344e-02
9.261819257026812635e-02
9.259532882219978500e-02
9.257247071854531051e-02
9.254961825791124808e-02
9.252677143890437883e-02
9.250393026013181696e-02
9.248109472020114852e-02
9.245826481772019545e-02
9.243544055129716830e-02
9.241262191954059679e-02
9.238980892105941312e-02
9.236700155446279925e-02
9.234419981836035352e-02
9.232140371136202117e-02
9.229861323207803891e-02
9.227582837911904590e-02
9.225304915109598658e-02
9.223027554662013849e-02
9.220750756430319550e-02
9.218474520275708739e-02
9.216198846059420191e-02
9.213923733642717662e-02
9.211649182886903764e-02
9.209375193653314418e-02
9.207101765803323012e-02
9.204828899198329306e-02
9.202556593699776077e-02
9.200284849169135248e-02
9.198013665467914823e-02
9.195743042457658889e-02
9.193472979999940675e-02
9.191203477956373658e-02
9.188934536188596292e-02
9.186666154558295605e-02
9.184398332927179442e-02
9.182131071156997282e-02
9.179864369109531907e-02
9.177598226646595247e-02
9.175332643630040863e-02
9.173067619921751459e-02
9.170803155383645822e-02
9.168539249877677433e-02
9.166275903265830305e-02
9.164013115410127308e-02
9.161750886172621844e-02
9.159489215415403396e-02
9.157228103000598918e-02
9.154967548790360343e-02
9.152707552646879852e-02
9.150448114432385704e-02
9.148189234009135307e-02
9.145930911239424921e-02
9.143673145985577178e-02
9.141415938109957728e-02
9.139159287474961368e-02
9.136903193943014811e-02
9.134647657376586405e-02
9.132392677638170864e-02
9.130138254590301761e-02
9.127884388095545976e-02
9.125631078016498143e-02
9.123378324215797308e-02
9.121126126556106106e-02
9.118874484900131583e-02
9.116623399110605763e-02
9.114372869050298143e-02
9.112122894582012911e-02
9.109873475568587564e-02
9.107624611872892906e-02
9.105376303357837209e-02
9.103128549886352339e-02
9.100881351321418733e-02
9.098634707526034870e-02
9.096388618363250578e-02
9.094143083696133723e-02
9.091898103387795194e-02
9.089653677301376411e-02
9.087409805300053489e-02
9.085166487247037237e-02
9.082923723005568994e-02
9.080681512438927572e-02
9.078439855410426473e-02
9.076198751783405572e-02
9.073958201421244985e-02
9.071718204187359524e-02
9.069478759945194535e-02
9.067239868558230054e-02
9.065001529889978038e-02
9.062763743803987915e-02
9.060526510163838254e-02
9.058289828833147872e-02
9.056053699675561952e-02
9.053818122554763148e-02
9.051583097334470196e-02
9.049348623878430975e-02
9.047114702050425283e-02
9.044881331714275940e-02
9.042648512733829358e-02
9.040416244972969417e-02
9.038184528295618858e-02
9.035953362565724012e-02
9.033722747647272844e-02
9.031492683404281074e-02
9.029263169700803282e-02
9.027034206400924576e-02
9.024805793368767537e-02
9.022577930468478336e-02
9.020350617564247553e-02
9.018123854520296301e-02
9.015897641200876222e-02
9.013671977470277819e-02
9.011446863192817958e-02
9.009222298232849591e-02
9.006998282454764526e-02
9.004774815722983716e-02
9.002551897901958644e-02
9.000329528856178263e-02
8.998107708450167608e-02
8.995886436548480858e-02
8.993665713015701335e-02
8.991445537716458158e-02
8.989225910515401263e-02
8.987006831277222219e-02
8.984788299866644512e-02
8.982570316148422163e-02
8.980352879987343884e-02
8.978135991248231695e-02
8.975919649795942312e-02
8.973703855495367143e-02
8.971488608211425353e-02
8.969273907809076352e-02
8.967059754153308693e-02
8.964846147109140073e-02
8.962633086541633987e-02
8.960420572315876131e-02
8.958208604296988287e-02
8.955997182350128316e-02
8.953786306340486001e-02
8.951575976133284429e-02
8.949366191593774444e-02
8.947156952587249912e-02
8.944948258979032452e-02
8.942740110634479767e-02
8.940532507418973152e-02
8.938325449197943862e-02
8.936118935836843968e-02
8.933912967201163013e-02
8.931707543156418294e-02
8.929502663568168741e-02
8.927298328302005204e-02
8.925094537223544899e-02
8.922891290198442515e-02
8.920688587092387434e-02
8.918486427771103731e-02
8.916284812100337687e-02
8.914083739945884155e-02
8.911883211173558805e-02
8.909683225649218941e-02
8.907483783238749619e-02
8.905284883808070595e-02
8.903086527223133539e-02
8.900888713349924819e-02
8.898691442054466882e-02
8.896494713202808546e-02
8.894298526661038873e-02
8.892102882295269128e-02
8.889907779971659152e-02
8.887713219556386823e-02
8.885519200915671656e-02
8.883325723915767858e-02
8.881132788422956004e-02
8.878940394303551364e-02
8.876748541423906680e-02
8.874557229650402446e-02
8.872366458849453852e-02
8.870176228887510783e-02
8.867986539631053655e-02
8.865797390946597578e-02
8.863608782700693745e-02
8.861420714759916939e-02
8.859233186990883580e-02
8.857046199260237840e-02
8.854859751434662751e-02
8.852673843380866325e-02
8.850488474965598207e-02
8.848303646055630245e-02
8.846119356517781473e-02
8.843935606218887580e-02
8.841752395025827271e-02
8.839569722805515339e-02
8.837387589424888779e-02
8.835205994750924829e-02
8.833024938650631264e-02
8.830844420991049160e-02
8.828664441639251514e-02
8.826485000462347408e-02
8.824306097327473675e-02
8.822127732101800457e-02
8.819949904652538142e-02
8.817772614846922097e-02
8.815595862552222384e-02
8.813419647635742371e-02
8.811243969964818734e-02
8.809068829406818679e-02
8.806894225829148271e-02
8.804720159099237164e-02
8.802546629084553875e-02
8.800373635652597448e-02
8.798201178670903011e-02
8.796029258007034834e-02
8.793857873528587721e-02
8.791687025103196718e-02
8.789516712598520465e-02
8.787346935882259236e-02
8.785177694822139671e-02
8.783008989285924495e-02
8.780840819141406961e-02
8.778673184256410855e-02
8.776506084498800209e-02
8.774339519736461257e-02
8.772173489837323257e-02
8.770007994669344609e-02
8.767843034100505917e-02
8.765678607998840521e-02
8.763514716232397028e-02
8.761351358669262901e-02
8.759188535177560297e-02
8.757026245625440519e-02
8.754864489881089562e-02
8.752703267812723953e-02
8.750542579288592138e-02
8.748382424176982808e-02
8.746222802346205472e-02
8.744063713664608495e-02
8.741905158000576326e-02
8.739747135222518393e-02
8.737589645198880206e-02
8.735432687798139195e-02
8.733276262888806096e-02
8.731120370339422176e-02
8.728965010018564785e-02
8.726810181794841803e-02
8.724655885536891642e-02
8.722502121113384632e-02
8.720348888393029962e-02
8.718196187244563189e-02
8.716044017536751787e-02
8.713892379138400701e-02
8.711741271918344021e-02
8.709590695745447753e-02
8.707440650488611211e-02
8.705291136016764242e-02
8.703142152198874160e-02
8.700993698903940199e-02
8.698845776000981023e-02
8.696698383359062479e-02
8.694551520847282333e-02
8.692405188334759170e-02
8.690259385690654592e-02
8.688114112784160736e-02
8.685969369484496105e-02
8.683825155660916673e-02
8.681681471182710330e-02
8.679538315919196889e-02
8.677395689739723916e-02
8.675253592513681999e-02
8.673112024110482543e-02
8.670970984399574422e-02
8.668830473250439816e-02
8.666690490532592828e-02
8.664551036115573923e-02
8.662412109868962429e-02
8.660273711662369589e-02
8.658135841365435792e-02
8.655998498847831957e-02
8.653861683979269248e-02
8.651725396629482423e-02
8.649589636668240933e-02
8.647454403965350311e-02
8.645319698390646623e-02
8.643185519813990914e-02
8.641051868105284472e-02
8.638918743134461897e-02
8.636786144771479989e-02
8.634654072886338572e-02
8.632522527349063834e-02
8.630391508029712500e-02
8.628261014798380146e-02
8.626131047525188722e-02
8.624001606080293481e-02
8.621872690333884370e-02
8.619744300156174932e-02
8.617616435417423115e-02
8.615489095987911849e-02
8.613362281737955983e-02
8.611235992537900896e-02
8.609110228258129438e-02
8.606984988769050826e-02
8.604860273941113136e-02
8.602736083644788034e-02
8.600612417750584660e-02
8.598489276129045455e-02
8.596366658650735071e-02
8.594244565186265339e-02
8.592122995606270297e-02
8.590001949781411739e-02
8.587881427582393090e-02
8.585761428879945534e-02
8.583641953544834946e-02
8.581523001447852184e-02
8.579404572459826961e-02
8.577286666451618136e-02
8.575169283294112321e-02
8.573052422858239152e-02
8.570936085014949080e-02
8.568820269635231412e-02
8.566704976590101828e-02
8.564590205750609309e-02
8.562475956987841696e-02
8.560362230172904874e-02
8.558249025176950520e-02
8.556136341871155293e-02
8.554024180126724997e-02
8.551912539814902903e-02
8.549801420806965591e-02
8.547690822974213232e-02
8.545580746187980692e-02
8.543471190319640307e-02
8.541362155240590781e-02
8.539253640822264124e-02
8.537145646936120102e-02
8.535038173453658727e-02
8.532931220246404991e-02
8.530824787185915803e-02
8.528718874143785544e-02
8.526613480991633576e-02
8.524508607601111176e-02
8.522404253843908484e-02
8.520300419591739227e-02
8.518197104716353218e-02
8.516094309089532188e-02
8.513992032583084235e-02
8.511890275068860479e-02
8.509789036418727304e-02
8.507688316504596893e-02
8.505588115198407795e-02
8.503488432372129091e-02
8.501389267897761781e-02
8.499290621647338784e-02
8.497192493492930487e-02
8.495094883306628097e-02
8.492997790960560289e-02
8.490901216326886269e-02
8.488805159277801327e-02
8.486709619685525730e-02
8.484614597422311666e-02
8.482520092360450181e-02
8.480426104372251750e-02
8.478332633330074031e-02
8.476239679106291336e-02
8.474147241573315448e-02
8.472055320603591455e-02
8.469963916069594978e-02
8.467873027843833555e-02
8.465782655798842482e-02
8.463692799807191747e-02
8.461603459741484645e-02
8.459514635474350841e-02
8.457426326878453304e-02
8.455338533826491088e-02
8.453251256191186835e-02
8.451164493845300663e-02
8.449078246661620439e-02
8.446992514512968731e-02
8.444907297272198632e-02
8.442822594812192383e-02
8.440738407005864141e-02
8.438654733726158597e-02
8.436571574846060684e-02
8.434488930238571991e-02
8.432406799776738515e-02
8.430325183333627070e-02
8.428244080782343328e-02
8.426163491996024879e-02
8.424083416847831518e-02
8.422003855210964673e-02
8.419924806958647978e-02
8.417846271964148086e-02
8.415768250100752468e-02
8.413690741241780513e-02
8.411613745260593245e-02
8.409537262030566951e-02
8.407461291425122329e-02
8.405385833317707833e-02
8.403310887581799671e-02
8.401236454090905970e-02
8.399162532718572327e-02
8.397089123338367933e-02
8.395016225823896672e-02
8.392943840048795734e-02
8.390871965886727291e-02
8.388800603211389595e-02
8.386729751896511431e-02
8.384659411815852115e-02
8.382589582843201492e-02
8.380520264852381329e-02
8.378451457717249473e-02
8.376383161311681813e-02
8.374315375509597259e-02
8.372248100184942476e-02
8.370181335211696050e-02
8.368115080463864319e-02
8.366049335815486931e-02
8.363984101140634064e-02
8.361919376313414753e-02
8.359855161207949137e-02
8.357791455698411476e-02
8.355728259658989909e-02
8.353665572963916985e-02
8.351603395487447457e-02
8.349541727103865218e-02
8.347480567687495800e-02
8.345419917112684161e-02
8.343359775253816890e-02
8.341300141985301397e-02
8.339241017181585336e-02
8.337182400717138564e-02
8.335124292466468410e-02
8.333066692304111345e-02
8.331009600104635759e-02
8.328953015742637800e-02
8.326896939092748307e-02
8.324841370029621712e-02
8.322786308427958246e-02
8.320731754162473404e-02
8.318677707107922925e-02
8.316624167139090307e-02
8.314571134130789576e-02
8.312518607957866679e-02
8.310466588495195317e-02
8.308415075617688050e-02
8.306364069200278255e-02
8.304313569117939553e-02
8.302263575245670546e-02
8.300214087458500367e-02
8.298165105631492844e-02
8.296116629639738171e-02
8.294068659358362627e-02
8.292021194662517469e-02
8.289974235427392812e-02
8.287927781528198201e-02
8.285881832840184813e-02
8.283836389238627418e-02
8.281791450598836868e-02
8.279747016796148995e-02
8.277703087705937102e-02
8.275659663203602245e-02
8.273616743164571852e-02
8.271574327464310816e-02
8.269532415978310402e-02
8.267491008582095180e-02
8.265450105151220250e-02
8.263409705561268470e-02
8.261369809687858778e-02
8.259330417406633706e-02
8.257291528593274643e-02
8.255253143123487958e-02
8.253215260873009163e-02
8.251177881717609852e-02
8.249141005533093540e-02
8.247104632195285945e-02
8.245068761580048866e-02
8.243033393563276023e-02
8.240998528020887504e-02
8.238964164828839476e-02
8.236930303863113090e-02
8.234896944999724189e-02
8.232864088114717760e-02
8.230831733084169322e-02
8.228799879784183535e-02
8.226768528090898369e-02
8.224737677880482323e-02
8.222707329029131651e-02
8.220677481413075915e-02
8.218648134908572433e-02
8.216619289391911829e-02
8.214590944739415257e-02
8.212563100827431628e-02
8.210535757532344547e-02
8.208508914730562600e-02
8.206482572298530453e-02
8.204456730112719143e-02
8.202431388049633010e-02
8.200406545985804152e-02
8.198382203797800749e-02
8.196358361362214573e-02
8.194335018555667927e-02
8.192312175254821971e-02
8.190289831336358684e-02
8.188267986676996124e-02
8.186246641153481496e-02
8.184225794642592533e-02
8.182205447021134725e-02
8.180185598165948258e-02
8.178166247953901069e-02
8.176147396261894407e-02
8.174129042966853109e-02
8.172111187945738098e-02
8.170093831075540824e-02
8.168076972233281885e-02
8.166060611296013794e-02
8.164044748140815433e-02
8.162029382644796216e-02
8.160014514685103026e-02
8.158000144138903564e-02
8.155986270883403000e-02
8.153972894795835646e-02
8.151960015753459410e-02
8.149947633633573829e-02
8.147935748313496485e-02
8.145924359670586590e-02
8.143913467582226950e-02
8.141903071925828128e-02
8.139893172578842317e-02
8.137883769418741142e-02
8.135874862323028145e-02
8.133866451169240175e-02
8.131858535834944612e-02
8.129851116197735206e-02
8.127844192135239010e-02
8.125837763525112223e-02
8.123831830245045738e-02
8.121826392172748488e-02
8.119821449185972428e-02
8.117817001162494495e-02
8.115813047980123540e-02
8.113809589516694787e-02
8.111806625650075375e-02
8.109804156258165753e-02
8.107802181218891346e-02
8.105800700410210891e-02
8.103799713710116426e-02
8.101799220996620809e-02
8.099799222147775757e-02
8.097799717041659351e-02
8.095800705556380206e-02
8.093802187570077467e-02
8.091804162960919422e-02
8.089806631607104892e-02
8.087809593386867391e-02
8.085813048178457085e-02
8.083816995860172716e-02
8.081821436310325513e-02
8.079826369407269726e-02
8.077831795029383199e-02
8.075837713055075695e-02
8.073844123362786118e-02
8.071851025830983906e-02
8.069858420338166249e-02
8.067866306762867812e-02
8.065874684983642684e-02
8.063883554879082427e-02
8.061892916327806358e-02
8.059902769208464324e-02
8.057913113399733929e-02
8.055923948780323307e-02
8.053935275228978063e-02
8.051947092624457680e-02
8.049959400845568824e-02
8.047972199771138979e-02
8.045985489280023384e-02
8.043999269251113360e-02
8.042013539563325208e-02
8.040028300095612701e-02
8.038043550726949038e-02
8.036059291336343502e-02
8.034075521802838682e-02
8.032092242005495208e-02
8.030109451823416733e-02
8.028127151135729112e-02
8.026145339821588731e-02
8.024164017760183898e-02
8.022183184830730673e-02
8.020202840912479814e-02
8.018222985884704279e-02
8.016243619626713113e-02
8.014264742017840337e-02
8.012286352937451894e-02
8.010308452264947032e-02
8.008331039879751367e-02
8.006354115661318271e-02
8.004377679489133035e-02
8.002401731242710092e-02
8.000426270801597184e-02
7.998451298045367031e-02
7.996476812853624272e-02
7.994502815106001303e-02
7.992529304682163827e-02
7.990556281461805299e-02
7.988583745324646934e-02
7.986611696150444639e-02
7.984640133818977914e-02
7.982669058210058177e-02
7.980698469203530154e-02
7.978728366679264938e-02
7.976758750517164154e-02
7.974789620597153017e-02
7.972820976799201154e-02
7.970852819003290679e-02
7.968885147089446730e-02
7.966917960937715260e-02
7.964951260428176916e-02
7.962985045440937326e-02
7.961019315856139589e-02
7.959054071553949006e-02
7.957089312414561411e-02
7.955125038318205943e-02
7.953161249145135336e-02
7.951197944775642568e-02
7.949235125090037268e-02
7.947272789968663764e-02
7.945310939291903851e-02
7.943349572940154590e-02
7.941388690793853289e-02
7.939428292733459458e-02
7.937468378639471467e-02
7.935508948392407114e-02
7.933550001872818891e-02
7.931591538961289822e-02
7.929633559538430687e-02
7.927676063484881408e-02
7.925719050681308275e-02
7.923762521008413662e-02
7.921806474346923532e-02
7.919850910577599934e-02
7.917895829581229894e-02
7.915941231238625420e-02
7.913987115430635988e-02
7.912033482038138832e-02
7.910080330942037552e-02
7.908127662023264892e-02
7.906175475162786903e-02
7.904223770241598779e-02
7.902272547140717918e-02
7.900321805741199188e-02
7.898371545924126602e-02
7.896421767570609151e-02
7.894472470561783584e-02
7.892523654778822728e-02
7.890575320102925783e-02
7.888627466415321088e-02
7.886680093597263352e-02
7.884733201530040592e-02
7.882786790094971352e-02
7.880840859173394997e-02
7.878895408646692522e-02
7.876950438396267129e-02
7.875005948303546999e-02
7.873061938250000558e-02
7.871118408117114273e-02
7.869175357786416247e-02
7.867232787139448458e-02
7.865290696057794517e-02
7.863349084423067181e-02
7.861407952116897246e-02
7.859467299020954367e-02
7.857527125016937342e-02
7.855587429986569947e-02
7.853648213811603718e-02
7.851709476373829044e-02
7.849771217555057135e-02
7.847833437237129728e-02
7.845896135301914931e-02
7.843959311631316933e-02
7.842022966107267679e-02
7.840087098611721317e-02
7.838151709026669467e-02
7.836216797234127340e-02
7.834282363116143455e-02
7.832348406554792697e-02
7.830414927432177707e-02
7.828481925630434435e-02
7.826549401031723807e-02
7.824617353518240059e-02
7.822685782972205182e-02
7.820754689275864757e-02
7.818824072311499063e-02
7.816893931961420294e-02
7.814964268107962853e-02
7.813035080633490281e-02
7.811106369420403595e-02
7.809178134351123235e-02
7.807250375308104340e-02
7.805323092173831190e-02
7.803396284830808882e-02
7.801469953161586923e-02
7.799544097048727309e-02
7.797618716374832282e-02
7.795693811022526287e-02
7.793769380874465691e-02
7.791845425813342940e-02
7.789921945721862973e-02
7.787998940482773746e-02
7.786076409978848201e-02
7.784154354092888417e-02
7.782232772707720070e-02
7.780311665706203528e-02
7.778391032971228303e-02
7.776470874385711662e-02
7.774551189832597242e-02
7.772631979194861984e-02
7.770713242355509198e-02
7.768794979197568562e-02
7.766877189604103060e-02
7.764959873458203432e-02
7.763043030642990949e-02
7.761126661041609087e-02
7.759210764537236016e-02
7.757295341013079049e-02
7.755380390352371867e-02
7.753465912438377294e-02
7.751551907154388688e-02
7.749638374383721606e-02
7.747725314009730468e-02
7.745812725915794672e-02
7.743900609985321370e-02
7.741988966101744085e-02
7.740077794148526869e-02
7.738167094009168467e-02
7.736256865567185670e-02
7.734347108706134122e-02
7.732437823309588898e-02
7.730529009261162543e-02
7.728620666444492582e-02
7.726712794743241519e-02
7.724805394041107942e-02
7.722898464221811254e-02
7.720992005169106942e-02
7.719086016766774083e-02
7.717180498898626451e-02
7.715275451448495858e-02
7.713370874300255753e-02
7.711466767337794848e-02
7.709563130445043488e-02
7.707659963505951450e-02
7.705757266404503203e-02
7.703855039024706808e-02
7.701953281250599470e-02
7.700051992966248926e-02
7.698151174055754831e-02
7.696250824403240431e-02
7.694350943892859507e-02
7.692451532408790815e-02
7.690552589835247810e-02
7.688654116056471699e-02
7.686756110956724508e-02
7.684858574420307120e-02
7.682961506331541235e-02
7.681064906574784634e-02
7.679168775034413141e-02
7.677273111594842825e-02
7.675377916140509182e-02
7.673483188555879630e-02
7.671588928725454892e-02
7.669695136533753732e-02
7.667801811865330996e-02
7.665908954604772063e-02
7.664016564636681739e-02
7.662124641845700912e-02
7.660233186116498227e-02
7.658342197333765922e-02
7.656451675382230926e-02
7.654561620146645151e-02
7.652672031511788264e-02
7.650782909362466300e-02
7.648894253583524150e-02
7.647006064059826136e-02
7.645118340676262947e-02
7.643231083317759966e-02
7.641344291869270333e-02
7.639457966215773554e-02
7.637572106242274117e-02
7.635686711833812590e-02
7.633801782875451747e-02
7.631917319252286280e-02
7.630033320849438638e-02
7.628149787552059025e-02
7.626266719245321235e-02
7.624384115814436536e-02
7.622501977144642560e-02
7.620620303121197758e-02
7.618739093629395276e-02
7.616858348554557401e-02
7.614978067782030013e-02
7.613098251197189525e-02
7.611218898685442880e-02
7.609340010132224774e-02
7.607461585422993500e-02
7.605583624443239266e-02
7.603706127078484200e-02
7.601829093214267086e-02
7.599952522736171112e-02
7.598076415529796124e-02
7.596200771480771108e-02
7.594325590474755583e-02
7.592450872397440986e-02
7.590576617134540960e-02
7.588702824571798289e-02
7.586829494594987677e-02
7.584956627089907422e-02
7.583084221942389125e-02
7.581212279038285207e-02
7.579340798263482781e-02
7.577469779503898106e-02
7.575599222645468256e-02
7.573729127574166387e-02
7.571859494175987859e-02
7.569990322336957178e-02
7.568121611943132154e-02
7.566253362880592803e-02
7.564385575035446896e-02
7.562518248293839673e-02
7.560651382541928867e-02
7.558784977665913840e-02
7.556919033552020326e-02
7.555053550086492098e-02
7.553188527155611787e-02
7.551323964645685616e-02
7.549459862443050340e-02
7.547596220434066305e-02
7.545733038505125778e-02
7.543870316542648780e-02
7.542008054433081699e-02
7.540146252062897292e-02
7.538284909318601623e-02
7.536424026086727124e-02
7.534563602253829817e-02
7.532703637706499034e-02
7.530844132331347696e-02
7.528985086015023420e-02
7.527126498644193253e-02
7.525268370105558935e-02
7.523410700285845798e-02
7.521553489071808318e-02
7.519696736350234278e-02
7.517840442007929502e-02
7.515984605931737284e-02
7.514129228008518957e-02
7.512274308125173328e-02
7.510419846168622793e-02
7.508565842025820281e-02
7.506712295583739536e-02
7.504859206729390386e-02
7.503006575349806251e-02
7.501154401332051080e-02
7.499302684563211030e-02
7.497451424930406949e-02
7.495600622320784667e-02
7.493750276621517770e-02
7.491900387719808985e-02
7.490050955502884633e-02
7.488201979858005730e-02
7.486353460672454108e-02
7.484505397833546292e-02
7.482657791228619626e-02
7.480810640745043372e-02
7.478963946270217322e-02
7.477117707691560700e-02
7.475271924896528808e-02
7.473426597772601931e-02
7.471581726207286722e-02
7.469737310088116200e-02
7.467893349302653916e-02
7.466049843738493952e-02
7.464206793283253982e-02
7.462364197824578049e-02
7.460522057250143502e-02
7.458680371447647117e-02
7.456839140304825919e-02
7.454998363709430809e-02
7.453158041549248769e-02
7.451318173712093151e-02
7.449478760085800899e-02
7.447639800558246426e-02
7.445801295017322186e-02
7.443963243350949777e-02
7.442125645447081328e-02
7.440288501193696724e-02
7.438451810478803605e-02
7.436615573190431816e-02
7.434779789216645896e-02
7.432944458445535363e-02
7.431109580765216105e-02
7.429275156063833152e-02
7.427441184229557902e-02
7.425607665150592285e-02
7.423774598715161821e-02
7.421941984811521176e-02
7.420109823327955545e-02
7.418278114152770941e-02
7.416446857174309459e-02
7.414616052280932623e-02
7.412785699361036651e-02
7.410955798303039965e-02
7.409126348995390132e-02
7.407297351326563861e-02
7.405468805185062842e-02
7.403640710459419294e-02
7.401813067038191807e-02
7.399985874809962560e-02
7.398159133663347042e-02
7.396332843486987108e-02
7.394507004169545428e-02
7.392681615599723532e-02
7.390856677666243768e-02
7.389032190257853461e-02
7.387208153263331856e-02
7.385384566571485954e-02
7.383561430071146348e-02
7.381738743651175549e-02
7.379916507200459663e-02
7.378094720607916712e-02
7.376273383762482760e-02
7.374452496553134118e-02
7.372632058868867910e-02
7.370812070598706245e-02
7.368992531631698983e-02
7.367173441856934846e-02
7.365354801163513654e-02
7.363536609440568537e-02
7.361718866577265930e-02
7.359901572462794472e-02
7.358084726986367785e-02
7.356268330037230019e-02
7.354452381504655856e-02
7.352636881277940795e-02
7.350821829246412253e-02
7.349007225299419854e-02
7.347193069326349302e-02
7.345379361216604341e-02
7.343566100859624801e-02
7.341753288144865774e-02
7.339940922961821212e-02
7.338129005200008659e-02
7.336317534748972025e-02
7.334506511498282977e-02
7.332695935337538162e-02
7.330885806156366147e-02
7.329076123844419088e-02
7.327266888291375513e-02
7.325458099386945865e-02
7.323649757020865569e-02
7.321841861082893643e-02
7.320034411462823798e-02
7.318227408050467786e-02
7.316420850735674830e-02
7.314614739408312194e-02
7.312809073958276285e-02
7.311003854275496816e-02
7.309199080249925706e-02
7.307394751771541241e-02
7.305590868730349463e-02
7.303787431016384168e-02
7.301984438519711074e-02
7.300181891130413936e-02
7.298379788738611207e-02
7.296578131234440767e-02
7.294776918508076580e-02
7.292976150449716199e-02
7.291175826949582162e-02
7.289375947897921981e-02
7.287576513185019256e-02
7.285777522701172848e-02
7.283978976336723254e-02
7.282180873982024849e-02
7.280383215527465313e-02
7.278586000863454530e-02
7.276789229880437082e-02
7.274992902468879752e-02
7.273197018519278467e-02
7.271401577922152748e-02
7.269606580568051257e-02
7.267812026347549026e-02
7.266017915151251616e-02
7.264224246869788182e-02
7.262431021393812858e-02
7.260638238614013085e-02
7.258845898421095733e-02
7.257054000705802366e-02
7.255262545358892590e-02
7.253471532271163480e-02
7.251680961333430153e-02
7.249890832436536869e-02
7.248101145471361195e-02
7.246311900328801514e-02
7.244523096899779802e-02
7.242734735075252728e-02
7.240946814746200555e-02
7.239159335803628526e-02
7.237372298138573801e-02
7.235585701642092971e-02
7.233799546205275932e-02
7.232013831719238950e-02
7.230228558075121881e-02
7.228443725164095113e-02
7.226659332877351238e-02
7.224875381106114769e-02
7.223091869741635196e-02
7.221308798675184215e-02
7.219526167798069605e-02
7.217743977001615796e-02
7.215962226177186079e-02
7.214180915216157619e-02
7.212400044009940892e-02
7.210619612449978288e-02
7.208839620427727468e-02
7.207060067834680783e-02
7.205280954562355566e-02
7.203502280502298294e-02
7.201724045546074870e-02
7.199946249585287283e-02
7.198168892511558337e-02
7.196391974216535814e-02
7.194615494591903582e-02
7.192839453529363547e-02
7.191063850920643985e-02
7.189288686657507865e-02
7.187513960631734811e-02
7.185739672735141914e-02
7.183965822859562922e-02
7.182192410896866275e-02
7.180419436738938455e-02
7.178646900277702025e-02
7.176874801405103144e-02
7.175103140013108782e-02
7.173331915993720609e-02
7.171561129238962495e-02
7.169790779640884681e-02
7.168020867091566550e-02
7.166251391483116628e-02
7.164482352707660096e-02
7.162713750657358214e-02
7.160945585224397225e-02
7.159177856300986964e-02
7.157410563779362245e-02
7.155643707551793964e-02
7.153877287510569671e-02
7.152111303548006060e-02
7.150345755556453131e-02
7.148580643428276149e-02
7.146815967055873686e-02
7.145051726331670683e-02
7.143287921148118447e-02
7.141524551397691878e-02
7.139761616972896408e-02
7.137999117766265222e-02
7.136237053670349550e-02
7.134475424577736702e-02
7.132714230381032028e-02
7.130953470972878350e-02
7.129193146245936530e-02
7.127433256092893799e-02
7.125673800406465141e-02
7.123914779079393300e-02
7.122156192004452935e-02
7.120398039074433971e-02
7.118640320182156866e-02
7.116883035220473996e-02
7.115126184082258554e-02
7.113369766660410098e-02
7.111613782847858722e-02
7.109858232537553946e-02
7.108103115622482759e-02
7.106348431995647419e-02
7.104594181550083487e-02
7.102840364178848731e-02
7.101086979775028674e-02
7.099334028231740756e-02
7.097581509442117687e-02
7.095829423299328254e-02
7.094077769696562064e-02
7.092326548527040642e-02
7.090575759684002166e-02
7.088825403060723673e-02
7.087075478550500240e-02
7.085325986046651925e-02
7.083576925442533478e-02
7.081828296631516306e-02
7.080080099507005120e-02
7.078332333962431000e-02
7.076584999891245842e-02
7.074838097186932073e-02
7.073091625742995714e-02
7.071345585452970539e-02
7.069599976210420855e-02
7.067854797908929010e-02
7.066110050442107882e-02
7.064365733703598105e-02
7.062621847587065294e-02
7.060878391986200042e-02
7.059135366794719313e-02
7.057392771906367823e-02
7.055650607214915271e-02
7.053908872614157721e-02
7.052167567997920383e-02
7.050426693260049282e-02
7.048686248294420975e-02
7.046946232994935611e-02
7.045206647255522481e-02
7.043467490970134470e-02
7.041728764032752219e-02
7.039990466337381347e-02
7.038252597778049680e-02
7.036515158248818347e-02
7.034778147643774848e-02
7.033041565857028887e-02
7.031305412782716535e-02
7.029569688314997455e-02
7.027834392348064618e-02
7.026099524776131811e-02
7.024365085493440575e-02
7.022631074394257433e-02
7.020897491372876664e-02
7.019164336323617526e-02
7.017431609140827031e-02
7.015699309718875787e-02
7.013967437952160766e-02
7.012235993735108086e-02
7.010504976962163293e-02
7.008774387527809402e-02
7.007044225326541920e-02
7.005314490252891046e-02
7.003585182201416126e-02
7.001856301066687605e-02
7.000127846743318949e-02
6.998399819125940280e-02
6.996672218109209473e-02
6.994945043587810773e-02
6.993218295456454792e-02
6.991491973609879895e-02
6.989766077942843880e-02
6.988040608350136462e-02
6.986315564726575111e-02
6.984590946966995340e-02
6.982866754966265965e-02
6.981142988619280787e-02
6.979419647820953032e-02
6.977696732466229235e-02
6.975974242450079521e-02
6.974252177667500385e-02
6.972530538013510526e-02
6.970809323383160561e-02
6.969088533671523311e-02
6.967368168773699355e-02
6.965648228584810087e-02
6.963928713000012982e-02
6.962209621914478008e-02
6.960490955223411214e-02
6.958772712822045015e-02
6.957054894605629869e-02
6.955337500469448153e-02
6.953620530308807224e-02
6.951903984019036642e-02
6.950187861495495112e-02
6.948472162633569094e-02
6.946756887328665864e-02
6.945042035476224618e-02
6.943327606971699817e-02
6.941613601710587556e-02
6.939900019588392255e-02
6.938186860500659969e-02
6.936474124342952019e-02
6.934761811010857480e-02
6.933049920399997346e-02
6.931338452406007877e-02
6.929627406924560029e-02
6.927916783851346960e-02
6.926206583082086810e-02
6.924496804512526860e-02
6.922787448038435210e-02
6.921078513555607714e-02
6.919370000959870759e-02
6.917661910147070159e-02
6.915954241013075321e-02
6.914246993453794510e-02
6.912540167365142929e-02
6.910833762643078804e-02
6.909127779183574236e-02
6.907422216882633248e-02
6.905717075636282065e-02
6.904012355340576057e-02
6.902308055891594185e-02
6.900604177185437615e-02
6.898900719118243596e-02
6.897197681586159090e-02
6.895495064485374082e-02
6.893792867712092431e-02
6.892091091162542982e-02
6.890389734732993432e-02
6.888688798319721196e-02
6.886988281819036994e-02
6.885288185127276528e-02
6.883588508140800477e-02
6.881889250755997278e-02
6.880190412869277572e-02
6.878491994377076979e-02
6.876793995175863039e-02
6.875096415162122720e-02
6.873399254232367972e-02
6.871702512283142661e-02
6.870006189211008696e-02
6.868310284912558517e-02
6.866614799284410930e-02
6.864919732223204174e-02
6.863225083625608403e-02
6.861530853388314588e-02
6.859837041408045621e-02
6.858143647581538271e-02
6.856450671805566777e-02
6.854758113976926193e-02
6.853065973992437943e-02
6.851374251748945654e-02
6.849682947143319323e-02
6.847992060072460863e-02
6.846301590433288842e-02
6.844611538122750971e-02
6.842921903037824105e-02
6.841232685075503139e-02
6.839543884132813500e-02
6.837855500106804207e-02
6.836167532894550647e-02
6.834479982393154573e-02
6.832792848499739946e-02
6.831106131111457092e-02
6.829419830125484092e-02
6.827733945439024010e-02
6.826048476949303501e-02
6.824363424553572810e-02
6.822678788149112716e-02
6.820994567633223427e-02
6.819310762903238454e-02
6.817627373856507966e-02
6.815944400390414049e-02
6.814261842402358216e-02
6.812579699789773902e-02
6.810897972450116744e-02
6.809216660280864586e-02
6.807535763179524413e-02
6.805855281043626803e-02
6.804175213770731478e-02
6.802495561258418977e-02
6.800816323404296204e-02
6.799137500105993659e-02
6.797459091261170983e-02
6.795781096767514184e-02
6.794103516522725927e-02
6.792426350424542181e-02
6.790749598370722506e-02
6.789073260259052833e-02
6.787397335987338520e-02
6.785721825453414069e-02
6.784046728555144512e-02
6.782372045190407372e-02
6.780697775257119031e-02
6.779023918653211134e-02
6.777350475276645858e-02
6.775677445025407586e-02
6.774004827797508455e-02
6.772332623490985581e-02
6.770660832003895513e-02
6.768989453234330878e-02
6.767318487080400957e-02
6.765647933440241402e-02
6.763977792212012841e-02
6.762308063293906435e-02
6.760638746584134162e-02
6.758969841980927429e-02
6.757301349382553723e-02
6.755633268687298576e-02
6.753965599793476660e-02
6.752298342599426240e-02
6.750631497003507786e-02
6.748965062904108136e-02
6.747299040199643272e-02
6.745633428788548602e-02
6.743968228569291457e-02
6.742303439440355817e-02
6.740639061300257584e-02
6.738975094047533476e-02
6.737311537580750742e-02
6.735648391798491896e-02
6.733985656599372760e-02
6.732323331882034134e-02
6.730661417545137637e-02
6.728999913487369866e-02
6.727338819607449338e-02
6.725678135804111224e-02
6.724017861976121224e-02
6.722357998022263081e-02
6.720698543841355233e-02
6.719039499332235543e-02
6.717380864393764084e-02
6.715722638924834231e-02
6.714064822824356016e-02
6.712407415991271387e-02
6.710750418324538946e-02
6.709093829723149216e-02
6.707437650086116310e-02
6.705781879312477933e-02
6.704126517301295385e-02
6.702471563951660494e-02
6.700817019162681742e-02
6.699162882833498145e-02
6.697509154863273695e-02
6.695855835151194591e-02
6.694202923596476174e-02
6.692550420098353214e-02
6.690898324556091015e-02
6.689246636868971529e-02
6.687595356936310020e-02
6.685944484657443954e-02
6.684294019931733000e-02
6.682643962658564585e-02
6.680994312737349727e-02
6.679345070067525814e-02
6.677696234548553822e-02
6.676047806079918323e-02
6.674399784561128868e-02
6.672752169891724150e-02
6.671104961971263680e-02
6.669458160699330562e-02
6.667811765975537042e-02
6.666165777699516182e-02
6.664520195770927413e-02
6.662875020089453759e-02
6.661230250554810162e-02
6.659585887066722665e-02
6.657941929524954783e-02
6.656298377829288071e-02
6.654655231879526289e-02
6.653012491575510667e-02
6.651370156817093537e-02
6.649728227504156375e-02
6.648086703536608411e-02
6.646445584814382468e-02
6.644804871237429411e-02
6.643164562705736187e-02
6.641524659119303620e-02
6.639885160378163065e-02
6.638246066382373634e-02
6.636607377032009702e-02
6.634969092227178955e-02
6.633331211868009891e-02
6.631693735854654603e-02
6.630056664087294327e-02
6.628419996466131114e-02
6.626783732891386447e-02
6.625147873263324827e-02
6.623512417482212145e-02
6.621877365448353148e-02
6.620242717062078952e-02
6.618608472223734551e-02
6.616974630833695470e-02
6.615341192792362213e-02
6.613708158000160264e-02
6.612075526357542865e-02
6.610443297764975745e-02
6.608811472122959330e-02
6.607180049332019023e-02
6.605549029292703822e-02
6.603918411905579378e-02
6.602288197071246034e-02
6.600658384690324954e-02
6.599028974663459501e-02
6.597399966891323575e-02
6.595771361274609113e-02
6.594143157714034420e-02
6.592515356110345559e-02
6.590887956364306632e-02
6.589260958376715049e-02
6.587634362048386261e-02
6.586008167280159309e-02
6.584382373972900993e-02
6.582756982027507253e-02
6.581131991344885135e-02
6.579507401825980539e-02
6.577883213371753246e-02
6.576259425883192178e-02
6.574636039261312626e-02
6.573013053407150696e-02
6.571390468221766090e-02
6.569768283606244874e-02
6.568146499461703647e-02
6.566525115689270109e-02
6.564904132190106656e-02
6.563283548865395112e-02
6.561663365616347832e-02
6.560043582344195212e-02
6.558424198950189854e-02
6.556805215335619053e-02
6.555186631401786757e-02
6.553568447050021895e-02
6.551950662181682539e-02
6.550333276698139251e-02
6.548716290500800064e-02
6.547099703491096601e-02
6.545483515570472977e-02
6.543867726640410776e-02
6.542252336602408236e-02
6.540637345357989962e-02
6.539022752808704153e-02
6.537408558856128149e-02
6.535794763401854557e-02
6.534181366347507902e-02
6.532568367594734915e-02
6.530955767045203142e-02
6.529343564600612049e-02
6.527731760162676367e-02
6.526120353633141358e-02
6.524509344913773101e-02
6.522898733906366819e-02
6.521288520512735776e-02
6.519678704634719602e-02
6.518069286174184296e-02
6.516460265033016674e-02
6.514851641113136860e-02
6.513243414316471913e-02
6.511635584544987754e-02
6.510028151700672505e-02
6.508421115685532332e-02
6.506814476401601155e-02
6.505208233750942037e-02
6.503602387635631921e-02
6.501996937957778278e-02
6.500391884619513561e-02
6.498787227522991039e-02
6.497182966570391738e-02
6.495579101663917498e-02
6.493975632705793755e-02
6.492372559598276471e-02
6.490769882243636879e-02
6.489167600544176739e-02
6.487565714402218631e-02
6.485964223720111499e-02
6.484363128400232046e-02
6.482762428344968075e-02
6.481162123456740698e-02
6.479562213638000168e-02
6.477962698791212004e-02
6.476363578818863931e-02
6.474764853623482530e-02
6.473166523107601322e-02
6.471568587173785747e-02
6.469971045724623449e-02
6.468373898662731214e-02
6.466777145890745260e-02
6.465180787311322619e-02
6.463584822827150855e-02
6.461989252340938350e-02
6.460394075755418464e-02
6.458799292973346762e-02
6.457204903897507953e-02
6.455610908430704786e-02
6.454017306475760829e-02
6.452424097935538505e-02
6.450831282712909953e-02
6.449238860710773680e-02
6.447646831832060110e-02
6.446055195979713548e-02
6.444463953056708827e-02
6.442873102966042986e-02
6.441282645610733881e-02
6.439692580893829899e-02
6.438102908718398854e-02
6.436513628987530766e-02
6.434924741604344800e-02
6.433336246471980935e-02
6.431748143493601355e-02
6.430160432572396001e-02
6.428573113611577017e-02
6.426986186514380139e-02
6.425399651184063310e-02
6.423813507523912225e-02
6.422227755437236174e-02
6.420642394827363875e-02
6.419057425597651800e-02
6.417472847651475854e-02
6.415888660892246631e-02
6.414304865223381669e-02
6.412721460548338748e-02
6.411138446770589527e-02
6.409555823793634810e-02
6.407973591520994827e-02
6.406391749856214790e-02
6.404810298702864890e-02
6.403229237964543075e-02
6.401648567544858393e-02
6.400068287347461526e-02
6.398488397276010098e-02
6.396908897234196423e-02
6.395329787125732246e-02
6.393751066854355680e-02
6.392172736323822879e-02
6.390594795437921916e-02
6.389017244100457515e-02
6.387440082215264936e-02
6.385863309686194700e-02
6.384286926417127861e-02
6.382710932311967678e-02
6.381135327274638225e-02
6.379560111209095496e-02
6.377985284019303813e-02
6.376410845609266353e-02
6.374836795883005724e-02
6.373263134744562575e-02
6.371689862098009471e-02
6.370116977847432860e-02
6.368544481896956655e-02
6.366972374150714487e-02
6.365400654512869127e-02
6.363829322887612494e-02
6.362258379179154544e-02
6.360687823291723275e-02
6.359117655129581381e-02
6.357547874597010984e-02
6.355978481598313634e-02
6.354409476037821414e-02
6.352840857819885834e-02
6.351272626848881997e-02
6.349704783029211375e-02
6.348137326265294866e-02
6.346570256461578352e-02
6.345003573522535467e-02
6.343437277352657888e-02
6.341871367856466435e-02
6.340305844938497193e-02
6.338740708503316779e-02
6.337175958455516789e-02
6.335611594699704086e-02
6.334047617140514674e-02
6.332484025682612316e-02
6.330920820230674650e-02
6.329358000689408459e-02
6.327795566963542728e-02
6.326233518957834201e-02
6.324671856577054885e-02
6.323110579726004543e-02
6.321549688309513471e-02
6.319989182232417513e-02
6.318429061399596924e-02
6.316869325715943062e-02
6.315309975086369487e-02
6.313751009415823068e-02
6.312192428609264550e-02
6.310634232571682434e-02
6.309076421208087426e-02
6.307518994423515213e-02
6.305961952123025072e-02
6.304405294211695709e-02
6.302849020594632201e-02
6.301293131176968765e-02
6.299737625863852108e-02
6.298182504560458084e-02
6.296627767171987522e-02
6.295073413603657908e-02
6.293519443760722809e-02
6.291965857548444119e-02
6.290412654872115650e-02
6.288859835637053419e-02
6.287307399748599812e-02
6.285755347112112479e-02
6.284203677632979601e-02
6.282652391216610177e-02
6.281101487768438185e-02
6.279550967193914257e-02
6.278000829398523719e-02
6.276451074287767162e-02
6.274901701767168771e-02
6.273352711742279098e-02
6.271804104118672285e-02
6.270255878801941907e-02
6.268708035697705128e-02
6.267160574711609644e-02
6.265613495749318418e-02
6.264066798716519391e-02
6.262520483518926873e-02
6.260974550062273214e-02
6.259428998252324072e-02
6.257883827994853432e-02
6.256339039195669971e-02
6.254794631760605961e-02
6.253250605595506162e-02
6.251706960606254193e-02
6.250163696698740612e-02
6.248620813778889976e-02
6.247078311752647661e-02
6.245536190525982634e-02
6.243994450004884678e-02
6.242453090095367169e-02
6.240912110703468463e-02
6.239371511735253978e-02
6.237831293096798846e-02
6.236291454694219138e-02
6.234751996433638560e-02
6.233212918221215509e-02
6.231674219963122957e-02
6.230135901565563711e-02
6.228597962934759313e-02
6.227060403976956982e-02
6.225523224598423361e-02
6.223986424705456322e-02
6.222450004204366919e-02
6.220913963001493963e-02
6.219378301003204018e-02
6.217843018115874754e-02
6.216308114245920613e-02
6.214773589299769918e-02
6.213239443183879440e-02
6.211705675804721910e-02
6.210172287068801977e-02
6.208639276882641639e-02
6.207106645152788565e-02
6.205574391785810551e-02
6.204042516688301756e-02
6.202511019766879241e-02
6.200979900928181576e-02
6.199449160078866761e-02
6.197918797125625406e-02
6.196388811975160615e-02
6.194859204534204633e-02
6.193329974709516766e-02
6.191801122407868813e-02
6.190272647536061018e-02
6.188744550000919303e-02
6.187216829709286242e-02
6.185689486568033552e-02
6.184162520484054459e-02
6.182635931364261622e-02
6.181109719115592677e-02
6.179583883645008852e-02
6.178058424859499131e-02
6.176533342666063603e-02
6.175008636971736353e-02
6.173484307683569511e-02
6.171960354708637408e-02
6.170436777954042135e-02
6.168913577326901737e-02
6.167390752734362019e-02
6.165868304083593071e-02
6.164346231281781635e-02
6.162824534236144985e-02
6.161303212853916356e-02
6.159782267042354653e-02
6.158261696708745847e-02
6.156741501760389090e-02
6.155221682104618230e-02
6.153702237648780299e-02
6.152183168300250776e-02
6.150664473966425960e-02
6.149146154554725047e-02
6.147628209972588048e-02
6.146110640127481345e-02
6.144593444926896297e-02
6.143076624278338838e-02
6.141560178089344041e-02
6.140044106267471963e-02
6.138528408720295843e-02
6.137013085355422920e-02
6.135498136080475007e-02
6.133983560803098894e-02
6.132469359430968436e-02
6.130955531871774139e-02
6.129442078033234959e-02
6.127928997823085810e-02
6.126416291149090060e-02
6.124903957919034664e-02
6.123391998040721845e-02
6.121880411421986440e-02
6.120369197970679243e-02
6.118858357594672559e-02
6.117347890201870614e-02
6.115837795700188734e-02
6.114328073997572777e-02
6.112818725001988723e-02
6.111309748621427534e-02
6.109801144763898906e-02
6.108292913337436819e-02
6.106785054250101624e-02
6.105277567409970324e-02
6.103770452725145595e-02
6.102263710103753708e-02
6.100757339453943828e-02
6.099251340683884554e-02
6.097745713701768766e-02
6.096240458415812247e-02
6.094735574734257838e-02
6.093231062565362954e-02
6.091726921817412072e-02
6.090223152398710482e-02
6.088719754217591235e-02
6.087216727182403336e-02
6.085714071201521469e-02
6.084211786183343906e-02
6.082709872036289045e-02
6.081208328668800261e-02
6.079707155989339668e-02
6.078206353906398518e-02
6.076705922328486803e-02
6.075205861164133248e-02
6.073706170321897108e-02
6.072206849710354987e-02
6.070707899238105693e-02
6.069209318813775095e-02
6.067711108346007104e-02
6.066213267743469223e-02
6.064715796914853241e-02
6.063218695768871763e-02
6.061721964214261682e-02
6.060225602159778624e-02
6.058729609514204584e-02
6.057233986186344454e-02
6.055738732085023251e-02
6.054243847119086808e-02
6.052749331197409405e-02
6.051255184228882672e-02
6.049761406122423218e-02
6.048267996786967082e-02
6.046774956131478057e-02
6.045282284064937284e-02
6.043789980496350883e-02
6.042298045334749262e-02
6.040806478489180176e-02
6.039315279868717745e-02
6.037824449382455522e-02
6.036333986939515506e-02
6.034843892449035657e-02
6.033354165820178916e-02
6.031864806962131120e-02
6.030375815784099619e-02
6.028887192195313965e-02
6.027398936105027999e-02
6.025911047422514988e-02
6.024423526057073874e-02
6.022936371918023724e-02
6.021449584914705805e-02
6.019963164956485674e-02
6.018477111952750397e-02
6.016991425812907163e-02
6.015506106446389528e-02
6.014021153762652561e-02
6.012536567671169369e-02
6.011052348081440122e-02
6.009568494902987196e-02
6.008085008045350311e-02
6.006601887418097641e-02
6.005119132930818171e-02
6.003636744493121014e-02
6.002154722014638177e-02
6.000673065405024570e-02
5.999191774573957997e-02
5.997710849431139163e-02
5.996230289886286119e-02
5.994750095849147448e-02
5.993270267229486303e-02
5.991790803937092208e-02
5.990311705881778276e-02
5.988832972973375662e-02
5.987354605121739115e-02
5.985876602236748362e-02
5.984398964228301171e-02
5.982921691006320292e-02
5.981444782480752065e-02
5.979968238561562260e-02
5.978492059158736771e-02
5.977016244182291327e-02
5.975540793542258311e-02
5.974065707148688842e-02
5.972590984911666651e-02
5.971116626741287264e-02
5.969642632547675354e-02
5.968169002240974325e-02
5.966695735731351175e-02
5.965222832928995800e-02
5.963750293744116138e-02
5.962278118086945800e-02
5.960806305867741989e-02
5.959334856996779950e-02
5.957863771384359214e-02
5.956393048940804985e-02
5.954922689576456346e-02
5.953452693201682910e-02
5.951983059726870251e-02
5.950513789062428921e-02
5.949044881118791678e-02
5.947576335806412789e-02
5.946108153035768729e-02
5.944640332717358172e-02
5.943172874761702695e-02
5.941705779079343303e-02
5.940239045580844590e-02
5.938772674176796829e-02
5.937306664777805554e-02
5.935841017294504751e-02
5.934375731637544366e-02
5.932910807717601404e-02
5.931446245445373688e-02
5.929982044731580554e-02
5.928518205486962150e-02
5.927054727622280833e-02
5.925591611048323937e-02
5.924128855675900307e-02
5.922666461415836830e-02
5.921204428178983986e-02
5.919742755876219314e-02
5.918281444418434928e-02
5.916820493716548612e-02
5.915359903681502440e-02
5.913899674224255137e-02
5.912439805255790409e-02
5.910980296687113472e-02
5.909521148429255910e-02
5.908062360393260409e-02
5.906603932490203657e-02
5.905145864631175523e-02
5.903688156727293634e-02
5.902230808689692965e-02
5.900773820429533467e-02
5.899317191857997994e-02
5.897860922886286744e-02
5.896405013425625591e-02
5.894949463387263305e-02
5.893494272682464619e-02
5.892039441222523405e-02
5.890584968918750886e-02
5.889130855682481180e-02
5.887677101425071308e-02
5.886223706057899796e-02
5.884770669492365991e-02
5.883317991639890054e-02
5.881865672411919210e-02
5.880413711719918030e-02
5.878962109475371900e-02
5.877510865589793965e-02
5.876059979974711245e-02
5.874609452541679211e-02
5.873159283202273456e-02
5.871709471868087615e-02
5.870260018450745854e-02
5.868810922861880663e-02
5.867362185013160619e-02
5.865913804816268173e-02
5.864465782182907289e-02
5.863018117024806908e-02
5.861570809253716097e-02
5.860123858781404738e-02
5.858677265519670468e-02
5.857231029380322723e-02
5.855785150275200079e-02
5.854339628116161237e-02
5.852894462815085019e-02
5.851449654283873147e-02
5.850005202434452323e-02
5.848561107178763124e-02
5.847117368428773887e-02
5.845673986096475150e-02
5.844230960093878269e-02
5.842788290333010559e-02
5.841345976725930561e-02
5.839904019184712775e-02
5.838462417621451822e-02
5.837021171948270082e-02
5.835580282077307279e-02
5.834139747920726038e-02
5.832699569390707717e-02
5.831259746399462124e-02
5.829820278859215721e-02
5.828381166682215092e-02
5.826942409780733190e-02
5.825504008067061701e-02
