2.241972240000000005e-01
2.198077439999999994e-01
2.062763119999999895e-01
1.995343420000000034e-01
1.928860099999999966e-01
1.794811490000000065e-01
1.681946520000000000e-01
1.571193929999999961e-01
1.529340600000000105e-01
1.487405149999999898e-01
1.450590639999999876e-01
1.427475659999999924e-01
1.305615310000000084e-01
1.358463020000000021e-01
1.373680830000000019e-01
1.286601129999999926e-01
1.363206799999999996e-01
1.345433440000000092e-01
1.374235600000000002e-01
1.383872180000000063e-01
1.384701429999999900e-01
1.443930720000000112e-01
1.355632840000000061e-01
1.463413689999999989e-01
1.349951920000000138e-01
1.487990319999999977e-01
1.393299550000000053e-01
1.439729479999999895e-01
1.340409959999999956e-01
1.421948520000000105e-01
1.487502599999999953e-01
1.420153979999999871e-01
1.422673909999999931e-01
1.418405470000000113e-01
1.523451359999999921e-01
1.363672320000000049e-01
1.376680730000000019e-01
1.442111580000000060e-01
1.537239400000000034e-01
1.437998859999999879e-01
1.426883640000000120e-01
1.409755199999999931e-01
1.481146369999999934e-01
1.404204820000000131e-01
1.367914229999999953e-01
1.373117419999999866e-01
1.377758380000000116e-01
1.280179019999999890e-01
1.314743009999999879e-01
1.479273140000000042e-01
1.327084000000000041e-01
1.419195380000000117e-01
1.324548869999999934e-01
1.270583869999999949e-01
1.315058620000000011e-01
1.363502000000000047e-01
1.321974690000000119e-01
1.364318429999999971e-01
1.438067560000000078e-01
1.394851360000000096e-01
1.323108669999999987e-01
1.400831640000000100e-01
1.358680730000000059e-01
1.370799390000000118e-01
1.393738840000000034e-01
1.369896080000000127e-01
1.411821990000000082e-01
1.331630199999999931e-01
1.431089339999999932e-01
1.292858420000000119e-01
1.378082629999999864e-01
1.342040449999999940e-01
1.330822710000000020e-01
1.358444689999999955e-01
1.423046739999999921e-01
1.334813679999999891e-01
1.332273190000000107e-01
1.300913840000000044e-01
1.327739510000000012e-01
1.349636469999999921e-01
1.340585049999999945e-01
1.283783759999999885e-01
1.328828330000000058e-01
1.311353299999999944e-01
1.395772989999999880e-01
1.346480399999999966e-01
1.309322119999999923e-01
1.246243860000000037e-01
1.296971590000000063e-01
1.441458310000000020e-01
1.260688299999999928e-01
1.298282590000000014e-01
1.322695309999999957e-01
1.286302659999999931e-01
1.317592710000000111e-01
1.268808989999999914e-01
1.305992599999999948e-01
1.351926479999999986e-01
1.336446400000000090e-01
1.237573919999999938e-01
1.358434860000000133e-01
1.325879839999999921e-01
1.337706889999999982e-01
1.301148829999999867e-01
1.332849409999999901e-01
1.412308810000000026e-01
1.225435809999999986e-01
1.308247889999999969e-01
1.240932490000000027e-01
1.287229809999999863e-01
1.371879129999999947e-01
1.375678780000000045e-01
1.337045580000000011e-01
1.326007690000000072e-01
1.277254519999999893e-01
1.291030940000000016e-01
1.302752940000000137e-01
1.380226169999999863e-01
1.301608529999999930e-01
1.272101700000000113e-01
1.279211640000000039e-01
1.328269390000000050e-01
1.366237250000000014e-01
1.304277630000000021e-01
1.246693509999999977e-01
1.295313539999999874e-01
1.239453479999999969e-01
1.283091899999999896e-01
1.310755160000000030e-01
1.300538479999999997e-01
1.339301320000000073e-01
1.234728320000000046e-01
1.359485239999999873e-01
1.306547819999999971e-01
1.269675200000000004e-01
1.271626949999999923e-01
1.369022579999999989e-01
1.306672389999999906e-01
1.303370590000000051e-01
1.300668419999999881e-01
1.316536959999999867e-01
1.320778280000000082e-01
1.347453590000000090e-01
1.280372439999999945e-01
1.327350290000000044e-01
1.264084129999999973e-01
1.272022280000000005e-01
1.249045210000000045e-01
1.218500879999999953e-01
1.289606389999999880e-01
1.269795750000000112e-01
1.326788959999999906e-01
1.333965809999999863e-01
1.252252010000000082e-01
1.368174400000000124e-01
1.260747759999999995e-01
1.321121749999999984e-01
1.322055460000000071e-01
1.298561840000000134e-01
1.327144650000000037e-01
1.282088160000000032e-01
1.195496540000000052e-01
1.238511800000000052e-01
1.363536569999999892e-01
1.305777579999999882e-01
1.384473290000000079e-01
1.342092310000000122e-01
1.330909730000000013e-01
1.321531089999999908e-01
1.275173870000000098e-01
1.301837269999999991e-01
1.344778090000000037e-01
1.256028120000000081e-01
1.307563039999999899e-01
1.213601079999999943e-01
1.279696230000000046e-01
1.307756750000000079e-01
1.294518709999999961e-01
1.238365399999999950e-01
1.320511849999999876e-01
1.286157519999999999e-01
1.206133659999999996e-01
1.314412209999999970e-01
1.271908280000000058e-01
1.209995749999999981e-01
1.350138929999999959e-01
1.229117660000000056e-01
1.311605130000000063e-01
1.327806410000000048e-01
1.322246489999999997e-01
1.302293089999999876e-01
1.385530080000000053e-01
1.294649539999999932e-01
1.260850430000000078e-01
1.235669850000000042e-01
1.269918680000000077e-01
1.252534240000000021e-01
1.313244699999999987e-01
1.328816559999999869e-01
1.210094760000000047e-01
1.291477229999999921e-01
1.267385329999999866e-01
1.313952359999999986e-01
1.240943000000000046e-01
1.330967550000000110e-01
1.231166270000000063e-01
1.210519079999999997e-01
1.312053499999999984e-01
1.284341960000000005e-01
1.250198329999999969e-01
1.239190399999999942e-01
1.252042499999999892e-01
1.180212939999999988e-01
1.111617980000000061e-01
1.331414730000000102e-01
1.181159320000000068e-01
1.247093749999999973e-01
1.275575459999999939e-01
1.189122569999999934e-01
1.245963570000000048e-01
1.242258470000000004e-01
1.259665339999999911e-01
1.214612419999999970e-01
1.315085739999999892e-01
1.294475350000000025e-01
1.259196700000000113e-01
1.164813489999999979e-01
1.275746229999999981e-01
1.303781270000000103e-01
1.326398400000000088e-01
1.246205050000000064e-01
1.266796289999999880e-01
1.356085539999999923e-01
1.231208069999999988e-01
1.273669749999999934e-01
1.209821330000000056e-01
1.127800570000000030e-01
1.274383370000000126e-01
1.296031480000000013e-01
1.352485720000000113e-01
1.164606809999999965e-01
1.187223119999999965e-01
1.219659889999999969e-01
1.173970099999999961e-01
1.197380499999999987e-01
1.254567209999999933e-01
1.253071129999999977e-01
1.330544800000000027e-01
1.167565210000000020e-01
1.295467620000000097e-01
1.209140789999999938e-01
1.270082889999999964e-01
1.161023080000000013e-01
1.143692580000000014e-01
1.263354570000000121e-01
1.222986360000000022e-01
1.186504810000000021e-01
1.301973019999999870e-01
1.175284760000000067e-01
1.221860500000000044e-01
1.189065349999999938e-01
1.211866360000000004e-01
1.252502500000000074e-01
1.298095579999999916e-01
1.274983879999999903e-01
1.335943490000000011e-01
1.269599800000000001e-01
1.276038439999999941e-01
1.202208770000000038e-01
1.231224610000000025e-01
1.287656430000000130e-01
1.133163120000000024e-01
1.235666720000000024e-01
1.175996589999999953e-01
1.119067370000000061e-01
1.221567169999999980e-01
1.193317700000000037e-01
1.169006080000000031e-01
1.195588189999999967e-01
1.275836079999999872e-01
1.183966030000000030e-01
1.218103839999999938e-01
1.230594960000000043e-01
1.268382070000000084e-01
1.301506309999999889e-01
1.268261970000000016e-01
1.235570829999999981e-01
1.268356589999999895e-01
1.229435350000000066e-01
1.268598290000000073e-01
1.221678110000000012e-01
1.279066650000000027e-01
1.204368549999999954e-01
1.260895429999999984e-01
1.224026609999999959e-01
1.163951460000000049e-01
1.305686679999999988e-01
1.253088559999999962e-01
1.202585469999999934e-01
1.207831800000000039e-01
1.300318990000000063e-01
1.210116670000000033e-01
1.207696939999999969e-01
1.218173649999999969e-01
1.209734600000000049e-01
1.255009320000000095e-01
1.217497069999999987e-01
1.162320079999999978e-01
1.303009240000000124e-01
1.197119279999999952e-01
1.246676300000000015e-01
1.194300499999999959e-01
1.260416510000000045e-01
1.228663249999999985e-01
1.281090380000000084e-01
1.226748680000000064e-01
1.227233560000000057e-01
1.138767150000000034e-01
1.263324919999999907e-01
1.139252780000000048e-01
1.226253810000000055e-01
1.201332660000000024e-01
1.231424140000000056e-01
1.154088900000000001e-01
1.178183559999999991e-01
1.222934049999999939e-01
1.146190239999999999e-01
1.213743760000000060e-01
1.173340679999999997e-01
1.235683630000000005e-01
1.176078539999999978e-01
1.221225489999999969e-01
1.143726629999999994e-01
1.269593089999999924e-01
1.121245030000000004e-01
1.172756630000000022e-01
1.143852840000000037e-01
1.272783879999999923e-01
1.207266820000000018e-01
1.209461909999999946e-01
1.192097960000000068e-01
1.162721290000000018e-01
1.215836410000000062e-01
1.184038220000000058e-01
1.229180770000000006e-01
1.290293630000000080e-01
1.182650850000000059e-01
1.155305880000000035e-01
1.245053930000000059e-01
1.198825169999999940e-01
1.166226570000000046e-01
1.204751949999999933e-01
1.178243010000000063e-01
1.242110280000000011e-01
1.180595829999999957e-01
1.197379680000000002e-01
1.218717549999999983e-01
1.183886900000000048e-01
1.044558139999999941e-01
1.199591460000000026e-01
1.240610479999999932e-01
1.212055529999999937e-01
1.097412930000000036e-01
1.201017350000000011e-01
1.186167449999999957e-01
1.092933189999999999e-01
1.251805280000000131e-01
1.127998679999999976e-01
1.186167449999999957e-01
1.108671579999999934e-01
1.228129040000000005e-01
1.207916589999999957e-01
1.182445210000000052e-01
1.145543900000000059e-01
1.167342590000000069e-01
1.096697150000000009e-01
1.217662389999999983e-01
1.211427969999999965e-01
1.115117520000000056e-01
1.293365509999999940e-01
1.129519789999999940e-01
1.260410849999999972e-01
1.105722489999999975e-01
1.151040200000000013e-01
1.166895480000000040e-01
1.126228350000000045e-01
1.118497330000000067e-01
1.193754820000000050e-01
1.237712650000000053e-01
1.159211400000000058e-01
1.119763700000000056e-01
1.153654530000000067e-01
1.170095059999999992e-01
1.073266709999999985e-01
1.183680369999999954e-01
1.208992150000000043e-01
1.151183249999999936e-01
1.264558430000000122e-01
1.142816470000000001e-01
1.141768920000000020e-01
1.134916019999999970e-01
1.142394989999999944e-01
1.180778739999999993e-01
1.194064769999999970e-01
1.158704089999999937e-01
1.211249229999999955e-01
1.172200810000000037e-01
1.130677010000000066e-01
1.171149759999999956e-01
1.208494979999999996e-01
1.198343040000000026e-01
1.185739189999999998e-01
1.148896370000000028e-01
1.146941999999999962e-01
1.107512789999999941e-01
1.149663110000000016e-01
1.173185709999999965e-01
1.201404630000000029e-01
1.068379879999999948e-01
1.155667680000000003e-01
1.149933640000000007e-01
1.108957379999999937e-01
1.223484049999999934e-01
1.209702420000000056e-01
1.062011790000000067e-01
1.124506370000000061e-01
1.095600350000000001e-01
1.177058740000000020e-01
1.149402860000000026e-01
1.186849549999999948e-01
1.187497970000000042e-01
1.113290190000000013e-01
1.256022300000000091e-01
1.078331319999999982e-01
1.027196940000000003e-01
1.183996719999999975e-01
1.066689859999999934e-01
1.224515070000000011e-01
1.216528119999999991e-01
1.127454860000000059e-01
1.159097629999999990e-01
1.256350129999999898e-01
1.104409400000000013e-01
1.165873330000000013e-01
1.097486319999999987e-01
1.131724340000000023e-01
1.101726370000000038e-01
1.169493499999999936e-01
1.202820460000000036e-01
1.148605790000000043e-01
1.193165179999999964e-01
1.168531550000000002e-01
1.147648389999999935e-01
1.227874830000000028e-01
1.163763399999999948e-01
1.148413050000000046e-01
1.145714070000000001e-01
1.226634759999999935e-01
1.071914959999999972e-01
1.134721489999999944e-01
1.100296080000000010e-01
1.080115809999999954e-01
1.204587300000000000e-01
1.132985880000000056e-01
1.181968230000000064e-01
1.173682880000000012e-01
1.247049719999999973e-01
1.175791989999999954e-01
1.131488529999999937e-01
1.066471259999999949e-01
1.137718189999999963e-01
1.062550689999999937e-01
1.096177029999999969e-01
1.240252629999999967e-01
1.088200730000000033e-01
1.114230009999999937e-01
1.186720579999999969e-01
1.173512560000000010e-01
1.217650769999999993e-01
1.111405040000000011e-01
1.123764810000000003e-01
1.053681149999999983e-01
1.165584249999999933e-01
1.185851099999999936e-01
1.054620520000000006e-01
1.043800339999999965e-01
1.178422050000000054e-01
1.171630020000000022e-01
1.121510790000000007e-01
1.122757719999999959e-01
1.188853460000000029e-01
1.116251800000000044e-01
1.097715419999999997e-01
1.087643580000000054e-01
1.131975050000000038e-01
1.138852610000000015e-01
1.168275399999999936e-01
1.159903179999999950e-01
1.078734620000000033e-01
1.063191970000000042e-01
1.103296349999999953e-01
1.216882839999999938e-01
1.083555669999999999e-01
1.137432530000000025e-01
1.065899059999999982e-01
1.262205690000000047e-01
1.048658789999999952e-01
1.206887070000000062e-01
1.104803379999999974e-01
1.078712790000000005e-01
1.141509639999999937e-01
1.095797200000000055e-01
1.138190850000000004e-01
1.260339619999999994e-01
1.160760150000000046e-01
1.199245300000000014e-01
1.243159169999999980e-01
1.089470909999999959e-01
9.919086840000000682e-02
1.113089839999999997e-01
1.131246020000000047e-01
1.111166630000000044e-01
1.128352279999999958e-01
1.023361460000000028e-01
1.121281459999999980e-01
1.173598839999999977e-01
1.215578169999999986e-01
1.123792009999999980e-01
1.068867149999999933e-01
1.129445139999999959e-01
1.094476800000000055e-01
1.047626509999999983e-01
1.036897749999999979e-01
9.886859359999999874e-02
1.080759020000000015e-01
1.074046939999999950e-01
1.031681299999999968e-01
1.118460220000000033e-01
1.155341490000000026e-01
1.171876040000000008e-01
1.166872230000000066e-01
1.168600469999999947e-01
1.099428979999999972e-01
1.069018620000000003e-01
1.096658189999999977e-01
1.089019180000000003e-01
1.095152270000000067e-01
1.140718680000000068e-01
1.112717540000000005e-01
1.060134539999999931e-01
1.087028240000000034e-01
1.091849510000000023e-01
1.078298689999999949e-01
1.102286350000000054e-01
1.002847250000000051e-01
1.227113979999999993e-01
1.178225950000000022e-01
1.101414109999999946e-01
1.113260979999999983e-01
1.041366380000000036e-01
1.014669089999999940e-01
1.128674000000000066e-01
1.111383590000000060e-01
1.093065069999999972e-01
1.201456860000000015e-01
1.007426530000000015e-01
1.121523309999999940e-01
1.016088869999999950e-01
1.026680690000000007e-01
1.160876079999999949e-01
1.020961930000000017e-01
1.189516709999999949e-01
1.195254550000000027e-01
1.066833439999999994e-01
1.140335950000000015e-01
1.123744619999999944e-01
1.039768979999999982e-01
1.088557990000000031e-01
1.094032229999999939e-01
1.167573259999999946e-01
9.867334369999999910e-02
1.073131709999999989e-01
1.124148289999999939e-01
1.144088060000000018e-01
1.034873870000000001e-01
1.099509300000000023e-01
1.059378829999999966e-01
1.114794310000000038e-01
1.067724599999999996e-01
1.077900980000000009e-01
1.188820530000000014e-01
1.103326310000000005e-01
1.121439109999999989e-01
9.599850329999999599e-02
1.034300100000000028e-01
1.083445700000000012e-01
1.054808049999999969e-01
1.117445080000000063e-01
1.136933039999999950e-01
1.176401450000000015e-01
1.048075039999999958e-01
1.113281180000000037e-01
1.163317340000000061e-01
1.080987159999999975e-01
1.086919310000000055e-01
1.059691239999999979e-01
1.076892839999999962e-01
1.067277570000000064e-01
1.062697840000000060e-01
1.042670829999999965e-01
1.096066089999999937e-01
1.106495339999999938e-01
9.674595299999999565e-02
1.010028939999999958e-01
1.073262469999999996e-01
1.162690219999999997e-01
1.106932240000000067e-01
1.155627300000000024e-01
1.098269749999999934e-01
9.750419859999999439e-02
1.121287569999999956e-01
1.064252779999999982e-01
1.085981349999999984e-01
1.080315560000000008e-01
1.222276240000000069e-01
1.115708049999999951e-01
1.021618549999999959e-01
1.044008359999999969e-01
1.016875129999999933e-01
1.134735119999999986e-01
1.037093619999999994e-01
1.187509969999999970e-01
1.022240969999999999e-01
1.130353360000000001e-01
1.074767709999999987e-01
1.035151710000000030e-01
1.043108029999999936e-01
1.043663320000000061e-01
9.840424359999999648e-02
1.001158359999999997e-01
1.014132279999999942e-01
1.105866580000000043e-01
1.027099709999999971e-01
1.039701700000000006e-01
1.243393940000000059e-01
1.084586679999999942e-01
1.082554389999999950e-01
1.086721789999999938e-01
1.023928000000000060e-01
1.012646479999999988e-01
1.080774290000000026e-01
1.194833440000000052e-01
1.043619810000000064e-01
9.534493830000000114e-02
1.151950060000000026e-01
1.065623609999999943e-01
1.083622350000000012e-01
9.857942159999999454e-02
1.141632800000000059e-01
1.236073149999999954e-01
1.065414989999999978e-01
1.145145890000000000e-01
1.082273650000000059e-01
1.046665829999999936e-01
1.089159400000000028e-01
9.780736269999999732e-02
1.069626060000000017e-01
1.061019230000000008e-01
1.174527560000000054e-01
9.461520610000000164e-02
1.001986339999999948e-01
1.103897840000000047e-01
1.055956859999999942e-01
1.111188010000000032e-01
9.250117839999999481e-02
1.130693779999999982e-01
1.123621689999999979e-01
1.100276709999999936e-01
1.231294569999999977e-01
9.976881740000000109e-02
9.953783450000000532e-02
1.073173580000000016e-01
9.465077519999999522e-02
9.739855679999999405e-02
1.184817179999999998e-01
9.671867639999999489e-02
1.036195010000000027e-01
9.890792519999999644e-02
9.680932759999999471e-02
1.026567669999999960e-01
1.122966410000000026e-01
9.241764249999999403e-02
1.098707990000000051e-01
1.068431289999999950e-01
1.015909390000000051e-01
1.122759279999999971e-01
1.074771290000000046e-01
1.032119100000000039e-01
1.057940650000000066e-01
1.008405609999999952e-01
1.019243900000000036e-01
9.963353719999999691e-02
1.027876060000000036e-01
1.144232530000000025e-01
9.892769899999999395e-02
9.921168539999999925e-02
1.004538309999999934e-01
1.029081339999999983e-01
9.876332429999999662e-02
1.084335599999999983e-01
1.060146240000000017e-01
1.048179340000000015e-01
1.023310199999999948e-01
1.033522409999999975e-01
1.025739539999999950e-01
1.025215760000000031e-01
1.133347749999999987e-01
1.053399889999999950e-01
9.803838280000000405e-02
1.073003780000000018e-01
9.971632810000000124e-02
1.002999249999999981e-01
1.124756709999999993e-01
1.055882719999999969e-01
1.036621929999999997e-01
1.141658130000000049e-01
1.121913640000000018e-01
1.135923340000000031e-01
1.054909900000000067e-01
8.589629830000000688e-02
1.017665489999999978e-01
1.061651110000000064e-01
1.038400379999999956e-01
9.683728960000000108e-02
1.053106040000000021e-01
1.068406920000000010e-01
1.076125950000000053e-01
1.024864459999999949e-01
1.042225729999999989e-01
9.964259709999999381e-02
9.873595089999999408e-02
9.276950359999999729e-02
1.096216289999999982e-01
1.037468389999999935e-01
1.095831169999999938e-01
1.065633740000000024e-01
1.170691100000000040e-01
1.052748490000000037e-01
1.072863490000000031e-01
1.039793190000000006e-01
9.029238670000000466e-02
1.044581009999999976e-01
1.101060660000000024e-01
1.031647400000000048e-01
9.969954189999999383e-02
1.052926109999999943e-01
1.069453139999999997e-01
1.002993209999999968e-01
1.029339729999999981e-01
9.733357280000000389e-02
1.056593950000000032e-01
1.001342830000000045e-01
1.032114330000000052e-01
9.631886330000000163e-02
9.729217739999999892e-02
9.214723860000000044e-02
1.037837489999999946e-01
1.037482019999999977e-01
1.178938519999999934e-01
1.050227880000000058e-01
1.029966179999999981e-01
9.303133189999999997e-02
1.019245309999999988e-01
1.044829409999999958e-01
1.092043220000000064e-01
1.005459949999999991e-01
9.925910089999999408e-02
1.052989659999999938e-01
1.020092890000000030e-01
1.056221650000000040e-01
9.533914920000000071e-02
9.824725239999999860e-02
1.112969000000000042e-01
1.033449399999999962e-01
1.108355149999999956e-01
9.427289660000000293e-02
9.726758300000000468e-02
1.016083359999999935e-01
9.777468440000000593e-02
1.088014919999999996e-01
8.951147650000000622e-02
1.025897640000000000e-01
1.011172609999999999e-01
1.053541000000000061e-01
1.019475910000000041e-01
9.468553959999999325e-02
9.555486589999999392e-02
1.024017779999999989e-01
1.020477409999999974e-01
1.041868630000000046e-01
9.823343900000000573e-02
1.091252709999999959e-01
1.015046389999999937e-01
8.841396120000000192e-02
1.043982430000000017e-01
9.327139710000000028e-02
1.068665979999999932e-01
1.022920390000000013e-01
1.018087339999999980e-01
9.972581269999999942e-02
9.327343849999999992e-02
8.658012750000000646e-02
9.603749960000000641e-02
1.032251859999999966e-01
1.147578360000000020e-01
1.196299720000000011e-01
1.166714209999999974e-01
1.118621010000000054e-01
1.035384909999999964e-01
9.712131320000000345e-02
1.054404679999999955e-01
9.746605160000000601e-02
1.116406249999999933e-01
9.281060100000000646e-02
1.027561500000000044e-01
8.678943660000000559e-02
9.944063429999999704e-02
1.142705980000000010e-01
1.048252580000000045e-01
9.239721300000000581e-02
1.016167099999999990e-01
1.013705800000000018e-01
1.066104400000000008e-01
1.048449500000000062e-01
9.813396630000000009e-02
8.625722680000000309e-02
1.027655380000000035e-01
1.019321160000000032e-01
1.001184729999999995e-01
1.002759929999999938e-01
1.115812510000000063e-01
1.055662410000000051e-01
9.391112629999999462e-02
1.000263319999999956e-01
1.044973430000000064e-01
1.118494270000000013e-01
8.789122850000000153e-02
1.001677069999999947e-01
1.060783710000000046e-01
1.003724260000000007e-01
1.017553659999999999e-01
1.053399889999999950e-01
1.066081370000000056e-01
9.892159700000000000e-02
1.015734820000000066e-01
8.830476549999999314e-02
8.675076810000000027e-02
1.140368880000000029e-01
9.923926739999999747e-02
1.079081149999999989e-01
1.062658499999999950e-01
9.075582769999999966e-02
8.951099220000000023e-02
1.007081489999999968e-01
1.133677589999999985e-01
9.719483550000000693e-02
1.028430830000000018e-01
1.031066779999999933e-01
1.040395130000000001e-01
9.728652979999999340e-02
1.094619109999999951e-01
1.040847000000000022e-01
9.315931049999999491e-02
1.066304889999999950e-01
1.144549849999999952e-01
1.034780889999999953e-01
9.313066300000000242e-02
8.946888149999999984e-02
8.537161349999999871e-02
9.840825949999999767e-02
8.974803979999999848e-02
9.046208860000000407e-02
9.657026080000000179e-02
1.082534940000000057e-01
8.656105399999999839e-02
1.107917350000000023e-01
8.714678879999999961e-02
9.765341130000000647e-02
9.159958360000000632e-02
9.475311640000000368e-02
9.358747300000000435e-02
9.835170949999999523e-02
1.122175829999999958e-01
9.681756789999999835e-02
1.022618490000000019e-01
1.014165800000000062e-01
9.953017529999999558e-02
1.112886520000000018e-01
9.216746689999999465e-02
1.004792080000000004e-01
9.142190960000000366e-02
1.010085869999999969e-01
1.056319329999999973e-01
8.926354350000000049e-02
9.430056069999999402e-02
1.213964299999999996e-01
8.650720859999999623e-02
1.069912239999999959e-01
9.782980380000000364e-02
9.587495769999999917e-02
1.016863660000000003e-01
1.109733880000000061e-01
9.805426000000000419e-02
1.031934250000000053e-01
9.246090049999999838e-02
1.030788120000000058e-01
9.351699800000000395e-02
9.352862829999999961e-02
1.125463099999999966e-01
9.601604190000000150e-02
1.009750140000000018e-01
1.024945899999999965e-01
1.029664649999999931e-01
9.178333730000000357e-02
1.007998060000000057e-01
1.046549449999999992e-01
9.817588330000000252e-02
1.018693370000000042e-01
9.252328429999999437e-02
1.118303689999999989e-01
1.020504089999999947e-01
8.212158830000000631e-02
9.906075150000000218e-02
1.085656879999999935e-01
1.006161049999999973e-01
1.036711339999999981e-01
8.664736150000000581e-02
9.307894860000000270e-02
9.573770310000000172e-02
9.748232360000000374e-02
1.044192840000000011e-01
1.059863870000000013e-01
9.872955830000000599e-02
8.632965389999999739e-02
1.039866879999999938e-01
9.115260840000000142e-02
9.017176179999999985e-02
1.011092890000000050e-01
1.074399199999999943e-01
1.007802639999999944e-01
1.120063220000000054e-01
9.757845099999999661e-02
1.032343800000000006e-01
9.147379549999999637e-02
9.223871679999999518e-02
9.778718649999999790e-02
1.046849190000000013e-01
9.582446520000000023e-02
1.012032110000000013e-01
1.088872550000000022e-01
9.570625419999999328e-02
9.227576110000000609e-02
1.133142780000000044e-01
1.007997020000000049e-01
8.479037879999999638e-02
1.092551870000000036e-01
9.325200320000000265e-02
8.126129960000000318e-02
8.952323349999999347e-02
9.435078500000000645e-02
9.188205000000000677e-02
9.959530830000000445e-02
1.022363980000000061e-01
1.095718739999999997e-01
1.162763160000000046e-01
9.793405230000000461e-02
1.038801000000000030e-01
9.127517790000000408e-02
1.072784890000000046e-01
1.013219649999999999e-01
1.112331970000000059e-01
9.407778079999999654e-02
9.015006570000000385e-02
1.044645089999999971e-01
9.366240350000000492e-02
9.239602090000000045e-02
1.030212570000000050e-01
8.619677280000000164e-02
9.375695139999999650e-02
8.035967500000000541e-02
1.077668890000000046e-01
1.014068949999999969e-01
1.037866699999999975e-01
9.024815260000000616e-02
1.106734199999999946e-01
9.968424589999999585e-02
1.111505849999999962e-01
9.049864109999999906e-02
8.894184980000000018e-02
9.500745680000000082e-02
1.022956520000000008e-01
1.007485540000000040e-01
1.095166499999999932e-01
9.259486200000000000e-02
9.252047539999999626e-02
1.093205510000000019e-01
9.240575880000000131e-02
9.568838779999999655e-02
1.007841379999999953e-01
8.382655679999999332e-02
9.580761940000000199e-02
8.203120530000000687e-02
9.450793270000000523e-02
9.580933299999999653e-02
1.055177600000000021e-01
1.046453569999999944e-01
9.585858140000000360e-02
9.548939759999999777e-02
9.213895349999999540e-02
9.528329219999999433e-02
9.042320399999999314e-02
9.421788159999999746e-02
1.063081470000000056e-01
1.052550379999999952e-01
9.244746709999999978e-02
8.278841530000000115e-02
8.863199500000000508e-02
9.438733009999999979e-02
9.096572549999999702e-02
9.539069240000000449e-02
9.692726279999999695e-02
1.014222800000000035e-01
1.054427770000000014e-01
8.364321289999999964e-02
8.737161760000000665e-02
1.069470639999999945e-01
8.486709000000000613e-02
7.994429769999999991e-02
9.109777210000000180e-02
8.348949999999999427e-02
9.512532499999999669e-02
1.057351599999999947e-01
9.600152820000000531e-02
9.499470140000000618e-02
9.301269049999999483e-02
1.001143230000000051e-01
9.030990299999999693e-02
9.698225559999999745e-02
9.614143519999999998e-02
9.086073190000000521e-02
9.530876580000000042e-02
8.178881559999999495e-02
8.269685509999999407e-02
8.743077520000000491e-02
1.026751999999999942e-01
9.111268070000000385e-02
1.027298049999999935e-01
6.955481319999999579e-02
9.192335610000000601e-02
9.003689889999999529e-02
9.972336889999999787e-02
7.085192199999999774e-02
9.984202679999999719e-02
9.568962450000000064e-02
8.862552790000000069e-02
9.403888879999999784e-02
1.035444739999999975e-01
9.849105029999999372e-02
1.074115479999999956e-01
1.078705709999999984e-01
9.633604440000000102e-02
9.153682740000000650e-02
9.296271949999999895e-02
8.321236819999999756e-02
9.328737850000000387e-02
9.491846710000000076e-02
1.069556920000000050e-01
8.392608170000000201e-02
1.026145670000000037e-01
1.125612039999999980e-01
8.850066360000000132e-02
9.471792730000000438e-02
1.103299779999999952e-01
9.651309249999999451e-02
9.889336679999999324e-02
9.636794029999999622e-02
1.157599760000000005e-01
9.731436520000000256e-02
8.511208000000000662e-02
9.136842189999999642e-02
8.854445819999999523e-02
1.053171229999999986e-01
1.053152680000000035e-01
9.065350889999999884e-02
9.194058180000000413e-02
9.490305189999999336e-02
8.551014210000000559e-02
1.082460360000000038e-01
1.037552129999999989e-01
9.521427009999999802e-02
9.620141979999999315e-02
9.189300979999999452e-02
9.476970140000000320e-02
9.742797170000000451e-02
7.085989419999999539e-02
9.590282290000000376e-02
9.919662769999999796e-02
8.135265860000000238e-02
9.877113249999999733e-02
9.156823159999999406e-02
8.875225479999999945e-02
8.349359039999999788e-02
9.198093409999999470e-02
9.086169299999999338e-02
8.851457390000000425e-02
1.009020880000000009e-01
9.374491129999999728e-02
9.321080889999999730e-02
9.362287819999999539e-02
8.768963070000000692e-02
8.734066779999999364e-02
9.841553869999999926e-02
8.080770819999999466e-02
8.868405220000000200e-02
1.129562179999999971e-01
8.672222500000000001e-02
1.040560009999999952e-01
8.879001440000000578e-02
9.012730419999999409e-02
9.270918370000000297e-02
9.642648700000000517e-02
8.264238390000000489e-02
8.627177769999999635e-02
9.955859179999999864e-02
9.284628929999999558e-02
1.009251480000000062e-01
9.005270149999999862e-02
7.401194419999999885e-02
1.009109910000000054e-01
7.856997100000000234e-02
8.786302059999999414e-02
8.362046630000000147e-02
8.919818699999999823e-02
1.023694500000000007e-01
8.179554340000000368e-02
9.488878400000000379e-02
1.117682009999999976e-01
7.276043299999999936e-02
9.780752659999999987e-02
8.821111169999999724e-02
1.010115000000000041e-01
1.070383790000000029e-01
9.949240830000000146e-02
7.997441289999999980e-02
1.058088019999999935e-01
9.049347789999999392e-02
8.977426589999999706e-02
8.308823410000000520e-02
8.629666269999999861e-02
9.130762520000000604e-02
8.337464179999999614e-02
7.162109020000000104e-02
1.104963350000000011e-01
1.078528170000000036e-01
9.384079280000000300e-02
9.507653859999999624e-02
8.619789029999999630e-02
8.697232600000000258e-02
8.644013849999999943e-02
1.039737020000000012e-01
1.166177619999999998e-01
8.036285640000000174e-02
6.952789430000000381e-02
8.269152050000000420e-02
7.834684849999999645e-02
9.241578729999999631e-02
9.854523090000000263e-02
1.100532040000000017e-01
1.074958149999999946e-01
1.025159509999999941e-01
9.332667290000000448e-02
8.677952740000000054e-02
1.109941150000000043e-01
8.864915369999999684e-02
8.611571789999999949e-02
8.164044469999999498e-02
9.165743739999999973e-02
9.218627209999999406e-02
8.682304620000000361e-02
8.517856899999999565e-02
7.948637009999999503e-02
9.904719139999999811e-02
1.117361490000000068e-01
7.840284710000000601e-02
1.120283309999999949e-01
8.963009719999999458e-02
1.094036399999999964e-01
8.623050899999999686e-02
9.028088300000000621e-02
1.119130180000000030e-01
9.264107050000000565e-02
8.906338360000000398e-02
9.306731079999999712e-02
8.357644079999999864e-02
8.079967650000000057e-02
9.054405990000000126e-02
1.014051589999999947e-01
9.055030349999999839e-02
1.001529169999999941e-01
1.023148069999999937e-01
9.274598209999999898e-02
1.008117790000000041e-01
8.080180730000000033e-02
8.208566900000000000e-02
9.289771319999999555e-02
7.674463089999999932e-02
9.793495389999999634e-02
8.327401430000000437e-02
8.907297250000000000e-02
8.344694229999999324e-02
9.897027910000000261e-02
9.625038499999999386e-02
9.836173060000000246e-02
9.701821950000000250e-02
1.002622320000000067e-01
8.836210519999999902e-02
5.696605150000000339e-02
8.624071630000000599e-02
8.892466870000000079e-02
8.102255310000000543e-02
7.090960440000000642e-02
8.276763560000000020e-02
9.116529669999999530e-02
8.909992129999999566e-02
8.451235290000000400e-02
7.387416809999999834e-02
9.216111150000000363e-02
9.682516750000000338e-02
9.553007040000000005e-02
1.056532929999999953e-01
9.620387850000000629e-02
8.784014730000000437e-02
8.644874389999999964e-02
7.388760149999999693e-02
1.005730630000000042e-01
8.946939560000000125e-02
8.540656420000000693e-02
9.664446860000000528e-02
8.708566430000000413e-02
9.727329760000000269e-02
9.272962810000000278e-02
9.036706390000000255e-02
7.133778929999999574e-02
9.528212249999999661e-02
9.612911940000000433e-02
9.292909500000000322e-02
1.229238730000000029e-01
8.126991990000000110e-02
9.803931420000000507e-02
9.541772310000000423e-02
9.523884950000000016e-02
8.978585149999999959e-02
1.033152039999999938e-01
9.672379490000000690e-02
9.722965960000000407e-02
1.029698250000000009e-01
1.033803150000000004e-01
8.980121459999999833e-02
9.009431299999999532e-02
9.342043849999999428e-02
8.359833060000000649e-02
8.653690669999999918e-02
8.450730889999999440e-02
8.305724709999999511e-02
9.359879050000000089e-02
1.123748650000000043e-01
9.233407679999999784e-02
8.812569829999999937e-02
8.305864779999999614e-02
1.073853599999999991e-01
9.081108120000000450e-02
1.001768559999999947e-01
8.866138010000000624e-02
1.211771219999999982e-01
8.801642810000000205e-02
1.037034319999999982e-01
8.860612660000000140e-02
8.662240949999999717e-02
7.144715640000000312e-02
8.915615080000000026e-02
9.516425430000000074e-02
8.700819310000000584e-02
1.048259740000000023e-01
9.322523330000000163e-02
7.334982600000000685e-02
9.547094999999999887e-02
8.584445709999999341e-02
6.477963180000000099e-02
8.218079809999999374e-02
9.578368810000000011e-02
9.265828880000000212e-02
6.870811429999999775e-02
9.877929089999999690e-02
8.551941809999999422e-02
9.619785100000000089e-02
7.729985559999999478e-02
7.652217149999999968e-02
8.467356119999999708e-02
8.956084400000000056e-02
8.309396360000000092e-02
7.445678109999999406e-02
8.353707189999999561e-02
9.091538940000000457e-02
7.191547750000000516e-02
7.423638550000000169e-02
7.991214100000000597e-02
8.645711089999999488e-02
7.771654429999999558e-02
7.369688900000000154e-02
1.109142600000000006e-01
8.794245870000000354e-02
9.509050099999999395e-02
8.112412689999999593e-02
8.862935010000000391e-02
7.375457139999999634e-02
9.561478349999999460e-02
8.436758819999999603e-02
9.158539770000000135e-02
9.632964430000000300e-02
8.868814999999999338e-02
1.051085290000000061e-01
8.013036099999999717e-02
8.601641649999999806e-02
8.865720030000000251e-02
9.260140360000000681e-02
8.520729840000000610e-02
8.987068380000000356e-02
9.102842960000000205e-02
9.384829549999999798e-02
1.059487459999999964e-01
7.625199850000000112e-02
1.083278659999999949e-01
9.427455070000000104e-02
9.526852519999999547e-02
6.646366419999999442e-02
8.933380990000000521e-02
8.283422140000000489e-02
8.412693440000000578e-02
1.039651040000000026e-01
8.844344319999999926e-02
8.904411639999999795e-02
1.008307489999999973e-01
9.035175289999999859e-02
8.180964740000000457e-02
9.764967110000000172e-02
8.350110800000000444e-02
9.325808289999999723e-02
9.437832979999999372e-02
9.707611800000000291e-02
1.021017949999999952e-01
1.046812389999999954e-01
9.501089899999999588e-02
8.356103300000000678e-02
8.651737119999999837e-02
9.553320710000000326e-02
7.439190889999999778e-02
8.670610930000000049e-02
8.519393209999999439e-02
9.044671059999999374e-02
1.115438420000000042e-01
8.635732529999999574e-02
1.019626929999999931e-01
9.090242530000000598e-02
7.461518050000000291e-02
8.640559019999999313e-02
9.302471580000000462e-02
8.433353899999999903e-02
7.843682170000000620e-02
1.068354029999999955e-01
8.909349140000000222e-02
9.272433069999999611e-02
7.328022269999999450e-02
7.911798359999999697e-02
8.902431280000000502e-02
7.854098079999999316e-02
9.522791210000000617e-02
9.214150910000000472e-02
6.851333380000000639e-02
1.005991249999999976e-01
8.778140689999999746e-02
9.573708470000000248e-02
9.348719569999999757e-02
9.918342530000000268e-02
8.634725960000000367e-02
8.626346290000000416e-02
1.034912840000000028e-01
8.151567730000000567e-02
7.851118590000000230e-02
8.516725899999999516e-02
8.608398590000000683e-02
7.475564630000000599e-02
7.706484939999999617e-02
7.706630230000000026e-02
6.421068309999999890e-02
1.025287289999999990e-01
1.120498550000000038e-01
8.685474840000000085e-02
9.616100040000000182e-02
6.593573839999999908e-02
6.784837689999999311e-02
7.916732880000000583e-02
6.354685129999999849e-02
8.941476049999999565e-02
9.189616139999999544e-02
1.105986459999999949e-01
9.895238280000000219e-02
9.592080860000000431e-02
9.591689709999999536e-02
9.657485039999999521e-02
7.699792830000000421e-02
8.831895889999999416e-02
1.043363509999999938e-01
7.694935799999999548e-02
1.434310229999999908e-01
6.779269870000000087e-02
1.015923839999999939e-01
9.055337310000000084e-02
1.011788099999999940e-01
9.813889119999999466e-02
1.091323939999999937e-01
1.001513900000000068e-01
1.127437800000000018e-01
8.212801810000000535e-02
9.333541239999999795e-02
1.011015180000000013e-01
9.868776049999999911e-02
8.844497049999999749e-02
8.147811139999999730e-02
8.360196649999999952e-02
9.836106749999999621e-02
9.419240060000000359e-02
7.381070409999999915e-02
1.071594879999999972e-01
8.189901709999999890e-02
9.842970970000000652e-02
8.715325590000000400e-02
8.574066310000000302e-02
9.765278550000000557e-02
7.725770769999999732e-02
7.080464070000000443e-02
8.370055260000000552e-02
7.976952199999999549e-02
1.041581179999999940e-01
6.129892540000000251e-02
7.850286360000000019e-02
9.101387110000000447e-02
9.039191900000000113e-02
8.781384679999999776e-02
6.745411460000000359e-02
8.442021160000000302e-02
7.632505890000000626e-02
8.998261389999999416e-02
9.552455690000000166e-02
9.578017889999999868e-02
8.325303350000000380e-02
8.289616549999999362e-02
1.039808910000000058e-01
7.107818870000000289e-02
6.578440219999999450e-02
8.526577800000000040e-02
9.559065099999999870e-02
8.445788919999999700e-02
1.046759490000000042e-01
9.852766250000000170e-02
9.738793969999999522e-02
7.254716749999999548e-02
8.923361450000000250e-02
8.986458930000000567e-02
1.040362120000000029e-01
9.011624749999999628e-02
9.015161539999999585e-02
9.411723169999999805e-02
7.149545100000000153e-02
7.436680049999999653e-02
7.434698939999999368e-02
6.999978419999999812e-02
9.875048699999999791e-02
9.438828380000000018e-02
8.273246139999999860e-02
1.016608330000000060e-01
8.246284719999999457e-02
7.732639460000000076e-02
8.380364630000000647e-02
8.114663510000000302e-02
8.199675380000000235e-02
9.608517589999999997e-02
8.412908019999999765e-02
7.132716479999999526e-02
7.021120940000000199e-02
9.866090859999999962e-02
6.405784929999999711e-02
9.456885610000000109e-02
7.236620039999999698e-02
6.572462619999999700e-02
7.900395990000000368e-02
9.990034999999999887e-02
9.982593359999999971e-02
8.558323980000000220e-02
9.461519869999999999e-02
8.847498889999999561e-02
9.457878769999999991e-02
9.437639270000000580e-02
1.042323710000000042e-01
9.633427109999999349e-02
1.020620839999999974e-01
1.037749869999999991e-01
8.719894290000000658e-02
7.752420749999999749e-02
9.241648019999999797e-02
8.896741269999999813e-02
9.689934549999999758e-02
7.516374439999999602e-02
1.054477989999999948e-01
1.025943609999999950e-01
1.015698460000000053e-01
6.789956989999999803e-02
1.106541679999999972e-01
7.797574999999999645e-02
8.613704140000000287e-02
7.161242510000000172e-02
8.181522789999999545e-02
8.234453199999999806e-02
9.541419149999999516e-02
7.840928440000000110e-02
7.055051619999999635e-02
9.124461559999999527e-02
8.820316200000000162e-02
6.481641529999999929e-02
9.549871829999999340e-02
8.243431900000000589e-02
1.012820749999999992e-01
7.499495150000000387e-02
8.906086530000000001e-02
1.003982570000000046e-01
9.096404909999999955e-02
8.290150759999999341e-02
8.157341179999999525e-02
9.211957449999999548e-02
9.207406640000000142e-02
8.957641569999999498e-02
7.423993199999999459e-02
9.783686699999999403e-02
7.383401689999999351e-02
8.210740980000000300e-02
8.871205149999999984e-02
8.888793740000000554e-02
1.082404180000000049e-01
6.698434799999999911e-02
8.491817120000000330e-02
8.630381519999999473e-02
7.290108500000000435e-02
9.083793310000000398e-02
8.377537129999999832e-02
8.621601760000000003e-02
8.385840799999999540e-02
7.564251869999999434e-02
9.519058469999999716e-02
9.626691040000000255e-02
7.716326419999999797e-02
1.013102010000000025e-01
7.776530090000000062e-02
6.401218470000000216e-02
8.729846780000000139e-02
9.636886420000000120e-02
8.211497959999999874e-02
8.949284259999999713e-02
9.031786020000000248e-02
1.073767840000000029e-01
7.718764250000000049e-02
1.090012570000000042e-01
7.294227179999999977e-02
1.042365509999999967e-01
7.889764009999999939e-02
1.079042999999999947e-01
8.085440839999999407e-02
9.416903560000000617e-02
1.055436430000000064e-01
1.005216460000000062e-01
9.551429000000000169e-02
1.055340470000000058e-01
8.347567170000000369e-02
7.535187899999999661e-02
8.657694609999999624e-02
8.655934040000000385e-02
8.204323049999999451e-02
9.287184480000000575e-02
8.061694349999999620e-02
8.111637089999999828e-02
7.770698519999999498e-02
9.568730000000000291e-02
7.875528190000000150e-02
8.852268010000000076e-02
9.722791610000000584e-02
6.846084450000000654e-02
9.956519310000000456e-02
9.187687190000000392e-02
8.294568210000000108e-02
9.288294610000000229e-02
1.039961729999999973e-01
8.931150290000000602e-02
7.336147869999999627e-02
9.687892350000000541e-02
8.046903460000000285e-02
8.122756329999999969e-02
7.901144770000000095e-02
9.870644659999999737e-02
8.863712849999999532e-02
1.125963110000000045e-01
5.628332870000000293e-02
7.616055759999999786e-02
8.295086769999999998e-02
6.253121790000000513e-02
1.012138580000000038e-01
9.504713119999999571e-02
7.374511659999999358e-02
7.661549750000000436e-02
9.199297430000000220e-02
6.553269920000000248e-02
9.421224890000000352e-02
9.121386709999999842e-02
6.586473439999999957e-02
8.290985970000000482e-02
6.813669199999999870e-02
7.492439450000000500e-02
8.876331899999999331e-02
7.727348800000000129e-02
8.238093550000000209e-02
6.362855430000000090e-02
7.215587789999999835e-02
8.932342379999999582e-02
6.596841659999999607e-02
9.487205740000000109e-02
8.258237690000000408e-02
6.978511810000000148e-02
8.708955349999999984e-02
7.723780719999999433e-02
9.961669149999999306e-02
6.715667250000000033e-02
7.636821269999999329e-02
6.097838659999999661e-02
9.763150660000000092e-02
8.497720209999999608e-02
1.014123559999999952e-01
7.271740590000000393e-02
6.815191360000000254e-02
1.117937420000000015e-01
1.036685710000000010e-01
7.983214410000000205e-02
1.057892289999999985e-01
8.208523689999999706e-02
8.199461550000000654e-02
9.024170039999999948e-02
7.063321020000000450e-02
6.922085579999999461e-02
9.235172719999999724e-02
1.106720790000000065e-01
7.049851860000000414e-02
8.047022669999999434e-02
9.668324139999999456e-02
7.608039680000000526e-02
9.143969420000000459e-02
9.682898219999999667e-02
5.503668639999999973e-02
9.723067280000000090e-02
8.764327319999999644e-02
1.081111879999999970e-01
8.760005980000000469e-02
9.381666029999999323e-02
7.407344130000000082e-02
7.131817190000000473e-02
9.562463309999999495e-02
7.737397399999999814e-02
9.387887270000000450e-02
1.020377279999999942e-01
7.591346649999999863e-02
9.021656220000000281e-02
1.125583649999999936e-01
9.022758159999999528e-02
7.683134079999999477e-02
5.378671360000000096e-02
1.032047350000000058e-01
9.578389669999999578e-02
6.186884639999999658e-02
1.064973250000000038e-01
6.391174350000000670e-02
9.183096890000000401e-02
8.739998190000000666e-02
7.947134229999999744e-02
8.430218700000000065e-02
8.350220319999999974e-02
6.672806289999999585e-02
6.482973690000000400e-02
7.402474430000000050e-02
8.131549509999999592e-02
8.277977999999999725e-02
1.131879610000000036e-01
8.703530580000000405e-02
7.470703119999999586e-02
6.319250910000000221e-02
9.107630699999999524e-02
1.087666679999999969e-01
6.664705279999999510e-02
8.514948930000000582e-02
6.822617350000000080e-02
7.005115600000000331e-02
8.472713830000000446e-02
8.476115019999999611e-02
1.065901219999999955e-01
1.063697640000000055e-01
9.199583529999999509e-02
7.934522630000000187e-02
8.826207369999999885e-02
6.814924629999999373e-02
8.711794019999999361e-02
6.749697030000000042e-02
9.270119670000000200e-02
8.122405409999999826e-02
7.825747130000000606e-02
7.128217820000000426e-02
8.372162280000000623e-02
9.860452259999999414e-02
8.586022999999999572e-02
5.521420020000000067e-02
1.034972069999999938e-01
5.625469240000000037e-02
1.061239840000000045e-01
6.560313700000000581e-02
6.762357060000000197e-02
7.801736889999999480e-02
1.166703030000000030e-01
8.177859340000000199e-02
9.042962640000000440e-02
1.002364159999999949e-01
8.752653750000000121e-02
7.639638329999999533e-02
7.233650980000000397e-02
6.552944330000000372e-02
5.761095139999999892e-02
6.100572650000000291e-02
9.284117819999999910e-02
9.066219629999999752e-02
8.893999460000000246e-02
7.214108110000000407e-02
7.432008530000000501e-02
1.187691169999999935e-01
1.106702980000000003e-01
7.144435500000000105e-02
9.057375039999999988e-02
5.585961789999999844e-02
1.009042639999999935e-01
9.958927330000000300e-02
6.527725610000000012e-02
1.064673359999999958e-01
9.115634109999999624e-02
6.334219130000000308e-02
7.757770270000000079e-02
6.919948010000000205e-02
5.341874810000000334e-02
5.974545330000000098e-02
7.561124860000000003e-02
9.983865170000000289e-02
1.049741879999999961e-01
7.607490570000000063e-02
7.693567129999999421e-02
8.860439809999999528e-02
5.783594029999999941e-02
8.536811169999999893e-02
7.843112950000000194e-02
1.030659899999999962e-01
9.706399590000000521e-02
9.635627269999999522e-02
6.980260459999999834e-02
8.272045849999999645e-02
5.784191939999999699e-02
8.437975500000000073e-02
7.163982839999999408e-02
1.204755230000000010e-01
7.914457469999999772e-02
8.194302770000000402e-02
8.678726109999999883e-02
8.106145260000000019e-02
6.591992080000000365e-02
1.029083130000000013e-01
1.144965740000000037e-01
9.207123520000000394e-02
6.457046419999999676e-02
6.243316460000000040e-02
7.383559639999999480e-02
8.586499840000000328e-02
7.639634609999999826e-02
1.019420250000000056e-01
9.968122840000000207e-02
5.184486509999999826e-02
6.012219939999999957e-02
8.492231370000000168e-02
1.026644859999999992e-01
1.109053049999999957e-01
8.298103510000000294e-02
6.777524949999999548e-02
9.121997649999999402e-02
5.788632479999999969e-02
8.661421390000000053e-02
6.146440649999999895e-02
8.829069139999999594e-02
1.084254679999999971e-01
7.762157170000000272e-02
9.831400220000000023e-02
6.064932420000000018e-02
8.121605960000000124e-02
8.615831290000000586e-02
9.420244399999999629e-02
9.947617350000000080e-02
9.394637499999999863e-02
8.723824469999999498e-02
7.766532149999999524e-02
8.656351269999999765e-02
9.535180029999999751e-02
8.014504610000000584e-02
8.527524770000000087e-02
7.394757120000000628e-02
8.105824139999999456e-02
8.399774879999999389e-02
5.498148869999999744e-02
7.195104659999999874e-02
9.366685900000000509e-02
9.059672059999999971e-02
9.940090029999999743e-02
8.440626410000000301e-02
8.082254229999999429e-02
8.046397569999999555e-02
9.546287359999999778e-02
7.769560809999999373e-02
8.067037909999999479e-02
8.326034990000000247e-02
9.013831619999999878e-02
9.187006949999999839e-02
7.557932289999999553e-02
7.918293029999999566e-02
6.629897649999999532e-02
1.230396480000000015e-01
9.445973489999999473e-02
8.935918660000000124e-02
9.702180330000000075e-02
8.934510499999999411e-02
1.085950209999999999e-01
6.804899130000000018e-02
8.423901350000000121e-02
9.650142489999999351e-02
7.255332170000000636e-02
7.994309069999999684e-02
7.472585140000000126e-02
6.651154909999999754e-02
7.099146400000000412e-02
7.495878640000000481e-02
8.745722470000000248e-02
6.775728609999999430e-02
7.264675950000000493e-02
8.075591919999999813e-02
6.684514140000000215e-02
1.118465960000000065e-01
9.713959689999999980e-02
1.007205919999999977e-01
8.339834209999999470e-02
7.180838289999999513e-02
1.004716749999999964e-01
7.367298749999999508e-02
7.678805290000000061e-02
8.042392130000000638e-02
7.966200260000000366e-02
1.185258919999999938e-01
7.985029370000000515e-02
1.236891670000000026e-01
9.492958340000000328e-02
9.360729160000000326e-02
8.036838470000000345e-02
7.856492700000000662e-02
6.907994300000000476e-02
7.236087319999999490e-02
8.899042760000000496e-02
9.451211989999999674e-02
9.745477140000000094e-02
6.455129380000000638e-02
8.549661190000000521e-02
6.404002009999999745e-02
6.038575990000000226e-02
6.111317869999999958e-02
6.181808929999999674e-02
9.331731499999999790e-02
1.081313859999999960e-01
1.015371459999999948e-01
7.965771850000000209e-02
8.523046230000000389e-02
7.264806329999999590e-02
8.882960680000000220e-02
1.012088510000000025e-01
1.008594190000000057e-01
7.082159070000000611e-02
6.766802069999999780e-02
8.827785400000000282e-02
6.584665920000000450e-02
9.230665120000000612e-02
6.831487270000000112e-02
5.965054040000000030e-02
7.662330570000000507e-02
7.072924819999999724e-02
4.823758079999999893e-02
5.481119079999999949e-02
5.898277460000000277e-02
9.951315080000000535e-02
1.087132839999999934e-01
6.406569480000000316e-02
1.142753590000000069e-01
6.233613570000000326e-02
1.038201230000000003e-01
7.823112610000000633e-02
1.050507799999999964e-01
6.944832950000000282e-02
6.209036340000000098e-02
6.222414970000000184e-02
4.987766589999999972e-02
7.328975949999999573e-02
8.318577709999999681e-02
9.320471439999999941e-02
8.619938789999999351e-02
6.703592839999999997e-02
8.912247419999999587e-02
5.729106070000000023e-02
1.236176269999999938e-01
8.570621159999999850e-02
5.750210210000000072e-02
7.338950780000000340e-02
1.065558050000000034e-01
8.211160450000000444e-02
6.829205160000000052e-02
8.963581919999999426e-02
6.784541900000000403e-02
9.065533430000000115e-02
1.023853789999999986e-01
7.001446930000000679e-02
9.602489320000000272e-02
5.034716050000000165e-02
1.131365000000000010e-01
5.716006459999999761e-02
8.224141599999999774e-02
5.951046570000000091e-02
8.334252979999999533e-02
6.355224549999999306e-02
8.360202610000000423e-02
7.488115130000000397e-02
1.214343459999999986e-01
6.124243139999999835e-02
8.953491600000000605e-02
9.328632060000000004e-02
9.632768479999999356e-02
1.119952500000000045e-01
7.905441520000000555e-02
1.050814610000000010e-01
8.364658799999999395e-02
7.571059469999999458e-02
6.691326200000000113e-02
1.340785620000000122e-01
6.711375710000000439e-02
8.642341200000000501e-02
7.668226209999999543e-02
5.974960700000000319e-02
3.923355419999999955e-02
7.965116199999999758e-02
1.131349499999999980e-01
8.783629540000000013e-02
7.238444689999999626e-02
8.803882450000000137e-02
6.482796370000000474e-02
8.355359730000000429e-02
8.750011030000000301e-02
4.555721580000000187e-02
8.004297320000000604e-02
1.041263189999999950e-01
1.385285850000000096e-01
7.197067890000000134e-02
4.772343490000000021e-02
5.869866160000000027e-02
6.675740330000000389e-02
8.130432669999999862e-02
8.881480989999999964e-02
9.578540180000000293e-02
6.788240369999999635e-02
7.819558679999999429e-02
6.800906360000000261e-02
8.440836520000000176e-02
7.613172379999999517e-02
5.529279630000000223e-02
8.648525919999999756e-02
4.504222420000000143e-02
1.023251409999999945e-01
4.476391519999999707e-02
1.026437280000000035e-01
6.079201769999999921e-02
8.525251600000000041e-02
8.061590790000000561e-02
7.028667630000000333e-02
6.093902889999999739e-02
6.647671010000000269e-02
5.517482759999999681e-02
9.819820519999999942e-02
8.185589309999999341e-02
7.198756929999999832e-02
7.722603529999999550e-02
6.133398410000000245e-02
8.044002209999999431e-02
5.941485989999999856e-02
1.133496610000000043e-01
5.511152369999999800e-02
9.752878550000000646e-02
8.015835289999999336e-02
8.611860870000000168e-02
7.320313900000000040e-02
4.501241450000000033e-02
7.572702319999999321e-02
6.949791310000000277e-02
9.492488209999999649e-02
5.113354330000000059e-02
5.705845729999999699e-02
6.444787230000000033e-02
8.222509179999999696e-02
1.132934839999999999e-01
6.750535219999999337e-02
4.453925789999999690e-02
1.100644989999999962e-01
7.322902230000000179e-02
4.901558159999999664e-02
4.179682579999999953e-02
8.310747150000000194e-02
1.078874169999999993e-01
7.754362369999999449e-02
8.003366739999999424e-02
1.100920070000000056e-01
8.325725790000000626e-02
6.356955320000000353e-02
7.478068770000000087e-02
4.202549900000000088e-02
8.621001990000000392e-02
5.722475419999999841e-02
7.346900550000000363e-02
4.027876999999999846e-02
6.269714240000000272e-02
8.924628789999999867e-02
7.539451869999999611e-02
8.641093969999999458e-02
7.083553080000000446e-02
5.885686729999999728e-02
1.250080020000000069e-01
8.118737489999999779e-02
9.673886750000000589e-02
8.517307790000000489e-02
7.254286860000000448e-02
8.883196860000000528e-02
9.303727750000000130e-02
8.160530030000000268e-02
2.719811910000000110e-02
9.535850580000000687e-02
8.604978770000000499e-02
1.151107549999999952e-01
8.982724699999999896e-02
8.752744640000000020e-02
8.038615440000000667e-02
7.814072069999999925e-02
9.491509200000000646e-02
5.548701059999999741e-02
7.318964599999999709e-02
6.466519830000000413e-02
7.206436989999999432e-02
5.868897960000000330e-02
6.183094160000000145e-02
3.009341100000000047e-02
6.865418700000000540e-02
8.815783259999999955e-02
9.092757849999999475e-02
1.057031749999999964e-01
7.201340790000000658e-02
7.152271270000000458e-02
6.237221140000000219e-02
8.056056500000000065e-02
8.358743039999999569e-02
6.099075450000000093e-02
7.786387949999999669e-02
9.041399510000000528e-02
1.170154739999999943e-01
1.081389039999999940e-01
6.755091250000000436e-02
5.584382269999999676e-02
7.240654529999999978e-02
8.265297110000000003e-02
8.444076779999999671e-02
3.886432570000000059e-02
6.962531060000000382e-02
5.449464169999999885e-02
6.495354320000000514e-02
9.092926229999999388e-02
9.250539539999999561e-02
6.937081370000000580e-02
5.153461919999999946e-02
8.995136619999999361e-02
9.773080050000000629e-02
1.058265189999999939e-01
9.103517980000000454e-02
5.998409910000000039e-02
8.499970290000000150e-02
1.067747549999999990e-01
7.897222040000000109e-02
1.280570030000000026e-01
5.259433759999999902e-02
6.422306599999999532e-02
7.885993269999999611e-02
8.663348849999999435e-02
7.713297750000000508e-02
4.888589680000000187e-02
5.268736930000000179e-02
7.994432749999999532e-02
7.576669749999999370e-02
7.054608319999999821e-02
9.292207660000000036e-02
9.169193359999999737e-02
8.890425409999999640e-02
7.355354729999999397e-02
7.653880120000000620e-02
1.016340929999999948e-01
6.743519010000000036e-02
9.340342879999999348e-02
1.175325440000000027e-01
1.165616589999999980e-01
9.864404050000000201e-02
7.718110079999999928e-02
8.055858309999999745e-02
8.297167719999999635e-02
7.116921989999999698e-02
7.553071529999999534e-02
7.202804829999999436e-02
7.700327780000000566e-02
1.012231190000000003e-01
7.934159039999999496e-02
5.803638700000000178e-02
7.418818030000000341e-02
3.252225000000000255e-02
4.562363030000000236e-02
3.894737739999999671e-02
7.470325379999999404e-02
8.128140120000000579e-02
6.840062140000000013e-02
9.691084919999999603e-02
9.760933369999999498e-02
9.364804629999999575e-02
8.107268069999999660e-02
4.921089110000000100e-02
5.393338579999999716e-02
8.384262770000000531e-02
9.132032839999999763e-02
8.581183109999999947e-02
9.037300939999999561e-02
9.569609169999999942e-02
7.501871879999999493e-02
1.052589040000000004e-01
7.553787530000000139e-02
7.420613619999999466e-02
8.880795539999999932e-02
3.105436270000000096e-02
8.679565790000000336e-02
5.509049070000000131e-02
8.550359309999999713e-02
5.536454169999999869e-02
7.032623139999999440e-02
5.211932579999999787e-02
6.656131889999999940e-02
3.705161059999999978e-02
9.004408869999999676e-02
4.888406020000000268e-02
9.814060480000000308e-02
8.772131060000000480e-02
1.182480310000000034e-01
8.016815780000000058e-02
1.140637989999999935e-01
1.043539349999999949e-01
1.068887490000000051e-01
1.135644019999999949e-01
7.803118970000000321e-02
8.519730720000000257e-02
8.469111470000000030e-02
1.049430439999999992e-01
6.349422779999999711e-02
8.020886030000000388e-02
9.873817120000000225e-02
8.298671990000000553e-02
6.933056560000000479e-02
1.051624790000000031e-01
7.468795030000000001e-02
6.653421369999999724e-02
3.505918759999999967e-02
6.065103040000000001e-02
5.883646759999999754e-02
8.539073169999999990e-02
5.640406910000000246e-02
5.112911020000000112e-02
8.699325469999999449e-02
5.869718639999999682e-02
9.365450590000000408e-02
8.700776100000000290e-02
6.159374489999999702e-02
1.050359899999999957e-01
7.477886229999999856e-02
9.508339320000000483e-02
6.735952940000000666e-02
6.971348080000000502e-02
7.192564760000000335e-02
8.317519719999999506e-02
8.059477810000000020e-02
1.051697129999999980e-01
6.659835579999999478e-02
7.229092719999999361e-02
1.041055320000000006e-01
8.865360170000000095e-02
9.571689369999999975e-02
7.579791549999999323e-02
9.505990150000000194e-02
9.413882340000000182e-02
7.736875860000000382e-02
8.852310480000000203e-02
9.839279950000000274e-02
7.437782730000000453e-02
1.043204140000000002e-01
7.293964179999999631e-02
7.738475499999999951e-02
9.846123310000000350e-02
8.824086929999999662e-02
4.468357559999999729e-02
1.010147180000000033e-01
7.488253709999999341e-02
6.196332350000000044e-02
7.250849900000000403e-02
1.168968160000000006e-01
7.327030599999999338e-02
6.585536150000000089e-02
6.548672170000000015e-02
6.977017219999999409e-02
3.080953659999999955e-02
4.246204349999999766e-02
8.910291639999999569e-02
7.450834659999999721e-02
7.085327060000000399e-02
8.239965139999999577e-02
1.057292600000000055e-01
6.100096929999999917e-02
4.607457670000000144e-02
4.903415960000000184e-02
7.429683210000000149e-02
9.701292220000000410e-02
7.816124709999999753e-02
9.252406659999999616e-02
5.534779279999999663e-02
6.555458899999999645e-02
6.566576659999999455e-02
8.840317279999999889e-02
3.982265289999999819e-02
8.493255080000000623e-02
3.411299360000000225e-02
8.902980389999999578e-02
7.642585779999999662e-02
9.147492050000000097e-02
7.173494989999999738e-02
7.892309129999999784e-02
9.797360750000000396e-02
8.787193150000000008e-02
2.061619420000000008e-02
9.252096710000000390e-02
6.583163890000000296e-02
6.493426110000000140e-02
7.321714610000000512e-02
5.932170529999999942e-02
7.453475149999999605e-02
7.752649490000000643e-02
7.710169999999999524e-02
1.205168660000000003e-01
1.010862220000000034e-01
9.038484839999999521e-02
8.169145880000000526e-02
5.087428539999999666e-02
8.863490070000000498e-02
7.664783299999999855e-02
1.528208139999999958e-02
6.567977369999999926e-02
7.232727110000000681e-02
5.004119869999999748e-02
1.008289309999999966e-01
9.488756950000000467e-02
4.242136700000000149e-02
9.439273180000000429e-02
9.844700989999999319e-02
7.977009559999999333e-02
8.624431489999999367e-02
4.714204000000000311e-02
8.122934399999999500e-02
6.002616510000000072e-02
9.349732850000000428e-02
7.111252099999999798e-02
1.151381280000000062e-01
1.059796360000000021e-01
6.626290079999999638e-02
7.050301879999999743e-02
1.330896910000000100e-01
1.848451610000000078e-02
2.405483649999999932e-02
1.148540970000000022e-01
7.507474719999999990e-02
8.513664449999999717e-02
7.438375799999999427e-02
7.130815829999999356e-02
7.979198549999999557e-02
9.238000959999999318e-02
7.483462990000000481e-02
7.064162190000000674e-02
5.676010249999999951e-02
9.573062509999999414e-02
8.701980110000000213e-02
6.946843119999999983e-02
9.359701719999999336e-02
9.896014629999999590e-02
8.019703629999999639e-02
9.312807770000000596e-02
9.698618950000000016e-02
6.011803450000000049e-02
9.718899429999999784e-02
8.567816759999999365e-02
5.138662079999999771e-02
1.029086780000000034e-01
6.131816279999999925e-02
5.513537679999999663e-02
8.718409389999999537e-02
9.069740029999999453e-02
8.580726389999999981e-02
7.633960989999999391e-02
8.382573720000000006e-02
8.903175589999999529e-02
7.167876509999999979e-02
9.669393299999999580e-02
4.980992149999999979e-02
5.002297829999999973e-02
1.029396129999999993e-01
5.054610600000000037e-02
4.730457069999999958e-02
5.161978679999999764e-02
7.503855230000000542e-02
4.522498700000000121e-02
1.144877970000000023e-01
8.407067510000000576e-02
4.051753880000000252e-02
4.638811200000000218e-02
9.500785170000000668e-02
8.074443039999999738e-02
1.136989820000000040e-01
6.750214100000000161e-02
5.071403830000000001e-02
7.967492190000000085e-02
5.656009540000000307e-02
9.189804640000000246e-02
1.024883310000000020e-01
5.171235650000000073e-02
5.120162670000000249e-02
3.689928729999999990e-02
5.290587620000000019e-02
3.701611240000000219e-02
6.169656660000000237e-02
7.786764949999999685e-02
7.490794359999999874e-02
4.072521629999999865e-02
9.992194179999999704e-02
9.798711540000000497e-02
9.845960139999999916e-02
1.058752460000000062e-01
9.799703210000000608e-02
5.253278460000000011e-02
5.421150479999999744e-02
1.306501919999999983e-01
8.427096900000000113e-02
6.961942459999999333e-02
6.662720440000000077e-02
1.077304330000000004e-01
2.035580390000000031e-02
-2.388825639999999847e-03
8.578769860000000358e-02
6.094587220000000083e-02
9.121198950000000694e-02
1.000337530000000030e-01
5.769068749999999718e-02
9.452454750000000017e-02
3.186703099999999705e-02
7.425809649999999540e-02
8.858697860000000479e-02
3.673266990000000065e-02
9.563326090000000279e-02
5.807291340000000218e-02
5.828018859999999773e-02
7.852858299999999903e-02
6.257393209999999317e-02
6.946976480000000009e-02
4.863464459999999878e-02
5.068973079999999909e-02
5.805630240000000247e-02
7.725713400000000508e-02
1.932557110000000106e-02
8.553507180000000099e-02
5.426208670000000345e-02
7.067064200000000573e-02
7.545121009999999906e-02
-9.736911390000000180e-03
1.012238560000000009e-01
7.851219919999999353e-02
1.026151329999999973e-01
1.057685690000000067e-01
1.067407209999999967e-01
1.095087230000000023e-01
7.313863930000000235e-02
1.088924260000000005e-01
3.787926579999999904e-02
4.543603210000000253e-02
8.060520890000000271e-02
5.044811589999999984e-02
5.484763160000000193e-02
7.949349279999999573e-02
4.148927699999999802e-02
6.985446809999999729e-02
7.516273860000000084e-02
5.708443750000000150e-02
6.280753760000000463e-02
8.359072359999999979e-02
9.730041030000000091e-02
1.340112240000000121e-01
6.582106649999999726e-02
6.374420229999999687e-02
6.249570470000000155e-02
9.605380149999999395e-02
1.045942750000000004e-01
7.738120110000000496e-02
5.233361200000000157e-02
6.265967340000000441e-02
8.856872470000000386e-02
7.035315039999999465e-02
4.533289749999999674e-02
8.092363180000000655e-02
9.267038850000000605e-02
6.290844830000000276e-02
7.522623990000000538e-02
4.934258760000000132e-02
4.311700539999999832e-02
7.510232179999999647e-02
5.759144199999999963e-02
6.779222190000000481e-02
1.281021830000000084e-01
1.000077280000000041e-01
5.474782360000000209e-02
7.437540589999999674e-02
9.003657850000000573e-02
4.039928689999999767e-02
8.304723349999999782e-02
4.795128480000000054e-02
7.351922240000000053e-02
7.735883440000000666e-02
3.271629289999999912e-02
9.239291400000000654e-02
4.299175370000000301e-02
8.144457639999999610e-02
8.993276949999999548e-02
8.497933300000000412e-02
6.157051770000000063e-02
6.163982669999999719e-02
8.698594569999999748e-02
9.463505449999999597e-02
7.557220010000000043e-02
1.130081490000000022e-01
9.088522200000000162e-02
8.648342639999999359e-02
6.404609980000000591e-02
5.522914599999999979e-02
1.195275779999999954e-01
6.711333989999999916e-02
7.423438129999999913e-02
4.992200060000000217e-02
6.724880639999999965e-02
5.266853789999999952e-02
1.004602160000000050e-01
9.210043399999999492e-02
1.053430959999999972e-01
1.185219879999999948e-01
8.145040269999999361e-02
1.345972569999999979e-01
6.860633189999999770e-02
7.243707030000000324e-02
9.330375489999999383e-02
7.107774170000000225e-02
4.451611269999999898e-02
1.063109859999999962e-01
6.957828250000000492e-02
1.031229200000000068e-01
6.197085229999999695e-02
8.745139089999999504e-02
6.788303699999999330e-02
1.336876150000000096e-01
9.678653630000000341e-02
8.277063819999999628e-02
7.171034069999999983e-02
5.632936949999999693e-02
6.721513719999999692e-02
7.311572130000000558e-02
7.471481709999999721e-02
9.081788359999999616e-02
5.093329030000000313e-02
6.598110499999999823e-02
1.219341459999999933e-01
8.334903420000000507e-02
1.309949609999999931e-01
1.068113890000000066e-01
4.359240080000000017e-02
6.916587050000000403e-02
4.816509039999999908e-02
3.123995660000000035e-02
5.727679649999999761e-02
6.240482630000000058e-02
1.332751809999999926e-01
6.294855480000000059e-02
8.216437699999999678e-02
6.420592960000000293e-02
1.318231079999999944e-01
1.109471920000000000e-01
6.286988409999999527e-02
1.356493830000000123e-01
3.508437799999999940e-02
7.780107109999999382e-02
6.866339589999999327e-02
8.367180080000000131e-02
8.668177570000000498e-02
7.130007450000000468e-02
3.915303569999999816e-02
7.197373360000000608e-02
8.149741589999999480e-02
1.144788560000000038e-01
5.975594740000000210e-02
7.394792880000000679e-02
9.151081739999999964e-02
7.953923200000000138e-02
7.777730380000000276e-02
4.824715849999999806e-02
1.104494929999999958e-01
1.216525490000000022e-02
9.032824640000000627e-02
5.571778859999999833e-02
8.570020650000000073e-02
6.563709680000000268e-02
4.073436930000000344e-02
7.900508489999999440e-02
8.010892569999999990e-02
5.220057069999999716e-02
7.104655360000000641e-02
1.147758140000000038e-01
8.880179380000000067e-02
1.291353439999999922e-02
7.520090040000000642e-02
7.496932890000000682e-02
8.990538870000000515e-02
8.132195470000000426e-02
9.138937290000000158e-02
4.113250229999999841e-02
6.862926480000000606e-02
5.540539319999999990e-02
7.019486279999999356e-02
8.510834720000000353e-02
1.121153379999999949e-01
9.179215879999999550e-02
9.561550620000000555e-02
3.998407720000000248e-02
1.103850529999999969e-01
7.043606040000000013e-02
5.156622450000000052e-02
1.144088359999999999e-01
9.737510230000000211e-02
7.222351429999999961e-02
1.045480369999999964e-01
6.957250830000000219e-02
3.415549550000000073e-02
9.059556570000000530e-02
9.168797730000000090e-02
8.341592550000000161e-02
1.147217600000000060e-01
3.571133320000000055e-02
2.759338919999999862e-02
8.705481889999999723e-02
7.720055430000000163e-02
4.438937829999999723e-02
2.762723159999999969e-02
3.527699410000000035e-02
9.155748780000000364e-02
5.551925669999999841e-02
7.156712560000000334e-02
1.290151770000000087e-01
6.015505639999999682e-02
4.662069679999999994e-02
1.146623640000000027e-01
1.432861390000000068e-01
5.074129630000000224e-02
1.118635310000000022e-01
5.142156030000000211e-02
7.511611279999999558e-02
4.187577590000000211e-02
8.105470239999999771e-02
3.284058720000000015e-02
2.313449979999999961e-02
9.375782309999999842e-02
1.031443179999999987e-01
4.573483770000000281e-02
1.474829759999999879e-01
2.733210289999999862e-02
4.226653279999999929e-02
3.978193919999999800e-02
5.635069680000000247e-02
9.964743260000000213e-02
6.497346610000000189e-02
7.846936579999999606e-02
7.412413510000000205e-02
1.131282450000000023e-01
3.118484469999999870e-02
8.418143540000000424e-02
4.483418539999999702e-02
1.423744669999999976e-02
6.482426080000000534e-02
7.031979409999999930e-02
8.580086380000000179e-02
9.192726760000000108e-02
7.181911169999999345e-02
1.143899629999999973e-01
5.476444590000000001e-02
8.747708799999999452e-02
-4.005436319999999828e-03
7.031685109999999406e-02
6.736031920000000450e-02
1.189585999999999977e-01
7.399046419999999458e-02
2.101323750000000032e-02
1.260365689999999872e-01
9.105999019999999611e-02
2.913398479999999846e-02
1.754296940000000041e-02
7.816593350000000662e-02
9.164533019999999974e-02
3.639697659999999863e-02
7.918184250000000202e-02
1.063928680000000015e-01
1.642765480000000014e-02
7.388752699999999451e-02
4.027953740000000254e-02
8.609391750000000565e-02
8.790957180000000259e-02
8.310379090000000191e-02
1.009823529999999969e-01
7.568953189999999553e-02
5.531182140000000247e-02
2.301571700000000151e-02
1.487727759999999955e-01
8.961539720000000209e-02
4.510962219999999773e-02
3.360730039999999808e-02
1.031953619999999988e-01
9.709946070000000096e-02
7.031828169999999878e-02
9.340304879999999921e-02
1.613815500000000125e-02
9.323975439999999948e-02
6.860269609999999907e-02
9.964621810000000302e-02
4.756060620000000100e-02
4.813461010000000262e-02
8.066732440000000393e-02
5.634311589999999731e-02
2.556626310000000013e-02
7.658928630000000348e-02
9.977903959999999406e-02
7.438185070000000176e-02
8.256458490000000150e-02
1.085834130000000036e-01
1.084566940000000063e-01
3.840256110000000306e-02
8.691654349999999862e-02
9.367545689999999536e-02
4.331284760000000261e-02
9.001439810000000374e-02
4.831109940000000158e-02
1.149560959999999937e-01
2.910736020000000146e-02
1.372749950000000108e-01
1.099855680000000058e-01
1.487461780000000067e-01
5.600389470000000092e-02
2.646853030000000107e-02
6.655968730000000333e-02
5.582312489999999988e-02
7.798933239999999989e-02
9.693656859999999487e-02
5.883330109999999891e-02
5.291873589999999961e-02
5.626102539999999763e-02
1.089681539999999976e-01
1.659667119999999954e-02
7.949573549999999766e-02
5.897044390000000247e-02
1.044726369999999932e-01
1.064457820000000027e-01
1.207592559999999954e-01
4.011178759999999704e-02
9.453041850000000468e-02
5.142766979999999905e-02
1.252779810000000105e-01
6.708130989999999683e-02
4.345550759999999846e-02
5.553982030000000070e-02
6.378865240000000658e-02
1.077415050000000013e-01
8.445218209999999504e-02
1.800137389999999921e-02
1.047475789999999934e-01
8.904431760000000584e-02
9.913640469999999982e-02
6.693959979999999921e-02
3.535145149999999875e-02
1.076184510000000039e-01
7.605989280000000075e-02
1.006363259999999982e-01
6.399723890000000304e-02
6.896011529999999945e-02
4.762564229999999982e-02
5.236258359999999834e-02
1.166308080000000025e-01
8.443892749999999670e-02
9.926026309999999575e-02
1.039281489999999974e-01
6.073466319999999696e-02
1.184395550000000019e-01
5.751845989999999909e-02
1.275097279999999889e-01
3.264642129999999892e-02
1.964449880000000009e-02
8.414522559999999818e-02
1.046574120000000052e-01
7.211427389999999771e-02
7.333500680000000493e-02
9.859873349999999370e-02
1.122632550000000062e-01
6.721665709999999350e-02
6.986194099999999685e-02
-7.603164299999999598e-03
1.013861149999999989e-01
1.134260369999999934e-01
1.422263529999999998e-01
1.118569080000000049e-01
3.241796420000000317e-02
1.284908499999999898e-01
6.579904259999999616e-02
8.705446869999999837e-02
3.157945720000000095e-02
9.328196939999999771e-02
5.498775090000000004e-02
1.714993080000000100e-02
1.095867529999999951e-01
1.204835920000000005e-01
3.135446089999999880e-02
6.065959860000000314e-02
8.273628349999999354e-02
7.919532059999999374e-02
1.134320530000000084e-02
7.594701650000000581e-02
3.196349369999999801e-02
1.440650219999999870e-01
5.178823319999999869e-02
1.036017090000000002e-01
7.488723840000000020e-02
9.474218639999999747e-02
1.591692490000000057e-02
7.982832189999999883e-02
1.364375499999999908e-01
7.591103759999999478e-02
1.063711789999999963e-01
1.057306380000000018e-01
8.997733149999999347e-02
3.365990519999999958e-02
5.757966269999999914e-02
8.580990139999999933e-02
6.612581010000000148e-02
7.701403649999999379e-02
1.065441000000000027e-01
7.582695779999999719e-02
6.811224670000000370e-02
5.274113639999999936e-02
5.061954259999999761e-02
-1.035570539999999991e-02
6.550075110000000422e-02
1.225197459999999988e-01
1.187469439999999932e-01
4.288273299999999927e-02
4.997313400000000239e-02
5.359605700000000250e-02
8.032096179999999308e-02
7.326217740000000311e-02
9.079250690000000013e-02
1.328704950000000051e-01
1.149167340000000065e-01
8.867848659999999494e-02
8.295018229999999437e-02
6.870105860000000342e-02
6.850200889999999432e-02
6.401468070000000676e-02
7.191031430000000002e-02
6.374815109999999729e-02
7.288500670000000459e-02
7.406181840000000682e-02
7.386938479999999307e-02
5.831770230000000305e-02
1.827254890000000118e-02
1.226180119999999985e-01
2.711743490000000090e-02
3.755317259999999685e-02
-6.250830370000000011e-03
4.269796609999999826e-02
-1.116180789999999916e-03
4.938213899999999851e-02
3.613979369999999885e-02
1.701397450000000089e-02
4.644180090000000344e-02
8.183067289999999827e-02
1.045342910000000014e-01
9.423985329999999550e-02
1.075561639999999958e-01
9.939538689999999344e-02
1.132827099999999948e-01
8.720418809999999632e-02
1.622239799999999899e-01
1.321242300000000092e-01
6.117759639999999915e-02
1.271777450000000087e-01
1.141521630000000009e-01
7.802058010000000043e-02
2.103406940000000086e-02
4.486038910000000185e-02
6.329846379999999606e-02
9.581587460000000334e-02
4.155998300000000173e-02
6.069123369999999962e-02
6.542680409999999946e-02
6.635143890000000377e-03
1.875499450000000026e-02
6.784978510000000407e-02
5.830119179999999901e-02
6.135520710000000322e-02
9.084019059999999535e-02
6.464197489999999602e-02
1.214087380000000022e-01
1.665025499999999992e-01
2.392445879999999941e-02
7.568649950000000404e-02
8.088846500000000661e-02
6.901169570000000031e-02
9.039032460000000213e-02
9.452704339999999650e-02
7.776807989999999504e-02
7.812127470000000684e-02
9.624456609999999801e-02
8.663401749999999346e-02
1.141218100000000041e-01
6.367773559999999333e-02
6.597239520000000579e-02
7.765159759999999689e-02
6.843847040000000659e-02
1.707290300000000038e-02
1.010511739999999936e-01
7.431068270000000531e-02
1.424205209999999944e-02
5.371112749999999714e-02
5.161764469999999966e-02
6.536914409999999842e-02
8.248833569999999837e-02
9.350610519999999481e-02
4.496997590000000045e-02
7.334162290000000028e-02
6.947270780000000534e-02
6.229053439999999997e-02
3.731935100000000061e-02
4.448608679999999788e-02
1.094911840000000053e-01
1.244761939999999983e-01
8.029250799999999855e-02
7.784217599999999904e-02
-5.292430049999999678e-03
4.728728160000000152e-02
5.089083309999999777e-02
6.229053439999999997e-02
2.161842029999999984e-02
5.393331870000000333e-02
1.181339250000000007e-01
1.064912080000000039e-01
6.137085330000000005e-02
1.348917480000000058e-01
7.403974979999999873e-02
3.362473850000000097e-02
6.462334100000000081e-02
9.741420300000000476e-02
1.108793019999999990e-01
1.238090619999999975e-01
7.467766850000000234e-02
1.490952670000000035e-01
1.404648269999999866e-01
7.688407599999999564e-02
9.982553869999999385e-02
2.484756520000000121e-02
4.120517149999999851e-02
3.894244880000000131e-02
5.306804180000000010e-02
9.331244230000000639e-02
9.664536270000000096e-02
7.346715780000000195e-02
1.948475839999999973e-02
1.392386409999999963e-01
9.266625339999999544e-02
6.442032749999999919e-02
1.502004859999999942e-01
5.176930870000000240e-02
3.751847519999999825e-02
5.334575190000000362e-03
3.397414089999999803e-02
6.214602660000000112e-02
7.499532400000000210e-02
7.398399710000000407e-02
6.725725529999999897e-02
1.163952129999999974e-01
7.158551370000000580e-02
5.972161890000000223e-02
1.013111919999999944e-01
1.106206180000000039e-01
3.906866159999999866e-02
1.787545160000000161e-02
1.020478529999999939e-01
7.454776019999999337e-02
3.484986720000000232e-02
2.780045570000000063e-02
1.288086029999999937e-01
1.552151890000000034e-01
3.513429309999999833e-02
7.003102449999999701e-02
5.563547459999999834e-02
8.801424500000000484e-02
1.142153520000000061e-01
9.104309230000000308e-02
9.106507899999999323e-02
8.834935720000000516e-04
8.929709900000000825e-03
7.918688649999999773e-02
1.032217289999999982e-01
1.018129210000000007e-01
1.600624989999999831e-02
7.304874059999999503e-02
3.240058569999999805e-02
5.702030290000000001e-02
1.879155169999999946e-03
7.542052870000000298e-02
4.852264750000000182e-02
2.104117159999999848e-02
9.883482749999999983e-02
7.264530660000000084e-02
6.225367259999999708e-02
1.093784200000000040e-01
6.919802730000000623e-02
8.041637390000000440e-02
9.818140420000000257e-02
1.023727059999999939e-01
2.751540770000000108e-02
1.027719829999999973e-01
4.572166500000000161e-02
1.218358130000000011e-01
8.905824269999999820e-02
2.676167529999999919e-02
1.051318200000000008e-01
1.038855759999999934e-01
4.061137880000000033e-02
6.513282659999999891e-02
4.233947400000000194e-02
7.103850690000000634e-02
8.872273560000000503e-02
3.434498980000000312e-02
1.313074230000000064e-01
7.671394939999999496e-02
3.249754380000000054e-02
1.404778509999999869e-01
3.394668180000000313e-02
4.567942400000000319e-02
4.758226499999999859e-02
2.877766639999999876e-02
1.539528180000000052e-02
6.312346459999999826e-02
1.085963189999999967e-02
1.107998490000000058e-01
8.504686880000000837e-03
-1.953914019999999918e-02
8.895154299999999403e-02
3.454849499999999851e-02
6.705163420000000152e-02
1.052416040000000025e-01
7.536625859999999955e-02
9.044998880000000574e-02
2.504208869999999948e-02
6.477352979999999316e-02
8.691105990000000392e-02
3.863614800000000210e-02
6.541476400000000024e-02
6.668648870000000450e-02
6.586278230000000566e-02
1.452300509999999989e-02
2.498035319999999948e-02
7.358141240000000416e-02
1.418520809999999910e-01
9.485270079999999493e-02
6.942264739999999545e-02
5.211790279999999748e-02
6.404124199999999822e-02
7.960315789999999891e-02
4.106163609999999992e-02
8.971888570000000063e-02
1.344159839999999884e-01
8.211936059999999649e-02
1.712387350000000030e-01
4.450032109999999680e-02
8.971888570000000063e-02
1.074932370000000054e-01
3.030577669999999849e-02
5.028742919999999728e-02
2.282517590000000124e-02
7.851424810000000309e-02
1.155244039999999972e-01
1.102224069999999945e-01
1.354650560000000004e-01
7.642417399999999750e-02
4.841527340000000013e-02
1.386713390000000046e-01
2.407870070000000043e-02
2.871782150000000075e-02
1.125584259999999961e-02
1.552427560000000095e-01
1.345947530000000114e-01
1.408341249999999975e-02
3.311533480000000002e-02
4.979960249999999811e-02
1.054497290000000059e-01
4.718657960000000040e-02
7.633487880000000558e-02
2.686314839999999829e-02
4.657941310000000140e-02
1.006867359999999989e-01
5.346797030000000062e-02
6.732533870000000087e-02
1.165094899999999933e-01
6.876685470000000466e-02
5.998122689999999674e-02
6.221555919999999934e-02
7.160314169999999756e-02
-1.219273539999999895e-03
5.535414810000000019e-02
5.782268200000000025e-02
5.924436450000000048e-02
5.376621709999999943e-02
1.354005490000000089e-01
4.213272039999999691e-02
1.599619539999999895e-01
2.237879109999999991e-02
1.160674909999999914e-02
1.591338029999999834e-02
5.374881630000000188e-02
5.560398469999999760e-02
6.480991099999999783e-02
2.267110909999999965e-02
1.070224490000000056e-01
5.663031339999999997e-02
7.012684639999999803e-02
7.327819620000000644e-02
5.729738999999999666e-02
9.216111150000000363e-02
1.678514329999999943e-01
1.304660589999999953e-01
4.499113190000000179e-02
2.664426339999999976e-02
1.784119760000000068e-02
3.086165709999999854e-02
8.709680290000000602e-02
1.428964879999999882e-01
6.183154140000000215e-02
1.404195129999999958e-01
6.624450910000000310e-03
8.997559550000000517e-02
2.613259479999999885e-02
3.508444880000000099e-02
8.571703730000000687e-02
1.252803209999999931e-02
1.296393419999999908e-01
2.514956889999999876e-02
1.186858419999999997e-01
7.295176389999999400e-02
9.068217130000000292e-02
1.186029239999999985e-01
6.858432289999999432e-02
7.066539669999999385e-02
3.956264999999999782e-02
9.644037490000000046e-02
5.758323149999999835e-02
2.147993449999999888e-02
1.236539779999999977e-01
7.244247939999999553e-02
9.428189689999999512e-02
1.110546850000000002e-02
7.991109790000000546e-02
9.022682910000000278e-02
1.482119110000000017e-01
5.911391970000000329e-02
5.031567809999999696e-02
1.153020339999999977e-01
1.939505149999999969e-02
1.347108039999999896e-01
4.016305130000000223e-02
5.818349500000000174e-02
1.544185429999999914e-01
2.266331759999999987e-02
-2.450224200000000047e-02
1.374937890000000051e-01
1.094709410000000022e-01
2.857112510000000064e-02
1.650358739999999991e-01
