xData0, data0, errData0, xTheory0, theory0
0.00581054687, 0.223538041, 0.00225733861, 0.00385742187, 0.225271225
0.0136230469, 0.200829998, 0.00228216445, 0.00483398437, 0.223307773
0.0214355469, 0.180418998, 0.00230332137, 0.00581054687, 0.22122474
0.0292480469, 0.153693199, 0.00233468645, 0.00678710937, 0.219029665
0.0370605469, 0.145929113, 0.00235034463, 0.00776367187, 0.21673052
0.0448730469, 0.134928763, 0.00236742708, 0.00874023437, 0.214335725
0.0526855469, 0.133523911, 0.00237729897, 0.00971679687, 0.211854011
0.0604980469, 0.136745349, 0.0023728363, 0.0106933594, 0.209294468
0.0683105469, 0.141000003, 0.00237747046, 0.0116699219, 0.20666638
0.0761230469, 0.140428588, 0.00237588657, 0.0126464844, 0.203979298
0.0839355469, 0.143024802, 0.00237978024, 0.0136230469, 0.201242894
0.0917480469, 0.13995716, 0.00238697136, 0.0145996094, 0.198466897
0.0995605469, 0.145061478, 0.00238472522, 0.0155761719, 0.195661113
0.107373047, 0.144510761, 0.00239301933, 0.0165527344, 0.192835331
0.115185547, 0.139884084, 0.00239797961, 0.0175292969, 0.189999253
0.122998047, 0.148473784, 0.00239709051, 0.0185058594, 0.187162429
0.130810547, 0.143892765, 0.00240760574, 0.0194824219, 0.184334293
0.138623047, 0.141143546, 0.00240992034, 0.0204589844, 0.181524009
0.146435547, 0.138868079, 0.00242162922, 0.0214355469, 0.178740472
0.154248047, 0.131569847, 0.00243182355, 0.0224121094, 0.175992295
0.162060547, 0.141522422, 0.00242409991, 0.0233886719, 0.173287705
0.169873047, 0.132575125, 0.0024337948, 0.0243652344, 0.170634538
0.177685547, 0.133422539, 0.00244053699, 0.0253417969, 0.168040231
0.185498047, 0.139599428, 0.00243981221, 0.0263183594, 0.165511712
0.193310547, 0.137787908, 0.00244340486, 0.0272949219, 0.163055465
0.201123047, 0.137415349, 0.00245375604, 0.0282714844, 0.160677463
0.208935547, 0.138973802, 0.00245702761, 0.0292480469, 0.158383131
0.216748047, 0.136486307, 0.00245734114, 0.0302246094, 0.156177357
0.224560547, 0.134965673, 0.00246409183, 0.0312011719, 0.154064476
0.232373047, 0.138333857, 0.00246858858, 0.0321777344, 0.152048275
0.240185547, 0.133727178, 0.00247855775, 0.0331542969, 0.150131971
0.247998047, 0.134034052, 0.00247761008, 0.0341308594, 0.148318186
0.255810547, 0.131543934, 0.00248484614, 0.0351074219, 0.146609023
0.263623047, 0.132704914, 0.00249387552, 0.0360839844, 0.145006016
0.271435547, 0.136629522, 0.00249329234, 0.0370605469, 0.143510133
0.279248047, 0.130435601, 0.00249562423, 0.0380371094, 0.142121837
0.287060547, 0.131296352, 0.00250247467, 0.0390136719, 0.140841082
0.294873047, 0.129901826, 0.00250878048, 0.0399902344, 0.139667302
0.302685547, 0.131050795, 0.00251446616, 0.0409667969, 0.1385995
0.310498047, 0.13206251, 0.00251350334, 0.0419433594, 0.137636214
0.318310547, 0.131727934, 0.00251874775, 0.0429199219, 0.136775553
0.326123047, 0.134008884, 0.00252590828, 0.0438964844, 0.136015236
0.333935547, 0.13199605, 0.00253134177, 0.0448730469, 0.135352626
0.341748047, 0.129457921, 0.00253453622, 0.0458496094, 0.134784773
0.349560547, 0.134298325, 0.00253959062, 0.0468261719, 0.134308383
0.357373047, 0.133038297, 0.0025415016, 0.0478027344, 0.133919939
0.365185547, 0.12970908, 0.00254923411, 0.0487792969, 0.133615658
0.372998047, 0.13509798, 0.00254973431, 0.0497558594, 0.133391559
0.380810547, 0.128696188, 0.00256139328, 0.0507324219, 0.133243516
0.388623047, 0.131241605, 0.00256306578, 0.0517089844, 0.133167222
0.396435547, 0.126792982, 0.00257845119, 0.0526855469, 0.133158281
0.404248047, 0.131022647, 0.00257373652, 0.0536621094, 0.133212224
0.412060547, 0.12928991, 0.00258131063, 0.0546386719, 0.133324534
0.419873047, 0.13273041, 0.0025760923, 0.0556152344, 0.133490667
0.427685547, 0.130065322, 0.00259047637, 0.0565917969, 0.133706093
0.435498047, 0.13079001, 0.00258762665, 0.0575683594, 0.133966297
0.443310547, 0.133047208, 0.00259148494, 0.0585449219, 0.134266853
0.451123047, 0.132085159, 0.00260358054, 0.0595214844, 0.134603366
0.458935547, 0.127655715, 0.00261127189, 0.0604980469, 0.134971604
0.466748047, 0.126117304, 0.002616096, 0.0614746094, 0.135367364
0.474560547, 0.129085287, 0.00261894294, 0.0624511719, 0.135786667
0.482373047, 0.131695479, 0.00261815002, 0.0634277344, 0.136225626
0.490185547, 0.129832104, 0.00262659111, 0.0644042969, 0.136680543
0.497998047, 0.133326888, 0.00262666777, 0.0653808594, 0.137147859
0.505810547, 0.124658667, 0.00263295516, 0.0663574219, 0.137624234
0.513623047, 0.130972773, 0.00263594548, 0.0673339844, 0.13810651
0.521435547, 0.136214197, 0.00263438519, 0.0683105469, 0.138591707
0.529248047, 0.130175903, 0.0026451914, 0.0692871094, 0.139077052
0.537060547, 0.132979944, 0.00265328095, 0.0702636719, 0.139559984
0.544873047, 0.127954885, 0.00265890852, 0.0712402344, 0.140038133
0.552685547, 0.127243876, 0.0026695856, 0.0722167969, 0.140509337
0.560498047, 0.128544182, 0.00266267609, 0.0731933594, 0.140971631
0.568310547, 0.12660034, 0.00267395783, 0.0741699219, 0.14142324
0.576123047, 0.127041742, 0.00268450195, 0.0751464844, 0.141862616
0.583935547, 0.129150122, 0.00268596789, 0.0761230469, 0.142288357
0.591748047, 0.131805226, 0.00268462273, 0.0770996094, 0.142699271
0.599560547, 0.1342365, 0.00268315505, 0.0780761719, 0.143094316
0.607373047, 0.12835747, 0.00269726423, 0.0790527344, 0.143472657
0.615185547, 0.125340655, 0.00270266633, 0.0800292969, 0.143833593
0.622998047, 0.130817711, 0.00270548759, 0.0810058594, 0.144176558
0.630810547, 0.1258232, 0.00271077885, 0.0819824219, 0.144501165
0.638623047, 0.129975453, 0.00271443695, 0.0829589844, 0.14480713
0.646435547, 0.124707922, 0.0027279308, 0.0839355469, 0.145094335
0.654248047, 0.127110317, 0.00272849788, 0.0849121094, 0.14536272
0.662060547, 0.126872897, 0.00273584152, 0.0858886719, 0.145612374
0.669873047, 0.118603058, 0.00274543871, 0.0868652344, 0.145843461
0.677685547, 0.124250501, 0.00274438562, 0.0878417969, 0.146056235
0.685498047, 0.123925261, 0.00274589863, 0.0888183594, 0.146251038
0.693310547, 0.125317395, 0.00275175761, 0.0897949219, 0.146428272
0.701123047, 0.127250761, 0.00275852544, 0.0907714844, 0.146588385
0.708935547, 0.123542421, 0.00276225288, 0.0917480469, 0.146731883
0.716748047, 0.13096182, 0.00276441667, 0.0927246094, 0.146859348
0.724560547, 0.127132684, 0.00277615017, 0.0937011719, 0.146971375
0.732373047, 0.129310563, 0.00277857367, 0.0946777344, 0.147068545
0.740185547, 0.118559547, 0.00278975001, 0.0956542969, 0.147151545
0.747998047, 0.13147068, 0.00278852429, 0.0966308594, 0.147221014
0.755810547, 0.121521413, 0.0027937364, 0.0976074219, 0.147277638
0.763623047, 0.119808599, 0.00280306301, 0.0985839844, 0.147322074
0.771435547, 0.124962218, 0.00280244221, 0.0995605469, 0.147355005
0.779248047, 0.125080198, 0.00280337854, 0.100537109, 0.147377118
0.787060547, 0.12561442, 0.00280839969, 0.101513672, 0.147389069
0.794873047, 0.119287595, 0.00282116639, 0.102490234, 0.147391498
0.802685547, 0.121006086, 0.00282865943, 0.103466797, 0.147385061
0.810498047, 0.12404152, 0.00283638815, 0.104443359, 0.147370383
0.818310547, 0.120710887, 0.00284429084, 0.105419922, 0.147348061
0.826123047, 0.128168955, 0.00283344362, 0.106396484, 0.147318676
0.833935547, 0.129021421, 0.00283743788, 0.107373047, 0.147282794
0.841748047, 0.125682876, 0.00284894423, 0.108349609, 0.147240952
0.849560547, 0.121467188, 0.00285718652, 0.109326172, 0.147193655
0.857373047, 0.117571093, 0.00287019056, 0.110302734, 0.147141382
0.865185547, 0.120949529, 0.00287574543, 0.111279297, 0.147084609
0.872998047, 0.120893776, 0.0028651968, 0.112255859, 0.147023767
0.880810547, 0.120583527, 0.00287731895, 0.113232422, 0.146959275
0.888623047, 0.126891568, 0.00288546273, 0.114208984, 0.14689149
0.896435547, 0.125890151, 0.0028821617, 0.115185547, 0.146820784
0.904248047, 0.12680316, 0.0028912368, 0.116162109, 0.146747485
0.912060547, 0.125177696, 0.00289956414, 0.117138672, 0.146671906
0.919873047, 0.123126082, 0.00290222152, 0.118115234, 0.146594331
0.927685547, 0.124502882, 0.00291215907, 0.119091797, 0.146515042
0.935498047, 0.122374319, 0.00291395271, 0.120068359, 0.146434247
0.943310547, 0.125128314, 0.00290759369, 0.121044922, 0.146352187
0.951123047, 0.121885367, 0.00292843334, 0.122021484, 0.146269068
0.958935547, 0.123089194, 0.00293517874, 0.122998047, 0.146185055
0.966748047, 0.123637751, 0.00294363775, 0.123974609, 0.146100327
0.974560547, 0.122479014, 0.00294367132, 0.124951172, 0.146015048
0.982373047, 0.123639397, 0.00294562679, 0.125927734, 0.145929322
0.990185547, 0.125501364, 0.00295422738, 0.126904297, 0.145843282
0.997998047, 0.120058969, 0.00295279426, 0.127880859, 0.145757034
 , , , 0.128857422, 0.145670667
 , , , 0.129833984, 0.14558427
 , , , 0.130810547, 0.145497933
 , , , 0.131787109, 0.145411685
 , , , 0.132763672, 0.145325601
 , , , 0.133740234, 0.145239726
 , , , 0.134716797, 0.145154089
 , , , 0.135693359, 0.145068735
 , , , 0.136669922, 0.144983679
 , , , 0.137646484, 0.144898951
 , , , 0.138623047, 0.144814581
 , , , 0.139599609, 0.144730568
 , , , 0.140576172, 0.144646913
 , , , 0.141552734, 0.144563645
 , , , 0.142529297, 0.144480765
 , , , 0.143505859, 0.144398257
 , , , 0.144482422, 0.144316137
 , , , 0.145458984, 0.144234404
 , , , 0.146435547, 0.144153059
 , , , 0.147412109, 0.144072086
 , , , 0.148388672, 0.143991485
 , , , 0.149365234, 0.143911242
 , , , 0.150341797, 0.143831372
 , , , 0.151318359, 0.14375186
 , , , 0.152294922, 0.143672705
 , , , 0.153271484, 0.143593878
 , , , 0.154248047, 0.143515408
 , , , 0.155224609, 0.143437251
 , , , 0.156201172, 0.143359438
 , , , 0.157177734, 0.143281922
 , , , 0.158154297, 0.143204734
 , , , 0.159130859, 0.143127859
 , , , 0.160107422, 0.143051267
 , , , 0.161083984, 0.142974988
 , , , 0.162060547, 0.142898992
 , , , 0.163037109, 0.142823279
 , , , 0.164013672, 0.142747849
 , , , 0.164990234, 0.142672688
 , , , 0.165966797, 0.142597809
 , , , 0.166943359, 0.142523199
 , , , 0.167919922, 0.142448857
 , , , 0.168896484, 0.142374769
 , , , 0.169873047, 0.142300949
 , , , 0.170849609, 0.142227381
 , , , 0.171826172, 0.142154053
 , , , 0.172802734, 0.142080992
 , , , 0.173779297, 0.14200817
 , , , 0.174755859, 0.141935602
 , , , 0.175732422, 0.141863272
 , , , 0.176708984, 0.14179118
 , , , 0.177685547, 0.141719341
 , , , 0.178662109, 0.141647726
 , , , 0.179638672, 0.14157635
 , , , 0.180615234, 0.141505212
 , , , 0.181591797, 0.141434312
 , , , 0.182568359, 0.141363636
 , , , 0.183544922, 0.141293198
 , , , 0.184521484, 0.141222984
 , , , 0.185498047, 0.141153008
 , , , 0.186474609, 0.141083241
 , , , 0.187451172, 0.141013712
 , , , 0.188427734, 0.140944406
 , , , 0.189404297, 0.14087534
 , , , 0.190380859, 0.140806481
 , , , 0.191357422, 0.140737846
 , , , 0.192333984, 0.140669435
 , , , 0.193310547, 0.140601248
 , , , 0.194287109, 0.140533283
 , , , 0.195263672, 0.140465528
 , , , 0.196240234, 0.140397996
 , , , 0.197216797, 0.140330687
 , , , 0.198193359, 0.140263587
 , , , 0.199169922, 0.140196711
 , , , 0.200146484, 0.140130043
 , , , 0.201123047, 0.140063599
 , , , 0.202099609, 0.139997363
 , , , 0.203076172, 0.139931336
 , , , 0.204052734, 0.139865533
 , , , 0.205029297, 0.139799938
 , , , 0.206005859, 0.139734551
 , , , 0.206982422, 0.139669374
 , , , 0.207958984, 0.139604405
 , , , 0.208935547, 0.139539659
 , , , 0.209912109, 0.139475107
 , , , 0.210888672, 0.139410764
 , , , 0.211865234, 0.139346644
 , , , 0.212841797, 0.139282718
 , , , 0.213818359, 0.139219001
 , , , 0.214794922, 0.139155477
 , , , 0.215771484, 0.139092177
 , , , 0.216748047, 0.139029071
 , , , 0.217724609, 0.138966173
 , , , 0.218701172, 0.138903469
 , , , 0.219677734, 0.138840973
 , , , 0.220654297, 0.138778672
 , , , 0.221630859, 0.138716578
 , , , 0.222607422, 0.138654679
 , , , 0.223583984, 0.138592988
 , , , 0.224560547, 0.138531491
 , , , 0.225537109, 0.138470188
 , , , 0.226513672, 0.138409093
 , , , 0.227490234, 0.138348177
 , , , 0.228466797, 0.13828747
 , , , 0.229443359, 0.138226956
 , , , 0.230419922, 0.138166636
 , , , 0.231396484, 0.138106525
 , , , 0.232373047, 0.138046592
 , , , 0.233349609, 0.137986854
 , , , 0.234326172, 0.137927309
 , , , 0.235302734, 0.137867957
 , , , 0.236279297, 0.137808785
 , , , 0.237255859, 0.137749821
 , , , 0.238232422, 0.137691036
 , , , 0.239208984, 0.137632445
 , , , 0.240185547, 0.137574047
 , , , 0.241162109, 0.137515828
 , , , 0.242138672, 0.137457803
 , , , 0.243115234, 0.137399957
 , , , 0.244091797, 0.137342304
 , , , 0.245068359, 0.13728483
 , , , 0.246044922, 0.13722755
 , , , 0.247021484, 0.137170449
 , , , 0.247998047, 0.137113541
 , , , 0.248974609, 0.137056798
 , , , 0.249951172, 0.137000248
 , , , 0.250927734, 0.136943892
 , , , 0.251904297, 0.136887699
 , , , 0.252880859, 0.136831701
 , , , 0.253857422, 0.136775866
 , , , 0.254833984, 0.136720225
 , , , 0.255810547, 0.136664763
 , , , 0.256787109, 0.13660948
 , , , 0.257763672, 0.13655436
 , , , 0.258740234, 0.136499435
 , , , 0.259716797, 0.136444673
 , , , 0.260693359, 0.136390105
 , , , 0.261669922, 0.136335701
 , , , 0.262646484, 0.136281475
 , , , 0.263623047, 0.136227414
 , , , 0.264599609, 0.136173546
 , , , 0.265576172, 0.136119843
 , , , 0.266552734, 0.136066303
 , , , 0.267529297, 0.136012942
 , , , 0.268505859, 0.135959759
 , , , 0.269482422, 0.135906741
 , , , 0.270458984, 0.135853887
 , , , 0.271435547, 0.135801211
 , , , 0.272412109, 0.135748714
 , , , 0.273388672, 0.135696381
 , , , 0.274365234, 0.135644212
 , , , 0.275341797, 0.135592207
 , , , 0.276318359, 0.135540366
 , , , 0.277294922, 0.135488704
 , , , 0.278271484, 0.135437205
 , , , 0.279248047, 0.135385871
 , , , 0.280224609, 0.1353347
 , , , 0.281201172, 0.135283694
 , , , 0.282177734, 0.135232866
 , , , 0.283154297, 0.135182187
 , , , 0.284130859, 0.135131672
 , , , 0.285107422, 0.135081321
 , , , 0.286083984, 0.135031134
 , , , 0.287060547, 0.134981111
 , , , 0.288037109, 0.134931237
 , , , 0.289013672, 0.134881541
 , , , 0.289990234, 0.134831995
 , , , 0.290966797, 0.134782597
 , , , 0.291943359, 0.134733379
 , , , 0.292919922, 0.134684309
 , , , 0.293896484, 0.134635404
 , , , 0.294873047, 0.134586647
 , , , 0.295849609, 0.134538054
 , , , 0.296826172, 0.134489611
 , , , 0.297802734, 0.134441331
 , , , 0.298779297, 0.1343932
 , , , 0.299755859, 0.134345233
 , , , 0.300732422, 0.134297416
 , , , 0.301708984, 0.134249747
 , , , 0.302685547, 0.134202242
 , , , 0.303662109, 0.134154871
 , , , 0.304638672, 0.134107679
 , , , 0.305615234, 0.134060621
 , , , 0.306591797, 0.134013712
 , , , 0.307568359, 0.133966967
 , , , 0.308544922, 0.133920372
 , , , 0.309521484, 0.13387391
 , , , 0.310498047, 0.133827612
 , , , 0.311474609, 0.133781463
 , , , 0.312451172, 0.133735463
 , , , 0.313427734, 0.133689597
 , , , 0.314404297, 0.133643895
 , , , 0.315380859, 0.133598328
 , , , 0.316357422, 0.133552924
 , , , 0.317333984, 0.133507654
 , , , 0.318310547, 0.133462533
 , , , 0.319287109, 0.133417562
 , , , 0.320263672, 0.133372724
 , , , 0.321240234, 0.133328035
 , , , 0.322216797, 0.133283496
 , , , 0.323193359, 0.13323909
 , , , 0.324169922, 0.133194834
 , , , 0.325146484, 0.133150712
 , , , 0.326123047, 0.133106738
 , , , 0.327099609, 0.133062914
 , , , 0.328076172, 0.133019224
 , , , 0.329052734, 0.132975668
 , , , 0.330029297, 0.132932261
 , , , 0.331005859, 0.132888988
 , , , 0.331982422, 0.132845864
 , , , 0.332958984, 0.132802874
 , , , 0.333935547, 0.132760018
 , , , 0.334912109, 0.132717296
 , , , 0.335888672, 0.132674724
 , , , 0.336865234, 0.132632285
 , , , 0.337841797, 0.132589981
 , , , 0.338818359, 0.132547811
 , , , 0.339794922, 0.132505774
 , , , 0.340771484, 0.132463872
 , , , 0.341748047, 0.132422119
 , , , 0.342724609, 0.132380486
 , , , 0.343701172, 0.132338986
 , , , 0.344677734, 0.132297635
 , , , 0.345654297, 0.132256404
 , , , 0.346630859, 0.132215306
 , , , 0.347607422, 0.132174343
 , , , 0.348583984, 0.132133514
 , , , 0.349560547, 0.132092819
 , , , 0.350537109, 0.132052243
 , , , 0.351513672, 0.132011816
 , , , 0.352490234, 0.131971508
 , , , 0.353466797, 0.13193132
 , , , 0.354443359, 0.13189128
 , , , 0.355419922, 0.13185136
 , , , 0.356396484, 0.131811559
 , , , 0.357373047, 0.131771907
 , , , 0.358349609, 0.13173236
 , , , 0.359326172, 0.131692961
 , , , 0.360302734, 0.131653666
 , , , 0.361279297, 0.131614521
 , , , 0.362255859, 0.131575495
 , , , 0.363232422, 0.131536588
 , , , 0.364208984, 0.1314978
 , , , 0.365185547, 0.131459147
 , , , 0.366162109, 0.131420627
 , , , 0.367138672, 0.131382212
 , , , 0.368115234, 0.131343931
 , , , 0.369091797, 0.131305769
 , , , 0.370068359, 0.131267741
 , , , 0.371044922, 0.131229833
 , , , 0.372021484, 0.131192029
 , , , 0.372998047, 0.131154358
 , , , 0.373974609, 0.131116822
 , , , 0.374951172, 0.131079391
 , , , 0.375927734, 0.131042078
 , , , 0.376904297, 0.131004885
 , , , 0.377880859, 0.130967826
 , , , 0.378857422, 0.130930871
 , , , 0.379833984, 0.13089405
 , , , 0.380810547, 0.130857334
 , , , 0.381787109, 0.130820736
 , , , 0.382763672, 0.130784258
 , , , 0.383740234, 0.130747899
 , , , 0.384716797, 0.13071166
 , , , 0.385693359, 0.130675539
 , , , 0.386669922, 0.130639538
 , , , 0.387646484, 0.130603641
 , , , 0.388623047, 0.130567864
 , , , 0.389599609, 0.130532205
 , , , 0.390576172, 0.130496651
 , , , 0.391552734, 0.130461216
 , , , 0.392529297, 0.1304259
 , , , 0.393505859, 0.130390689
 , , , 0.394482422, 0.130355597
 , , , 0.395458984, 0.130320624
 , , , 0.396435547, 0.130285755
 , , , 0.397412109, 0.130251005
 , , , 0.398388672, 0.13021636
 , , , 0.399365234, 0.130181819
 , , , 0.400341797, 0.130147398
 , , , 0.401318359, 0.130113095
 , , , 0.402294922, 0.130078897
 , , , 0.403271484, 0.130044803
 , , , 0.404248047, 0.130010828
 , , , 0.405224609, 0.129976958
 , , , 0.406201172, 0.129943192
 , , , 0.407177734, 0.129909545
 , , , 0.408154297, 0.129876003
 , , , 0.409130859, 0.129842564
 , , , 0.410107422, 0.129809231
 , , , 0.411083984, 0.129776001
 , , , 0.412060547, 0.129742891
 , , , 0.413037109, 0.129709885
 , , , 0.414013672, 0.129676983
 , , , 0.414990234, 0.129644185
 , , , 0.415966797, 0.129611492
 , , , 0.416943359, 0.129578903
 , , , 0.417919922, 0.129546419
 , , , 0.418896484, 0.129514039
 , , , 0.419873047, 0.129481778
 , , , 0.420849609, 0.129449606
 , , , 0.421826172, 0.129417539
 , , , 0.422802734, 0.129385576
 , , , 0.423779297, 0.129353717
 , , , 0.424755859, 0.129321963
 , , , 0.425732422, 0.129290298
 , , , 0.426708984, 0.129258752
 , , , 0.427685547, 0.129227296
 , , , 0.428662109, 0.129195943
 , , , 0.429638672, 0.129164696
 , , , 0.430615234, 0.129133552
 , , , 0.431591797, 0.129102498
 , , , 0.432568359, 0.129071549
 , , , 0.433544922, 0.129040703
 , , , 0.434521484, 0.129009947
 , , , 0.435498047, 0.128979295
 , , , 0.436474609, 0.128948733
 , , , 0.437451172, 0.12891829
 , , , 0.438427734, 0.128887922
 , , , 0.439404297, 0.128857672
 , , , 0.440380859, 0.128827497
 , , , 0.441357422, 0.128797442
 , , , 0.442333984, 0.128767475
 , , , 0.443310547, 0.128737599
 , , , 0.444287109, 0.128707826
 , , , 0.445263672, 0.128678143
 , , , 0.446240234, 0.128648549
 , , , 0.447216797, 0.12861906
 , , , 0.448193359, 0.12858966
 , , , 0.449169922, 0.128560364
 , , , 0.450146484, 0.128531158
 , , , 0.451123047, 0.128502041
 , , , 0.452099609, 0.128473029
 , , , 0.453076172, 0.128444105
 , , , 0.454052734, 0.128415272
 , , , 0.455029297, 0.128386527
 , , , 0.456005859, 0.128357872
 , , , 0.456982422, 0.128329322
 , , , 0.457958984, 0.128300861
 , , , 0.458935547, 0.128272489
 , , , 0.459912109, 0.128244206
 , , , 0.460888672, 0.128216013
 , , , 0.461865234, 0.12818791
 , , , 0.462841797, 0.128159896
 , , , 0.463818359, 0.128131986
 , , , 0.464794922, 0.12810415
 , , , 0.465771484, 0.128076404
 , , , 0.466748047, 0.128048763
 , , , 0.467724609, 0.128021196
 , , , 0.468701172, 0.127993718
 , , , 0.469677734, 0.127966329
 , , , 0.470654297, 0.127939045
 , , , 0.471630859, 0.127911821
 , , , 0.472607422, 0.127884701
 , , , 0.473583984, 0.12785767
 , , , 0.474560547, 0.127830714
 , , , 0.475537109, 0.127803862
 , , , 0.476513672, 0.127777085
 , , , 0.477490234, 0.127750397
 , , , 0.478466797, 0.127723783
 , , , 0.479443359, 0.127697274
 , , , 0.480419922, 0.127670839
 , , , 0.481396484, 0.127644494
 , , , 0.482373047, 0.127618223
 , , , 0.483349609, 0.127592042
 , , , 0.484326172, 0.12756595
 , , , 0.485302734, 0.127539933
 , , , 0.486279297, 0.127514005
 , , , 0.487255859, 0.127488166
 , , , 0.488232422, 0.127462402
 , , , 0.489208984, 0.127436727
 , , , 0.490185547, 0.127411127
 , , , 0.491162109, 0.127385616
 , , , 0.492138672, 0.12736018
 , , , 0.493115234, 0.127334833
 , , , 0.494091797, 0.127309561
 , , , 0.495068359, 0.127284378
 , , , 0.496044922, 0.127259269
 , , , 0.497021484, 0.12723425
 , , , 0.497998047, 0.127209306
 , , , 0.498974609, 0.127184436
 , , , 0.499951172, 0.127159655
 , , , 0.500927734, 0.127134949
 , , , 0.501904297, 0.127110317
 , , , 0.502880859, 0.12708576
 , , , 0.503857422, 0.127061293
 , , , 0.504833984, 0.127036914
 , , , 0.505810547, 0.127012596
 , , , 0.506787109, 0.126988366
 , , , 0.507763672, 0.126964211
 , , , 0.508740234, 0.126940131
 , , , 0.509716797, 0.126916125
 , , , 0.510693359, 0.126892209
 , , , 0.511669922, 0.126868352
 , , , 0.512646484, 0.126844585
 , , , 0.513623047, 0.126820892
 , , , 0.514599609, 0.126797274
 , , , 0.515576172, 0.12677373
 , , , 0.516552734, 0.126750261
 , , , 0.517529297, 0.126726866
 , , , 0.518505859, 0.12670356
 , , , 0.519482422, 0.126680315
 , , , 0.520458984, 0.126657143
 , , , 0.521435547, 0.126634061
 , , , 0.522412109, 0.126611039
 , , , 0.523388672, 0.126588091
 , , , 0.524365234, 0.126565218
 , , , 0.525341797, 0.126542419
 , , , 0.526318359, 0.126519695
 , , , 0.527294922, 0.126497045
 , , , 0.528271484, 0.12647447
 , , , 0.529248047, 0.126451969
 , , , 0.530224609, 0.126429528
 , , , 0.531201172, 0.126407176
 , , , 0.532177734, 0.126384884
 , , , 0.533154297, 0.126362666
 , , , 0.534130859, 0.126340508
 , , , 0.535107422, 0.12631844
 , , , 0.536083984, 0.126296431
 , , , 0.537060547, 0.126274496
 , , , 0.538037109, 0.126252636
 , , , 0.539013672, 0.126230836
 , , , 0.539990234, 0.126209125
 , , , 0.540966797, 0.126187459
 , , , 0.541943359, 0.126165882
 , , , 0.542919922, 0.126144364
 , , , 0.543896484, 0.126122922
 , , , 0.544873047, 0.126101539
 , , , 0.545849609, 0.12608023
 , , , 0.546826172, 0.126058996
 , , , 0.547802734, 0.126037821
 , , , 0.548779297, 0.126016721
 , , , 0.549755859, 0.125995681
 , , , 0.550732422, 0.125974715
 , , , 0.551708984, 0.125953808
 , , , 0.552685547, 0.125932977
 , , , 0.553662109, 0.125912204
 , , , 0.554638672, 0.125891507
 , , , 0.555615234, 0.125870869
 , , , 0.556591797, 0.125850305
 , , , 0.557568359, 0.125829801
 , , , 0.558544922, 0.125809357
 , , , 0.559521484, 0.125788987
 , , , 0.560498047, 0.125768691
 , , , 0.561474609, 0.125748441
 , , , 0.562451172, 0.125728264
 , , , 0.563427734, 0.125708163
 , , , 0.564404297, 0.125688106
 , , , 0.565380859, 0.125668123
 , , , 0.566357422, 0.125648215
 , , , 0.567333984, 0.125628352
 , , , 0.568310547, 0.125608563
 , , , 0.569287109, 0.125588834
 , , , 0.570263672, 0.12556918
 , , , 0.571240234, 0.12554957
 , , , 0.572216797, 0.125530034
 , , , 0.573193359, 0.125510558
 , , , 0.574169922, 0.125491157
 , , , 0.575146484, 0.125471801
 , , , 0.576123047, 0.125452518
 , , , 0.577099609, 0.125433281
 , , , 0.578076172, 0.125414118
 , , , 0.579052734, 0.125395015
 , , , 0.580029297, 0.125375971
 , , , 0.581005859, 0.125357002
 , , , 0.581982422, 0.125338078
 , , , 0.582958984, 0.125319213
 , , , 0.583935547, 0.125300422
 , , , 0.584912109, 0.125281677
 , , , 0.585888672, 0.125263005
 , , , 0.586865234, 0.125244379
 , , , 0.587841797, 0.125225827
 , , , 0.588818359, 0.12520732
 , , , 0.589794922, 0.125188887
 , , , 0.590771484, 0.125170499
 , , , 0.591748047, 0.125152186
 , , , 0.592724609, 0.125133917
 , , , 0.593701172, 0.125115708
 , , , 0.594677734, 0.125097573
 , , , 0.595654297, 0.125079483
 , , , 0.596630859, 0.125061452
 , , , 0.597607422, 0.125043482
 , , , 0.598583984, 0.12502557
 , , , 0.599560547, 0.125007704
 , , , 0.600537109, 0.124989904
 , , , 0.601513672, 0.124972165
 , , , 0.602490234, 0.124954477
 , , , 0.603466797, 0.124936849
 , , , 0.604443359, 0.124919273
 , , , 0.605419922, 0.124901757
 , , , 0.606396484, 0.1248843
 , , , 0.607373047, 0.124866895
 , , , 0.608349609, 0.124849543
 , , , 0.609326172, 0.12483225
 , , , 0.610302734, 0.124815017
 , , , 0.611279297, 0.124797836
 , , , 0.612255859, 0.124780707
 , , , 0.613232422, 0.124763638
 , , , 0.614208984, 0.124746621
 , , , 0.615185547, 0.124729656
 , , , 0.616162109, 0.124712743
 , , , 0.617138672, 0.12469589
 , , , 0.618115234, 0.124679089
 , , , 0.619091797, 0.124662347
 , , , 0.620068359, 0.12464565
 , , , 0.621044922, 0.124629013
 , , , 0.622021484, 0.124612428
 , , , 0.622998047, 0.124595895
 , , , 0.623974609, 0.124579415
 , , , 0.624951172, 0.124562986
 , , , 0.625927734, 0.12454661
 , , , 0.626904297, 0.124530293
 , , , 0.627880859, 0.124514021
 , , , 0.628857422, 0.124497801
 , , , 0.629833984, 0.124481641
 , , , 0.630810547, 0.124465525
 , , , 0.631787109, 0.124449462
 , , , 0.632763672, 0.12443345
 , , , 0.633740234, 0.124417491
 , , , 0.634716797, 0.124401584
 , , , 0.635693359, 0.124385729
 , , , 0.636669922, 0.124369919
 , , , 0.637646484, 0.124354161
 , , , 0.638623047, 0.124338455
 , , , 0.639599609, 0.124322802
 , , , 0.640576172, 0.1243072
 , , , 0.641552734, 0.124291644
 , , , 0.642529297, 0.124276139
 , , , 0.643505859, 0.124260686
 , , , 0.644482422, 0.124245279
 , , , 0.645458984, 0.124229923
 , , , 0.646435547, 0.124214612
 , , , 0.647412109, 0.124199353
 , , , 0.648388672, 0.124184147
 , , , 0.649365234, 0.124168985
 , , , 0.650341797, 0.124153875
 , , , 0.651318359, 0.12413881
 , , , 0.652294922, 0.124123789
 , , , 0.653271484, 0.124108821
 , , , 0.654248047, 0.124093905
 , , , 0.655224609, 0.124079034
 , , , 0.656201172, 0.124064207
 , , , 0.657177734, 0.124049433
 , , , 0.658154297, 0.124034703
 , , , 0.659130859, 0.124020018
 , , , 0.660107422, 0.124005385
 , , , 0.661083984, 0.123990797
 , , , 0.662060547, 0.123976253
 , , , 0.663037109, 0.123961762
 , , , 0.664013672, 0.123947307
 , , , 0.664990234, 0.123932905
 , , , 0.665966797, 0.123918548
 , , , 0.666943359, 0.123904243
 , , , 0.667919922, 0.123889975
 , , , 0.668896484, 0.12387576
 , , , 0.669873047, 0.123861581
 , , , 0.670849609, 0.123847455
 , , , 0.671826172, 0.123833373
 , , , 0.672802734, 0.123819336
 , , , 0.673779297, 0.123805344
 , , , 0.674755859, 0.123791389
 , , , 0.675732422, 0.123777486
 , , , 0.676708984, 0.123763628
 , , , 0.677685547, 0.123749815
 , , , 0.678662109, 0.123736046
 , , , 0.679638672, 0.123722322
 , , , 0.680615234, 0.123708636
 , , , 0.681591797, 0.123695001
 , , , 0.682568359, 0.123681404
 , , , 0.683544922, 0.123667851
 , , , 0.684521484, 0.123654343
 , , , 0.685498047, 0.12364088
 , , , 0.686474609, 0.123627454
 , , , 0.687451172, 0.123614073
 , , , 0.688427734, 0.123600744
 , , , 0.689404297, 0.123587444
 , , , 0.690380859, 0.123574197
 , , , 0.691357422, 0.123560987
 , , , 0.692333984, 0.123547822
 , , , 0.693310547, 0.123534694
 , , , 0.694287109, 0.123521611
 , , , 0.695263672, 0.123508573
 , , , 0.696240234, 0.123495571
 , , , 0.697216797, 0.123482615
 , , , 0.698193359, 0.123469703
 , , , 0.699169922, 0.123456828
 , , , 0.700146484, 0.123443991
 , , , 0.701123047, 0.123431206
 , , , 0.702099609, 0.12341845
 , , , 0.703076172, 0.12340574
 , , , 0.704052734, 0.123393074
 , , , 0.705029297, 0.123380437
 , , , 0.706005859, 0.123367853
 , , , 0.706982422, 0.123355307
 , , , 0.707958984, 0.123342797
 , , , 0.708935547, 0.123330325
 , , , 0.709912109, 0.123317897
 , , , 0.710888672, 0.123305507
 , , , 0.711865234, 0.123293161
 , , , 0.712841797, 0.123280846
 , , , 0.713818359, 0.123268582
 , , , 0.714794922, 0.123256348
 , , , 0.715771484, 0.123244151
 , , , 0.716748047, 0.123232
 , , , 0.717724609, 0.123219885
 , , , 0.718701172, 0.123207808
 , , , 0.719677734, 0.123195775
 , , , 0.720654297, 0.123183772
 , , , 0.721630859, 0.123171814
 , , , 0.722607422, 0.123159893
 , , , 0.723583984, 0.123148009
 , , , 0.724560547, 0.123136163
 , , , 0.725537109, 0.123124354
 , , , 0.726513672, 0.123112582
 , , , 0.727490234, 0.123100854
 , , , 0.728466797, 0.123089157
 , , , 0.729443359, 0.123077497
 , , , 0.730419922, 0.123065874
 , , , 0.731396484, 0.123054296
 , , , 0.732373047, 0.123042747
 , , , 0.733349609, 0.123031236
 , , , 0.734326172, 0.123019762
 , , , 0.735302734, 0.123008326
 , , , 0.736279297, 0.122996926
 , , , 0.737255859, 0.122985564
 , , , 0.738232422, 0.122974239
 , , , 0.739208984, 0.122962944
 , , , 0.740185547, 0.122951694
 , , , 0.741162109, 0.122940473
 , , , 0.742138672, 0.12292929
 , , , 0.743115234, 0.122918144
 , , , 0.744091797, 0.122907028
 , , , 0.745068359, 0.122895956
 , , , 0.746044922, 0.122884914
 , , , 0.747021484, 0.12287391
 , , , 0.747998047, 0.122862935
 , , , 0.748974609, 0.122852005
 , , , 0.749951172, 0.122841105
 , , , 0.750927734, 0.122830234
 , , , 0.751904297, 0.122819401
 , , , 0.752880859, 0.122808605
 , , , 0.753857422, 0.122797847
 , , , 0.754833984, 0.122787118
 , , , 0.755810547, 0.122776426
 , , , 0.756787109, 0.122765765
 , , , 0.757763672, 0.12275514
 , , , 0.758740234, 0.122744553
 , , , 0.759716797, 0.122733995
 , , , 0.760693359, 0.122723468
 , , , 0.761669922, 0.122712977
 , , , 0.762646484, 0.122702524
 , , , 0.763623047, 0.122692101
 , , , 0.764599609, 0.122681707
 , , , 0.765576172, 0.122671351
 , , , 0.766552734, 0.122661024
 , , , 0.767529297, 0.122650735
 , , , 0.768505859, 0.122640476
 , , , 0.769482422, 0.122630253
 , , , 0.770458984, 0.122620061
 , , , 0.771435547, 0.122609898
 , , , 0.772412109, 0.122599773
 , , , 0.773388672, 0.122589678
 , , , 0.774365234, 0.122579612
 , , , 0.775341797, 0.122569583
 , , , 0.776318359, 0.122559585
 , , , 0.777294922, 0.122549616
 , , , 0.778271484, 0.122539677
 , , , 0.779248047, 0.122529775
 , , , 0.780224609, 0.122519903
 , , , 0.781201172, 0.122510061
 , , , 0.782177734, 0.122500248
 , , , 0.783154297, 0.122490473
 , , , 0.784130859, 0.122480728
 , , , 0.785107422, 0.122471012
 , , , 0.786083984, 0.122461326
 , , , 0.787060547, 0.12245167
 , , , 0.788037109, 0.122442052
 , , , 0.789013672, 0.122432455
 , , , 0.789990234, 0.122422896
 , , , 0.790966797, 0.12241336
 , , , 0.791943359, 0.12240386
 , , , 0.792919922, 0.12239439
 , , , 0.793896484, 0.122384951
 , , , 0.794873047, 0.12237554
 , , , 0.795849609, 0.12236616
 , , , 0.796826172, 0.12235681
 , , , 0.797802734, 0.122347489
 , , , 0.798779297, 0.122338198
 , , , 0.799755859, 0.122328937
 , , , 0.800732422, 0.122319698
 , , , 0.801708984, 0.122310497
 , , , 0.802685547, 0.122301325
 , , , 0.803662109, 0.122292183
 , , , 0.804638672, 0.122283064
 , , , 0.805615234, 0.122273982
 , , , 0.806591797, 0.122264922
 , , , 0.807568359, 0.122255892
 , , , 0.808544922, 0.122246899
 , , , 0.809521484, 0.122237928
 , , , 0.810498047, 0.12222898
 , , , 0.811474609, 0.122220069
 , , , 0.812451172, 0.122211181
 , , , 0.813427734, 0.122202329
 , , , 0.814404297, 0.1221935
 , , , 0.815380859, 0.122184701
 , , , 0.816357422, 0.122175924
 , , , 0.817333984, 0.122167177
 , , , 0.818310547, 0.12215846
 , , , 0.819287109, 0.122149773
 , , , 0.820263672, 0.122141115
 , , , 0.821240234, 0.12213248
 , , , 0.822216797, 0.122123875
 , , , 0.823193359, 0.122115292
 , , , 0.824169922, 0.122106738
 , , , 0.825146484, 0.122098215
 , , , 0.826123047, 0.122089721
 , , , 0.827099609, 0.12208125
 , , , 0.828076172, 0.122072808
 , , , 0.829052734, 0.122064389
 , , , 0.830029297, 0.122056
 , , , 0.831005859, 0.12204764
 , , , 0.831982422, 0.122039303
 , , , 0.832958984, 0.122030988
 , , , 0.833935547, 0.122022711
 , , , 0.834912109, 0.122014448
 , , , 0.835888672, 0.122006223
 , , , 0.836865234, 0.121998012
 , , , 0.837841797, 0.121989839
 , , , 0.838818359, 0.121981688
 , , , 0.839794922, 0.121973559
 , , , 0.840771484, 0.12196546
 , , , 0.841748047, 0.121957384
 , , , 0.842724609, 0.12194933
 , , , 0.843701172, 0.121941313
 , , , 0.844677734, 0.121933311
 , , , 0.845654297, 0.121925339
 , , , 0.846630859, 0.121917389
 , , , 0.847607422, 0.121909469
 , , , 0.848583984, 0.121901572
 , , , 0.849560547, 0.121893704
 , , , 0.850537109, 0.121885851
 , , , 0.851513672, 0.121878035
 , , , 0.852490234, 0.121870235
 , , , 0.853466797, 0.121862464
 , , , 0.854443359, 0.121854715
 , , , 0.855419922, 0.121846996
 , , , 0.856396484, 0.121839292
 , , , 0.857373047, 0.121831618
 , , , 0.858349609, 0.121823974
 , , , 0.859326172, 0.121816345
 , , , 0.860302734, 0.121808745
 , , , 0.861279297, 0.121801168
 , , , 0.862255859, 0.12179362
 , , , 0.863232422, 0.121786088
 , , , 0.864208984, 0.121778585
 , , , 0.865185547, 0.121771105
 , , , 0.866162109, 0.121763647
 , , , 0.867138672, 0.121756211
 , , , 0.868115234, 0.121748805
 , , , 0.869091797, 0.121741414
 , , , 0.870068359, 0.121734053
 , , , 0.871044922, 0.121726714
 , , , 0.872021484, 0.121719398
 , , , 0.872998047, 0.121712103
 , , , 0.873974609, 0.121704839
 , , , 0.874951172, 0.12169759
 , , , 0.875927734, 0.121690363
 , , , 0.876904297, 0.121683165
 , , , 0.877880859, 0.121675991
 , , , 0.878857422, 0.121668831
 , , , 0.879833984, 0.1216617
 , , , 0.880810547, 0.121654592
 , , , 0.881787109, 0.1216475
 , , , 0.882763672, 0.121640436
 , , , 0.883740234, 0.121633396
 , , , 0.884716797, 0.121626377
 , , , 0.885693359, 0.121619381
 , , , 0.886669922, 0.1216124
 , , , 0.887646484, 0.121605448
 , , , 0.888623047, 0.121598519
 , , , 0.889599609, 0.121591613
 , , , 0.890576172, 0.121584721
 , , , 0.891552734, 0.121577859
 , , , 0.892529297, 0.121571012
 , , , 0.893505859, 0.121564195
 , , , 0.894482422, 0.121557392
 , , , 0.895458984, 0.121550612
 , , , 0.896435547, 0.121543854
 , , , 0.897412109, 0.121537119
 , , , 0.898388672, 0.121530406
 , , , 0.899365234, 0.121523716
 , , , 0.900341797, 0.12151704
 , , , 0.901318359, 0.121510386
 , , , 0.902294922, 0.121503763
 , , , 0.903271484, 0.121497154
 , , , 0.904248047, 0.12149056
 , , , 0.905224609, 0.121483997
 , , , 0.906201172, 0.121477455
 , , , 0.907177734, 0.121470928
 , , , 0.908154297, 0.121464424
 , , , 0.909130859, 0.121457934
 , , , 0.910107422, 0.121451475
 , , , 0.911083984, 0.12144503
 , , , 0.912060547, 0.121438608
 , , , 0.913037109, 0.121432208
 , , , 0.914013672, 0.121425822
 , , , 0.914990234, 0.12141946
 , , , 0.915966797, 0.121413119
 , , , 0.916943359, 0.121406801
 , , , 0.917919922, 0.121400498
 , , , 0.918896484, 0.121394217
 , , , 0.919873047, 0.121387959
 , , , 0.920849609, 0.121381715
 , , , 0.921826172, 0.121375494
 , , , 0.922802734, 0.121369287
 , , , 0.923779297, 0.121363111
 , , , 0.924755859, 0.121356942
 , , , 0.925732422, 0.121350802
 , , , 0.926708984, 0.121344678
 , , , 0.927685547, 0.121338576
 , , , 0.928662109, 0.121332489
 , , , 0.929638672, 0.121326424
 , , , 0.930615234, 0.121320374
 , , , 0.931591797, 0.121314347
 , , , 0.932568359, 0.121308342
 , , , 0.933544922, 0.121302351
 , , , 0.934521484, 0.121296376
 , , , 0.935498047, 0.121290423
 , , , 0.936474609, 0.121284492
 , , , 0.937451172, 0.121278577
 , , , 0.938427734, 0.121272683
 , , , 0.939404297, 0.121266805
 , , , 0.940380859, 0.121260948
 , , , 0.941357422, 0.121255107
 , , , 0.942333984, 0.121249288
 , , , 0.943310547, 0.121243484
 , , , 0.944287109, 0.121237703
 , , , 0.945263672, 0.121231936
 , , , 0.946240234, 0.121226184
 , , , 0.947216797, 0.121220455
 , , , 0.948193359, 0.121214747
 , , , 0.949169922, 0.121209048
 , , , 0.950146484, 0.121203378
 , , , 0.951123047, 0.121197715
 , , , 0.952099609, 0.121192075
 , , , 0.953076172, 0.121186458
 , , , 0.954052734, 0.121180855
 , , , 0.955029297, 0.121175267
 , , , 0.956005859, 0.121169694
 , , , 0.956982422, 0.121164143
 , , , 0.957958984, 0.121158615
 , , , 0.958935547, 0.121153094
 , , , 0.959912109, 0.121147595
 , , , 0.960888672, 0.121142112
 , , , 0.961865234, 0.12113665
 , , , 0.962841797, 0.121131204
 , , , 0.963818359, 0.121125773
 , , , 0.964794922, 0.121120363
 , , , 0.965771484, 0.121114969
 , , , 0.966748047, 0.12110959
 , , , 0.967724609, 0.121104226
 , , , 0.968701172, 0.121098883
 , , , 0.969677734, 0.121093556
 , , , 0.970654297, 0.121088244
 , , , 0.971630859, 0.121082947
 , , , 0.972607422, 0.121077672
 , , , 0.973583984, 0.121072412
 , , , 0.974560547, 0.121067166
 , , , 0.975537109, 0.121061943
 , , , 0.976513672, 0.121056728
 , , , 0.977490234, 0.121051535
 , , , 0.978466797, 0.121046357
 , , , 0.979443359, 0.121041194
 , , , 0.980419922, 0.121036053
 , , , 0.981396484, 0.121030919
 , , , 0.982373047, 0.121025808
 , , , 0.983349609, 0.121020712
 , , , 0.984326172, 0.121015631
 , , , 0.985302734, 0.121010564
 , , , 0.986279297, 0.121005513
 , , , 0.987255859, 0.121000484
 , , , 0.988232422, 0.120995462
 , , , 0.989208984, 0.120990463
 , , , 0.990185547, 0.120985478
 , , , 0.991162109, 0.120980509
 , , , 0.992138672, 0.120975554
 , , , 0.993115234, 0.120970614
 , , , 0.994091797, 0.120965689
 , , , 0.995068359, 0.120960787
 , , , 0.996044922, 0.120955892
 , , , 0.997021484, 0.120951019
 , , , 0.997998047, 0.120946154
 , , , 0.998974609, 0.120941311
