xData0, data0, errData0, xTheory0, theory0
0.00581054687, 0.220889181, 0.00276844337, 0.00385742187, 0.225683793
0.0136230469, 0.205711514, 0.00278997118, 0.00483398437, 0.223780885
0.0214355469, 0.180581883, 0.00282435714, 0.00581054687, 0.221763194
0.0292480469, 0.159278288, 0.00285201375, 0.00678710937, 0.219637454
0.0370605469, 0.139894173, 0.00288260489, 0.00776367187, 0.217410848
0.0448730469, 0.137387916, 0.00289237693, 0.00874023437, 0.215090916
0.0526855469, 0.135054961, 0.00290569305, 0.00971679687, 0.212685525
0.0604980469, 0.131574452, 0.00290958265, 0.0106933594, 0.210202843
0.0683105469, 0.135990113, 0.00291526147, 0.0116699219, 0.207651287
0.0761230469, 0.136937112, 0.00291262565, 0.0126464844, 0.205039456
0.0839355469, 0.144188032, 0.00291927941, 0.0136230469, 0.202376142
0.0917480469, 0.143111274, 0.00291238062, 0.0145996094, 0.199670181
0.0995605469, 0.149318308, 0.00291568215, 0.0155761719, 0.196930543
0.107373047, 0.142303959, 0.00292583068, 0.0165527344, 0.194166169
0.115185547, 0.143456072, 0.00293813756, 0.0175292969, 0.191385955
0.122998047, 0.14378494, 0.00293260247, 0.0185058594, 0.188598752
0.130810547, 0.136388794, 0.00295072711, 0.0194824219, 0.185813278
0.138623047, 0.137526542, 0.00295783344, 0.0204589844, 0.183038086
0.146435547, 0.136179104, 0.00296820096, 0.0214355469, 0.18028152
0.154248047, 0.133847311, 0.00297120813, 0.0224121094, 0.177551672
0.162060547, 0.140267015, 0.00297211363, 0.0233886719, 0.174856365
0.169873047, 0.133290753, 0.00297362321, 0.0243652344, 0.172203109
0.177685547, 0.137149006, 0.00297906606, 0.0253417969, 0.169599071
0.185498047, 0.138281882, 0.00298810617, 0.0263183594, 0.167050987
0.193310547, 0.13794595, 0.0029947295, 0.0272949219, 0.16456528
0.201123047, 0.143867746, 0.00299044035, 0.0282714844, 0.162147865
0.208935547, 0.133984387, 0.00300183916, 0.0292480469, 0.15980427
0.216748047, 0.139013052, 0.00300488283, 0.0302246094, 0.157539502
0.224560547, 0.133184567, 0.00302112333, 0.0312011719, 0.155358166
0.232373047, 0.13033776, 0.00303784606, 0.0321777344, 0.153264299
0.240185547, 0.138177812, 0.00302490596, 0.0331542969, 0.151261494
0.247998047, 0.1346789, 0.00304127839, 0.0341308594, 0.149352834
0.255810547, 0.137786314, 0.0030440449, 0.0351074219, 0.147540912
0.263623047, 0.131564513, 0.00305355814, 0.0360839844, 0.145827815
0.271435547, 0.132775441, 0.00305084256, 0.0370605469, 0.144215107
0.279248047, 0.128701106, 0.00305620028, 0.0380371094, 0.142703936
0.287060547, 0.133205906, 0.00305957631, 0.0390136719, 0.141294926
0.294873047, 0.134434223, 0.00306401268, 0.0399902344, 0.139988258
0.302685547, 0.130695716, 0.0030792219, 0.0409667969, 0.138783649
0.310498047, 0.136014432, 0.00307744837, 0.0419433594, 0.137680426
0.318310547, 0.133589908, 0.00308311332, 0.0429199219, 0.136677474
0.326123047, 0.132538959, 0.00308664968, 0.0438964844, 0.135773316
0.333935547, 0.132857084, 0.00309730618, 0.0448730469, 0.13496609
0.341748047, 0.138657555, 0.00309353808, 0.0458496094, 0.134253606
0.349560547, 0.128415495, 0.00310478713, 0.0468261719, 0.133633375
0.357373047, 0.131550223, 0.00311916018, 0.0478027344, 0.133102596
0.365185547, 0.134478822, 0.00311295967, 0.0487792969, 0.132658228
0.372998047, 0.124263681, 0.00313313726, 0.0497558594, 0.132296965
0.380810547, 0.133293226, 0.00312801103, 0.0507324219, 0.132015333
0.388623047, 0.127149448, 0.00313855617, 0.0517089844, 0.131809652
0.396435547, 0.134587988, 0.00314480651, 0.0526855469, 0.131676108
0.404248047, 0.133094251, 0.00314880793, 0.0536621094, 0.131610766
0.412060547, 0.127597898, 0.00315160085, 0.0546386719, 0.131609574
0.419873047, 0.125253767, 0.00316276929, 0.0556152344, 0.131668419
0.427685547, 0.126962736, 0.00317228029, 0.0565917969, 0.131783143
0.435498047, 0.134130061, 0.00316321529, 0.0575683594, 0.131949589
0.443310547, 0.12732555, 0.00318439279, 0.0585449219, 0.132163554
0.451123047, 0.126783714, 0.0031831041, 0.0595214844, 0.132420897
0.458935547, 0.128196537, 0.00319415398, 0.0604980469, 0.132717505
0.466748047, 0.13197045, 0.00319294619, 0.0614746094, 0.133049324
0.474560547, 0.13145116, 0.00320313738, 0.0624511719, 0.133412421
0.482373047, 0.121327907, 0.00321750041, 0.0634277344, 0.133802891
0.490185547, 0.121620551, 0.00321737276, 0.0644042969, 0.134216994
0.497998047, 0.124636129, 0.00323309788, 0.0653808594, 0.134651124
0.505810547, 0.127988651, 0.00322786453, 0.0663574219, 0.13510175
0.513623047, 0.125851542, 0.00323893338, 0.0673339844, 0.135565579
0.521435547, 0.12836507, 0.00324122916, 0.0683105469, 0.136039391
0.529248047, 0.127468318, 0.00325230476, 0.0692871094, 0.136520192
0.537060547, 0.129650995, 0.00324631697, 0.0702636719, 0.137005121
0.544873047, 0.13000156, 0.00325817366, 0.0712402344, 0.137491509
0.552685547, 0.124500312, 0.003270645, 0.0722167969, 0.13797687
0.560498047, 0.127757922, 0.00326959039, 0.0731933594, 0.138458863
0.568310547, 0.124598488, 0.00327690484, 0.0741699219, 0.138935387
0.576123047, 0.135269091, 0.00326252152, 0.0751464844, 0.139404476
0.583935547, 0.124505468, 0.00328826147, 0.0761230469, 0.139864355
0.591748047, 0.127200097, 0.00330414313, 0.0770996094, 0.140313432
0.599560547, 0.127078444, 0.0032996992, 0.0780761719, 0.140750259
0.607373047, 0.125127807, 0.00329886793, 0.0790527344, 0.141173586
0.615185547, 0.123602971, 0.00331479911, 0.0800292969, 0.141582325
0.622998047, 0.127057523, 0.0033185837, 0.0810058594, 0.141975537
0.630810547, 0.116932638, 0.00333195742, 0.0819824219, 0.142352417
0.638623047, 0.129700005, 0.00332787703, 0.0829589844, 0.14271231
0.646435547, 0.126806289, 0.00333150052, 0.0839355469, 0.143054739
0.654248047, 0.126379684, 0.00335547559, 0.0849121094, 0.143379301
0.662060547, 0.123595312, 0.00335444383, 0.0858886719, 0.143685728
0.669873047, 0.125332594, 0.00335568374, 0.0868652344, 0.143973887
0.677685547, 0.124553673, 0.00337661621, 0.0878417969, 0.144243717
0.685498047, 0.126545414, 0.00336763259, 0.0888183594, 0.144495279
0.693310547, 0.124068812, 0.00337575174, 0.0897949219, 0.14472872
0.701123047, 0.131077185, 0.00338699512, 0.0907714844, 0.144944265
0.708935547, 0.128742695, 0.00337968642, 0.0917480469, 0.145142183
0.716748047, 0.125848621, 0.00339059225, 0.0927246094, 0.145322859
0.724560547, 0.126294866, 0.00339383355, 0.0937011719, 0.145486683
0.732373047, 0.123435557, 0.00339567477, 0.0946777344, 0.14563413
0.740185547, 0.121449612, 0.00340717803, 0.0956542969, 0.145765707
0.747998047, 0.122755297, 0.00342843301, 0.0966308594, 0.145881966
0.755810547, 0.122634053, 0.00342078508, 0.0976074219, 0.145983472
0.763623047, 0.121014997, 0.00343069118, 0.0985839844, 0.146070823
0.771435547, 0.122069195, 0.00343919751, 0.0995605469, 0.146144629
0.779248047, 0.117621429, 0.00344271802, 0.100537109, 0.146205515
0.787060547, 0.125020593, 0.00345938206, 0.101513672, 0.146254122
0.794873047, 0.128459498, 0.00344306248, 0.102490234, 0.146291092
0.802685547, 0.125211209, 0.00345697733, 0.103466797, 0.146317065
0.810498047, 0.126170322, 0.00346260282, 0.104443359, 0.146332681
0.818310547, 0.121170849, 0.00347649896, 0.105419922, 0.146338537
0.826123047, 0.125203699, 0.00347342279, 0.106396484, 0.146335274
0.833935547, 0.131669387, 0.00348331771, 0.107373047, 0.146323502
0.841748047, 0.121378183, 0.00350184283, 0.108349609, 0.146303788
0.849560547, 0.122896515, 0.00349335649, 0.109326172, 0.146276698
0.857373047, 0.117770083, 0.00350232401, 0.110302734, 0.146242812
0.865185547, 0.124556281, 0.00349963305, 0.111279297, 0.146202639
0.872998047, 0.1209943, 0.00352733127, 0.112255859, 0.146156684
0.880810547, 0.126459762, 0.00352199574, 0.113232422, 0.146105438
0.888623047, 0.123882115, 0.00351830215, 0.114208984, 0.146049365
0.896435547, 0.116790675, 0.0035499321, 0.115185547, 0.145988911
0.904248047, 0.117445566, 0.00354444578, 0.116162109, 0.145924479
0.912060547, 0.117679641, 0.00355687796, 0.117138672, 0.145856485
0.919873047, 0.124514684, 0.00356547506, 0.118115234, 0.145785257
0.927685547, 0.121808857, 0.00355123784, 0.119091797, 0.145711169
0.935498047, 0.125661179, 0.00357415404, 0.120068359, 0.145634547
0.943310547, 0.123379074, 0.00358113897, 0.121044922, 0.145555675
0.951123047, 0.121320114, 0.00358425838, 0.122021484, 0.145474836
0.958935547, 0.114982374, 0.00358953578, 0.122998047, 0.145392299
0.966748047, 0.118862718, 0.00360395349, 0.123974609, 0.145308286
0.974560547, 0.122949623, 0.00360760542, 0.124951172, 0.145223022
0.982373047, 0.115037851, 0.00361904326, 0.125927734, 0.145136699
0.990185547, 0.126420498, 0.0036149827, 0.126904297, 0.145049527
0.997998047, 0.1150534, 0.00363465868, 0.127880859, 0.144961625
 , , , 0.128857422, 0.144873187
 , , , 0.129833984, 0.144784331
 , , , 0.130810547, 0.144695178
 , , , 0.131787109, 0.14460583
 , , , 0.132763672, 0.144516394
 , , , 0.133740234, 0.144426942
 , , , 0.134716797, 0.144337565
 , , , 0.135693359, 0.144248322
 , , , 0.136669922, 0.144159272
 , , , 0.137646484, 0.144070461
 , , , 0.138623047, 0.143981934
 , , , 0.139599609, 0.143893719
 , , , 0.140576172, 0.143805847
 , , , 0.141552734, 0.143718362
 , , , 0.142529297, 0.14363125
 , , , 0.143505859, 0.143544555
 , , , 0.144482422, 0.143458277
 , , , 0.145458984, 0.143372431
 , , , 0.146435547, 0.143287018
 , , , 0.147412109, 0.143202037
 , , , 0.148388672, 0.143117487
 , , , 0.149365234, 0.14303337
 , , , 0.150341797, 0.1429497
 , , , 0.151318359, 0.142866448
 , , , 0.152294922, 0.142783627
 , , , 0.153271484, 0.142701223
 , , , 0.154248047, 0.142619237
 , , , 0.155224609, 0.142537653
 , , , 0.156201172, 0.142456472
 , , , 0.157177734, 0.142375678
 , , , 0.158154297, 0.142295271
 , , , 0.159130859, 0.142215252
 , , , 0.160107422, 0.14213559
 , , , 0.161083984, 0.142056301
 , , , 0.162060547, 0.14197737
 , , , 0.163037109, 0.141898781
 , , , 0.164013672, 0.141820535
 , , , 0.164990234, 0.141742632
 , , , 0.165966797, 0.141665056
 , , , 0.166943359, 0.141587809
 , , , 0.167919922, 0.141510874
 , , , 0.168896484, 0.141434237
 , , , 0.169873047, 0.141357929
 , , , 0.170849609, 0.141281918
 , , , 0.171826172, 0.141206205
 , , , 0.172802734, 0.141130775
 , , , 0.173779297, 0.141055644
 , , , 0.174755859, 0.140980795
 , , , 0.175732422, 0.14090623
 , , , 0.176708984, 0.140831947
 , , , 0.177685547, 0.140757948
 , , , 0.178662109, 0.140684202
 , , , 0.179638672, 0.14061074
 , , , 0.180615234, 0.140537545
 , , , 0.181591797, 0.140464604
 , , , 0.182568359, 0.140391931
 , , , 0.183544922, 0.140319526
 , , , 0.184521484, 0.140247375
 , , , 0.185498047, 0.140175477
 , , , 0.186474609, 0.140103847
 , , , 0.187451172, 0.140032455
 , , , 0.188427734, 0.139961332
 , , , 0.189404297, 0.139890447
 , , , 0.190380859, 0.139819816
 , , , 0.191357422, 0.139749423
 , , , 0.192333984, 0.139679283
 , , , 0.193310547, 0.139609396
 , , , 0.194287109, 0.139539748
 , , , 0.195263672, 0.139470339
 , , , 0.196240234, 0.139401168
 , , , 0.197216797, 0.13933225
 , , , 0.198193359, 0.139263555
 , , , 0.199169922, 0.139195114
 , , , 0.200146484, 0.139126912
 , , , 0.201123047, 0.139058933
 , , , 0.202099609, 0.138991207
 , , , 0.203076172, 0.138923705
 , , , 0.204052734, 0.138856441
 , , , 0.205029297, 0.1387894
 , , , 0.206005859, 0.138722599
 , , , 0.206982422, 0.138656035
 , , , 0.207958984, 0.138589695
 , , , 0.208935547, 0.138523594
 , , , 0.209912109, 0.138457716
 , , , 0.210888672, 0.138392061
 , , , 0.211865234, 0.138326645
 , , , 0.212841797, 0.138261437
 , , , 0.213818359, 0.138196468
 , , , 0.214794922, 0.138131723
 , , , 0.215771484, 0.138067216
 , , , 0.216748047, 0.138002917
 , , , 0.217724609, 0.137938842
 , , , 0.218701172, 0.137874991
 , , , 0.219677734, 0.137811348
 , , , 0.220654297, 0.137747943
 , , , 0.221630859, 0.137684748
 , , , 0.222607422, 0.137621775
 , , , 0.223583984, 0.137559026
 , , , 0.224560547, 0.137496486
 , , , 0.225537109, 0.13743417
 , , , 0.226513672, 0.137372062
 , , , 0.227490234, 0.137310177
 , , , 0.228466797, 0.137248501
 , , , 0.229443359, 0.137187034
 , , , 0.230419922, 0.13712579
 , , , 0.231396484, 0.137064755
 , , , 0.232373047, 0.137003928
 , , , 0.233349609, 0.13694331
 , , , 0.234326172, 0.136882916
 , , , 0.235302734, 0.136822715
 , , , 0.236279297, 0.136762738
 , , , 0.237255859, 0.136702955
 , , , 0.238232422, 0.13664338
 , , , 0.239208984, 0.136584014
 , , , 0.240185547, 0.136524856
 , , , 0.241162109, 0.136465907
 , , , 0.242138672, 0.136407152
 , , , 0.243115234, 0.136348605
 , , , 0.244091797, 0.136290267
 , , , 0.245068359, 0.136232123
 , , , 0.246044922, 0.136174172
 , , , 0.247021484, 0.136116445
 , , , 0.247998047, 0.136058897
 , , , 0.248974609, 0.136001557
 , , , 0.249951172, 0.135944411
 , , , 0.250927734, 0.135887474
 , , , 0.251904297, 0.13583073
 , , , 0.252880859, 0.13577418
 , , , 0.253857422, 0.135717824
 , , , 0.254833984, 0.135661662
 , , , 0.255810547, 0.135605693
 , , , 0.256787109, 0.135549918
 , , , 0.257763672, 0.135494351
 , , , 0.258740234, 0.135438964
 , , , 0.259716797, 0.13538377
 , , , 0.260693359, 0.13532877
 , , , 0.261669922, 0.135273948
 , , , 0.262646484, 0.135219336
 , , , 0.263623047, 0.135164902
 , , , 0.264599609, 0.135110646
 , , , 0.265576172, 0.1350566
 , , , 0.266552734, 0.135002732
 , , , 0.267529297, 0.134949043
 , , , 0.268505859, 0.134895548
 , , , 0.269482422, 0.134842232
 , , , 0.270458984, 0.134789109
 , , , 0.271435547, 0.134736165
 , , , 0.272412109, 0.1346834
 , , , 0.273388672, 0.134630829
 , , , 0.274365234, 0.134578437
 , , , 0.275341797, 0.134526223
 , , , 0.276318359, 0.134474188
 , , , 0.277294922, 0.134422332
 , , , 0.278271484, 0.134370655
 , , , 0.279248047, 0.134319171
 , , , 0.280224609, 0.134267852
 , , , 0.281201172, 0.134216711
 , , , 0.282177734, 0.134165749
 , , , 0.283154297, 0.134114966
 , , , 0.284130859, 0.134064361
 , , , 0.285107422, 0.134013921
 , , , 0.286083984, 0.133963659
 , , , 0.287060547, 0.133913577
 , , , 0.288037109, 0.133863673
 , , , 0.289013672, 0.133813933
 , , , 0.289990234, 0.133764356
 , , , 0.290966797, 0.133714974
 , , , 0.291943359, 0.13366574
 , , , 0.292919922, 0.133616686
 , , , 0.293896484, 0.13356781
 , , , 0.294873047, 0.133519098
 , , , 0.295849609, 0.13347055
 , , , 0.296826172, 0.133422166
 , , , 0.297802734, 0.133373961
 , , , 0.298779297, 0.13332592
 , , , 0.299755859, 0.133278042
 , , , 0.300732422, 0.133230329
 , , , 0.301708984, 0.133182779
 , , , 0.302685547, 0.133135393
 , , , 0.303662109, 0.133088186
 , , , 0.304638672, 0.133041129
 , , , 0.305615234, 0.132994235
 , , , 0.306591797, 0.132947505
 , , , 0.307568359, 0.132900938
 , , , 0.308544922, 0.132854536
 , , , 0.309521484, 0.132808298
 , , , 0.310498047, 0.132762209
 , , , 0.311474609, 0.132716283
 , , , 0.312451172, 0.132670507
 , , , 0.313427734, 0.132624909
 , , , 0.314404297, 0.132579461
 , , , 0.315380859, 0.132534161
 , , , 0.316357422, 0.132489026
 , , , 0.317333984, 0.132444054
 , , , 0.318310547, 0.132399216
 , , , 0.319287109, 0.132354558
 , , , 0.320263672, 0.132310033
 , , , 0.321240234, 0.132265687
 , , , 0.322216797, 0.132221475
 , , , 0.323193359, 0.132177413
 , , , 0.324169922, 0.132133514
 , , , 0.325146484, 0.132089764
 , , , 0.326123047, 0.132046178
 , , , 0.327099609, 0.132002726
 , , , 0.328076172, 0.131959423
 , , , 0.329052734, 0.131916285
 , , , 0.330029297, 0.13187328
 , , , 0.331005859, 0.131830439
 , , , 0.331982422, 0.131787732
 , , , 0.332958984, 0.131745189
 , , , 0.333935547, 0.131702781
 , , , 0.334912109, 0.131660521
 , , , 0.335888672, 0.13161841
 , , , 0.336865234, 0.131576449
 , , , 0.337841797, 0.131534621
 , , , 0.338818359, 0.131492943
 , , , 0.339794922, 0.131451413
 , , , 0.340771484, 0.131410018
 , , , 0.341748047, 0.131368771
 , , , 0.342724609, 0.131327674
 , , , 0.343701172, 0.131286711
 , , , 0.344677734, 0.131245896
 , , , 0.345654297, 0.131205216
 , , , 0.346630859, 0.131164685
 , , , 0.347607422, 0.131124288
 , , , 0.348583984, 0.131084025
 , , , 0.349560547, 0.131043911
 , , , 0.350537109, 0.131003931
 , , , 0.351513672, 0.1309641
 , , , 0.352490234, 0.130924389
 , , , 0.353466797, 0.130884826
 , , , 0.354443359, 0.130845398
 , , , 0.355419922, 0.130806103
 , , , 0.356396484, 0.130766958
 , , , 0.357373047, 0.130727932
 , , , 0.358349609, 0.130689055
 , , , 0.359326172, 0.130650297
 , , , 0.360302734, 0.130611688
 , , , 0.361279297, 0.130573198
 , , , 0.362255859, 0.130534858
 , , , 0.363232422, 0.130496636
 , , , 0.364208984, 0.130458549
 , , , 0.365185547, 0.130420595
 , , , 0.366162109, 0.130382776
 , , , 0.367138672, 0.130345091
 , , , 0.368115234, 0.130307525
 , , , 0.369091797, 0.130270094
 , , , 0.370068359, 0.130232796
 , , , 0.371044922, 0.130195618
 , , , 0.372021484, 0.130158573
 , , , 0.372998047, 0.130121663
 , , , 0.373974609, 0.130084872
 , , , 0.374951172, 0.130048215
 , , , 0.375927734, 0.130011678
 , , , 0.376904297, 0.129975274
 , , , 0.377880859, 0.12993899
 , , , 0.378857422, 0.12990284
 , , , 0.379833984, 0.129866809
 , , , 0.380810547, 0.129830912
 , , , 0.381787109, 0.129795119
 , , , 0.382763672, 0.129759461
 , , , 0.383740234, 0.129723936
 , , , 0.384716797, 0.129688516
 , , , 0.385693359, 0.12965323
 , , , 0.386669922, 0.129618064
 , , , 0.387646484, 0.129583016
 , , , 0.388623047, 0.129548103
 , , , 0.389599609, 0.129513294
 , , , 0.390576172, 0.129478604
 , , , 0.391552734, 0.129444048
 , , , 0.392529297, 0.129409596
 , , , 0.393505859, 0.129375279
 , , , 0.394482422, 0.129341081
 , , , 0.395458984, 0.129306987
 , , , 0.396435547, 0.129273012
 , , , 0.397412109, 0.129239172
 , , , 0.398388672, 0.129205436
 , , , 0.399365234, 0.129171818
 , , , 0.400341797, 0.129138306
 , , , 0.401318359, 0.129104927
 , , , 0.402294922, 0.129071653
 , , , 0.403271484, 0.129038498
 , , , 0.404248047, 0.129005462
 , , , 0.405224609, 0.12897253
 , , , 0.406201172, 0.128939718
 , , , 0.407177734, 0.128907025
 , , , 0.408154297, 0.128874436
 , , , 0.409130859, 0.128841966
 , , , 0.410107422, 0.128809601
 , , , 0.411083984, 0.128777355
 , , , 0.412060547, 0.128745213
 , , , 0.413037109, 0.128713191
 , , , 0.414013672, 0.128681272
 , , , 0.414990234, 0.128649473
 , , , 0.415966797, 0.128617778
 , , , 0.416943359, 0.128586188
 , , , 0.417919922, 0.128554702
 , , , 0.418896484, 0.128523335
 , , , 0.419873047, 0.128492087
 , , , 0.420849609, 0.128460929
 , , , 0.421826172, 0.12842989
 , , , 0.422802734, 0.128398955
 , , , 0.423779297, 0.128368124
 , , , 0.424755859, 0.128337398
 , , , 0.425732422, 0.128306776
 , , , 0.426708984, 0.128276274
 , , , 0.427685547, 0.12824586
 , , , 0.428662109, 0.128215566
 , , , 0.429638672, 0.128185377
 , , , 0.430615234, 0.128155276
 , , , 0.431591797, 0.128125295
 , , , 0.432568359, 0.128095418
 , , , 0.433544922, 0.128065631
 , , , 0.434521484, 0.128035948
 , , , 0.435498047, 0.128006384
 , , , 0.436474609, 0.127976909
 , , , 0.437451172, 0.127947539
 , , , 0.438427734, 0.127918273
 , , , 0.439404297, 0.127889097
 , , , 0.440380859, 0.127860039
 , , , 0.441357422, 0.127831072
 , , , 0.442333984, 0.127802208
 , , , 0.443310547, 0.127773434
 , , , 0.444287109, 0.127744764
 , , , 0.445263672, 0.127716199
 , , , 0.446240234, 0.127687737
 , , , 0.447216797, 0.127659366
 , , , 0.448193359, 0.127631083
 , , , 0.449169922, 0.12760292
 , , , 0.450146484, 0.127574831
 , , , 0.451123047, 0.127546862
 , , , 0.452099609, 0.127518967
 , , , 0.453076172, 0.127491191
 , , , 0.454052734, 0.12746349
 , , , 0.455029297, 0.127435893
 , , , 0.456005859, 0.1274084
 , , , 0.456982422, 0.127380997
 , , , 0.457958984, 0.127353683
 , , , 0.458935547, 0.127326474
 , , , 0.459912109, 0.127299339
 , , , 0.460888672, 0.127272323
 , , , 0.461865234, 0.127245381
 , , , 0.462841797, 0.127218544
 , , , 0.463818359, 0.127191797
 , , , 0.464794922, 0.127165139
 , , , 0.465771484, 0.12713857
 , , , 0.466748047, 0.127112091
 , , , 0.467724609, 0.127085716
 , , , 0.468701172, 0.12705943
 , , , 0.469677734, 0.127033219
 , , , 0.470654297, 0.127007112
 , , , 0.471630859, 0.126981094
 , , , 0.472607422, 0.126955166
 , , , 0.473583984, 0.126929328
 , , , 0.474560547, 0.126903579
 , , , 0.475537109, 0.126877919
 , , , 0.476513672, 0.126852348
 , , , 0.477490234, 0.126826867
 , , , 0.478466797, 0.126801461
 , , , 0.479443359, 0.126776159
 , , , 0.480419922, 0.126750931
 , , , 0.481396484, 0.126725808
 , , , 0.482373047, 0.126700759
 , , , 0.483349609, 0.126675799
 , , , 0.484326172, 0.126650929
 , , , 0.485302734, 0.126626134
 , , , 0.486279297, 0.126601428
 , , , 0.487255859, 0.126576811
 , , , 0.488232422, 0.126552284
 , , , 0.489208984, 0.126527831
 , , , 0.490185547, 0.126503468
 , , , 0.491162109, 0.126479194
 , , , 0.492138672, 0.126454994
 , , , 0.493115234, 0.126430884
 , , , 0.494091797, 0.126406863
 , , , 0.495068359, 0.126382917
 , , , 0.496044922, 0.126359046
 , , , 0.497021484, 0.126335278
 , , , 0.497998047, 0.12631157
 , , , 0.498974609, 0.126287952
 , , , 0.499951172, 0.126264423
 , , , 0.500927734, 0.126240969
 , , , 0.501904297, 0.126217604
 , , , 0.502880859, 0.126194313
 , , , 0.503857422, 0.126171097
 , , , 0.504833984, 0.126147971
 , , , 0.505810547, 0.126124918
 , , , 0.506787109, 0.126101941
 , , , 0.507763672, 0.126079053
 , , , 0.508740234, 0.126056239
 , , , 0.509716797, 0.1260335
 , , , 0.510693359, 0.12601085
 , , , 0.511669922, 0.125988275
 , , , 0.512646484, 0.125965774
 , , , 0.513623047, 0.125943348
 , , , 0.514599609, 0.125920996
 , , , 0.515576172, 0.125898734
 , , , 0.516552734, 0.125876546
 , , , 0.517529297, 0.125854433
 , , , 0.518505859, 0.125832394
 , , , 0.519482422, 0.125810429
 , , , 0.520458984, 0.12578854
 , , , 0.521435547, 0.125766739
 , , , 0.522412109, 0.125744998
 , , , 0.523388672, 0.125723347
 , , , 0.524365234, 0.125701755
 , , , 0.525341797, 0.125680238
 , , , 0.526318359, 0.12565881
 , , , 0.527294922, 0.125637442
 , , , 0.528271484, 0.125616163
 , , , 0.529248047, 0.125594944
 , , , 0.530224609, 0.125573799
 , , , 0.531201172, 0.125552729
 , , , 0.532177734, 0.125531733
 , , , 0.533154297, 0.125510812
 , , , 0.534130859, 0.125489965
 , , , 0.535107422, 0.125469178
 , , , 0.536083984, 0.125448465
 , , , 0.537060547, 0.125427842
 , , , 0.538037109, 0.125407264
 , , , 0.539013672, 0.125386775
 , , , 0.539990234, 0.125366345
 , , , 0.540966797, 0.125346005
 , , , 0.541943359, 0.12532571
 , , , 0.542919922, 0.125305504
 , , , 0.543896484, 0.125285357
 , , , 0.544873047, 0.125265285
 , , , 0.545849609, 0.125245288
 , , , 0.546826172, 0.12522535
 , , , 0.547802734, 0.125205487
 , , , 0.548779297, 0.125185683
 , , , 0.549755859, 0.125165954
 , , , 0.550732422, 0.125146285
 , , , 0.551708984, 0.12512669
 , , , 0.552685547, 0.125107169
 , , , 0.553662109, 0.125087708
 , , , 0.554638672, 0.125068322
 , , , 0.555615234, 0.125048995
 , , , 0.556591797, 0.125029743
 , , , 0.557568359, 0.12501055
 , , , 0.558544922, 0.124991417
 , , , 0.559521484, 0.124972358
 , , , 0.560498047, 0.124953367
 , , , 0.561474609, 0.124934435
 , , , 0.562451172, 0.124915577
 , , , 0.563427734, 0.12489678
 , , , 0.564404297, 0.124878041
 , , , 0.565380859, 0.124859378
 , , , 0.566357422, 0.124840774
 , , , 0.567333984, 0.124822229
 , , , 0.568310547, 0.124803752
 , , , 0.569287109, 0.124785341
 , , , 0.570263672, 0.124766991
 , , , 0.571240234, 0.124748707
 , , , 0.572216797, 0.124730483
 , , , 0.573193359, 0.124712326
 , , , 0.574169922, 0.124694228
 , , , 0.575146484, 0.124676198
 , , , 0.576123047, 0.12465822
 , , , 0.577099609, 0.124640308
 , , , 0.578076172, 0.124622464
 , , , 0.579052734, 0.124604672
 , , , 0.580029297, 0.124586947
 , , , 0.581005859, 0.124569282
 , , , 0.581982422, 0.124551684
 , , , 0.582958984, 0.124534138
 , , , 0.583935547, 0.124516658
 , , , 0.584912109, 0.124499232
 , , , 0.585888672, 0.124481872
 , , , 0.586865234, 0.124464571
 , , , 0.587841797, 0.124447323
 , , , 0.588818359, 0.124430142
 , , , 0.589794922, 0.124413021
 , , , 0.590771484, 0.124395952
 , , , 0.591748047, 0.124378949
 , , , 0.592724609, 0.124361999
 , , , 0.593701172, 0.124345109
 , , , 0.594677734, 0.124328278
 , , , 0.595654297, 0.124311507
 , , , 0.596630859, 0.124294788
 , , , 0.597607422, 0.124278136
 , , , 0.598583984, 0.124261528
 , , , 0.599560547, 0.124244988
 , , , 0.600537109, 0.1242285
 , , , 0.601513672, 0.124212071
 , , , 0.602490234, 0.124195702
 , , , 0.603466797, 0.124179386
 , , , 0.604443359, 0.124163121
 , , , 0.605419922, 0.124146923
 , , , 0.606396484, 0.124130771
 , , , 0.607373047, 0.124114677
 , , , 0.608349609, 0.124098644
 , , , 0.609326172, 0.124082662
 , , , 0.610302734, 0.124066733
 , , , 0.611279297, 0.124050863
 , , , 0.612255859, 0.124035046
 , , , 0.613232422, 0.12401928
 , , , 0.614208984, 0.124003574
 , , , 0.615185547, 0.123987921
 , , , 0.616162109, 0.123972319
 , , , 0.617138672, 0.12395677
 , , , 0.618115234, 0.12394128
 , , , 0.619091797, 0.123925842
 , , , 0.620068359, 0.123910449
 , , , 0.621044922, 0.123895116
 , , , 0.622021484, 0.123879842
 , , , 0.622998047, 0.123864613
 , , , 0.623974609, 0.123849437
 , , , 0.624951172, 0.123834312
 , , , 0.625927734, 0.123819239
 , , , 0.626904297, 0.123804219
 , , , 0.627880859, 0.123789251
 , , , 0.628857422, 0.123774335
 , , , 0.629833984, 0.123759471
 , , , 0.630810547, 0.123744659
 , , , 0.631787109, 0.1237299
 , , , 0.632763672, 0.123715185
 , , , 0.633740234, 0.123700522
 , , , 0.634716797, 0.123685911
 , , , 0.635693359, 0.123671353
 , , , 0.636669922, 0.123656839
 , , , 0.637646484, 0.123642385
 , , , 0.638623047, 0.123627968
 , , , 0.639599609, 0.123613611
 , , , 0.640576172, 0.123599298
 , , , 0.641552734, 0.123585038
 , , , 0.642529297, 0.123570822
 , , , 0.643505859, 0.123556659
 , , , 0.644482422, 0.123542547
 , , , 0.645458984, 0.123528481
 , , , 0.646435547, 0.123514459
 , , , 0.647412109, 0.123500489
 , , , 0.648388672, 0.123486564
 , , , 0.649365234, 0.123472691
 , , , 0.650341797, 0.123458862
 , , , 0.651318359, 0.123445086
 , , , 0.652294922, 0.123431355
 , , , 0.653271484, 0.123417668
 , , , 0.654248047, 0.123404033
 , , , 0.655224609, 0.123390444
 , , , 0.656201172, 0.123376898
 , , , 0.657177734, 0.123363405
 , , , 0.658154297, 0.12334995
 , , , 0.659130859, 0.123336546
 , , , 0.660107422, 0.123323187
 , , , 0.661083984, 0.12330988
 , , , 0.662060547, 0.123296611
 , , , 0.663037109, 0.123283394
 , , , 0.664013672, 0.123270214
 , , , 0.664990234, 0.123257086
 , , , 0.665966797, 0.123244002
 , , , 0.666943359, 0.123230964
 , , , 0.667919922, 0.12321797
 , , , 0.668896484, 0.123205021
 , , , 0.669873047, 0.123192109
 , , , 0.670849609, 0.123179249
 , , , 0.671826172, 0.123166434
 , , , 0.672802734, 0.123153664
 , , , 0.673779297, 0.123140931
 , , , 0.674755859, 0.12312825
 , , , 0.675732422, 0.123115607
 , , , 0.676708984, 0.123103008
 , , , 0.677685547, 0.123090453
 , , , 0.678662109, 0.123077944
 , , , 0.679638672, 0.123065472
 , , , 0.680615234, 0.123053044
 , , , 0.681591797, 0.123040661
 , , , 0.682568359, 0.123028323
 , , , 0.683544922, 0.123016022
 , , , 0.684521484, 0.123003766
 , , , 0.685498047, 0.122991554
 , , , 0.686474609, 0.122979388
 , , , 0.687451172, 0.122967251
 , , , 0.688427734, 0.122955166
 , , , 0.689404297, 0.122943118
 , , , 0.690380859, 0.122931115
 , , , 0.691357422, 0.12291915
 , , , 0.692333984, 0.122907229
 , , , 0.693310547, 0.122895345
 , , , 0.694287109, 0.122883506
 , , , 0.695263672, 0.122871704
 , , , 0.696240234, 0.122859947
 , , , 0.697216797, 0.122848228
 , , , 0.698193359, 0.122836545
 , , , 0.699169922, 0.122824907
 , , , 0.700146484, 0.122813307
 , , , 0.701123047, 0.122801751
 , , , 0.702099609, 0.122790232
 , , , 0.703076172, 0.122778751
 , , , 0.704052734, 0.122767307
 , , , 0.705029297, 0.122755907
 , , , 0.706005859, 0.122744545
 , , , 0.706982422, 0.12273322
 , , , 0.707958984, 0.12272194
 , , , 0.708935547, 0.122710697
 , , , 0.709912109, 0.122699492
 , , , 0.710888672, 0.122688323
 , , , 0.711865234, 0.122677192
 , , , 0.712841797, 0.122666098
 , , , 0.713818359, 0.122655049
 , , , 0.714794922, 0.12264403
 , , , 0.715771484, 0.122633055
 , , , 0.716748047, 0.12262211
 , , , 0.717724609, 0.12261121
 , , , 0.718701172, 0.122600347
 , , , 0.719677734, 0.122589514
 , , , 0.720654297, 0.122578725
 , , , 0.721630859, 0.122567974
 , , , 0.722607422, 0.12255726
 , , , 0.723583984, 0.122546576
 , , , 0.724560547, 0.122535937
 , , , 0.725537109, 0.122525327
 , , , 0.726513672, 0.122514755
 , , , 0.727490234, 0.122504219
 , , , 0.728466797, 0.122493722
 , , , 0.729443359, 0.122483261
 , , , 0.730419922, 0.122472838
 , , , 0.731396484, 0.122462444
 , , , 0.732373047, 0.122452095
 , , , 0.733349609, 0.122441776
 , , , 0.734326172, 0.122431494
 , , , 0.735302734, 0.122421242
 , , , 0.736279297, 0.122411028
 , , , 0.737255859, 0.12240085
 , , , 0.738232422, 0.12239071
 , , , 0.739208984, 0.122380599
 , , , 0.740185547, 0.122370526
 , , , 0.741162109, 0.12236049
 , , , 0.742138672, 0.122350484
 , , , 0.743115234, 0.122340515
 , , , 0.744091797, 0.122330576
 , , , 0.745068359, 0.122320674
 , , , 0.746044922, 0.12231081
 , , , 0.747021484, 0.122300975
 , , , 0.747998047, 0.12229117
 , , , 0.748974609, 0.122281402
 , , , 0.749951172, 0.122271672
 , , , 0.750927734, 0.122261971
 , , , 0.751904297, 0.122252308
 , , , 0.752880859, 0.122242674
 , , , 0.753857422, 0.12223307
 , , , 0.754833984, 0.122223504
 , , , 0.755810547, 0.122213967
 , , , 0.756787109, 0.122204468
 , , , 0.757763672, 0.122194998
 , , , 0.758740234, 0.122185558
 , , , 0.759716797, 0.122176155
 , , , 0.760693359, 0.122166783
 , , , 0.761669922, 0.12215744
 , , , 0.762646484, 0.122148134
 , , , 0.763623047, 0.122138858
 , , , 0.764599609, 0.122129612
 , , , 0.765576172, 0.122120403
 , , , 0.766552734, 0.122111216
 , , , 0.767529297, 0.122102067
 , , , 0.768505859, 0.122092947
 , , , 0.769482422, 0.122083865
 , , , 0.770458984, 0.122074805
 , , , 0.771435547, 0.122065783
 , , , 0.772412109, 0.12205679
 , , , 0.773388672, 0.122047819
 , , , 0.774365234, 0.122038886
 , , , 0.775341797, 0.12202999
 , , , 0.776318359, 0.122021116
 , , , 0.777294922, 0.122012272
 , , , 0.778271484, 0.122003466
 , , , 0.779248047, 0.121994682
 , , , 0.780224609, 0.121985935
 , , , 0.781201172, 0.12197721
 , , , 0.782177734, 0.121968523
 , , , 0.783154297, 0.121959858
 , , , 0.784130859, 0.12195123
 , , , 0.785107422, 0.121942624
 , , , 0.786083984, 0.121934049
 , , , 0.787060547, 0.12192551
 , , , 0.788037109, 0.121916994
 , , , 0.789013672, 0.121908508
 , , , 0.789990234, 0.121900052
 , , , 0.790966797, 0.121891625
 , , , 0.791943359, 0.121883228
 , , , 0.792919922, 0.121874861
 , , , 0.793896484, 0.121866517
 , , , 0.794873047, 0.121858209
 , , , 0.795849609, 0.121849924
 , , , 0.796826172, 0.121841669
 , , , 0.797802734, 0.121833444
 , , , 0.798779297, 0.121825241
 , , , 0.799755859, 0.121817075
 , , , 0.800732422, 0.121808931
 , , , 0.801708984, 0.12180081
 , , , 0.802685547, 0.121792726
 , , , 0.803662109, 0.121784665
 , , , 0.804638672, 0.121776633
 , , , 0.805615234, 0.121768631
 , , , 0.806591797, 0.121760651
 , , , 0.807568359, 0.121752702
 , , , 0.808544922, 0.121744782
 , , , 0.809521484, 0.121736884
 , , , 0.810498047, 0.121729016
 , , , 0.811474609, 0.121721171
 , , , 0.812451172, 0.121713355
 , , , 0.813427734, 0.121705569
 , , , 0.814404297, 0.121697806
 , , , 0.815380859, 0.121690072
 , , , 0.816357422, 0.121682368
 , , , 0.817333984, 0.121674679
 , , , 0.818310547, 0.121667027
 , , , 0.819287109, 0.121659398
 , , , 0.820263672, 0.121651791
 , , , 0.821240234, 0.121644214
 , , , 0.822216797, 0.121636666
 , , , 0.823193359, 0.121629134
 , , , 0.824169922, 0.121621639
 , , , 0.825146484, 0.121614158
 , , , 0.826123047, 0.121606715
 , , , 0.827099609, 0.121599287
 , , , 0.828076172, 0.121591888
 , , , 0.829052734, 0.12158452
 , , , 0.830029297, 0.121577166
 , , , 0.831005859, 0.12156985
 , , , 0.831982422, 0.121562548
 , , , 0.832958984, 0.121555276
 , , , 0.833935547, 0.121548027
 , , , 0.834912109, 0.121540807
 , , , 0.835888672, 0.121533602
 , , , 0.836865234, 0.121526428
 , , , 0.837841797, 0.121519282
 , , , 0.838818359, 0.121512152
 , , , 0.839794922, 0.121505052
 , , , 0.840771484, 0.121497981
 , , , 0.841748047, 0.121490926
 , , , 0.842724609, 0.1214839
 , , , 0.843701172, 0.121476896
 , , , 0.844677734, 0.121469915
 , , , 0.845654297, 0.121462956
 , , , 0.846630859, 0.12145602
 , , , 0.847607422, 0.121449113
 , , , 0.848583984, 0.121442229
 , , , 0.849560547, 0.121435367
 , , , 0.850537109, 0.121428527
 , , , 0.851513672, 0.12142171
 , , , 0.852490234, 0.121414922
 , , , 0.853466797, 0.12140815
 , , , 0.854443359, 0.121401407
 , , , 0.855419922, 0.121394679
 , , , 0.856396484, 0.121387981
 , , , 0.857373047, 0.121381305
 , , , 0.858349609, 0.121374652
 , , , 0.859326172, 0.121368013
 , , , 0.860302734, 0.121361405
 , , , 0.861279297, 0.121354818
 , , , 0.862255859, 0.121348254
 , , , 0.863232422, 0.121341713
 , , , 0.864208984, 0.121335194
 , , , 0.865185547, 0.121328697
 , , , 0.866162109, 0.121322222
 , , , 0.867138672, 0.12131577
 , , , 0.868115234, 0.12130934
 , , , 0.869091797, 0.121302933
 , , , 0.870068359, 0.12129654
 , , , 0.871044922, 0.121290177
 , , , 0.872021484, 0.121283829
 , , , 0.872998047, 0.121277511
 , , , 0.873974609, 0.121271208
 , , , 0.874951172, 0.121264927
 , , , 0.875927734, 0.121258676
 , , , 0.876904297, 0.121252432
 , , , 0.877880859, 0.121246219
 , , , 0.878857422, 0.121240027
 , , , 0.879833984, 0.121233851
 , , , 0.880810547, 0.121227704
 , , , 0.881787109, 0.121221572
 , , , 0.882763672, 0.121215463
 , , , 0.883740234, 0.121209368
 , , , 0.884716797, 0.121203303
 , , , 0.885693359, 0.121197253
 , , , 0.886669922, 0.121191226
 , , , 0.887646484, 0.121185221
 , , , 0.888623047, 0.121179231
 , , , 0.889599609, 0.12117327
 , , , 0.890576172, 0.121167324
 , , , 0.891552734, 0.121161394
 , , , 0.892529297, 0.121155493
 , , , 0.893505859, 0.121149607
 , , , 0.894482422, 0.121143736
 , , , 0.895458984, 0.121137895
 , , , 0.896435547, 0.121132068
 , , , 0.897412109, 0.121126264
 , , , 0.898388672, 0.121120475
 , , , 0.899365234, 0.121114708
 , , , 0.900341797, 0.121108964
 , , , 0.901318359, 0.121103235
 , , , 0.902294922, 0.121097527
 , , , 0.903271484, 0.121091843
 , , , 0.904248047, 0.121086173
 , , , 0.905224609, 0.121080525
 , , , 0.906201172, 0.121074893
 , , , 0.907177734, 0.121069282
 , , , 0.908154297, 0.121063687
 , , , 0.909130859, 0.121058114
 , , , 0.910107422, 0.121052563
 , , , 0.911083984, 0.121047027
 , , , 0.912060547, 0.121041507
 , , , 0.913037109, 0.121036008
 , , , 0.914013672, 0.121030532
 , , , 0.914990234, 0.121025071
 , , , 0.915966797, 0.121019632
 , , , 0.916943359, 0.121014208
 , , , 0.917919922, 0.121008798
 , , , 0.918896484, 0.121003412
 , , , 0.919873047, 0.120998047
 , , , 0.920849609, 0.120992698
 , , , 0.921826172, 0.120987363
 , , , 0.922802734, 0.120982051
 , , , 0.923779297, 0.120976754
 , , , 0.924755859, 0.120971471
 , , , 0.925732422, 0.120966211
 , , , 0.926708984, 0.120960973
 , , , 0.927685547, 0.12095575
 , , , 0.928662109, 0.120950542
 , , , 0.929638672, 0.120945349
 , , , 0.930615234, 0.120940179
 , , , 0.931591797, 0.120935023
 , , , 0.932568359, 0.120929889
 , , , 0.933544922, 0.120924771
 , , , 0.934521484, 0.120919667
 , , , 0.935498047, 0.120914586
 , , , 0.936474609, 0.120909519
 , , , 0.937451172, 0.120904468
 , , , 0.938427734, 0.120899431
 , , , 0.939404297, 0.120894417
 , , , 0.940380859, 0.120889418
 , , , 0.941357422, 0.120884441
 , , , 0.942333984, 0.120879471
 , , , 0.943310547, 0.120874524
 , , , 0.944287109, 0.120869592
 , , , 0.945263672, 0.120864682
 , , , 0.946240234, 0.120859779
 , , , 0.947216797, 0.120854899
 , , , 0.948193359, 0.120850034
 , , , 0.949169922, 0.120845184
 , , , 0.950146484, 0.120840356
 , , , 0.951123047, 0.120835543
 , , , 0.952099609, 0.120830737
 , , , 0.953076172, 0.120825961
 , , , 0.954052734, 0.120821193
 , , , 0.955029297, 0.120816439
 , , , 0.956005859, 0.120811708
 , , , 0.956982422, 0.120806985
 , , , 0.957958984, 0.120802283
 , , , 0.958935547, 0.120797597
 , , , 0.959912109, 0.120792925
 , , , 0.960888672, 0.120788269
 , , , 0.961865234, 0.120783634
 , , , 0.962841797, 0.120779008
 , , , 0.963818359, 0.120774403
 , , , 0.964794922, 0.120769806
 , , , 0.965771484, 0.120765232
 , , , 0.966748047, 0.120760672
 , , , 0.967724609, 0.120756127
 , , , 0.968701172, 0.120751597
 , , , 0.969677734, 0.120747082
 , , , 0.970654297, 0.120742582
 , , , 0.971630859, 0.120738097
 , , , 0.972607422, 0.120733626
 , , , 0.973583984, 0.120729171
 , , , 0.974560547, 0.12072473
 , , , 0.975537109, 0.120720305
 , , , 0.976513672, 0.120715894
 , , , 0.977490234, 0.120711505
 , , , 0.978466797, 0.120707124
 , , , 0.979443359, 0.120702758
 , , , 0.980419922, 0.120698407
 , , , 0.981396484, 0.120694071
 , , , 0.982373047, 0.12068975
 , , , 0.983349609, 0.120685443
 , , , 0.984326172, 0.120681152
 , , , 0.985302734, 0.120676875
 , , , 0.986279297, 0.120672613
 , , , 0.987255859, 0.120668367
 , , , 0.988232422, 0.120664127
 , , , 0.989208984, 0.12065991
 , , , 0.990185547, 0.120655708
 , , , 0.991162109, 0.120651513
 , , , 0.992138672, 0.120647334
 , , , 0.993115234, 0.120643176
 , , , 0.994091797, 0.120639026
 , , , 0.995068359, 0.120634891
 , , , 0.996044922, 0.120630771
 , , , 0.997021484, 0.120626658
 , , , 0.997998047, 0.120622568
 , , , 0.998974609, 0.120618485
