xData0, data0, errData0, xTheory0, theory0
0.00581054687, 0.23028487, 0.0055554008, 0.00385742187, 0.234365329
0.0136230469, 0.235359728, 0.00555841062, 0.00483398437, 0.234152421
0.0214355469, 0.231766954, 0.00556376145, 0.00581054687, 0.23393023
0.0292480469, 0.227468684, 0.00558608166, 0.00678710937, 0.233698875
0.0370605469, 0.217208967, 0.00560621527, 0.00776367187, 0.233458549
0.0448730469, 0.218828619, 0.00562106375, 0.00874023437, 0.233209491
0.0526855469, 0.20961462, 0.00564992057, 0.00971679687, 0.232951924
0.0604980469, 0.208578572, 0.0056839028, 0.0106933594, 0.232686102
0.0683105469, 0.225076362, 0.00566228608, 0.0116699219, 0.232412308
0.0761230469, 0.21496062, 0.005642342, 0.0126464844, 0.23213087
0.0839355469, 0.211735621, 0.00571585542, 0.0136230469, 0.231842116
0.0917480469, 0.212383986, 0.00569914774, 0.0145996094, 0.231546357
0.0995605469, 0.199467704, 0.00573788957, 0.0155761719, 0.231243998
0.107373047, 0.213655949, 0.00570989163, 0.0165527344, 0.230935395
0.115185547, 0.207799941, 0.00575931423, 0.0175292969, 0.230620936
0.122998047, 0.209834307, 0.00574923402, 0.0185058594, 0.230301023
0.130810547, 0.198340937, 0.00577859038, 0.0194824219, 0.229976088
0.138623047, 0.207200497, 0.00578581555, 0.0204589844, 0.229646534
0.146435547, 0.197623968, 0.00577482353, 0.0214355469, 0.229312792
0.154248047, 0.209691763, 0.00581147932, 0.0224121094, 0.228975311
0.162060547, 0.195436403, 0.00581781573, 0.0233886719, 0.228634492
0.169873047, 0.20231618, 0.0058255751, 0.0243652344, 0.228290796
0.177685547, 0.195609108, 0.00586541697, 0.0253417969, 0.227944642
0.185498047, 0.200940892, 0.00585788426, 0.0263183594, 0.227596462
0.193310547, 0.198794037, 0.00587402793, 0.0272949219, 0.227246702
0.201123047, 0.190539435, 0.00590736954, 0.0282714844, 0.22689575
0.208935547, 0.198662743, 0.00591574709, 0.0292480469, 0.226544052
0.216748047, 0.191587985, 0.00590582974, 0.0302246094, 0.226191983
0.224560547, 0.198797181, 0.00592746874, 0.0312011719, 0.225839972
0.232373047, 0.197911531, 0.00595367511, 0.0321777344, 0.225488365
0.240185547, 0.195040584, 0.00594106962, 0.0331542969, 0.225137547
0.247998047, 0.183497131, 0.00600349356, 0.0341308594, 0.224787891
0.255810547, 0.18817085, 0.00599410531, 0.0351074219, 0.224439725
0.263623047, 0.188435018, 0.00603335549, 0.0360839844, 0.224093363
0.271435547, 0.193436086, 0.00601621276, 0.0370605469, 0.223749131
0.279248047, 0.1971571, 0.00598308831, 0.0380371094, 0.223407313
0.287060547, 0.181173459, 0.00602790315, 0.0390136719, 0.223068193
0.294873047, 0.176514447, 0.006088877, 0.0399902344, 0.222732037
0.302685547, 0.191828802, 0.00602309439, 0.0409667969, 0.222399056
0.310498047, 0.176158205, 0.00606898201, 0.0419433594, 0.222069502
0.318310547, 0.186648503, 0.00606909096, 0.0429199219, 0.221743554
0.326123047, 0.179562077, 0.00605965519, 0.0438964844, 0.221421406
0.333935547, 0.176057309, 0.00614703941, 0.0448730469, 0.221103236
0.341748047, 0.166354433, 0.00611373775, 0.0458496094, 0.220789164
0.349560547, 0.187795177, 0.00612714305, 0.0468261719, 0.220479339
0.357373047, 0.17197457, 0.00616870251, 0.0478027344, 0.22017388
0.365185547, 0.181138366, 0.00614978988, 0.0487792969, 0.219872862
0.372998047, 0.170990974, 0.0062080698, 0.0497558594, 0.219576374
0.380810547, 0.18063511, 0.00617350623, 0.0507324219, 0.21928446
0.388623047, 0.178365305, 0.00622364755, 0.0517089844, 0.218997195
0.396435547, 0.164216295, 0.00623551495, 0.0526855469, 0.21871458
0.404248047, 0.163548157, 0.00621854273, 0.0536621094, 0.218436643
0.412060547, 0.155325547, 0.00631784595, 0.0546386719, 0.218163386
0.419873047, 0.176444694, 0.00627060132, 0.0556152344, 0.217894793
0.427685547, 0.162426353, 0.00629616211, 0.0565917969, 0.217630848
0.435498047, 0.170452178, 0.00629904094, 0.0575683594, 0.217371508
0.443310547, 0.177972078, 0.00629609803, 0.0585449219, 0.217116714
0.451123047, 0.160623968, 0.00636162963, 0.0595214844, 0.216866434
0.458935547, 0.165997997, 0.00630979399, 0.0604980469, 0.216620594
0.466748047, 0.166648731, 0.00632195769, 0.0614746094, 0.216379121
0.474560547, 0.165755793, 0.00639102036, 0.0624511719, 0.216141924
0.482373047, 0.171916664, 0.00636592616, 0.0634277344, 0.215908915
0.490185547, 0.168789729, 0.00636646712, 0.0644042969, 0.215680018
0.497998047, 0.172207862, 0.00639419844, 0.0653808594, 0.215455115
0.505810547, 0.16383405, 0.00638491633, 0.0663574219, 0.215234101
0.513623047, 0.158553645, 0.00643653741, 0.0673339844, 0.215016872
0.521435547, 0.155541599, 0.00647100338, 0.0683105469, 0.214803323
0.529248047, 0.160540506, 0.00644424417, 0.0692871094, 0.214593321
0.537060547, 0.155803353, 0.00646533742, 0.0702636719, 0.214386776
0.544873047, 0.158941448, 0.00646970452, 0.0712402344, 0.214183554
0.552685547, 0.160040587, 0.00648752442, 0.0722167969, 0.213983551
0.560498047, 0.159290597, 0.00648213024, 0.0731933594, 0.213786617
0.568310547, 0.15299809, 0.006514201, 0.0741699219, 0.213592678
0.576123047, 0.168471828, 0.0064816321, 0.0751464844, 0.213401571
0.583935547, 0.159966677, 0.00651511135, 0.0761230469, 0.21321322
0.591748047, 0.167245448, 0.00650349647, 0.0770996094, 0.213027477
0.599560547, 0.165575236, 0.00654934665, 0.0780761719, 0.212844238
0.607373047, 0.163764879, 0.0065553555, 0.0790527344, 0.212663412
0.615185547, 0.156201661, 0.00657944677, 0.0800292969, 0.212484866
0.622998047, 0.162976667, 0.00662408988, 0.0810058594, 0.212308496
0.630810547, 0.146426991, 0.00666212088, 0.0819824219, 0.212134212
0.638623047, 0.157694817, 0.00665326982, 0.0829589844, 0.211961895
0.646435547, 0.148551285, 0.00662747241, 0.0839355469, 0.211791456
0.654248047, 0.159441561, 0.00664831555, 0.0849121094, 0.211622804
0.662060547, 0.157141566, 0.00665119393, 0.0858886719, 0.211455837
0.669873047, 0.164899707, 0.00664547392, 0.0868652344, 0.211290494
0.677685547, 0.156768173, 0.00673102614, 0.0878417969, 0.211126655
0.685498047, 0.166645274, 0.00666351886, 0.0888183594, 0.210964262
0.693310547, 0.151305914, 0.00669447958, 0.0897949219, 0.210803226
0.701123047, 0.154416755, 0.00670781481, 0.0907714844, 0.21064347
0.708935547, 0.143258169, 0.00680031618, 0.0917480469, 0.210484952
0.716748047, 0.15481171, 0.0067342861, 0.0927246094, 0.210327566
0.724560547, 0.144635648, 0.00675938605, 0.0937011719, 0.210171267
0.732373047, 0.150264874, 0.00680111037, 0.0946777344, 0.210016012
0.740185547, 0.15363048, 0.00681195375, 0.0956542969, 0.209861711
0.747998047, 0.162834346, 0.00680832611, 0.0966308594, 0.209708333
0.755810547, 0.154785782, 0.00682260957, 0.0976074219, 0.209555805
0.763623047, 0.137447119, 0.00685870612, 0.0985839844, 0.209404111
0.771435547, 0.150240928, 0.00683859926, 0.0995605469, 0.209253177
0.779248047, 0.165012345, 0.00681628439, 0.100537109, 0.209102973
0.787060547, 0.152632609, 0.00686438492, 0.101513672, 0.20895347
0.794873047, 0.134271219, 0.00690490945, 0.102490234, 0.208804607
0.802685547, 0.145699352, 0.00693986146, 0.103466797, 0.208656356
0.810498047, 0.136153474, 0.00692856734, 0.104443359, 0.2085087
0.818310547, 0.154030964, 0.00688111465, 0.105419922, 0.208361596
0.826123047, 0.135523051, 0.00693593393, 0.106396484, 0.208215013
0.833935547, 0.140757725, 0.00698597182, 0.107373047, 0.208068937
0.841748047, 0.134252608, 0.00697183203, 0.108349609, 0.207923338
0.849560547, 0.138546363, 0.00701624163, 0.109326172, 0.207778201
0.857373047, 0.131759554, 0.00705481971, 0.110302734, 0.20763348
0.865185547, 0.149468213, 0.00699195153, 0.111279297, 0.207489178
0.872998047, 0.145639867, 0.00700250684, 0.112255859, 0.207345277
0.880810547, 0.140047744, 0.00704377587, 0.113232422, 0.207201764
0.888623047, 0.140550017, 0.00705638251, 0.114208984, 0.207058594
0.896435547, 0.13546963, 0.00712564882, 0.115185547, 0.206915796
0.904248047, 0.140173301, 0.00709426365, 0.116162109, 0.206773326
0.912060547, 0.147745758, 0.00708633798, 0.117138672, 0.206631184
0.919873047, 0.150801107, 0.00708260579, 0.118115234, 0.206489354
0.927685547, 0.139951482, 0.0070671891, 0.119091797, 0.206347838
0.935498047, 0.141870826, 0.00711483013, 0.120068359, 0.20620662
0.943310547, 0.129561439, 0.00717603067, 0.121044922, 0.206065699
0.951123047, 0.134034038, 0.0071773335, 0.122021484, 0.205925047
0.958935547, 0.140878901, 0.0072311046, 0.122998047, 0.205784678
0.966748047, 0.120743781, 0.00721578743, 0.123974609, 0.205644563
0.974560547, 0.135346755, 0.00726411884, 0.124951172, 0.20550473
0.982373047, 0.143207103, 0.00723923629, 0.125927734, 0.205365151
0.990185547, 0.147303179, 0.00724945482, 0.126904297, 0.20522581
0.997998047, 0.135089025, 0.00720195436, 0.127880859, 0.205086738
 , , , 0.128857422, 0.204947904
 , , , 0.129833984, 0.204809308
 , , , 0.130810547, 0.204670966
 , , , 0.131787109, 0.204532847
 , , , 0.132763672, 0.204394966
 , , , 0.133740234, 0.204257309
 , , , 0.134716797, 0.204119891
 , , , 0.135693359, 0.203982696
 , , , 0.136669922, 0.203845724
 , , , 0.137646484, 0.203708977
 , , , 0.138623047, 0.203572452
 , , , 0.139599609, 0.203436151
 , , , 0.140576172, 0.203300059
 , , , 0.141552734, 0.20316419
 , , , 0.142529297, 0.203028545
 , , , 0.143505859, 0.202893108
 , , , 0.144482422, 0.202757895
 , , , 0.145458984, 0.20262289
 , , , 0.146435547, 0.202488095
 , , , 0.147412109, 0.202353522
 , , , 0.148388672, 0.202219158
 , , , 0.149365234, 0.202085003
 , , , 0.150341797, 0.201951072
 , , , 0.151318359, 0.201817334
 , , , 0.152294922, 0.201683819
 , , , 0.153271484, 0.201550499
 , , , 0.154248047, 0.201417401
 , , , 0.155224609, 0.201284513
 , , , 0.156201172, 0.201151818
 , , , 0.157177734, 0.201019347
 , , , 0.158154297, 0.200887069
 , , , 0.159130859, 0.200755015
 , , , 0.160107422, 0.200623155
 , , , 0.161083984, 0.200491503
 , , , 0.162060547, 0.20036006
 , , , 0.163037109, 0.200228825
 , , , 0.164013672, 0.200097784
 , , , 0.164990234, 0.199966952
 , , , 0.165966797, 0.199836329
 , , , 0.166943359, 0.199705914
 , , , 0.167919922, 0.199575692
 , , , 0.168896484, 0.19944568
 , , , 0.169873047, 0.199315876
 , , , 0.170849609, 0.199186265
 , , , 0.171826172, 0.199056849
 , , , 0.172802734, 0.198927656
 , , , 0.173779297, 0.198798642
 , , , 0.174755859, 0.198669851
 , , , 0.175732422, 0.198541239
 , , , 0.176708984, 0.19841285
 , , , 0.177685547, 0.198284641
 , , , 0.178662109, 0.19815664
 , , , 0.179638672, 0.198028848
 , , , 0.180615234, 0.197901249
 , , , 0.181591797, 0.197773844
 , , , 0.182568359, 0.197646648
 , , , 0.183544922, 0.197519645
 , , , 0.184521484, 0.197392836
 , , , 0.185498047, 0.197266221
 , , , 0.186474609, 0.197139814
 , , , 0.187451172, 0.197013602
 , , , 0.188427734, 0.196887583
 , , , 0.189404297, 0.196761772
 , , , 0.190380859, 0.19663614
 , , , 0.191357422, 0.196510717
 , , , 0.192333984, 0.196385488
 , , , 0.193310547, 0.196260452
 , , , 0.194287109, 0.19613561
 , , , 0.195263672, 0.196010962
 , , , 0.196240234, 0.195886508
 , , , 0.197216797, 0.195762247
 , , , 0.198193359, 0.19563818
 , , , 0.199169922, 0.195514306
 , , , 0.200146484, 0.195390627
 , , , 0.201123047, 0.195267141
 , , , 0.202099609, 0.195143849
 , , , 0.203076172, 0.19502075
 , , , 0.204052734, 0.194897845
 , , , 0.205029297, 0.194775119
 , , , 0.206005859, 0.194652602
 , , , 0.206982422, 0.194530264
 , , , 0.207958984, 0.194408119
 , , , 0.208935547, 0.194286168
 , , , 0.209912109, 0.194164395
 , , , 0.210888672, 0.194042832
 , , , 0.211865234, 0.193921447
 , , , 0.212841797, 0.193800241
 , , , 0.213818359, 0.193679243
 , , , 0.214794922, 0.193558425
 , , , 0.215771484, 0.193437785
 , , , 0.216748047, 0.193317354
 , , , 0.217724609, 0.193197086
 , , , 0.218701172, 0.193077028
 , , , 0.219677734, 0.192957148
 , , , 0.220654297, 0.192837462
 , , , 0.221630859, 0.192717955
 , , , 0.222607422, 0.192598626
 , , , 0.223583984, 0.192479491
 , , , 0.224560547, 0.19236055
 , , , 0.225537109, 0.192241788
 , , , 0.226513672, 0.192123204
 , , , 0.227490234, 0.192004815
 , , , 0.228466797, 0.191886604
 , , , 0.229443359, 0.191768572
 , , , 0.230419922, 0.191650733
 , , , 0.231396484, 0.191533074
 , , , 0.232373047, 0.191415608
 , , , 0.233349609, 0.191298306
 , , , 0.234326172, 0.191181198
 , , , 0.235302734, 0.191064283
 , , , 0.236279297, 0.190947533
 , , , 0.237255859, 0.190830976
 , , , 0.238232422, 0.190714583
 , , , 0.239208984, 0.190598384
 , , , 0.240185547, 0.190482378
 , , , 0.241162109, 0.190366536
 , , , 0.242138672, 0.190250874
 , , , 0.243115234, 0.190135404
 , , , 0.244091797, 0.190020099
 , , , 0.245068359, 0.189904988
 , , , 0.246044922, 0.18979004
 , , , 0.247021484, 0.189675286
 , , , 0.247998047, 0.189560696
 , , , 0.248974609, 0.1894463
 , , , 0.249951172, 0.189332068
 , , , 0.250927734, 0.189218029
 , , , 0.251904297, 0.189104155
 , , , 0.252880859, 0.188990459
 , , , 0.253857422, 0.188876957
 , , , 0.254833984, 0.188763618
 , , , 0.255810547, 0.188650444
 , , , 0.256787109, 0.188537464
 , , , 0.257763672, 0.188424647
 , , , 0.258740234, 0.188312024
 , , , 0.259716797, 0.188199565
 , , , 0.260693359, 0.18808727
 , , , 0.261669922, 0.187975168
 , , , 0.262646484, 0.187863231
 , , , 0.263623047, 0.187751472
 , , , 0.264599609, 0.187639877
 , , , 0.265576172, 0.187528476
 , , , 0.266552734, 0.187417224
 , , , 0.267529297, 0.187306166
 , , , 0.268505859, 0.187195271
 , , , 0.269482422, 0.187084541
 , , , 0.270458984, 0.186973989
 , , , 0.271435547, 0.186863616
 , , , 0.272412109, 0.186753407
 , , , 0.273388672, 0.186643377
 , , , 0.274365234, 0.186533511
 , , , 0.275341797, 0.186423823
 , , , 0.276318359, 0.1863143
 , , , 0.277294922, 0.186204955
 , , , 0.278271484, 0.186095774
 , , , 0.279248047, 0.185986757
 , , , 0.280224609, 0.185877919
 , , , 0.281201172, 0.185769245
 , , , 0.282177734, 0.185660735
 , , , 0.283154297, 0.185552403
 , , , 0.284130859, 0.185444236
 , , , 0.285107422, 0.185336232
 , , , 0.286083984, 0.185228407
 , , , 0.287060547, 0.185120746
 , , , 0.288037109, 0.18501325
 , , , 0.289013672, 0.184905916
 , , , 0.289990234, 0.184798762
 , , , 0.290966797, 0.184691772
 , , , 0.291943359, 0.184584931
 , , , 0.292919922, 0.184478268
 , , , 0.293896484, 0.184371784
 , , , 0.294873047, 0.18426545
 , , , 0.295849609, 0.184159279
 , , , 0.296826172, 0.184053287
 , , , 0.297802734, 0.183947444
 , , , 0.298779297, 0.18384178
 , , , 0.299755859, 0.183736265
 , , , 0.300732422, 0.183630928
 , , , 0.301708984, 0.183525741
 , , , 0.302685547, 0.183420733
 , , , 0.303662109, 0.183315873
 , , , 0.304638672, 0.183211178
 , , , 0.305615234, 0.183106661
 , , , 0.306591797, 0.183002293
 , , , 0.307568359, 0.182898089
 , , , 0.308544922, 0.182794049
 , , , 0.309521484, 0.182690173
 , , , 0.310498047, 0.182586446
 , , , 0.311474609, 0.182482898
 , , , 0.312451172, 0.182379499
 , , , 0.313427734, 0.182276264
 , , , 0.314404297, 0.182173193
 , , , 0.315380859, 0.18207027
 , , , 0.316357422, 0.181967512
 , , , 0.317333984, 0.181864917
 , , , 0.318310547, 0.181762487
 , , , 0.319287109, 0.181660205
 , , , 0.320263672, 0.181558087
 , , , 0.321240234, 0.181456134
 , , , 0.322216797, 0.181354329
 , , , 0.323193359, 0.181252688
 , , , 0.324169922, 0.181151196
 , , , 0.325146484, 0.181049868
 , , , 0.326123047, 0.180948704
 , , , 0.327099609, 0.18084769
 , , , 0.328076172, 0.180746838
 , , , 0.329052734, 0.180646136
 , , , 0.330029297, 0.180545583
 , , , 0.331005859, 0.180445209
 , , , 0.331982422, 0.180344969
 , , , 0.332958984, 0.180244893
 , , , 0.333935547, 0.180144981
 , , , 0.334912109, 0.180045202
 , , , 0.335888672, 0.179945603
 , , , 0.336865234, 0.179846138
 , , , 0.337841797, 0.179746836
 , , , 0.338818359, 0.179647684
 , , , 0.339794922, 0.179548696
 , , , 0.340771484, 0.179449856
 , , , 0.341748047, 0.179351166
 , , , 0.342724609, 0.179252639
 , , , 0.343701172, 0.179154262
 , , , 0.344677734, 0.179056033
 , , , 0.345654297, 0.178957954
 , , , 0.346630859, 0.178860024
 , , , 0.347607422, 0.178762257
 , , , 0.348583984, 0.17866464
 , , , 0.349560547, 0.178567171
 , , , 0.350537109, 0.178469852
 , , , 0.351513672, 0.178372681
 , , , 0.352490234, 0.178275675
 , , , 0.353466797, 0.178178802
 , , , 0.354443359, 0.178082094
 , , , 0.355419922, 0.177985519
 , , , 0.356396484, 0.177889109
 , , , 0.357373047, 0.177792847
 , , , 0.358349609, 0.17769672
 , , , 0.359326172, 0.177600756
 , , , 0.360302734, 0.177504942
 , , , 0.361279297, 0.177409276
 , , , 0.362255859, 0.177313745
 , , , 0.363232422, 0.177218378
 , , , 0.364208984, 0.177123144
 , , , 0.365185547, 0.177028075
 , , , 0.366162109, 0.17693314
 , , , 0.367138672, 0.176838353
 , , , 0.368115234, 0.176743716
 , , , 0.369091797, 0.176649228
 , , , 0.370068359, 0.176554888
 , , , 0.371044922, 0.176460698
 , , , 0.372021484, 0.176366642
 , , , 0.372998047, 0.176272735
 , , , 0.373974609, 0.176178977
 , , , 0.374951172, 0.176085368
 , , , 0.375927734, 0.175991893
 , , , 0.376904297, 0.175898567
 , , , 0.377880859, 0.17580539
 , , , 0.378857422, 0.175712347
 , , , 0.379833984, 0.175619453
 , , , 0.380810547, 0.175526708
 , , , 0.381787109, 0.175434113
 , , , 0.382763672, 0.175341651
 , , , 0.383740234, 0.175249338
 , , , 0.384716797, 0.17515716
 , , , 0.385693359, 0.17506513
 , , , 0.386669922, 0.174973235
 , , , 0.387646484, 0.174881488
 , , , 0.388623047, 0.174789891
 , , , 0.389599609, 0.174698427
 , , , 0.390576172, 0.174607098
 , , , 0.391552734, 0.174515933
 , , , 0.392529297, 0.174424887
 , , , 0.393505859, 0.17433399
 , , , 0.394482422, 0.174243242
 , , , 0.395458984, 0.174152613
 , , , 0.396435547, 0.174062148
 , , , 0.397412109, 0.173971802
 , , , 0.398388672, 0.17388162
 , , , 0.399365234, 0.173791558
 , , , 0.400341797, 0.173701644
 , , , 0.401318359, 0.173611864
 , , , 0.402294922, 0.173522219
 , , , 0.403271484, 0.173432723
 , , , 0.404248047, 0.17334336
 , , , 0.405224609, 0.173254147
 , , , 0.406201172, 0.173165053
 , , , 0.407177734, 0.173076108
 , , , 0.408154297, 0.172987297
 , , , 0.409130859, 0.172898635
 , , , 0.410107422, 0.172810093
 , , , 0.411083984, 0.172721699
 , , , 0.412060547, 0.172633439
 , , , 0.413037109, 0.172545314
 , , , 0.414013672, 0.172457322
 , , , 0.414990234, 0.17236948
 , , , 0.415966797, 0.172281757
 , , , 0.416943359, 0.172194183
 , , , 0.417919922, 0.172106743
 , , , 0.418896484, 0.172019437
 , , , 0.419873047, 0.17193225
 , , , 0.420849609, 0.171845213
 , , , 0.421826172, 0.171758309
 , , , 0.422802734, 0.17167154
 , , , 0.423779297, 0.171584904
 , , , 0.424755859, 0.171498403
 , , , 0.425732422, 0.171412036
 , , , 0.426708984, 0.171325803
 , , , 0.427685547, 0.171239704
 , , , 0.428662109, 0.171153739
 , , , 0.429638672, 0.171067894
 , , , 0.430615234, 0.170982197
 , , , 0.431591797, 0.170896634
 , , , 0.432568359, 0.170811191
 , , , 0.433544922, 0.170725882
 , , , 0.434521484, 0.170640707
 , , , 0.435498047, 0.170555666
 , , , 0.436474609, 0.170470759
 , , , 0.437451172, 0.170385987
 , , , 0.438427734, 0.170301333
 , , , 0.439404297, 0.170216814
 , , , 0.440380859, 0.170132428
 , , , 0.441357422, 0.170048177
 , , , 0.442333984, 0.169964045
 , , , 0.443310547, 0.169880047
 , , , 0.444287109, 0.169796184
 , , , 0.445263672, 0.169712454
 , , , 0.446240234, 0.169628844
 , , , 0.447216797, 0.169545367
 , , , 0.448193359, 0.16946201
 , , , 0.449169922, 0.169378802
 , , , 0.450146484, 0.169295698
 , , , 0.451123047, 0.169212744
 , , , 0.452099609, 0.169129908
 , , , 0.453076172, 0.169047207
 , , , 0.454052734, 0.168964624
 , , , 0.455029297, 0.168882161
 , , , 0.456005859, 0.168799847
 , , , 0.456982422, 0.168717653
 , , , 0.457958984, 0.168635577
 , , , 0.458935547, 0.168553635
 , , , 0.459912109, 0.168471813
 , , , 0.460888672, 0.168390125
 , , , 0.461865234, 0.168308556
 , , , 0.462841797, 0.168227121
 , , , 0.463818359, 0.168145806
 , , , 0.464794922, 0.168064624
 , , , 0.465771484, 0.167983562
 , , , 0.466748047, 0.167902619
 , , , 0.467724609, 0.16782181
 , , , 0.468701172, 0.16774112
 , , , 0.469677734, 0.167660564
 , , , 0.470654297, 0.167580128
 , , , 0.471630859, 0.16749981
 , , , 0.472607422, 0.167419627
 , , , 0.473583984, 0.167339548
 , , , 0.474560547, 0.167259619
 , , , 0.475537109, 0.167179793
 , , , 0.476513672, 0.167100102
 , , , 0.477490234, 0.16702053
 , , , 0.478466797, 0.166941077
 , , , 0.479443359, 0.166861743
 , , , 0.480419922, 0.166782543
 , , , 0.481396484, 0.166703463
 , , , 0.482373047, 0.166624501
 , , , 0.483349609, 0.166545659
 , , , 0.484326172, 0.166466936
 , , , 0.485302734, 0.166388348
 , , , 0.486279297, 0.166309863
 , , , 0.487255859, 0.166231513
 , , , 0.488232422, 0.166153282
 , , , 0.489208984, 0.16607517
 , , , 0.490185547, 0.165997177
 , , , 0.491162109, 0.165919304
 , , , 0.492138672, 0.16584155
 , , , 0.493115234, 0.165763915
 , , , 0.494091797, 0.165686399
 , , , 0.495068359, 0.165609017
 , , , 0.496044922, 0.16553174
 , , , 0.497021484, 0.165454581
 , , , 0.497998047, 0.165377542
 , , , 0.498974609, 0.165300637
 , , , 0.499951172, 0.165223837
 , , , 0.500927734, 0.165147156
 , , , 0.501904297, 0.165070593
 , , , 0.502880859, 0.16499415
 , , , 0.503857422, 0.164917827
 , , , 0.504833984, 0.164841622
 , , , 0.505810547, 0.164765522
 , , , 0.506787109, 0.164689556
 , , , 0.507763672, 0.164613694
 , , , 0.508740234, 0.164537951
 , , , 0.509716797, 0.164462328
 , , , 0.510693359, 0.164386824
 , , , 0.511669922, 0.164311439
 , , , 0.512646484, 0.164236158
 , , , 0.513623047, 0.164161012
 , , , 0.514599609, 0.164085969
 , , , 0.515576172, 0.164011031
 , , , 0.516552734, 0.163936228
 , , , 0.517529297, 0.163861528
 , , , 0.518505859, 0.163786948
 , , , 0.519482422, 0.163712487
 , , , 0.520458984, 0.16363813
 , , , 0.521435547, 0.163563892
 , , , 0.522412109, 0.163489774
 , , , 0.523388672, 0.16341576
 , , , 0.524365234, 0.163341865
 , , , 0.525341797, 0.163268089
 , , , 0.526318359, 0.163194418
 , , , 0.527294922, 0.163120866
 , , , 0.528271484, 0.163047433
 , , , 0.529248047, 0.162974104
 , , , 0.530224609, 0.16290088
 , , , 0.531201172, 0.16282779
 , , , 0.532177734, 0.162754789
 , , , 0.533154297, 0.162681922
 , , , 0.534130859, 0.16260916
 , , , 0.535107422, 0.162536502
 , , , 0.536083984, 0.162463963
 , , , 0.537060547, 0.162391528
 , , , 0.538037109, 0.162319213
 , , , 0.539013672, 0.162247002
 , , , 0.539990234, 0.16217491
 , , , 0.540966797, 0.162102923
 , , , 0.541943359, 0.162031054
 , , , 0.542919922, 0.161959291
 , , , 0.543896484, 0.161887631
 , , , 0.544873047, 0.16181609
 , , , 0.545849609, 0.161744654
 , , , 0.546826172, 0.161673337
 , , , 0.547802734, 0.161602125
 , , , 0.548779297, 0.161531016
 , , , 0.549755859, 0.161460027
 , , , 0.550732422, 0.161389142
 , , , 0.551708984, 0.161318362
 , , , 0.552685547, 0.161247686
 , , , 0.553662109, 0.161177129
 , , , 0.554638672, 0.161106676
 , , , 0.555615234, 0.161036342
 , , , 0.556591797, 0.160966098
 , , , 0.557568359, 0.160895973
 , , , 0.558544922, 0.160825968
 , , , 0.559521484, 0.160756052
 , , , 0.560498047, 0.16068624
 , , , 0.561474609, 0.160616547
 , , , 0.562451172, 0.160546958
 , , , 0.563427734, 0.160477474
 , , , 0.564404297, 0.160408109
 , , , 0.565380859, 0.160338834
 , , , 0.566357422, 0.160269678
 , , , 0.567333984, 0.160200611
 , , , 0.568310547, 0.160131663
 , , , 0.569287109, 0.16006282
 , , , 0.570263672, 0.159994081
 , , , 0.571240234, 0.159925446
 , , , 0.572216797, 0.15985693
 , , , 0.573193359, 0.159788504
 , , , 0.574169922, 0.159720182
 , , , 0.575146484, 0.15965198
 , , , 0.576123047, 0.159583867
 , , , 0.577099609, 0.159515858
 , , , 0.578076172, 0.159447968
 , , , 0.579052734, 0.159380168
 , , , 0.580029297, 0.159312487
 , , , 0.581005859, 0.159244895
 , , , 0.581982422, 0.159177408
 , , , 0.582958984, 0.159110039
 , , , 0.583935547, 0.159042761
 , , , 0.584912109, 0.158975586
 , , , 0.585888672, 0.158908516
 , , , 0.586865234, 0.15884155
 , , , 0.587841797, 0.158774689
 , , , 0.588818359, 0.158707932
 , , , 0.589794922, 0.158641264
 , , , 0.590771484, 0.158574715
 , , , 0.591748047, 0.158508256
 , , , 0.592724609, 0.158441901
 , , , 0.593701172, 0.158375651
 , , , 0.594677734, 0.158309504
 , , , 0.595654297, 0.158243462
 , , , 0.596630859, 0.15817751
 , , , 0.597607422, 0.158111662
 , , , 0.598583984, 0.158045918
 , , , 0.599560547, 0.157980278
 , , , 0.600537109, 0.157914743
 , , , 0.601513672, 0.157849297
 , , , 0.602490234, 0.157783955
 , , , 0.603466797, 0.157718718
 , , , 0.604443359, 0.15765357
 , , , 0.605419922, 0.157588527
 , , , 0.606396484, 0.157523587
 , , , 0.607373047, 0.157458752
 , , , 0.608349609, 0.157394007
 , , , 0.609326172, 0.157329366
 , , , 0.610302734, 0.157264814
 , , , 0.611279297, 0.157200366
 , , , 0.612255859, 0.157136023
 , , , 0.613232422, 0.157071769
 , , , 0.614208984, 0.15700762
 , , , 0.615185547, 0.156943575
 , , , 0.616162109, 0.156879619
 , , , 0.617138672, 0.156815767
 , , , 0.618115234, 0.156752005
 , , , 0.619091797, 0.156688347
 , , , 0.620068359, 0.156624779
 , , , 0.621044922, 0.156561315
 , , , 0.622021484, 0.156497955
 , , , 0.622998047, 0.156434685
 , , , 0.623974609, 0.156371504
 , , , 0.624951172, 0.156308427
 , , , 0.625927734, 0.156245455
 , , , 0.626904297, 0.156182572
 , , , 0.627880859, 0.156119779
 , , , 0.628857422, 0.15605709
 , , , 0.629833984, 0.15599449
 , , , 0.630810547, 0.155931994
 , , , 0.631787109, 0.155869588
 , , , 0.632763672, 0.155807272
 , , , 0.633740234, 0.155745059
 , , , 0.634716797, 0.155682951
 , , , 0.635693359, 0.155620918
 , , , 0.636669922, 0.155558988
 , , , 0.637646484, 0.155497164
 , , , 0.638623047, 0.155435428
 , , , 0.639599609, 0.155373782
 , , , 0.640576172, 0.155312225
 , , , 0.641552734, 0.155250773
 , , , 0.642529297, 0.15518941
 , , , 0.643505859, 0.155128136
 , , , 0.644482422, 0.155066967
 , , , 0.645458984, 0.155005887
 , , , 0.646435547, 0.154944897
 , , , 0.647412109, 0.154884011
 , , , 0.648388672, 0.154823199
 , , , 0.649365234, 0.154762492
 , , , 0.650341797, 0.154701889
 , , , 0.651318359, 0.15464136
 , , , 0.652294922, 0.154580936
 , , , 0.653271484, 0.154520586
 , , , 0.654248047, 0.154460341
 , , , 0.655224609, 0.1544002
 , , , 0.656201172, 0.154340133
 , , , 0.657177734, 0.154280156
 , , , 0.658154297, 0.154220283
 , , , 0.659130859, 0.1541605
 , , , 0.660107422, 0.154100806
 , , , 0.661083984, 0.154041201
 , , , 0.662060547, 0.153981686
 , , , 0.663037109, 0.15392226
 , , , 0.664013672, 0.153862938
 , , , 0.664990234, 0.153803691
 , , , 0.665966797, 0.153744549
 , , , 0.666943359, 0.15368548
 , , , 0.667919922, 0.153626516
 , , , 0.668896484, 0.153567642
 , , , 0.669873047, 0.153508842
 , , , 0.670849609, 0.153450146
 , , , 0.671826172, 0.15339154
 , , , 0.672802734, 0.153333023
 , , , 0.673779297, 0.153274581
 , , , 0.674755859, 0.153216243
 , , , 0.675732422, 0.153157994
 , , , 0.676708984, 0.15309982
 , , , 0.677685547, 0.15304175
 , , , 0.678662109, 0.15298377
 , , , 0.679638672, 0.152925864
 , , , 0.680615234, 0.152868062
 , , , 0.681591797, 0.152810335
 , , , 0.682568359, 0.152752697
 , , , 0.683544922, 0.152695164
 , , , 0.684521484, 0.152637705
 , , , 0.685498047, 0.152580336
 , , , 0.686474609, 0.152523041
 , , , 0.687451172, 0.15246585
 , , , 0.688427734, 0.152408749
 , , , 0.689404297, 0.152351722
 , , , 0.690380859, 0.152294785
 , , , 0.691357422, 0.152237937
 , , , 0.692333984, 0.152181178
 , , , 0.693310547, 0.152124509
 , , , 0.694287109, 0.15206793
 , , , 0.695263672, 0.152011424
 , , , 0.696240234, 0.151955009
 , , , 0.697216797, 0.151898682
 , , , 0.698193359, 0.15184243
 , , , 0.699169922, 0.151786283
 , , , 0.700146484, 0.15173021
 , , , 0.701123047, 0.151674226
 , , , 0.702099609, 0.151618317
 , , , 0.703076172, 0.151562497
 , , , 0.704052734, 0.151506767
 , , , 0.705029297, 0.151451126
 , , , 0.706005859, 0.151395559
 , , , 0.706982422, 0.151340097
 , , , 0.707958984, 0.151284695
 , , , 0.708935547, 0.151229396
 , , , 0.709912109, 0.151174173
 , , , 0.710888672, 0.151119024
 , , , 0.711865234, 0.151063979
 , , , 0.712841797, 0.151009008
 , , , 0.713818359, 0.150954112
 , , , 0.714794922, 0.150899306
 , , , 0.715771484, 0.150844589
 , , , 0.716748047, 0.150789961
 , , , 0.717724609, 0.150735408
 , , , 0.718701172, 0.150680929
 , , , 0.719677734, 0.15062654
 , , , 0.720654297, 0.15057224
 , , , 0.721630859, 0.150518015
 , , , 0.722607422, 0.150463879
 , , , 0.723583984, 0.150409818
 , , , 0.724560547, 0.150355846
 , , , 0.725537109, 0.150301948
 , , , 0.726513672, 0.15024814
 , , , 0.727490234, 0.150194407
 , , , 0.728466797, 0.150140762
 , , , 0.729443359, 0.150087193
 , , , 0.730419922, 0.150033712
 , , , 0.731396484, 0.149980307
 , , , 0.732373047, 0.14992699
 , , , 0.733349609, 0.149873748
 , , , 0.734326172, 0.149820581
 , , , 0.735302734, 0.149767503
 , , , 0.736279297, 0.149714515
 , , , 0.737255859, 0.149661586
 , , , 0.738232422, 0.149608746
 , , , 0.739208984, 0.149555996
 , , , 0.740185547, 0.14950332
 , , , 0.741162109, 0.149450719
 , , , 0.742138672, 0.149398208
 , , , 0.743115234, 0.14934577
 , , , 0.744091797, 0.149293408
 , , , 0.745068359, 0.149241135
 , , , 0.746044922, 0.149188936
 , , , 0.747021484, 0.149136811
 , , , 0.747998047, 0.149084777
 , , , 0.748974609, 0.149032816
 , , , 0.749951172, 0.14898093
 , , , 0.750927734, 0.148929134
 , , , 0.751904297, 0.148877412
 , , , 0.752880859, 0.148825765
 , , , 0.753857422, 0.148774192
 , , , 0.754833984, 0.148722708
 , , , 0.755810547, 0.148671299
 , , , 0.756787109, 0.148619965
 , , , 0.757763672, 0.148568705
 , , , 0.758740234, 0.148517534
 , , , 0.759716797, 0.148466438
 , , , 0.760693359, 0.148415416
 , , , 0.761669922, 0.148364469
 , , , 0.762646484, 0.148313597
 , , , 0.763623047, 0.148262814
 , , , 0.764599609, 0.14821209
 , , , 0.765576172, 0.148161456
 , , , 0.766552734, 0.148110896
 , , , 0.767529297, 0.148060426
 , , , 0.768505859, 0.148010015
 , , , 0.769482422, 0.147959679
 , , , 0.770458984, 0.147909433
 , , , 0.771435547, 0.14785926
 , , , 0.772412109, 0.147809163
 , , , 0.773388672, 0.147759125
 , , , 0.774365234, 0.147709176
 , , , 0.775341797, 0.147659317
 , , , 0.776318359, 0.147609517
 , , , 0.777294922, 0.147559792
 , , , 0.778271484, 0.147510141
 , , , 0.779248047, 0.14746058
 , , , 0.780224609, 0.147411078
 , , , 0.781201172, 0.147361651
 , , , 0.782177734, 0.147312313
 , , , 0.783154297, 0.147263035
 , , , 0.784130859, 0.147213846
 , , , 0.785107422, 0.147164717
 , , , 0.786083984, 0.147115678
 , , , 0.787060547, 0.147066697
 , , , 0.788037109, 0.147017807
 , , , 0.789013672, 0.146968976
 , , , 0.789990234, 0.146920219
 , , , 0.790966797, 0.146871552
 , , , 0.791943359, 0.146822944
 , , , 0.792919922, 0.146774411
 , , , 0.793896484, 0.146725953
 , , , 0.794873047, 0.146677569
 , , , 0.795849609, 0.146629259
 , , , 0.796826172, 0.146581024
 , , , 0.797802734, 0.146532863
 , , , 0.798779297, 0.146484777
 , , , 0.799755859, 0.146436751
 , , , 0.800732422, 0.146388814
 , , , 0.801708984, 0.146340936
 , , , 0.802685547, 0.146293133
 , , , 0.803662109, 0.146245405
 , , , 0.804638672, 0.146197751
 , , , 0.805615234, 0.146150172
 , , , 0.806591797, 0.146102652
 , , , 0.807568359, 0.146055222
 , , , 0.808544922, 0.146007851
 , , , 0.809521484, 0.145960554
 , , , 0.810498047, 0.145913333
 , , , 0.811474609, 0.145866171
 , , , 0.812451172, 0.145819098
 , , , 0.813427734, 0.145772085
 , , , 0.814404297, 0.145725146
 , , , 0.815380859, 0.145678282
 , , , 0.816357422, 0.145631477
 , , , 0.817333984, 0.145584747
 , , , 0.818310547, 0.145538092
 , , , 0.819287109, 0.145491511
 , , , 0.820263672, 0.145444989
 , , , 0.821240234, 0.145398542
 , , , 0.822216797, 0.14535217
 , , , 0.823193359, 0.145305857
 , , , 0.824169922, 0.145259634
 , , , 0.825146484, 0.14521347
 , , , 0.826123047, 0.145167366
 , , , 0.827099609, 0.145121336
 , , , 0.828076172, 0.145075381
 , , , 0.829052734, 0.1450295
 , , , 0.830029297, 0.144983679
 , , , 0.831005859, 0.144937932
 , , , 0.831982422, 0.144892246
 , , , 0.832958984, 0.144846648
 , , , 0.833935547, 0.144801095
 , , , 0.834912109, 0.144755632
 , , , 0.835888672, 0.144710228
 , , , 0.836865234, 0.144664884
 , , , 0.837841797, 0.144619614
 , , , 0.838818359, 0.144574419
 , , , 0.839794922, 0.144529283
 , , , 0.840771484, 0.144484222
 , , , 0.841748047, 0.144439235
 , , , 0.842724609, 0.144394308
 , , , 0.843701172, 0.144349441
 , , , 0.844677734, 0.144304648
 , , , 0.845654297, 0.14425993
 , , , 0.846630859, 0.144215271
 , , , 0.847607422, 0.144170687
 , , , 0.848583984, 0.144126162
 , , , 0.849560547, 0.144081712
 , , , 0.850537109, 0.144037321
 , , , 0.851513672, 0.14399299
 , , , 0.852490234, 0.143948749
 , , , 0.853466797, 0.143904552
 , , , 0.854443359, 0.14386043
 , , , 0.855419922, 0.143816382
 , , , 0.856396484, 0.143772393
 , , , 0.857373047, 0.143728465
 , , , 0.858349609, 0.143684611
 , , , 0.859326172, 0.143640831
 , , , 0.860302734, 0.143597096
 , , , 0.861279297, 0.143553436
 , , , 0.862255859, 0.14350985
 , , , 0.863232422, 0.143466324
 , , , 0.864208984, 0.143422857
 , , , 0.865185547, 0.143379465
 , , , 0.866162109, 0.143336132
 , , , 0.867138672, 0.143292874
 , , , 0.868115234, 0.143249676
 , , , 0.869091797, 0.143206537
 , , , 0.870068359, 0.143163472
 , , , 0.871044922, 0.143120468
 , , , 0.872021484, 0.143077523
 , , , 0.872998047, 0.143034652
 , , , 0.873974609, 0.142991841
 , , , 0.874951172, 0.142949089
 , , , 0.875927734, 0.142906412
 , , , 0.876904297, 0.142863795
 , , , 0.877880859, 0.142821237
 , , , 0.878857422, 0.142778739
 , , , 0.879833984, 0.142736316
 , , , 0.880810547, 0.142693952
 , , , 0.881787109, 0.142651662
 , , , 0.882763672, 0.142609417
 , , , 0.883740234, 0.142567247
 , , , 0.884716797, 0.142525151
 , , , 0.885693359, 0.1424831
 , , , 0.886669922, 0.142441124
 , , , 0.887646484, 0.142399192
 , , , 0.888623047, 0.142357349
 , , , 0.889599609, 0.142315552
 , , , 0.890576172, 0.142273828
 , , , 0.891552734, 0.14223215
 , , , 0.892529297, 0.142190546
 , , , 0.893505859, 0.142149001
 , , , 0.894482422, 0.142107531
 , , , 0.895458984, 0.142066106
 , , , 0.896435547, 0.142024755
 , , , 0.897412109, 0.141983464
 , , , 0.898388672, 0.141942233
 , , , 0.899365234, 0.141901061
 , , , 0.900341797, 0.141859949
 , , , 0.901318359, 0.141818911
 , , , 0.902294922, 0.141777918
 , , , 0.903271484, 0.141736999
 , , , 0.904248047, 0.14169614
 , , , 0.905224609, 0.141655341
 , , , 0.906201172, 0.141614601
 , , , 0.907177734, 0.141573921
 , , , 0.908154297, 0.1415333
 , , , 0.909130859, 0.141492754
 , , , 0.910107422, 0.141452253
 , , , 0.911083984, 0.141411826
 , , , 0.912060547, 0.141371444
 , , , 0.913037109, 0.141331136
 , , , 0.914013672, 0.141290888
 , , , 0.914990234, 0.141250685
 , , , 0.915966797, 0.141210556
 , , , 0.916943359, 0.141170487
 , , , 0.917919922, 0.141130477
 , , , 0.918896484, 0.141090527
 , , , 0.919873047, 0.141050637
 , , , 0.920849609, 0.141010806
 , , , 0.921826172, 0.140971035
 , , , 0.922802734, 0.140931308
 , , , 0.923779297, 0.140891656
 , , , 0.924755859, 0.140852064
 , , , 0.925732422, 0.140812531
 , , , 0.926708984, 0.140773058
 , , , 0.927685547, 0.140733644
 , , , 0.928662109, 0.14069429
 , , , 0.929638672, 0.140654981
 , , , 0.930615234, 0.140615746
 , , , 0.931591797, 0.140576571
 , , , 0.932568359, 0.140537441
 , , , 0.933544922, 0.140498385
 , , , 0.934521484, 0.140459374
 , , , 0.935498047, 0.140420422
 , , , 0.936474609, 0.140381545
 , , , 0.937451172, 0.140342712
 , , , 0.938427734, 0.14030394
 , , , 0.939404297, 0.140265226
 , , , 0.940380859, 0.140226558
 , , , 0.941357422, 0.140187964
 , , , 0.942333984, 0.140149429
 , , , 0.943310547, 0.14011094
 , , , 0.944287109, 0.14007251
 , , , 0.945263672, 0.140034154
 , , , 0.946240234, 0.139995843
 , , , 0.947216797, 0.139957577
 , , , 0.948193359, 0.139919385
 , , , 0.949169922, 0.139881253
 , , , 0.950146484, 0.139843166
 , , , 0.951123047, 0.139805138
 , , , 0.952099609, 0.13976717
 , , , 0.953076172, 0.139729261
 , , , 0.954052734, 0.139691412
 , , , 0.955029297, 0.139653608
 , , , 0.956005859, 0.139615864
 , , , 0.956982422, 0.139578179
 , , , 0.957958984, 0.139540553
 , , , 0.958935547, 0.139502972
 , , , 0.959912109, 0.139465451
 , , , 0.960888672, 0.13942799
 , , , 0.961865234, 0.139390588
 , , , 0.962841797, 0.139353245
 , , , 0.963818359, 0.139315948
 , , , 0.964794922, 0.13927871
 , , , 0.965771484, 0.139241531
 , , , 0.966748047, 0.139204398
 , , , 0.967724609, 0.139167324
 , , , 0.968701172, 0.139130309
 , , , 0.969677734, 0.139093354
 , , , 0.970654297, 0.139056444
 , , , 0.971630859, 0.139019594
 , , , 0.972607422, 0.138982803
 , , , 0.973583984, 0.138946056
 , , , 0.974560547, 0.13890937
 , , , 0.975537109, 0.138872743
 , , , 0.976513672, 0.13883616
 , , , 0.977490234, 0.138799638
 , , , 0.978466797, 0.138763174
 , , , 0.979443359, 0.138726756
 , , , 0.980419922, 0.138690397
 , , , 0.981396484, 0.138654083
 , , , 0.982373047, 0.138617843
 , , , 0.983349609, 0.138581634
 , , , 0.984326172, 0.138545498
 , , , 0.985302734, 0.138509408
 , , , 0.986279297, 0.138473362
 , , , 0.987255859, 0.13843739
 , , , 0.988232422, 0.138401464
 , , , 0.989208984, 0.138365582
 , , , 0.990185547, 0.138329759
 , , , 0.991162109, 0.138293996
 , , , 0.992138672, 0.138258278
 , , , 0.993115234, 0.13822262
 , , , 0.994091797, 0.138187006
 , , , 0.995068359, 0.138151452
 , , , 0.996044922, 0.138115942
 , , , 0.997021484, 0.138080493
 , , , 0.997998047, 0.138045102
 , , , 0.998974609, 0.138009757
