dataT        dataTErr        dataB        dataSpinRot  Ag_Lambda    Ag_LambdaPosErr    Ag_LambdaNegErr    Ag_Beta      Ag_BetaPosErr      Ag_BetaNegErr      YBO_Beta     YBO_BetaPosErr     YBO_BetaNegErr     Tail         TailPosErr         TailNegErr         YBO_Lambda_  YBO_Lambda_PosErr  YBO_Lambda_NegErr  Frequency_   Frequency_PosErr   Frequency_NegErr   Order_Vfrac_ Order_Vfrac_PosErr Order_Vfrac_NegErr YBO_L2_      YBO_L2_PosErr      YBO_L2_NegErr      Tail_Lambda_ Tail_Lambda_PosErr Tail_Lambda_NegErr Tail_Beta_   Tail_Beta_PosErr   Tail_Beta_NegErr   CHISQ        NDF          CHISQred     RUN          
0.0333       0.0002          0            6.45         0.0389       0.0043        0.0043        1            0             0             1            0             0             0.333333     0             0             32.7         1.2           1.2           507.1        17.6          17.6          0.9299       0.0074        0.0074        1            0.38          0.38          5            2.1           2.1           0.5          0.012         0.012         8137.8       8214         0.990723     2460         
0.10002      8.00000000e-05  0            6.4499998    0.0389       0.0043        0.0043        1            0             0             1            0             0             0.333333     0             0             8137.8       8214         0.99072316   2461         
0.15         4.00000000e-05  0            6.4499998    0.0389       0.0043        0.0043        1            0             0             1            0             0             0.333333     0             0             8137.8       8214         0.99072316   2462         
0.2          5.00000000e-05  0            6.4499998    0.0389       0.0043        0.0043        1            0             0             1            0             0             0.333333     0             0             8137.8       8214         0.99072316   2463         
0.25         7.00000000e-05  0            6.4499998    0.0389       0.0043        0.0043        1            0             0             1            0             0             0.333333     0             0             8137.8       8214         0.99072316   2464         
0.3          0.0001          0            6.45         0.0389       0.0043        0.0043        1            0             0             1            0             0             0.333333     0             0             8137.8       8214         0.990723     2465         
0.35         0.0001          0            6.45         0.0389       0.0043        0.0043        1            0             0             1            0             0             0.333333     0             0             8137.8       8214         0.990723     2466         
0.4001       0.0002          0            6.45         0.0389       0.0043        0.0043        1            0             0             1            0             0             0.333333     0             0             8137.8       8214         0.990723     2467         
0.49999      9.00000000e-05  0            6.4499998    0.0389       0.0043        0.0043        1            0             0             1            0             0             0.333333     0             0             8137.8       8214         0.99072316   2468         
0.6          0.0001          0            6.45         0.0389       0.0043        0.0043        1            0             0             1            0             0             0.333333     0             0             8137.8       8214         0.990723     2469         
0.6999       0.0002          0            6.45         0.0389       0.0043        0.0043        1            0             0             1            0             0             0.333333     0             0             8137.8       8214         0.990723     2470         
0.8          0.0003          0            6.45         0.0389       0.0043        0.0043        1            0             0             1            0             0             0.333333     0             0             8137.8       8214         0.990723     2471         
1.99999      8.00000000e-05  0            6.4499998    0.0389       0.0043        0.0043        1            0             0             1            0             0             0.333333     0             0             8137.8       8214         0.99072316   2472         


